0
0.04823539589810471
0.06435694656856593
0.0707179286397564
0.05250808013672157
0.06740099902036117
0.05005509943877991
0.020876996665727933
0.0006991135490537516
0.0011452140714382567
0.014683251916720201
0.007117889637612802
0.02909693219503526
0.07498425729007718
0.0730453351728437
-0.015586548949804865
0.07835343935989753
0.013666972609251399
0.03180235920082407
0.01130453803142073
0.025019581124364195
0.024132686206539987
0.07140776493945561
0.06777215416235491
0.07341171318621148
-0.003548794665107203
0.016709117341723232
0.08080116036148065
0.041299214280144825
0.05560283740753628
0.0744533249508085
0.07323660291609432
0.06492629271663104
0.037016227730819376
0.004149890702977745
-0.011394758066208231
0.07657905089921146
0.012524160768745792
0.02727552195734374
0.041922511266078905
0.0013191180252894175
0.0724282268155779
0.02514617818918759
0.03242111755630501
0.0584556638233583
0.02112571612483164
0.02590921497431526
-0.018900809396293617
0.05378900162329765
0.04960869603429784
0.05194609375253245
0.06973477396121844
0.05813967565612835
-0.0028945170544456104
-0.0043077141200339
0.020503234820762713
0.016990583622280567
0.011107264939110687
-0.014626015398085834
-0.02153142598109242
-0.010306273218776531
0.07268218825549116
0.019101443915555977
-0.002121308372611555
0.050524527010118975
-0.01301802453254855
-0.015427209165096864
0.020860086678384827
0.021967082830911106
0.010842990005507362
-0.009366370811209924
0.007370137303818875
0.07211669490443512
0.016302355214647936
-0.0215148893073581
0.06319856359427962
-0.015725162507186065
0.01927251295701841
0.0531645702409454
0.04236797494346726
-0.019004284557648486
-0.024416999699849663
0.034591004303928745
0.04037236052966976
-0.019064105157989175
0.0027398496206168
-0.0026675854045429687
-0.002682352676707446
0.011929403115824543
-0.004338605724870978
-0.01941010664291796
0.06302853861245311
0.004805820637778763
0.024524538888690273
0.0670725183101701
-0.002316517816869642
0.061514605191768795
0.05798740946483409
-0.007926306895754631
-0.018438068823141175
0.011011702846053531
0.003564139036272118
-0.02071370443561068
0.05131834818530212
-0.0038484422728843407
-0.02276761434764818
0.045297753124023954
-0.01729386302005256
0.03970827333309824
0.04181369544763382
0.003634685219144493
0.06274074416603807
-0.0024260438497851824
0.002720134615523763
-0.029702288465931065
0.001466688295163221
-0.030554516193578327
-0.002359174343110268
0.04641206187465751
-0.012792524813972625
0.0013943967562834794
0.008776455369256933
-0.006551831873691863
0.03649660724622526
0.03280500875502414
0.055201742081546074
0.02382276187759145
-0.019739946991444893
-0.007634381425542847
0.02232719923931624
-0.019706244758475593
0.007338448048398276
0.007422295851207988
-0.002285165594975963
0.01447436742114399
0.03992057465851677
0.002401018991281166
-0.02362929521356905
-0.020094651383625886
0.05192142789213767
0.002326606911993108
-0.028658599330831487
0.013353705645627795
0.04701890361323908
-0.025168283280438825
0.03424227467823061
0.016914273896148586
0.02551016170665007
-0.02388344703395589
-0.03745123169641906
-0.04689031051615123
0.012938224044688355
0.001311829421338874
0.04842605615974692
-0.024314103683100215
0.0059389700129858294
-0.017596900575792274
0.003081252446996398
0.0046203281255151815
-0.0008484416538917863
0.01311388103184602
-0.007648778306577203
0.023613778540841616
0.04067438580923063
0.04293242364804035
-0.008561038347151363
-0.05222499374822462
-0.02734514125184493
0.0016993895580746377
-0.027963899526698047
0.032270063667915495
0.01760408861745969
0.011724363330971418
0.03140173707846049
0.0412519163652896
-0.045049109091541764
0.031635825335472136
0.02347404004651723
-0.04856534910701968
-0.00838443529012197
0.014451913535103209
-0.006530135428519927
-0.05114851745235402
0.015830729951118963
-0.017653598324445928
0.016712547160864982
-0.052281262817660344
-0.058203456661365005
-0.02180652510745045
-0.003943055922117217
0.005192024769158435
-0.036217765441956665
-0.016880451345928034
-0.04936626107735491
0.021090582112125333
-0.05428039510529621
0.0034502633720595033
-0.02153333573184353
-0.004043766923427845
0.015497904469953777
-0.015538526494893186
-0.040104152206964575
-0.026144869737933826
0.005904701243071311
-0.02106287264606349
-0.047896857136681126
0.02126535893901145
0.009801497456809027
-0.0027911999376299124
-0.031922595257604935
0.017124145369765156
0.026151661380492602
-0.02393014094510286
-0.009953430351080629
-0.0691897038389078
-0.05278944915952622
-0.030495448662170972
-0.06788882526891589
-0.031098055166828835
0.021341858677809883
-0.07160320316803404
-0.0640417781957203
-0.04953778446213021
-0.01950463073046082
-0.018603311955778162
-0.06101141655880231
0.007551905312880802
-0.04265843016952312
-0.03369372213202329
-0.013208445489544848
-0.06412039739890542
-0.05813903182127049
-0.024618753266911042
-0.05980091775829101
-0.028174536936831092
-0.005223462414265287
-0.0706921507808685
-0.053897601638819334
-0.01640878658369309
-0.037382033799399535
0.01713752317625125
-0.0299827894087253
-0.010687901199683603
-0.03519000539437044
-0.01804280691999742
0.0022819327048280574
-0.04590558545797384
-0.026800502117188915
-0.04621905893316376
0.0013831813022005673
-0.011112734437830452
-0.005815638917526331
-0.08127436380009005
-0.048983899118541126
-0.06594033739342127
0.0039040541787758037
-0.049042858091952135
-0.022780570907189074
-0.08554886258477525
-0.05266290451298752
-0.08860538485832024
-0.027521505082729672
-0.05061396396638342
-0.05783411634233099
-0.07250534302359973
-0.05454815214459034
-0.02704256590804832
-0.06667017569451864
-0.06937259590389032
0.00027723612833299716
-0.07016301560876043
-0.017387562550812877
-0.09188954554844486
-0.007798532682418646
-0.06267710674824165
-0.051560234044804844
-0.019404029373579504
-0.08769651616717578
-0.040503986414654185
-0.01087180405233347
-0.03747326601169239
-0.004361389258152007
-0.06454748987301386
-0.024608585867186755
-0.00880157669445479
-0.09130861051282668
-0.09263761553107547
-0.02317542093752202
-0.049339370394100635
-0.06073519404772987
-0.10282679818139875
-0.08899438227329769
-0.03478455390070059
-0.016647485705288803
-0.0895723614155198
-0.056945361668766015
-0.09336557016294415
-0.03753003665463714
-0.07727638075973262
-0.10972667290584233
-0.09808373814095203
-0.09461236863978842
-0.029291278054276088
-0.09359003819382039
-0.09833738696715802
-0.07048069031947465
-0.04486184198102629
-0.04726529557737501
-0.06037999865657594
-0.02912784716289378
-0.051706993224628475
-0.018111328020593953
-0.114496105108925
-0.029383464995760902
-0.07331308030759225
-0.07250628751565334
-0.09818989417324346
-0.03623923909583822
-0.03140105235878303
-0.06329732021676934
-0.05135168069685157
-0.09151010601853554
-0.027219392205519596
-0.08434135492359224
-0.09226710707215147
-0.06930631752159114
-0.06450285380545145
-0.0823228278039509
-0.10490368336975751
-0.05825434006492944
-0.029392025147242623
-0.08019204590089599
-0.11249550322819594
-0.07418890006857261
-0.06807137665416996
-0.12332531971571803
-0.06999186945987908
-0.08591279473432734
-0.1278439909487255
-0.05810630613481199
-0.06620184954727765
-0.06318906483619906
-0.055402833600303195
-0.05347760176700736
-0.08475548864839129
-0.12131173192729211
-0.07945215292790103
-0.1151342860339799
-0.1198099746918287
-0.09372109808054582
-0.10987495810864689
-0.10971228459140683
-0.10807702268234584
-0.061786217905099444
-0.11777766897655488
-0.08978535404122062
-0.12289798340514897
-0.11335386133037166
-0.10988901410150785
-0.06756657568331759
-0.12231587921974098
-0.12451638631730602
-0.10949571239629693
-0.12336173362724696
-0.10168619656227847
-0.13068129792215305
-0.0858967053504129
-0.07673940365526492
-0.1111214052909647
-0.0930852267680009
-0.10587343828785366
-0.14011206076249308
-0.10572746297479535
-0.12072512392909086
-0.11837664604334402
-0.11225065256948066
-0.07283204556610036
-0.10440300686019907
-0.13549025009999022
-0.13311543984608787
-0.1030270548379065
-0.07529394108591143
-0.1355068320894967
-0.11850406135219314
-0.10370218516739949
-0.10297480616692442
-0.1255916124173496
-0.10102841263799883
-0.14059681007327454
-0.06833688065399304
-0.12334000081982383
-0.07294994968109007
-0.10601214403364295
-0.09059829830636251
-0.09818854715637795
-0.09549555550262134
-0.1651018972215246
-0.11039840372185267
-0.10094429045738915
-0.11248733445957389
-0.1382436868718113
-0.08071389718340954
-0.09535904056071236
-0.16495546959483307
-0.07270320692856139
-0.07990611230128315
-0.16828678836914943
-0.1656059088439527
-0.14358712225151354
-0.14653278618657553
-0.11454710417004749
-0.14824768509119787
-0.13779572807299814
-0.11230975435025078
-0.11266319092868489
-0.16506553654269956
-0.16547736793602813
-0.13324022378581565
-0.13468286495725665
-0.14280600602075594
-0.11369131991717539
-0.10003893116738896
-0.09810324799771973
-0.0867731449169747
-0.16446936231982795
-0.15191796750913197
-0.1503264574935459
-0.17026643440814584
-0.09206145017254729
-0.10730213439756901
-0.11879164051619863
-0.15949860362768292
-0.13519288761407944
-0.11431873949443215
-0.1573017983949292
-0.1862898789551905
-0.14842341373812895
-0.14094985581877245
-0.18762875092189715
-0.15531604420769482
-0.09433468018276628
-0.14724717435650292
-0.13354799814993604
-0.190459849228662
-0.10256528797118546
-0.11703893822481184
-0.13581117645360774
-0.17961029266173606
-0.12168938043872583
-0.13738624896566026
-0.13400006127204814
-0.14765761778181394
-0.10049524678483776
-0.15024172375783063
-0.1714250294255172
-0.10018801931700078
-0.15502454301818763
-0.15412628611828555
-0.16640729939548277
-0.17119198950505088
-0.12766676720307651
-0.187108416990239
-0.10358871353448375
-0.12803720614111413
-0.12609092240001263
-0.1652906355744136
-0.13393146843351883
-0.15556101335586572
-0.1560507070771462
-0.14014414542265058
-0.1092315249317196
-0.18766210173599285
-0.14572031800765253
-0.11763202484666584
-0.2054026248081166
-0.1971884259882165
-0.12898516335494634
-0.1292881941134875
-0.13121995081785542
-0.17260558473590754
-0.13782491129589908
-0.1855269179677054
-0.2004004879877
-0.19505407082920442
-0.1992632006561483
-0.13331233313926422
-0.15927443298116345
-0.12166126129944564
-0.20108678121301865
-0.13774938701490766
-0.17694477744044879
-0.18452255580888716
-0.1662403115410614
-0.18320650692246082
-0.13895251259500063
-0.18393100661997663
-0.21292227467295097
-0.13368193371429987
-0.18631335396278212
-0.19027083620583773
-0.1560661670394839
-0.17474084403845672
-0.170122397085642
-0.17423706239614326
-0.12079432192900712
-0.16211449025439417
-0.18064216906436528
-0.2148947125476903
-0.14814226125721217
-0.1744640597847575
-0.22236933413689275
-0.18530263236045902
-0.2006953684655957
-0.21272337460755308
-0.20655885289383477
-0.17879737443608423
-0.14468285673717346
-0.16447553659214798
-0.13936168182194467
-0.18996441890804722
-0.15407442569409363
-0.14324570100618217
-0.19314931531687404
-0.13434396115944866
-0.1808002922407069
-0.18046520454035248
-0.20437350720753317
-0.17307647449441593
-0.13562475713843403
-0.19656372815433046
-0.2091227147650716
-0.19845773811344616
-0.2063777691123274
-0.1375608061178369
-0.22194891109159637
-0.16036409625045567
-0.1779155490829532
-0.13782194794994462
-0.21891171996258416
-0.18271803081186067
-0.16971069148089035
-0.158618510961218
-0.14704556917503875
-0.22454468429043387
-0.16510528718769005
-0.17383493970441316
-0.17924938565148196
-0.18789640345762298
-0.1362433920025179
-0.17104462846702934
-0.19215658125989085
-0.18778315215061217
-0.1752462158979078
-0.16607724874538937
-0.16271850973315705
-0.22752309240914032
-0.17297163556593392
-0.2109205944502423
-0.18559764022152037
-0.23263313065801566
-0.19470618111774554
-0.1888956783294875
-0.20209431884698997
-0.14634284397068165
-0.16917158957877537
-0.16599115462211017
-0.16649352212585458
-0.23721764902498046
-0.1975940251576785
-0.22056488081274805
-0.21598895030765686
-0.1727807572967258
-0.17337830845198682
-0.227421878311933
-0.236837119876367
-0.14634439965113707
-0.212967636684384
-0.20707164459498895
-0.23574199406197632
-0.21351314144802847
-0.20554052854411617
-0.23034425989020857
-0.23782522796494873
-0.22542743326867587
-0.16329216278751787
-0.22150559120129493
-0.23592082370491202
-0.18968324112699597
-0.21630495634302502
-0.14228952997148636
-0.21427595577119582
-0.15429154020977953
-0.17394612312551422
-0.18207610860418005
-0.14638031073853575
-0.15100982942827487
-0.1707024457015699
-0.18133280454706802
-0.22998616737037408
-0.2394369531493522
-0.20518531399019482
-0.20076955426369922
-0.16131603271618924
-0.17738569285660766
-0.14821415206845595
-0.1987916668784944
-0.2378482592014909
-0.23670987297885246
-0.1467163976212506
-0.1620431459553015
-0.14572388624052618
-0.1914050013691715
-0.20126209365334385
-0.1944111836668327
-0.19137667373011386
-0.2361542167926071
-0.20257437269661138
-0.18723499601191324
-0.22186914681643324
-0.20957898553786805
-0.20479047192622296
-0.23408406529910766
-0.15054744826779323
-0.17345946962243922
-0.15264229893083708
-0.19652961218532422
-0.1414343985489696
-0.16402656740768196
-0.18017346535693277
-0.1891803870229684
-0.1445578298240327
-0.16996837967665274
-0.1490509004993827
-0.18586760931953222
-0.18265208251309797
-0.19964047189951836
-0.15944461728424586
-0.22765197034766124
-0.20468452584933933
-0.2223404287837812
-0.2058767440826963
-0.2082451367413914
-0.2059732071471483
-0.1644362263105848
-0.20142432655074952
-0.226221563004816
-0.18132913424802877
-0.22855603486527867
-0.15930571755338838
-0.17772349921697486
-0.22631261711585746
-0.19155836078390026
-0.157617069685262
-0.2333948596404059
-0.20852471979830559
-0.1978666952298945
-0.2026068065262417
-0.15636540810897592
-0.22430162519460545
-0.1584253720269223
-0.17291325381748449
-0.19243913933032866
-0.15251465830277378
-0.20777943344844935
-0.19142642825428455
-0.13404611283912474
-0.13203507251045046
-0.20747817851060096
-0.13820129034840967
-0.1673617019483706
-0.18466474810209507
-0.13423817593580123
-0.1404660172447496
-0.21873843952047625
-0.2244764495582182
-0.16389912906446086
-0.17909098104247256
-0.19023550811096923
-0.21406914685265724
-0.14687934531820693
-0.15803922806177279
-0.1480714718649257
-0.14527405751993358
-0.12829591170548912
-0.17783000746499827
-0.1809520561657854
-0.1510996804923461
-0.15169716288310114
-0.1706101957983702
-0.17165936745070873
-0.13580025371407017
-0.221015169688261
-0.18811100307184014
-0.22015424492130703
-0.21886443320066887
-0.209708898967843
-0.18665322033484316
-0.16604234285040087
-0.12103466350183002
-0.1565082592022138
-0.11725634844134719
-0.15029633541036097
-0.2019210285739426
-0.16497955932950964
-0.18221474687785033
-0.20851679837738807
-0.18144692506923482
-0.14380308322908247
-0.16060891008294245
-0.1613579000723883
-0.16232086386202288
-0.16272917426879802
-0.1578770829604354
-0.1703266438740747
-0.19983638844052334
-0.1991460793477329
-0.12383771186533457
-0.16644917570754567
-0.17269269855887212
-0.18130769252328094
-0.19663992194926896
-0.15999483207136056
-0.13270876126891734
-0.18542787628459187
-0.16223647990514317
-0.19133429725364284
-0.10962371378375836
-0.1362648232913827
-0.17812414406071178
-0.13083699282433595
-0.12983726038785337
-0.14095300605589528
-0.1863246099478213
-0.1075608532954083
-0.1810549994087598
-0.18104413795557464
-0.15780354072057948
-0.10811404496022937
-0.1504575150396923
-0.13624611281314802
-0.1741837577537963
-0.13542275841145382
-0.09739900244122501
-0.16945218472507897
-0.10112434173413842
-0.1647024884844617
-0.11505138954274616
-0.10535250939773866
-0.1307390568226344
-0.1420411401941924
-0.09723021635721717
-0.1374134799718154
-0.09403811650054075
-0.16408311374585807
-0.12706836173571648
-0.104967473854492
-0.16269200749099574
-0.10351145522046866
-0.10403236687942012
-0.15465144026797983
-0.1314069261804103
-0.16804602397470164
-0.11545817041252895
-0.0744993440522528
-0.09746700865863389
-0.09206717584086503
-0.07342075883576892
-0.0932293555907281
-0.11112502208105175
-0.11642555841832893
-0.15810831211042062
-0.12745189147795466
-0.15071665194881312
-0.07126371274208425
-0.14841544348556468
-0.08087938531841102
-0.060270555047816254
-0.08469490007913412
-0.06306513930565286
-0.14766058844277635
-0.11112845862969314
-0.10804299026945391
-0.13796996450820487
-0.12180718793945514
-0.1405327858042935
-0.0730178359248023
-0.09327271270433457
-0.08186232207236341
-0.07717281310779676
-0.1346170390526449
-0.1007601377320822
-0.11242180308642924
-0.046324409418319
-0.07333372034569918
-0.11150647481556428
-0.09490539951962375
-0.05848199642842096
-0.11261578468203266
-0.06962518710328132
-0.07732545554934125
-0.04045684822305759
-0.05561158771456
-0.08358359188484807
-0.09787798126480873
-0.09776120543597547
-0.12195568541142258
-0.043083466177736604
-0.039786114562212135
-0.0953366583422571
-0.04187791189131046
-0.10602453285394244
-0.05105008170636825
-0.04031331656987289
-0.03870451198466357
-0.11863101832006791
-0.0713613223382881
-0.027756076790999146
-0.0909883651297693
-0.04034147202063362
-0.07753471050766254
-0.09032605686739181
-0.08319844373696866
-0.0797528134860743
-0.10097360862752804
-0.017404306141494547
-0.027523360927695417
-0.015560368934535801
-0.06843639469837498
-0.082750651606386
-0.09168776436872934
-0.010334569926172654
-0.027024497530617086
-0.08228571799629009
-0.054681645777233695
-0.05007314808880059
-0.08224572487295877
-0.03897313048315059
-0.00881482136042
-0.03327356425930137
-0.07756518074661711
-0.030440852454304626
-0.0352568655227667
-0.0003790577315836846
-0.03016663300462949
-0.047489542712601175
-0.07588050439901942
-0.05531431235519653
-0.025841371466743986
-0.05862533623164784
-0.03542684031054105
-0.012047308666469428
0.0011436713605429
-0.0358738269184584
-0.02510255175285745
-0.04094211809606637
-0.053460116828560236
-0.07055817510250266
-0.01965124598430501
0.015139273268293826
0.001928918124413495
-0.05354986452620199
-0.024986831891036287
0.020553392076258448
-0.057341009434782535
0.008840085954673532
-0.03166062571173359
-0.006322977943389353
-0.04822419444003164
0.038965289546938585
-0.01993713493485793
-0.04252638903001661
0.03906943556442824
0.0023418910141021834
-0.033461731484297194
-0.00918202647135296
-0.04515403073600597
0.002999792961249158
-0.03875607129404034
-0.01575147019396643
0.012854436440788673
-0.024129751322845883
0.01834923358046754
0.04985591439792701
0.056126746513675725
-0.02182729336994111
-0.009644364693367262
0.006979253264972084
-0.004981865208787593
-0.0029977684166810556
0.0034955141502843734
0.013271052922193459
0.027190621262476587
-0.014283404125126605
0.005346168119154542
-0.020031307603317283
0.06198091250796644
0.04818777627984282
0.07447574060095365
0.032611690880222685
0.053744524801942695
-0.014827443743627048
0.0672551494513707
0.024723553883409036
0.0546534696095384
0.0006072731333409045
0.0011212664321790227
0.04976596051277573
0.002128586444265005
0.016287218531755653
0.08044386739738378
0.09569852467292692
0.06481783359139384
0.006237542398890244
0.03502253953869259
0.06759524704997918
0.07590162008692988
0.047466592385576455
0.0824016619912597
0.08276628797109421
0.05275373850783739
0.09075594964165284
0.01779885947113889
0.03938586373794235
0.109363991671259
0.016599325674516933
0.114433632785117
0.05318286154144703
0.10844110397322376
0.05199326437477195
0.09474962796253635
0.06064897355346033
0.10562266083167246
0.04449714451750389
0.042095331875582925
0.1146794282334851
0.08121843327564424
0.04893526327089644
0.1269997306755777
0.10857711858075084
0.089992977530776
0.0963736950799172
0.08798403271715746
0.13503571108263504
0.13132163241130573
0.05202124559047089
0.048082310258004156
0.06349157584611634
0.11466046267577558
0.04794142554149442
0.08167491930818417
0.09799177213859808
0.07240045342129992
0.09064301602812336
0.06627851968568899
0.10091680168744799
0.08589160796098239
0.06384861497814995
0.05996285553143107
0.15464538033038544
0.10722710048140405
0.11226865119324339
0.0802530551486727
0.14701702671477382
0.11641818295352477
0.07794052314231734
0.08774996274213458
0.14331124672127257
0.12193307259096724
0.10002841605906501
0.10747603581854896
0.1396348638860505
0.15531690632565975
0.1484897144412011
0.16008213637168855
0.1278522134120982
0.11708580806117005
0.08900727978614849
0.17306904491611785
0.15804579338699581
0.1768253398539118
0.16987498437526732
0.10776351589880698
0.17943275622498844
0.13696819898381607
0.13950601751588743
0.1694459889243925
0.15375617329970123
0.16985341437546972
0.10717765384204073
0.13381124445701922
0.17954383887905334
0.18746602097545567
0.17924381116111504
0.190053108431622
0.1345023449273194
0.19146195920329934
0.1860862600529969
0.1253358837142743
0.13425157661281067
0.14760147577232424
0.14655073504122842
0.2017769121800958
0.14596328320865526
0.18926334040812895
0.16496349230504476
0.11523127985371333
0.20512027482358186
0.17444215716545106
0.16311247133798745
0.13100413603641908
0.16711364306593174
0.14811021743527242
0.1930250710319627
0.14664163971871358
0.1439411794630081
0.21684995252072065
0.1700327263017788
0.16438120440358056
0.1727103816377588
0.1836215538082666
0.1716764218666263
0.1702957042813263
0.13541177358783127
0.17072174115473449
0.23329864445991988
0.18684242407287352
0.2325610479361406
0.22008297623407772
0.14792956539050503
0.1790913914276966
0.1879944318791014
0.22413716870464423
0.21268659312068222
0.16243990704627248
0.16326460041530869
0.22337595589227258
0.1816983172715514
0.22756376183963384
0.16112391934691533
0.17908664644828085
0.23710082174330854
0.16654468822477445
0.1722823718080379
0.15545604371413413
0.1749895914571264
0.19553412215841137
0.20388106435571793
0.18893234752706092
0.25590370276676766
0.19324809241946017
0.16956308712962034
0.2597194819739408
0.1689045152322423
0.23640594846824298
0.16550179297616902
0.18035457394368382
0.2208428740450008
0.23756070915381788
0.2603295686008906
0.20637439106961566
0.1694783463167402
0.19145067622029677
0.20683015287242953
0.2657440541153722
0.19904234849020083
0.24422056482837218
0.20238877456471235
0.195453912449335
0.2303728689322378
0.2152020141097669
0.268158911867019
0.2637829369825182
0.18578891237577067
0.22959049300762607
0.2300183836578951
0.23652235220895784
0.2696994844420111
0.2504540952710504
0.2537455532701234
0.22654019154413238
0.19401053034741
0.19342679995971762
0.19649618931709745
0.23875489606287723
0.221814037307663
0.2738517800327063
0.1962854036763106
0.22745272452410553
0.2833791042090015
0.25345864767540227
0.19672330451968434
0.2521277278980059
0.21168349198602504
0.27233400374164163
0.219170906957866
0.2514938584769618
0.2331390886018344
0.2391363019255916
0.2819573871068862
0.28610081936230125
0.23752432143462765
0.2511638529888167
0.24007785277292434
0.29052828342806675
0.22802326867120798
0.209618975111102
0.2782963973498988
0.23469826555450543
0.2828776543381232
0.27951442057604986
0.2613478754451918
0.30628914250843164
0.23078945630893108
0.22996788658895778
0.30938960337816585
0.2879968448914056
0.2944867247092875
0.30319330850786474
0.23356230059315622
0.2483206276267914
0.23350753815334732
0.2515925263990287
0.27399908292936875
0.248551787858318
0.23944201708693583
0.23124582562613313
0.28782332817690515
0.3120603620151432
0.21917492238630934
0.24710884795306584
0.2920970670021927
0.26078634947572926
0.2670959607179775
0.25656341700443913
0.2549451258681551
0.2824639584952418
0.23227918820167995
0.25422184101848155
0.273195773901001
0.25925053860498243
0.2613485205547489
0.272692708604241
0.2581862315646273
0.2316013213314931
0.2367996723606691
0.2706555292600461
0.24601735624660853
0.2735099057407433
0.2608253933804997
0.26725783173486223
0.3141030892020147
0.32247593810844644
0.2510778723381436
0.2971418606791849
0.2854118852794879
0.3274730302074885
0.25428952425074053
0.2582217876117735
0.24664537458227553
0.2998069516951778
0.2708525033496324
0.2895191677936593
0.2541776454948584
0.2865228227449586
0.32936173901430194
0.29115321167716984
0.2522284461903159
0.28459462734415
0.27398579377377064
0.27261086567796416
0.2618581331764674
0.2665129097764055
0.3036968339802415
0.2647182486035114
0.2817101566894945
0.30753020833621936
0.24625898995790838
0.28759355724667746
0.24668420171337357
0.24714760042091324
0.2675332014607745
0.30300480034282123
0.32143854867932686
0.3079223669110804
0.30274996495284534
0.32205282216442954
0.24195182590303663
0.325464339741533
0.32017501631425654
0.33366298902658503
0.2780299528093698
0.2836044835852609
0.3261694364756073
0.26878163666208826
0.25264860617216967
0.23964440513632712
0.25280779039970896
0.2950546929470312
0.31918016668261084
0.3351900627209434
0.26893941405032556
0.29350026975274845
0.24839742340216883
0.31715816318690904
0.3187008727547611
0.25097839896812013
0.25691710663859624
0.32069927958794353
0.29689089055213863
0.25110371075167304
0.3233426235036828
0.31581404174085254
0.3058056138270146
0.31901850174107027
0.2616347428426996
0.3208807418780311
0.2763237015765532
0.27330992923575137
0.2825144714450261
0.24379609535242844
0.3361859966719154
0.27912960104584716
0.3333828544562437
0.3142612160297914
0.2619834935903662
0.3396870400841968
0.259448369927484
0.29771505085765526
0.32912270286208134
0.32232677381526376
0.2882730342277832
0.2761546094517841
0.25290999960690574
0.2627440711741844
0.24669374309920725
0.3072063735714847
0.25403286192151525
0.26669450936970274
0.2803191939763666
0.2885041081024059
0.27556301644933406
0.26358324761469215
0.33176237147003385
0.2698770166295695
0.31125496929522567
0.3247272171090523
0.24261918994591086
0.33660635956173635
0.2866099501252851
0.33148161033330414
0.2904457481271726
0.25811892982308215
0.29888970559059924
0.2869326631472947
0.24047014485355958
0.28916993544688435
0.27649951679316287
0.29362959485264173
0.3141218178936467
0.26556065582008703
0.29072854794256475
0.28081269147069454
0.2876531168913632
0.25401923500786006
0.2769798180091989
0.3174232837801879
0.3327492472559546
0.31440526546770753
0.2738199617929057
0.31324921492469315
0.27218745159396307
0.2503236237523378
0.3213640184130834
0.3187276013528893
0.31757779607533004
0.28705889330945333
0.3193512075157139
0.2724273149842842
0.2709909731901944
0.33039827123138704
0.32666166297758026
0.2601229695517076
0.2496002067563781
0.3271057945863147
0.332607516119378
0.24280587513826732
0.24664046173378298
0.3147280584121742
0.25890242489742565
0.29210178260678965
0.24230356358888272
0.3123320631117986
0.2534922234134914
0.2563879296803499
0.25897465776009776
0.31020318118239953
0.23982615401927468
0.2848122353488391
0.2548172958544606
0.25467615553297157
0.2945479780512339
0.2500107878447478
0.2987252251891697
0.2908802942694548
0.2468621253948841
0.23339384308830557
0.2563353009030146
0.2685653602653707
0.2678720305564657
0.3132448232742545
0.32013650539752825
0.29468113136138296
0.2562221871889794
0.32190736851180546
0.263257026444084
0.22992982822677738
0.2610465385074825
0.2666592524234519
0.31752944558401924
0.22377516294792724
0.225947642274432
0.2769908920664236
0.3083523993787272
0.24955380581159625
0.22403905514209146
0.3099118885572244
0.2692343375884694
0.31611827303920614
0.25499368784025606
0.3144326590424464
0.28226325400630153
0.23853461134047155
0.2518165135319731
0.2806408088425475
0.24895322058198638
0.24299792893295932
0.2601196585068185
0.23084681181809508
0.27665071274900527
0.27490494486029493
0.23829513831200003
0.2890140634376822
0.25690414032544384
0.24319147711983946
0.23624348981490034
0.264736860156019
0.25114250370711605
0.29900129071294307
0.22671884594457795
0.2606082171289623
0.254437057387386
0.24514280571782587
0.21773000436495013
0.2108860264012891
0.22195608483923518
0.28678463265432574
0.2766365688604936
0.20804501683986848
0.2436721724768017
0.22420367897566512
0.24909386678013276
0.292955460828157
0.2867808079513425
0.2441113805946947
0.24007008415397657
0.27830691323866813
0.24676520528218227
0.2785872033787014
0.2392449680949129
0.24987882224664384
0.24709605938137602
0.28491017536290264
0.20429574316229862
0.1979159683482844
0.21931937550749836
0.23086532520277722
0.2556914926420617
0.20918460630850233
0.28616432829239324
0.2804814205352042
0.2721236163735367
0.2685740350356741
0.23198777626233263
0.2629894421204674
0.2274122700463648
0.2261550697209849
0.22298171769768094
0.21345572650999178
0.208497603893519
0.22841538829039618
0.27740348268822945
0.28560162207107426
0.2240970733425862
0.28197980399760875
0.2141506161435844
0.2093986601374023
0.2139187346832665
0.22908656029100366
0.23690173320690044
0.22612233474563564
0.23396874060081366
0.24906879040185248
0.25359138604930787
0.25347925703226215
0.1909244485317817
0.26599937453308636
0.2112198897681829
0.20973372416032723
0.2401940033645641
0.2574997826061585
0.21603988325457432
0.1826697959511052
0.24461214469493797
0.2081964683761417
0.18299482960677654
0.22382507803760085
0.22594993177506284
0.23191252026086656
0.2298195398268472
0.2150372027575288
0.1971568018058612
0.1962047224237147
0.22297499006307
0.19601270101214147
0.24996350539606824
0.17417302741281232
0.21917058793396682
0.24841723950136102
0.24404228209968054
0.24062938869791733
0.17738064738619574
0.1895411968392478
0.21763751110327276
0.24985251529612756
0.24440493472846078
0.2194391517850214
0.20329319833776716
0.23894717695041673
0.24117936749613864
0.21896334995681718
0.20050095122670708
0.1928179439678825
0.23130173167383122
0.25026415596320184
0.21714782937161467
0.22105287872969592
0.18083152583361645
0.16343143515567737
0.18604835064103273
0.15812367745677583
0.1915220609930336
0.2157255472138829
0.19313178276679396
0.2437718250553703
0.17661113706777046
0.23019264276820137
0.2167204778532814
0.17394993694458388
0.16984016427080445
0.22128249034160563
0.1638734502725433
0.2370493027667241
0.18210250593644067
0.20700759933737156
0.15489145200007146
0.17467720768520079
0.20116849714015436
0.18353322801779096
0.2173255618894558
0.20313054678295897
0.20065356780271176
0.18493166915525777
0.22768820569408427
0.19421174461292112
0.1559827942665287
0.2278994479147893
0.2358449931126147
0.2170305886040505
0.2320173186586801
0.1537408351818754
0.20170351810723103
0.19606636333476293
0.23436591940578733
0.19410471257905035
0.16688151779811292
0.19398514090146632
0.17534127336756622
0.1601927396393281
0.2023189042274377
0.14457603064452287
0.13231293157446192
0.2092217365575545
0.22374460220243275
0.14825953058003358
0.18966007013496444
0.15558527735920624
0.20291937504048202
0.17120829450677283
0.1630765388961964
0.17625202998494394
0.14325444071191243
0.2155617241801398
0.17005411991771985
0.1563978581962206
0.18976872700548764
0.14941224678488607
0.14492130958767796
0.12250613818419466
0.15210900338696992
0.1356002559937913
0.15682632141524375
0.19386279896392508
0.14270526538677447
0.16452305802974315
0.13803401894808834
0.1716662537683178
0.2011594957281437
0.1732985562700924
0.15123438203179104
0.20793260382326534
0.19023286470708442
0.1626872145054803
0.11675358459924248
0.12705455462107978
0.18985794337463738
0.1144179081733043
0.1347273833648096
0.17879346647061184
0.1224164454093639
0.12247144891685928
0.1947595534583158
0.17110397317933917
0.17200033653945956
0.15563939758362885
0.1534013230553724
0.18024026258129544
0.12226938656018262
0.2046199912934144
0.15714058616803772
0.1500953631529685
0.11164419724035993
0.18774595048589213
0.11623828841129089
0.10409097050004289
0.19768127024340826
0.13581450888986507
0.12295399449209682
0.13626139558274344
0.1342745659913004
0.17702175292580358
0.15363098775687403
0.1848804438082057
0.18051521986674302
0.12712562747828215
0.12423005652983898
0.10740621291333699
0.17793718427673594
0.14899819178438403
0.17197806728767612
0.1755690430069956
0.18244278068043138
0.17610566655000498
0.18476043711873025
0.18480447842682718
0.11725028894606895
0.12874524127427128
0.16315840251440167
0.10374612283351371
0.15088330649589124
0.1521510288624534
0.18794487642899887
0.12703596841268203
0.17529793734826069
0.14098642450926632
0.1600947827616998
0.1685088483025568
0.1768541164942638
0.12544137959473708
0.12843897327576648
0.18254644415733887
0.13580906391152078
0.1008213455921128
0.15708907800866556
0.12489192276078534
0.1808144627140767
0.08523678683180504
0.09688051057458559
0.09632244139699117
0.13816267744886407
0.08773779028824517
0.10911699735066407
0.1052254438511293
0.16652645547578052
0.1613547256868605
0.11439980781430292
0.1469593417205047
0.14094144229077904
0.0878301574989786
0.11166098764862609
0.17296702743596365
0.08786142771160033
0.11516840811474008
0.10262920220064797
0.10487069716237937
0.12316285735485175
0.11189480383289516
0.11509900728035469
0.134240566599669
0.13868134812345317
0.15970839787560878
0.10976489250646883
0.14996441023907375
0.13750930995684663
0.1268430667484506
0.09588597362158674
0.11822524193655262
0.11763304764783779
0.14378501657822562
0.1384535758950909
0.15337521895390924
0.1628213092305515
0.09627714343913965
0.0811208152025557
0.10538193412568993
0.14985368096339963
0.12479297232875924
0.10064249288754086
0.13060333183136807
0.07943949086648694
0.08251722489726537
0.14747106927493314
0.10064811096988266
0.1482907151186822
0.12123431669053078
0.06621120722466797
0.078783494511531
0.0874113247219477
0.09107704470745347
0.08824651180579349
0.14923440217500705
0.06301091225958493
0.08348696612456533
0.14732872630657864
0.10828644673036825
0.0937257294407413
0.15417976551054818
0.06164276647835762
0.1396126916896146
0.13829867009075525
0.10014793874206261
0.1369448130567559
0.14103099362137345
0.08099264091718067
0.08033335006298438
0.08105125099785614
0.0977239340522682
0.11305325553061843
0.12112937037918615
0.060043613323733445
0.09850615930187323
0.0859220815791648
0.08756886584677276
0.14737178317530075
0.10734161923823982
0.06312830569249536
0.05210837886976767
0.12826399054375304
0.12191389365874047
0.10491122783113907
0.13084475549347133
0.06691442733465572
0.10600536942608771
0.06401071147195057
0.14248079141336012
0.06504869407360327
0.09664449605185804
0.11816230248298061
0.06937222787467316
0.10091439535036772
0.10166784429774366
0.12796430117962324
0.06626963313329033
0.05197185980460156
0.11110032960702027
0.10457651959858827
0.045429369329595966
0.0760457980281378
0.06671775082422497
0.09178113875424392
0.11029713253904763
0.04831316249496165
0.11849978894727042
0.09990285486650088
0.05297999655295271
0.1013756456191224
0.13693622463614444
0.042891333624987746
0.12184119856851314
0.12023849673913718
0.05911338683581105
0.08294425345281273
0.09596728271209776
0.07443163309248094
0.10053300373237495
0.09021354153043298
0.03871461670715326
0.08995658660508146
0.06863820969240346
0.08985125774420005
0.054560413154155954
0.11534477450622918
0.0501027250784329
0.09794361893688609
0.06033046222729836
0.07079440533834262
0.050632708053170855
0.1003106975785025
0.058008058112614516
0.11362471441870571
0.09858600829025305
0.04940768648570615
0.056683562053273545
0.08949408574202851
0.04433884871206248
0.08656314238590473
0.0781664619411627
0.07757694115172098
0.12550815702841372
0.12349414765074222
0.09093254537053733
0.10256833409580794
0.06225135266806085
0.09240730130946706
0.09767753008883309
0.06037026862270273
0.1290280662805944
0.06435829816212643
0.05083453235820601
0.0908151847938311
0.12567935087638965
0.10979410348260438
0.09643267948162319
0.07137964627659354
0.07591203492170986
0.10039529559953789
0.04974767261923863
0.1171818565558195
0.04045479678668794
0.11024075921052372
0.053539097229792804
0.1133004164763867
0.12138540314416141
0.053803191884919284
0.056529100298315475
0.09023854315521523
0.09884109984870512
0.060109267292748354
0.07238543613402348
0.035354787654181534
0.10589709201754496
0.08592491298212959
0.10464370850283179
0.10864867969635209
0.03799426685604838
0.10417707816947076
0.09737069475713706
0.10552682373714721
0.04356070350459655
0.08417019237273451
0.026422837878784237
0.05231932231316552
0.07995224941250875
0.06833298146688098
0.12044466475458124
0.07775678120092122
0.11420716470503095
0.0837177158517608
0.022888367240097515
0.03458716973582992
0.07928849217502199
0.058539123438021125
0.0760588531679902
0.031143743588596333
0.09175953514948192
0.07517459423002132
0.09595867552651342
0.11518295685908447
0.06343320217968339
0.11690029076919854
0.02724375080087555
0.08107182505609664
0.08029942674519935
0.04302471353932193
0.034968730863211554
0.023719299947147214
0.11432382280890965
0.06870656637176453
0.033573329994023265
0.07625709439402632
0.02795914458150666
0.08087513848278327
0.0500378244681481
0.0429476739729978
0.07451992602280161
0.06010688442906641
0.05378750204190123
0.032339722891911324
0.07325463058475891
0.08881421786866742
0.06995777167456539
0.09728671965675992
0.0739105111666934
0.11558965656468673
0.1072839605300275
0.11480097808792092
0.04156941822559599
0.07532835244586823
0.11277660308671217
0.08007622195586775
0.01608259649898378
0.036696073190477664
0.11143547522156863
0.08399231426215589
0.09518210598977933
0.03236869772460928
