-0.002115323830604124
-0.0009023503543070461
-0.0011555157672945833
-0.0014541095471552513
-0.0023095796209795733
-0.0020325795386058176
-0.0017477194396530418
-0.001542222181296676
-0.0013200163762218658
-0.0017882526141657744
-0.0013103647252448213
-0.0014339887331397156
-0.001564367085917094
-0.0017610930886597057
-0.001522712589310915
-0.0016137262715039313
-0.002494552926451474
-0.0022463746667433747
-0.0023412908049025684
-0.0015958401076172765
-0.0016711791235623624
-0.00146110855286168
-0.0022779993722972674
-0.002741222213660121
-0.002748979881601106
-0.0025176151964251266
-0.002255551648153288
-0.001520594747975085
-0.0024639791825804315
-0.001575188561996766
-0.0027096720825389806
-0.0023610590383249352
-0.002495382150237262
-0.0019602639029251247
-0.0026664363077741134
-0.0025096225537129253
-0.002596258865792225
-0.002605768780482875
-0.002195859213064729
-0.002975096773495276
-0.001923371080482907
-0.0031424216525877693
-0.0031485021157840916
-0.002166900300598839
-0.002964461062001207
-0.003053430368101486
-0.003321145106105206
-0.0029589649693192222
-0.0028363781494697067
-0.002876679059821681
-0.0022188888424902976
-0.003450417367870743
-0.0020735043030409195
-0.0030965542502765474
-0.0026998704650287794
-0.0032381460701637254
-0.0023793259121872245
-0.0024814473251672593
-0.0033971208170966417
-0.0034338604568108296
-0.003308225624846887
-0.0033263391036070324
-0.0035269060467460673
-0.002811738263804013
-0.0032528951655501157
-0.0038581640490517916
-0.0030998713603879098
-0.0026972811960771855
-0.0032211234864095045
-0.003120041176987609
-0.0026757137419678337
-0.003128763018339572
-0.003624101870947691
-0.00294753821727087
-0.0035599466765267617
-0.0034822778732174708
-0.0038478647547618046
-0.003505960645445904
-0.0030768908362731485
-0.00346455695244396
-0.0036088021553213096
-0.003250120496710452
-0.003866764697690872
-0.0040829876600223455
-0.003536670749257849
-0.0035988330887130643
-0.0034265818085259733
-0.004205710569608182
-0.003911402955641264
-0.004067419596153958
-0.003886682668132501
-0.003579154607771956
-0.00475317925108256
-0.0043351344245120965
-0.004465120569094658
-0.00467927510301599
-0.004263839194106321
-0.004670918716062747
-0.0036270628046451985
-0.004341199180377123
-0.004395847391329772
-0.003749419067265496
-0.004220293460292183
-0.005074141937276671
-0.0043828642766663385
-0.004041295334372345
-0.004355640962300173
-0.004168778892025776
-0.004219758486156198
-0.0041103908498277995
-0.005057195786001237
-0.005166210976860122
-0.004941524472990886
-0.005542874209581141
-0.005635129022624366
-0.004304783077886871
-0.005307259198581895
-0.005580915509223381
-0.005006114020987856
-0.0045570411923104275
-0.005108864737194441
-0.004858804119651008
-0.004916568658157063
-0.00469984398099016
-0.004906074421932948
-0.005278095120448924
-0.00567964796648825
-0.004698607794542658
-0.004892095445489541
-0.006240247495097608
-0.0061338747813363004
-0.005338602766430768
-0.005249536004481792
-0.005410308837638956
-0.005952252772049018
-0.006232174159523407
-0.005391552956365874
-0.0065674445089055865
-0.006511092394514282
-0.005248179010010448
-0.005812827666708284
-0.006663300152762897
-0.00599581840106512
-0.006124013802672554
-0.0068697809904301075
-0.006340856227566452
-0.006160692743857116
-0.0062411747942721215
-0.006361774360550666
-0.005744405856618717
-0.00697628675660358
-0.006164165418481461
-0.007172625607613063
-0.006106264054572848
-0.006145408678849278
-0.006639608240936988
-0.006560290951667877
-0.0064099966551999146
-0.007082436597737074
-0.007495328095995008
-0.007638733807943373
-0.007161316584161615
-0.006524636339943129
-0.007768817487893955
-0.007145404457102416
-0.0072516928642291974
-0.007579892297924287
-0.007422610567744462
-0.007419186653537011
-0.007097559380864967
-0.006828494796875742
-0.008177220790323602
-0.006979207266379122
-0.008371543240294146
-0.007877431332403914
-0.0076798244685727
-0.007989414863581316
-0.008498232644425096
-0.00730988640492472
-0.007615590893982294
-0.0078092482345576445
-0.007936813378182117
-0.008456134973172002
-0.00837493912600166
-0.00867165140976896
-0.007976077495334463
-0.008833592093088172
-0.008863319487622591
-0.008484541653574984
-0.007846444983484515
-0.009020903568206081
-0.008762026298708004
-0.008963070962400583
-0.009206238595677842
-0.0094262337970552
-0.009021827509924592
-0.009257212496028466
-0.009150440277701894
-0.009673023078907605
-0.009100157350383779
-0.009693058351150982
-0.008984144441984462
-0.009465130805888351
-0.009396011330445752
-0.00931754985084083
-0.00912814086729415
-0.01014687521602235
-0.00897547588094493
-0.010374007210148452
-0.009899803437788223
-0.010158410787571924
-0.009328892282392056
-0.009508926208690554
-0.010052668201046843
-0.010331377492853237
-0.00985690432002149
-0.010448113696901804
-0.009521692801617113
-0.010957346439725272
-0.010900094956098847
-0.010807538225066938
-0.010685412797061842
-0.010386617102930153
-0.010826487553723283
-0.010007081373865826
-0.010113567959597829
-0.010960725566422646
-0.010611852884158977
-0.010789280962680944
-0.010625920761943356
-0.011081104306340975
-0.010864948349364736
-0.011908085614400332
-0.01114656256585625
-0.011893712869504386
-0.01198818394257463
-0.012044735637790538
-0.011356647387762734
-0.010865169936811556
-0.011216279483676332
-0.012007218685737725
-0.011150101855187534
-0.012432922486457195
-0.012340999653204
-0.011507086936639738
-0.012008634210211668
-0.01244671782667019
-0.011675999634126584
-0.012293812834462027
-0.012269086724941938
-0.012015331459489145
-0.01316709206084274
-0.012760503605415866
-0.01220046507521638
-0.01251019251290822
-0.012510983777379974
-0.013452571673436298
-0.012386784257888821
-0.013664395270972646
-0.013680962732652964
-0.013707669358431165
-0.013773051028348372
-0.012894211077072929
-0.013947799489270638
-0.01365676534625802
-0.013913422572341488
-0.01314776990858362
-0.01419811911555302
-0.01356000664585784
-0.013598921825849505
-0.014079096803501123
-0.013471880121487733
-0.014242897462579
-0.013598718398970054
-0.01397964736630656
-0.013845874527933792
-0.015014590062080793
-0.014296991051966875
-0.01467635719963434
-0.01489298381511091
-0.01395863498812014
-0.015137915955853305
-0.01465941987366397
-0.015541719625226958
-0.015606789126287362
-0.01577004488306229
-0.01447488303633678
-0.01585932618486518
-0.015674939597158166
-0.01502093658344603
-0.01583082325290435
-0.015185682149152176
-0.015449860402622775
-0.0158017117500427
-0.0164527219004428
-0.015085009919657966
-0.015253996248109448
-0.016053635315963377
-0.016483197454824367
-0.01663899496812294
-0.015634159488884886
-0.016064801743947185
-0.016502061431306305
-0.01617998808681882
-0.015996243513296354
-0.016859081424399163
-0.017267486975036276
-0.016367393889374627
-0.016802390288741045
-0.016651767882927354
-0.01752126599701576
-0.016995770961812418
-0.017667561349024145
-0.016684565813815052
-0.01686216883517203
-0.017369812284327657
-0.017160697670393285
-0.01743607295116013
-0.01831638177719071
-0.01844130232372376
-0.0171343017808646
-0.01845541383233199
-0.018307036161718037
-0.017784562498265863
-0.017522409744155643
-0.01806483532175002
-0.018069726102336522
-0.01898973467618734
-0.018857074343693946
-0.018357554166377747
-0.01850230165408374
-0.0190296334393456
-0.01898193286898635
-0.019644607763051075
-0.019534761025386486
-0.018800920941055094
-0.018449635988091958
-0.019035145486440593
-0.019551054145495732
-0.019666204772328798
-0.020273759842181348
-0.019551855984261134
-0.01938052401939978
-0.01977099498974698
-0.020421913072347704
-0.020606600781436286
-0.02055189605807394
-0.02025160022845459
-0.019544640488436786
-0.019940668470035672
-0.01983192008004084
-0.02045781176848845
-0.020275939401049495
-0.020801983474248876
-0.021343835283502238
-0.02085274655375004
-0.020688451141881375
-0.021159204237418083
-0.020877739788816848
-0.020549378459609167
-0.020567097172343188
-0.02106640719667496
-0.020987724044239844
-0.020829352669691374
-0.02147194924856377
-0.021417281790275237
-0.021703531805014217
-0.02186216732972744
-0.0223233036572398
-0.02134558851039339
-0.022306519888550813
-0.021470575785259412
-0.022127162297977787
-0.02167267033276578
-0.022296334198355867
-0.022606440811308436
-0.02191214075343401
-0.022666583813611592
-0.022321487699031386
-0.02358646465197434
-0.022336721036711096
-0.02366300339101971
-0.022927070306307577
-0.02311293015192573
-0.02403147757762246
-0.023304931528920155
-0.02380106365758678
-0.022974415750233738
-0.023131884935411646
-0.02416153097766695
-0.02330344743885827
-0.02361147891558521
-0.024532009116482078
-0.023459371098921353
-0.024229312852155165
-0.024346930035102993
-0.024661745896991327
-0.02496389001294998
-0.0246870224955948
-0.024464712327881145
-0.025210631711527015
-0.02541709604713183
-0.025210597914329093
-0.024804547412416212
-0.0248469108726374
-0.025603532464881548
-0.025152271533047124
-0.025097850771450974
-0.02612246694613732
-0.025865287237807656
-0.025529351932004903
-0.0258886805963168
-0.026264498999900864
-0.025180930981234063
-0.025563596886012334
-0.025779940604931707
-0.026056654491403302
-0.025923724621143795
-0.02555288808499837
-0.026518512780416965
-0.026950328044079146
-0.026903496105499077
-0.026407013174946502
-0.02652311625853964
-0.02673814343659694
-0.027036778016731055
-0.02671004591966642
-0.02696938512629585
-0.0269196576686351
-0.02732248619583001
-0.027035202687973294
-0.02684853170791965
-0.027173567780434636
-0.027510773926258242
-0.027024354588232786
-0.028438765455709225
-0.027279108255830787
-0.027248828700006944
-0.028353395251989592
-0.027632056855284342
-0.02757116484258312
-0.028806319804775327
-0.02833305591355424
-0.027918608659925227
-0.028718628698553468
-0.027875124634994992
-0.028922963147541527
-0.029182124129782005
-0.028526763358560463
-0.028794142716590712
-0.028639429941469705
-0.029164916560532467
-0.029705664431856644
-0.028716843078269945
-0.029829006422995727
-0.028881712722705007
-0.0287099870034905
-0.029397797454212223
-0.0289991575507138
-0.02888087258346695
-0.0294119530343944
-0.03034187506323229
-0.030247381074865815
-0.030080019612345826
-0.0303833480716396
-0.030471998178681667
-0.030405843246378485
-0.030441643234425726
-0.029843406913862894
-0.030255165059174496
-0.029931390968994918
-0.030759708145467694
-0.03043768251086498
-0.030329833955529933
-0.030011584059432585
-0.03016606813805738
-0.030733001051394277
-0.030164873521051915
-0.0315718303970321
-0.031642452912805964
-0.03183328434018607
-0.031258081314068334
-0.03196860464609662
-0.030583603434267467
-0.0317345059704641
-0.031430434901471724
-0.031242267583605918
-0.03089592235492085
-0.031527051752690466
-0.031420322025856574
-0.03236050235110966
-0.03186604160917473
-0.031479058087025
-0.032607998864084
-0.0322129230298101
-0.03158413904166425
-0.031825287549414535
-0.0322987624148274
-0.03215696513085338
-0.03196140052961265
-0.03233740823206322
-0.03232202991857966
-0.0318975692567529
-0.033114393200576964
-0.033224799745732066
-0.03286459301857192
-0.0326900495816233
-0.033616602056253046
-0.03314379064401469
-0.03320490560367495
-0.03254955323060621
-0.0323941407380773
-0.03295697185963904
-0.03386454491769744
-0.0331928301869576
-0.03351691647576618
-0.03386625124826946
-0.033522366562874786
-0.03358163325210416
-0.034102347856054524
-0.034274672906636244
-0.033498883555455196
-0.03333523531855146
-0.03334733638204543
-0.03360458059456937
-0.0334798928310338
-0.03386691932367905
-0.03372300630716093
-0.03394286501204613
-0.033493593439834386
-0.0343128954054363
-0.03385865373513819
-0.03360003199142535
-0.034476195378458654
-0.03494842660207822
-0.03437112447596685
-0.03443300534392202
-0.03442059153495855
-0.03415797261460934
-0.03506639914469047
-0.0345294298557677
-0.03492272728884022
-0.03456448066902628
-0.034063089539761365
-0.035213696190766225
-0.03423822306336369
-0.03431308215233029
-0.034469150544063396
-0.035233619849215934
-0.034791270540508346
-0.03431662645580909
-0.03451808599924647
-0.035305417877842644
-0.03499171820325503
-0.0349923895254266
-0.03508274012983231
-0.035571374363019895
-0.03471996179800757
-0.03486569964344903
-0.034857460920168205
-0.03567783359112033
-0.035253329483129925
-0.03474580249211291
-0.035640191610529635
-0.035247679427385076
-0.03565685385248211
-0.03480670674107208
-0.035633159030872774
-0.03592644704356013
-0.03611816345821642
-0.03603102996544551
-0.036016256284051196
-0.03578630260962811
-0.035759803817460134
-0.035164084304927436
-0.03534024633988623
-0.03631043318938581
-0.036392005660292694
-0.03526117996942364
-0.035618632970981855
-0.03601808878172789
-0.03499430767400447
-0.03514194646873185
-0.03552192892297404
-0.03629425265785062
-0.0361878764587196
-0.035622376185523164
-0.03576129569958675
-0.035916358233381095
-0.03583864783143871
-0.03634011226270086
-0.036070363462165335
-0.035813491238515544
-0.03585744800732137
-0.03548735543583491
-0.03542191811642783
-0.036326153252543986
-0.036468071236393555
-0.03617292960139663
-0.035250540649110006
-0.03627608497225431
-0.03547162136157727
-0.035960157918846554
-0.036091436591997615
-0.03624093482465894
-0.03657876438965646
-0.03563797452376015
-0.035182116570647425
-0.035327346468237736
-0.03652471022870208
-0.03648747152946218
-0.03581383875687137
-0.035810733707225165
-0.03632610129242536
-0.03568875487765241
-0.03513821802629969
-0.035345324446748996
-0.03567948326358755
-0.03551684984488542
-0.03528774064849923
-0.03618568537399194
-0.03556134828500632
-0.03590928787350081
-0.035130764897683006
-0.03550866972544933
-0.03500173612165008
-0.036102343953736106
-0.03493938683771164
-0.035040482478989186
-0.035176345451164874
-0.03631790654499206
-0.03514307845263736
-0.035369864355125145
-0.03595484506301631
-0.035761876463084284
-0.03605491987238873
-0.034807040454961025
-0.03491349936710836
-0.03543982698914993
-0.0353066124587921
-0.03570183352800076
-0.03605171826241186
-0.035344959372020444
-0.03581959449025417
-0.03456322571134514
-0.03584605793567921
-0.034897865534475755
-0.034635683625347184
-0.035460644985462114
-0.034730618263115944
-0.03459114045367257
-0.03508777823488681
-0.035093328563569774
-0.03476880628445616
-0.03536907484498431
-0.03462499873002533
-0.03539365383360655
-0.03471504324656836
-0.03463342756818119
-0.03441405624210576
-0.03452012797861513
-0.033940491653788846
-0.03427408092247248
-0.03499835346257972
-0.034658439097574
-0.03487709829278878
-0.03416457893057117
-0.03349235093638129
-0.034445356736472844
-0.03367576335488205
-0.03436623752431059
-0.03437876048872156
-0.033380643433407575
-0.0336677001878004
-0.034436904897423126
-0.03325557308656622
-0.03311751449009502
-0.0336856211953456
-0.03365028724409027
-0.03355110654078011
-0.03281206273284811
-0.03398854041224459
-0.03357157826266399
-0.03318371175636756
-0.03378539847787568
-0.03360546907542514
-0.03258052991861863
-0.032435430930218334
-0.03263926730625132
-0.03260285703566503
-0.033208512549559595
-0.031919239401242964
-0.03283683812339798
-0.03209469300138448
-0.03271144513782198
-0.032037082429951
-0.032586193496676005
-0.032028074355267964
-0.03207203680016078
-0.03179753091698387
-0.032485323026354124
-0.0319393747771046
-0.03125210945595252
-0.031635090025874314
-0.031065141931338497
-0.032296108149502546
-0.03208811958134201
-0.03180774137452919
-0.03185675620284839
-0.030976955381031027
-0.030526144194844288
-0.03156285803394303
-0.03153345015887545
-0.030461962425201158
-0.03054811604776883
-0.03060483947377031
-0.03076893908618016
-0.030957330365878354
-0.03068262795967348
-0.03010202386421034
-0.030090255109446937
-0.02940611047946296
-0.029274786932037312
-0.029443662544663757
-0.02955248938227305
-0.02904720880267079
-0.02937114019353866
-0.02888477870454241
-0.02861745700797385
-0.02867799843976933
-0.028703642341917072
-0.02833905154679119
-0.029581671823430616
-0.028872536102150518
-0.028592557741319847
-0.02849752671583268
-0.028749821527135788
-0.028509350199256774
-0.02883167803441839
-0.028593161301163527
-0.02737868676014909
-0.028615819457660552
-0.028467058931906306
-0.02791640167351257
-0.028089620958720148
-0.027740607973085477
-0.027219212177915644
-0.02672667004660353
-0.02741562578829531
-0.027334053326206052
-0.026088057955265063
-0.02716801036541158
-0.026866167175399316
-0.027007924442643213
-0.026262605451231935
-0.025607828104018685
-0.026261124659483253
-0.026192388280948303
-0.026447289257061236
-0.025095545828027102
-0.02513307737164038
-0.025343119131426232
-0.024954720514211895
-0.0252167069047043
-0.025006932415367
-0.02536003369005986
-0.02458961396896806
-0.02472402315511297
-0.02503284357652653
-0.02385556622751082
-0.02380710026780659
-0.02460267569980414
-0.02341155538125386
-0.023114693540873445
-0.02369242353881273
-0.023661386598739762
-0.023216676193632754
-0.0234171137955448
-0.02352556030507453
-0.023095646448068528
-0.023143287724350856
-0.022470112636595554
-0.021703772903445367
-0.022997339773260732
-0.022166162425699076
-0.021684535324456508
-0.021969440650609875
-0.021306086434311193
-0.02158002450114904
-0.021548473931536465
-0.020890333843419165
-0.021810334227182704
-0.020735610779308886
-0.021435036568546333
-0.019993382408719212
-0.020821116004273898
-0.019771542457780934
-0.020384711462751896
-0.01964338613529079
-0.019762961654835882
-0.01964576856078437
-0.01996717792589762
-0.019040389050608467
-0.019137960662401258
-0.01966814420940169
-0.018887275891749804
-0.018933553422787557
-0.018405635947430932
-0.01830864763991871
-0.01844548462888399
-0.01871773442332219
-0.01733770756666702
-0.017671816206923336
-0.017258624479348318
-0.017064873292995882
-0.017820874016085588
-0.01697817843024691
-0.01697824666253296
-0.016093474473888737
-0.015956689950386
-0.015890334169355574
-0.016443920569687596
-0.01541571742190493
-0.015776502324238665
-0.015805352864325117
-0.014802118184584098
-0.01582801928273261
-0.014910014109781124
-0.014388980874834813
-0.014228405962169217
-0.015272825557615641
-0.01521429280226091
-0.014924406960633503
-0.013576413485985251
-0.014240222133072192
-0.013731011397494183
-0.013208052115462127
-0.013582622880894122
-0.012643166516494483
-0.013435930873525088
-0.012416367466305252
-0.012874849183014707
-0.012718417105975498
-0.012211506017040179
-0.011856383614053938
-0.012075324902123182
-0.012228321225541424
-0.011743454388192074
-0.011556460245283076
-0.011568956118552859
-0.010351310404870596
-0.010770745287330373
-0.011393860883015874
-0.01117671063865755
-0.00970489641225237
-0.01044597054821029
-0.009598122589646589
-0.010229856548744514
-0.009803505172518207
-0.008686413702713587
-0.008964809619266184
-0.00905052771004526
-0.00953426897746063
-0.008752925361421698
-0.008518441402962795
-0.008421177399890786
-0.008678112559373383
-0.008259061586558139
-0.007149066281530194
-0.00704909033771542
-0.006801278692924721
-0.00776864359621445
-0.007214134480450235
-0.007052343726096147
-0.005934598002295267
-0.006928503521663859
-0.0066456041050363505
-0.005456571839655582
-0.006014330763059147
-0.005469577256648427
-0.004831213075529454
-0.005348281469383495
-0.004785121760611279
-0.005589431066280079
-0.004202925358913124
-0.004463270077639274
-0.003538837796078311
-0.00478901393712894
-0.0038106821229547607
-0.003682781473234757
-0.003529374421189384
-0.003776256359146666
-0.0028536045936644935
-0.002521571443600682
-0.0026049925952295596
-0.0022977926980080675
-0.0019339036589554356
-0.0018764834159640657
-0.0021022770506184695
-0.001151479018233758
-0.001257056665245141
-0.0015280425883564318
-0.0014734820677146613
-0.0006058552571100028
-0.001453605627450121
-0.00031987129500043294
-0.0002883405718284906
-0.0009304001954970794
-0.00023966438045275876
-0.00017274810386432222
0.0006465121078280157
0.0007305604586116504
0.0010231976444880781
0.0007326091404930721
0.0008314942855173791
0.001932816104112578
0.0017901949716002874
0.0012468242954708888
0.002367075414785472
0.00173294939961451
0.002660444325187278
0.002263935989851296
0.0024253874260939203
0.0030575567190335422
0.002996717869499762
0.003592447977264014
0.0028514345177929564
0.0035708948017783206
0.004610021831111837
0.004580007669896771
0.00376239052558916
0.003885995437804386
0.004641583157008816
0.004887340289717928
0.004309265644394152
0.005237776244753
0.00574907347141668
0.005045098469492832
0.005659630625804006
0.006691316987666484
0.006863408858618299
0.007103869571675055
0.006559312266159812
0.006821025238344072
0.006344655848066649
0.006614240474653912
0.007298092332826559
0.008060459507775543
0.008122876640485124
0.00857044349651002
0.00823344228277984
0.008459532930897417
0.008389544516714517
0.008533644825077536
0.009007075189784088
0.009736090871221296
0.009976373895329424
0.009369179739078219
0.0102950966031621
0.009387106014440249
0.009387306377836335
0.009729182388955078
0.0101908327745119
0.010328577181800374
0.011200496338216449
0.011188798465143352
0.011239592345581258
0.01131193589371111
0.011436099881380859
0.011618083803494408
0.01217455503359517
0.012737438882148901
0.01234331685290337
0.013003856011798997
0.013113662578123401
0.012389874031870944
0.01303932672292475
0.013302289875759918
0.012787750369132642
0.013610918936001654
0.013436627234669174
0.014566354901318971
0.014244995610866302
0.013562548726483069
0.014263354043282831
0.013851923074267417
0.01420389770463052
0.015279518550561874
0.014899260054478678
0.014784449174851551
0.015102772356257167
0.01514682484150256
0.01609541082582807
0.015653604148713585
0.015822117001287328
0.015966923089052575
0.01684072207953323
0.017167058815793692
0.016659792116192645
0.016866633120194742
0.01673069814743085
0.016675958464405935
0.016989309928733265
0.01748531627703182
0.017798318318135376
0.01826879336009903
0.01785523456323216
0.017944148874612906
0.019211519177151276
0.018945844964290755
0.018844097622697016
0.018841795438354247
0.019739806657366472
0.020144182538344987
0.01929438247582553
0.019189014843543073
0.01916186583697044
0.020622429244215174
0.019806802480137983
0.02043803184218146
0.020008346686606174
0.020708984617951783
0.0209893740661358
0.020870802312646944
0.02046249473695171
0.021689644711257967
0.021256697332884055
0.021776097165514166
0.02230952260913992
0.022236778222270544
0.021947915372179425
0.022259541782327134
0.02264277000400229
0.022386192973473648
0.023161193687423615
0.02294617675501904
0.023522996743051902
0.022960386554692798
0.023997289104393863
0.023464328590482243
0.023004709925289205
0.023127787539202072
0.02393714118271037
0.023842911422145712
0.023992732625159007
0.024836161301555394
0.024321876638249012
0.025162334739173613
0.02452612150744609
0.025301721830364422
0.02503742902922542
0.024749201936324176
0.024919825408980623
0.025153452808048742
0.024996358157472746
0.025873528161341818
0.026220165119952437
0.026749419889474893
0.026662592961972955
0.026358998188026003
0.025774191929520567
0.026316736045293578
0.02635089308820287
0.026955718006044946
0.02675059577057362
0.02709067781523941
0.026731344811338677
0.026973979038228093
0.027341404508925925
0.027288015174221115
0.02791158127737832
0.027206715652962527
0.028290226254281518
0.028562415229870318
0.028792481657765143
0.02895192318050011
0.028281155433000246
0.029294018233457838
0.02875081493434246
0.028723555171194733
0.02898623968792013
0.028517022186544005
0.029085619509693298
0.029623168253917136
0.028959999664093523
0.029774255986935373
0.029963097483067937
0.03054590923846684
0.02928470008039981
0.030771293998760628
0.030727189578710883
0.03010182971879823
0.03031185229522852
0.030004343439015268
0.03003515607081777
0.03095110638588253
0.03113958399292728
0.030495025205708078
0.031239190189759524
0.0317595711778477
0.030636184155342975
0.03204174169177697
0.03087049633795181
0.03153683510587387
0.0322031155178011
0.032128195147489415
0.03143485655389946
0.03132208053355939
0.0322903462928209
0.03265963483642904
0.03285703125387144
0.031587301369799606
0.032684873502742774
0.03230558651065298
0.03209546158202369
0.03263743034184907
0.032152671812537455
0.032504709815861
0.03351347219659084
0.03317644951492899
0.03381632867800404
0.032573634596717194
0.03379327641379104
0.03324975165799255
0.032686385923483274
0.03400964102384087
0.03288153866688441
0.03303947842037307
0.03300718026572487
0.033975678899572356
0.033815134321106485
0.033234980796782
0.03425748780680214
0.03411176528355992
0.034571660402353585
0.03470036964563266
0.03479214732728852
0.034963506071123
0.03414602187657851
0.03423060441713367
0.03398940163590018
0.03437663591129676
0.03407572162460837
0.03443681256214517
0.03544069177219183
0.03472835336779802
0.0350457501087215
0.034964466977318566
0.0353300992532459
0.03585484001463755
0.03479557819960767
0.03473186752227886
0.03466995296641774
0.03592843833390069
0.03552156091011274
0.03625626573480314
0.036109246868582766
0.03622842728243979
0.03643129584998249
0.036352781856186595
0.036048484307750955
0.03584031258258277
0.03661966750751932
0.036033224120221426
0.03541295201243504
0.03535961627638942
0.03620534111077403
0.036222501248215834
0.03597390566356304
0.036074892309353325
0.03649472667854924
0.03608463314819141
0.0357527601124113
0.03627963223103469
0.03657554325855895
0.03660422194588238
0.03632696997264061
0.03687030715589429
0.036148034447260495
0.03724900304330444
0.036779768717618296
0.03699692756186105
0.036153534617765944
0.036655162604289866
0.03712288798604151
0.03646313824546637
0.037486239148534196
0.037536393913296086
0.03686970117442218
0.03735363038334672
0.036518087346162985
0.03672499225392307
0.03688504228310115
0.03631429994521506
0.036884820156715487
0.0370632051838328
0.03729076421090888
0.03692170397694707
0.03702838373883175
0.037037265464448625
0.03675343292287204
0.036424501913040856
0.03758781981818433
0.037465920721572794
0.03790474610026654
0.036575305304592354
0.03755533038698717
0.0367146377846173
0.0379467501585242
0.036563952738133995
0.03748369786764959
0.037074525592027605
0.037542531122148025
0.03671366843119425
0.037562103644151974
0.037918628574610015
0.03717029320704623
0.037202312238232914
0.036855927105682335
0.03701048120947202
0.03801291462443509
0.03654943875905292
0.03800785876325925
0.03804826788292812
0.03677075712004355
0.03743404041291665
0.03720161074601654
0.0378402791976571
0.03662400463421932
0.0378551104767126
0.03788830509902553
0.03679555266842246
0.03749928842782499
0.03689862748520965
0.03782750364152182
0.037024416514595405
0.036948242282782415
0.03663537308263014
0.03763315025113256
0.03789194754801661
0.03721611257637915
0.036419961289115343
0.036572443041004925
0.03710660032730357
0.03709814693257103
0.036573321570461836
0.03780585960387856
0.03690659453987809
0.03650169095904878
0.03641465375312313
0.03735018558225109
0.03663452123137447
0.03695044625729468
0.03751895614569855
0.03711319244526848
0.036330204889308985
0.037268996637599236
0.03660312377119763
0.036833951457485546
0.037078613993783385
0.03663899389521591
0.03645494729466123
0.03622143501677656
0.036796513246142734
0.03682761861324833
0.03669386906255932
0.037260187532055546
0.03592604549600474
0.03609317871498578
0.0359682523630639
0.0363988786822088
0.036802169911088714
0.03642692169108957
0.03641348514054893
0.03610884361148794
0.036150893322285674
0.03595898843156188
0.035842268685974975
0.03605391012809231
0.03661282880482759
0.036138513158853844
0.035429119057563324
0.03633979518039859
0.03632190558156314
0.036596637322750376
0.03643304004656859
0.0359339792169393
0.03554482045192981
0.03556090068527261
0.0361887411710549
0.03607735570923018
0.035823523088532504
0.03599923898757132
0.03597293038667714
0.03557185105931255
0.03611778608571574
0.03521026916867216
0.03464743963488167
0.035810697145683766
0.03456522418510798
0.035382187947079834
0.03576637808672599
0.035321512855039296
0.03550905529269548
0.03469377955667295
0.03563234761485364
0.034899844459277414
0.03414240902783654
0.03547971358755454
0.03545606422474603
0.035093656580547736
0.03519696371528368
0.03401462224083384
0.03379447558981219
0.033945063202124384
0.03361231635657415
0.034026772305089756
0.03472474807358594
0.03476435464487331
0.0347416657454931
0.03405475045778629
0.03419180471238231
0.03322631525634132
0.03353606180792435
0.03358669811448142
0.033420560531122405
0.033622719945267734
0.033260521282770954
0.03394699941079855
0.03405158509417684
0.03365833931879281
0.03303333309168782
0.033326078811526216
0.03311106570065267
0.033208148773005645
0.033816267664811626
0.032920466369636005
0.03222630685065171
0.03280582819351882
0.033543906892599056
0.032045861498096705
0.033200049311819406
0.03201466876860745
0.03197435973899259
0.03279353298522386
0.03316763450587281
0.032259948133064556
0.032888594404440835
0.03262566353830266
0.03153190145425948
0.031501052567388034
0.03179856348934386
0.03205786550609842
0.03236432963501214
0.031069338187433227
0.03176116341881675
0.03139861622372683
0.03192898737651189
0.031086930332279394
0.0317418544119522
0.031850536721360685
0.03102832244488409
0.030916853552943352
0.0312767700485049
0.031248653298704597
0.030592989048997595
0.031379767286650304
0.031201912638643126
0.03058186201660804
0.03002891743802412
0.030269427298663134
0.03068655148228539
0.029740040427458658
0.03022943442021633
0.029598922172071683
0.029830511525753185
0.030545874877448195
0.030658269103076046
0.030056246356448622
0.029976623700672365
0.02975838763355609
0.030432693640154003
0.02974722125558888
0.02956233698653862
0.03018381057827213
0.029234423816640247
0.030034061345249056
0.029754222017790856
0.029173148570125977
0.02961299110522871
0.028617112890827967
0.028610796971317097
0.028848184921770357
0.028331179406021853
0.028951987218082897
0.029200876159154815
0.028572322825259306
0.02886332868221017
0.0288004314567108
0.02889989447136472
0.028738608489456224
0.027651733197300528
0.028378639619413195
0.027826805383607645
0.027812117269226364
0.0279463011450905
0.0275916745852845
0.028233753875800342
0.027610108264652947
0.026683768728497644
0.027578235266974508
0.026854531626260236
0.02788838743065329
0.026662431961276583
0.027496910750689694
0.02627460314265378
0.027238050389366626
0.026521958763008894
0.026319549026769425
0.025802492581624575
0.026027001693265505
0.026609266171383157
0.026370097018206317
0.025971177651758305
0.025993021259210696
0.02626157504209059
0.02611148808707154
0.025459249838870275
0.026049325841894136
0.02614507403962603
0.026157486638764882
0.02551741230097575
0.024979335216173366
0.025709913085139004
0.025173974776814434
0.02564892641922212
0.025839566592123612
0.024249192058060084
0.024622678715820547
0.024367673105623714
0.024900533387388797
0.02397476342125365
0.02478319379263932
0.024409159846218283
0.024588146958812052
0.025013801130546437
0.024233038142983516
0.02449249336286803
0.02469584870912671
0.023441509871498196
0.023344408109430767
0.023164324537189973
0.023270355359941066
0.02411817538919713
0.024204880662974947
0.022775257243161623
0.02265706723888143
0.022971223135614643
0.02242309064182227
0.023315442823293214
0.022390114637443077
0.023453894172094838
0.02322457237485362
0.02346087322879201
0.023084444817996784
0.02265359621026832
0.023116538035473116
0.02193543076488744
0.02280129446432664
0.022263729050393994
0.022769506663193585
0.02182323057740773
0.021620346826664652
0.022090273215601478
0.021869836875613197
0.02123927727630728
0.021721247718488632
0.02087842064723419
0.020965568779982752
0.020695179004178603
0.020700724273068224
0.021303139738599812
0.021517723720037282
0.02032335193554978
0.021236454018158345
0.021511361666262857
0.021263834308453
0.020111159296779594
0.019937356160919403
0.021224809137649146
0.020240294934245052
0.021095488724227233
0.02095573207069248
0.019670676110418017
0.02069540841286427
0.019411394996708933
0.0202444543448647
0.019943016187486336
0.020034811700983805
0.0203751612358188
0.0191241800529839
0.01940427481319578
0.019015621731296024
0.01977125973487453
0.019615043669655514
0.019259249279573773
0.018495319892475885
0.01911426395678542
0.019418049134514368
0.019354292784087485
0.018648899443972567
0.01827483453478061
0.018792532824148434
0.017982177613996442
0.018463653799886216
0.01879081893706076
0.01757194267055578
0.01824974345533875
0.017666504843776815
0.017580932743196897
0.017543791583064156
0.017764557856684012
0.017711847081589533
0.017863884492482364
0.016902720289036024
0.018018024287322604
0.017001357549640498
0.01752862882597726
0.016970707977392675
0.01669881016903831
0.017593284958597993
0.016388633745839563
0.016904284991580663
0.017397750968372445
0.017038091936421425
0.01673799182163892
0.01646724043377526
0.016898998713476766
0.0171641115460907
0.015994270147019533
0.01598409043890361
0.0166213946635178
0.015967872634051663
0.016830908855826558
0.01616565696148811
0.016384566726101245
0.015636508600631996
0.01622218184641716
0.015187156822268188
0.01565062845218603
0.015946666692687374
0.015433661866821697
0.015984896573724067
0.015574780135009108
0.015472166020337557
0.015602277636489111
0.01569504650462797
0.015239611415935802
0.015726825652462507
0.014398349932140756
0.015571335869617479
0.014935415826034764
0.015367047129353127
0.015051083197022913
0.014838721137132811
0.014781852309557017
0.014767316893059455
0.014781450388401401
0.014288981401230345
0.014109715286540259
0.013635011341505418
0.014184991980608314
0.013758899566160877
0.013247080822438669
0.013159722447219161
0.013433508940025304
0.013254461554904968
0.013753385727338207
0.014167834304222348
0.013524302689512782
0.012868678778575943
0.013324647727244204
0.012986701825259092
0.012737336970601466
0.012425211855868916
0.013102777176830588
0.012574409683649293
0.012952159537112711
0.012136036182583073
0.012674171586760501
0.012130513167147538
0.012759717795262564
0.012352486763268115
0.012746351498972703
0.011989204190395227
0.012897111195184502
0.012204677045660146
0.012970866901482542
0.011644486980454003
0.012668258576398566
0.01145108023607954
0.012763335305801463
0.01146914674565306
0.011617544154506757
0.012438140558967387
0.011096439288676097
0.012157162365361388
0.012305119699722557
0.012184191328931787
0.010764507165120516
0.011762869915699106
0.01171841025586284
0.01179893780354467
0.011375673901166361
0.01145254155326034
0.011379506580380016
0.011266763557913043
0.011585000652861064
0.011440430566589698
0.010921929313944052
0.01079610099079058
0.01033626718613492
0.011007101395244837
0.010129349754668478
0.010106665554975003
0.010194235713916974
0.010916180315118642
0.010861044081010995
0.0097208588630378
0.010267128633141063
0.009678183002058686
0.010807687962422301
0.009577158435739207
0.00953076113652977
0.009289076907972382
0.01026562526064789
0.010048710472205761
0.00975530331392504
0.010263998970649488
0.00957162430015649
0.009829800508337332
0.008948716892500907
0.009484049726086866
0.010118239137649395
0.009250401430478766
0.008902846905603301
0.008612478675658423
0.009635578919585256
0.009087939966728771
0.009651181771464061
0.008753693372108212
0.009630886497756177
0.008913506203722898
0.00971480638931863
0.009487625229949103
0.008387175989835249
0.00844721115194632
0.00894794485486004
0.008356275214245429
0.008961216743791613
0.008617598333923504
0.008187331010427427
0.008962170120208833
0.008027052609293503
0.00766087299964985
0.008078902060162983
0.00890449403942429
0.007502427503536172
0.007794148658126904
0.00789614056929688
0.007948051381555408
0.008162467989916756
0.008639488514660253
0.007217252432322971
0.007496913277494235
0.007793414255097588
0.008422122497779218
0.0075544526185381345
0.008176861701896373
0.0070647768163073455
0.00836471138448851
0.006902985845105676
0.007537483240646933
0.006780371551457622
0.0075257828353636124
0.007795561689002879
0.007381061330683226
0.007727289531718334
0.006798328930445202
0.007888991731097
0.006658569293659738
0.0073425169403905826
0.006930972133471878
0.006625364582004334
0.007755975798519443
0.007699099310879043
0.006205575672071754
0.006276531121992908
0.007452339619074331
0.0064385340944043325
0.00664322854817947
0.006074790494471755
0.006782094113077208
0.006055911646817547
0.007262393155934853
0.005866629283663374
0.006753006709149982
0.005960079917266949
0.006001256381794946
0.005776623810905737
0.006328580979897836
0.006207562434725015
0.006232427497968608
0.005523386830808548
0.006515091114576546
0.005906166348511287
0.006222496807204795
0.006231418144000349
0.006457355010301326
0.006752127527106344
0.005671206355883277
0.006278075671303139
0.005336704166722446
0.005274265680201614
0.005733986655233939
0.006182871384738043
0.005996332798196919
0.005684039694462323
0.005675679834138384
0.005788794477299298
0.006254529354327871
0.005229458646756249
0.005670635991774664
0.005433289631507928
0.005315644836034426
0.005483757539534084
0.005128510464513456
0.006056147984817168
0.0057161512134902915
0.004740702371696368
0.004509627598459434
0.005370836363409203
0.005820769912641177
0.005022391163592281
0.0049449798305677695
0.005681566303701774
0.00436399578203241
0.004899742967953701
0.004888942190496571
0.0045807200845688345
0.0052926273592779375
0.004956090875705966
0.004216836124041734
0.005315652505389972
0.004991999183486154
0.004126806353490967
0.004337220715898428
0.0048892636090670065
0.004523884029349442
0.005226693631157511
0.004101189815655908
0.00431291378339307
0.005073971981923587
0.0046030286532926495
0.005009250801741091
0.0043512041047041265
0.003944461492161804
0.004073931644489484
0.004257756193935755
0.004968590033735884
0.003982704575357303
0.004856825138869139
0.004411688212565791
0.004480395792535838
0.004140034432605515
0.004488390057639494
0.004903944549523767
0.004545101553394438
0.004370593308810344
0.0035937219333412956
0.003679304283322938
0.003656191019850529
0.004292443673562716
0.0036816967215026913
0.003746567260135483
0.004077301665574023
0.004371213435748996
0.00442692288475575
0.0037517245340626753
0.004258421725501607
0.004458746130904548
0.004542241794230773
0.004300503171148649
0.003084624749160675
0.004365999515143186
0.003751954702620293
0.003241999990857261
0.0034495546944508433
0.00405146650269448
0.003908818138485056
0.0035526581262009566
0.0038389954787738092
0.003920259517220075
0.004030852047738986
0.0036174338682548844
0.0036781320505761416
0.0030162738498693015
0.00382571211260918
0.004058968518019738
0.0035993565302551806
0.00360144708281196
0.0034099410244191517
0.003720949312266664
0.003042001542403295
0.0029433804971181936
0.0038374827418024633
0.0025214990125576285
0.003366213104895446
0.003145858164452589
0.00349315650751363
0.003106313759225953
0.0027098710466264475
0.003782979714299082
0.002792186622671587
