-0.0008413817857206733
-0.0015973011597302396
-0.00218535389628236
-0.001848821165154365
-0.002138603464650173
-0.0018317665993011392
-0.002302945234013266
-0.0020604540494272953
-0.002453409092294853
-0.0015043802841202458
-0.0021779587632422973
-0.0023287145590657862
-0.0012825567384925837
-0.002278878867691138
-0.001641485623247337
-0.0025938435232690437
-0.002121302385694878
-0.0019524882703160391
-0.0012457424235949469
-0.001482815223919695
-0.0016432290769643366
-0.0026682594408303064
-0.002735846397577158
-0.002023993153129938
-0.002105344550101357
-0.0028317973131177484
-0.0016967606318480087
-0.0020474896492458827
-0.0016362452690408752
-0.0015571216371607919
-0.0020600901695786225
-0.002096692247189202
-0.0018252012578326004
-0.00193879866030337
-0.002430353092536976
-0.0025210036752682037
-0.0022207624408891917
-0.002313543184039044
-0.0029073416165652454
-0.001726522513618942
-0.0025992981702073576
-0.0030146012029761008
-0.0021285225392920814
-0.0022899179122931636
-0.0019029977056040678
-0.002241214337618865
-0.0023631660743594295
-0.00221579834367271
-0.0033869686000243724
-0.0034733447219472535
-0.0025420777744752134
-0.0021435136115131224
-0.0033201472625931806
-0.0029551047408103875
-0.0029475095595772926
-0.002343026058577682
-0.0030430387864749824
-0.0031888029251540394
-0.0027428068917510523
-0.0033500961354245586
-0.002782414269465091
-0.002419764538381413
-0.0024910399488515212
-0.0036455640519787867
-0.0030961190833037554
-0.0025845477312164285
-0.0026103366675207912
-0.00368845832618187
-0.0033297886373111416
-0.0025821195853316515
-0.0035679712557426194
-0.002664369870435604
-0.0028284254449398856
-0.003936736589523223
-0.0035862252794653885
-0.004080755765974341
-0.004060340024265936
-0.002868990266675141
-0.003867463065390673
-0.0036982942112914296
-0.0042369437606170415
-0.004367446581557107
-0.004351135109521824
-0.004290216196268142
-0.003568794373739634
-0.003488111244902467
-0.0042322686303449585
-0.0039140918081118576
-0.004202024131629286
-0.0037582689132182726
-0.004518293608593478
-0.003747484881610848
-0.0037178439277548115
-0.004259587331205741
-0.004281818659615093
-0.004277490097283439
-0.003532311675914351
-0.004777874797636237
-0.003601524273345541
-0.004403321241482501
-0.004988518699452515
-0.004211632073146512
-0.004728898463959152
-0.004215199953012744
-0.004222913742063219
-0.004924449402281464
-0.004512241246625224
-0.00422738029209198
-0.005171187717347132
-0.004365640063847155
-0.004821404164259284
-0.0054581100941110865
-0.004383869449591761
-0.004635235831791329
-0.004772817514480249
-0.005617813350250424
-0.005087903826205531
-0.004454329448518733
-0.004604033049180312
-0.005755734552195684
-0.004468365822503763
-0.00498080386805478
-0.005569160701451551
-0.0050491846746744205
-0.005924704674819003
-0.004619520093678047
-0.00487418656684654
-0.00576743661151952
-0.005922947520159044
-0.005209543289986666
-0.006041034014761572
-0.005676157326233916
-0.005564254793564272
-0.006125297898610355
-0.006033821683670527
-0.005461992915733881
-0.005162052056428349
-0.005406859812189271
-0.0052686085949845505
-0.0062273457618522874
-0.005834106139754884
-0.005369755753989759
-0.005682321040459571
-0.006594143831343124
-0.006602554139862454
-0.006544466294567205
-0.005848729693527742
-0.005659613680906066
-0.006712021162707908
-0.006841519410377895
-0.00645225673763914
-0.006469330013634177
-0.005910875078279736
-0.007354179807765794
-0.0072436104643930094
-0.006375379593734308
-0.007026298126240628
-0.0067339875581062065
-0.006152313219551184
-0.007508433456573227
-0.006723297787299579
-0.0065646068851079676
-0.0064160134107770165
-0.007243479057672134
-0.007123771380335322
-0.007732091863050759
-0.0069361139279337045
-0.007244462815339984
-0.007293603239717869
-0.007505960008183524
-0.007186265559062795
-0.007340325770158616
-0.007864803585435115
-0.006904150405766039
-0.007324352825299406
-0.007889335721003286
-0.007300084470638757
-0.007382060148718352
-0.008495134608605568
-0.00732295279828126
-0.007890825481863319
-0.00767747093521598
-0.008251688560031166
-0.0076169097990828
-0.00758495282959039
-0.007681282230369308
-0.008081676130758119
-0.008940526398236698
-0.007876282160449615
-0.008098841322634774
-0.008620270158171007
-0.009127194229286144
-0.009173085675735536
-0.008018468435725443
-0.008984497602482778
-0.00932312123405352
-0.009475933469480738
-0.009476961834533445
-0.00857213605095986
-0.009531748057448367
-0.009517688142905127
-0.008742655169713518
-0.00969581511020628
-0.008718020395829112
-0.008937575631140879
-0.00951849626473422
-0.008849006584130101
-0.00896145522515557
-0.00917305685452362
-0.0094221900579478
-0.010110148861005015
-0.009946229836437046
-0.009569293367719039
-0.009204100946227497
-0.009367447217070985
-0.00965890430237083
-0.009919745644448245
-0.010402047451741595
-0.010872158539701166
-0.01036888430820902
-0.009826717928409301
-0.010469202053097293
-0.009817223045308708
-0.01042720303303419
-0.01001933015076824
-0.010047256568689005
-0.01115414068022338
-0.010964902204834061
-0.01019588272886999
-0.010986658652378242
-0.010513094565857143
-0.010494716918331867
-0.010682290590773285
-0.011324730288268473
-0.011343722251393013
-0.010994313380140057
-0.011564422260537981
-0.01125651728103877
-0.012213735413153723
-0.01098850740623832
-0.011460970014021495
-0.011640525537916113
-0.012146343798138157
-0.011256265597139048
-0.01138020758866343
-0.012682791345518299
-0.01147291457336497
-0.012897324633071514
-0.012735566324841633
-0.012878409916278203
-0.011850573514401441
-0.012814885725032987
-0.012349821441482929
-0.01304820190315994
-0.011982615007029617
-0.013021828311294581
-0.01355505423110277
-0.012384588212363098
-0.012991512358564456
-0.01362759088945069
-0.012584422205539828
-0.012692716367080985
-0.01326291645286974
-0.012699257072679
-0.013081067870101905
-0.013730845376971201
-0.014156499956617148
-0.014293552944238846
-0.013492166296719864
-0.01370908793440021
-0.014456452515583059
-0.013245390363251675
-0.014322337550923868
-0.014472178395920727
-0.0147549180776087
-0.014403426226218
-0.014515129409978077
-0.013968480826399529
-0.014891955555313679
-0.01477864608301688
-0.014950166753795523
-0.014843350039560292
-0.014304520349844842
-0.015120027068453274
-0.014658066933062706
-0.014567711992519177
-0.01554986991844393
-0.014988505892614567
-0.014812187359663132
-0.014727005363413224
-0.015237859994203743
-0.01483621939480372
-0.01569384842414645
-0.016063496191816982
-0.015366833429382021
-0.015440033330148728
-0.015996128677939318
-0.015638217130179828
-0.016572553686303233
-0.016622028821748062
-0.016039187068988527
-0.01641267535543237
-0.016080353009720685
-0.01600902501744464
-0.016385578721049104
-0.016390714205160747
-0.017205599289648835
-0.016166720145251466
-0.016836717363506934
-0.016746851690992444
-0.016989750115332353
-0.01771397610091789
-0.01780388978923462
-0.017307758466314268
-0.01668998575102982
-0.018060895277494132
-0.017022313461832406
-0.01789292364805304
-0.018112812999462824
-0.017862109080149957
-0.017722914908633685
-0.01791312111542199
-0.017389987299301503
-0.017871621971475866
-0.018565017914631256
-0.01778200449927548
-0.018917926968383018
-0.018107183433592883
-0.018562712560685174
-0.019170385512438895
-0.018850714195432147
-0.019340338552768774
-0.01826193470045399
-0.0189723565698087
-0.01886060306821804
-0.019456375047222446
-0.018785549547372524
-0.019398222405788392
-0.018959823633026996
-0.0191951171188341
-0.018833663004652074
-0.02027514342995244
-0.019989816820663572
-0.019550467802771625
-0.020473051782058944
-0.020336317937916685
-0.019795466820334305
-0.019450990397408174
-0.01973185428332881
-0.02081004754862141
-0.02104898881424369
-0.01983366618274544
-0.020515198346528495
-0.02107687405746765
-0.02085222151225194
-0.020361158355575802
-0.02064313450408937
-0.020941474538637338
-0.02113419778204273
-0.02057359856025094
-0.021292028176744752
-0.021875382262333234
-0.021552326815898977
-0.021026936077988497
-0.021500464474349765
-0.021644729434591538
-0.022309634537545163
-0.021965376862572716
-0.021285581953474964
-0.02131167650237434
-0.022737005895227334
-0.022359303143321057
-0.022099045144199053
-0.021835115039033168
-0.02265595119264401
-0.022435911927421087
-0.022165901335804244
-0.022041928199920673
-0.02296561355560873
-0.02221299859417775
-0.022354923987516907
-0.023260936465368896
-0.023557023382916042
-0.023737766799310164
-0.02392614643112638
-0.024106123887391497
-0.023177993430735438
-0.02317714034124678
-0.02422461708159668
-0.02387297744890327
-0.024499388674363742
-0.023454497277420012
-0.02421233806041546
-0.023968648324258088
-0.02352064340090714
-0.024007046382930667
-0.024882382510267288
-0.024394646946508187
-0.024795517909104944
-0.024453539610205067
-0.02492305110466751
-0.02516775972706301
-0.025430793546930532
-0.02553051101697716
-0.025476333169998616
-0.02520366848194257
-0.024557500959477195
-0.025044493756791426
-0.025113300665748583
-0.025205726207333398
-0.025418367567983945
-0.025987695439125106
-0.02646533593367494
-0.025234563816706822
-0.02552415317920377
-0.026226048033342234
-0.025849726488410295
-0.02633325408765945
-0.025723435780864157
-0.02679648082997935
-0.026649717253345792
-0.027239501680621198
-0.026189315829163198
-0.02610679482990994
-0.026173981050944112
-0.027616865803996648
-0.027461842666385544
-0.02699820518026247
-0.0273178990615841
-0.027919116957187316
-0.02750102659438968
-0.027012543236049884
-0.028015899283354507
-0.027264716764162273
-0.02693143322328955
-0.027229949532568316
-0.027522816995944544
-0.02759680045104127
-0.02859861771094657
-0.027460606573531842
-0.027728425251666623
-0.028926138917437078
-0.028759575701371887
-0.028564629355520614
-0.027997892652988528
-0.02785317657530259
-0.0292812536239345
-0.028621800234234784
-0.029049862237570702
-0.029405888527068918
-0.02922864261592252
-0.029357932934550607
-0.029384661632085828
-0.029601735497130986
-0.02885596213186368
-0.0288163180509268
-0.030041869892362093
-0.030183974001187414
-0.030009948518604883
-0.03004619605389111
-0.02936367642494191
-0.030174947892053158
-0.03015331201138193
-0.030097079804987104
-0.02998489143726271
-0.0306288621968843
-0.030645784784949663
-0.03083626813988457
-0.030415293439874584
-0.03107076435104651
-0.02969253556098782
-0.02999534660927502
-0.031080474824441186
-0.03114728885757365
-0.03064562607010033
-0.0301147424522314
-0.03011434472262759
-0.030450701747247247
-0.030397066507983607
-0.03046568104076624
-0.031690068838468935
-0.031049949078172025
-0.031125488340553994
-0.03209012791785499
-0.03176634452068861
-0.030812114336911132
-0.032237252497489335
-0.03200165214383927
-0.03126696304135204
-0.03167619825234333
-0.0319572629531715
-0.031448678701465546
-0.032258639422785416
-0.031355045258980536
-0.03171064986493982
-0.03159881700308695
-0.032207127231749136
-0.03200215509347362
-0.032498784862045264
-0.03209427134317549
-0.03261591074936911
-0.032119250256607175
-0.03269692655216685
-0.03210598082048516
-0.03254812646574139
-0.032209391586567916
-0.03341121451584126
-0.03319141636889769
-0.03264233658664624
-0.03320434658989108
-0.032988610467853896
-0.03307088254146767
-0.03245067518245078
-0.03282485891097432
-0.03384113580587391
-0.0327470288913409
-0.0341232881969824
-0.033034230327390474
-0.034098520575682204
-0.03328666062139969
-0.03326439416085759
-0.03351933649704576
-0.03367495933641588
-0.03439929872198896
-0.034329255972119166
-0.033538566562794324
-0.03380325573694932
-0.034310869132376555
-0.034002733144089824
-0.033382588014442646
-0.03439609186939148
-0.03416772033004095
-0.03482309555077869
-0.03447990826552687
-0.03459917056680619
-0.03382858685621895
-0.035000827679991776
-0.03435347582252971
-0.034516145769827034
-0.0343413575446047
-0.034519330474548346
-0.034900118155744474
-0.034909183969659835
-0.03483564971293861
-0.03424703384160054
-0.03464763222140889
-0.03450373947275006
-0.03493503471906583
-0.034124943252629554
-0.03555588548290355
-0.03556086887289826
-0.03431089243853055
-0.03559320623032865
-0.03490904553741417
-0.035378615355375606
-0.035023099343871
-0.03543197508547772
-0.035580289173891055
-0.03593310175765887
-0.034698854266500705
-0.035564708679512544
-0.035569605305026605
-0.03580065322983699
-0.034696031907059256
-0.035763876856877555
-0.03492822613970969
-0.036086789737661745
-0.035506000995598204
-0.035975881107073254
-0.03490382436137468
-0.03564828745409669
-0.03630497484318847
-0.035312212531826606
-0.03534560901085253
-0.035159269650774067
-0.0359653020917057
-0.03532151379729326
-0.035836857099127165
-0.03618580553010795
-0.03630419446019757
-0.035601154009555304
-0.03584544207711287
-0.035927172299968745
-0.03525429585516935
-0.0361554077552654
-0.03638527430696989
-0.03634103627668047
-0.03561633955104934
-0.036598972761975594
-0.035309597775582416
-0.03546431697856027
-0.03576279804414186
-0.0355455365184062
-0.03575135733223912
-0.03608968598553906
-0.0362051778239144
-0.035532296179858015
-0.036003642265826134
-0.035216367304475
-0.03614229659214898
-0.03638330648396005
-0.035522235872178655
-0.03586041325803518
-0.03615513544459228
-0.03651282150155562
-0.03613996578773451
-0.03655548565291754
-0.03546827467438761
-0.03596314558186677
-0.0352563133480106
-0.035388627863475346
-0.03543652101160087
-0.03569554914612746
-0.0352063640119565
-0.03530222112687776
-0.03575077021413497
-0.03618355331196747
-0.03626635710347733
-0.035161328465058435
-0.035930069713185235
-0.03594461033422221
-0.03513577136879003
-0.03526875780082577
-0.03551383079885106
-0.03541832523167938
-0.03575174670312237
-0.03537546857192021
-0.036228734603402694
-0.03578427306194015
-0.03565204212389049
-0.03486338278554788
-0.03582457541262394
-0.035703134105998596
-0.03563886301246183
-0.03602178410805699
-0.03496356731980694
-0.03563833813752044
-0.03595346515640573
-0.03501379871405599
-0.03610349965666571
-0.03541410351637892
-0.03588884781139385
-0.035221466324479034
-0.03493093326244084
-0.034567699452056976
-0.03467162759671597
-0.035560000269367044
-0.0349085485743073
-0.03527599519281207
-0.03430038796645291
-0.03491832028693176
-0.03424561942164916
-0.03517593043688406
-0.03415343413274027
-0.03522880652566391
-0.034411665069621435
-0.035368517937165285
-0.0348743941665628
-0.03477621558672293
-0.0345259110343395
-0.034559797226611476
-0.03526268956584885
-0.03503184983733183
-0.03481749713221749
-0.034484709835693135
-0.03409704129729305
-0.0347457946350681
-0.03415256417230095
-0.03452191370636454
-0.034358957745707554
-0.03404085711962319
-0.03368093607994335
-0.034490710072905835
-0.033821003612774014
-0.0335950260736666
-0.03392156451706672
-0.03327254011959004
-0.034316903596121016
-0.03319012024048185
-0.03342240434460012
-0.03313438094307195
-0.033881950396514544
-0.03396794022668931
-0.03258403649647383
-0.033608662423514034
-0.03264750133416803
-0.033600860905625765
-0.03324653990625821
-0.03259357131942154
-0.032467323704969055
-0.03266663826672905
-0.032088349210890196
-0.03195800085570928
-0.0319908906421237
-0.03216036126342626
-0.0319259571069236
-0.032905392961239906
-0.032915557841597116
-0.03276813177822452
-0.032658087927006266
-0.03139179334444308
-0.031948483309970875
-0.03241347312703027
-0.03180094908061053
-0.031247205431019363
-0.032113225086753724
-0.030872686079806165
-0.031410138322122846
-0.032036060828097124
-0.031278228169095465
-0.030902363740588513
-0.030272111044597205
-0.030769499888107853
-0.030778898861104652
-0.03141485900240063
-0.030667065256645164
-0.031015197399223454
-0.030074316658668852
-0.030112575640706473
-0.030910029975456048
-0.0300605617351221
-0.03078820088770873
-0.02992904164414356
-0.03049289487455219
-0.029077946734294
-0.029010586966363824
-0.029152162251605343
-0.02974377376917947
-0.029900333831583685
-0.029295710349719555
-0.02863352607695315
-0.029558640538841538
-0.02844906328005325
-0.028975121785280472
-0.028475715573147528
-0.028719768051181125
-0.02837133114557286
-0.028319441750365316
-0.027528358758639203
-0.027541647525050554
-0.027327826857207527
-0.02802585243461676
-0.028337683543635233
-0.02809675811802581
-0.02685244513951046
-0.027672338191053605
-0.026815824374103063
-0.02790080514873674
-0.027395314133889546
-0.026885429470724267
-0.026440354977700538
-0.026863757897756392
-0.02709858964504389
-0.026794168655237493
-0.02573187085164543
-0.026522134081935968
-0.026698805089456455
-0.025828947058810257
-0.025905168999180783
-0.025595237341766865
-0.025125885377899983
-0.02584625979709176
-0.02469571561687871
-0.02520648524444833
-0.025042704550585066
-0.02486251111188137
-0.02547387718324913
-0.024476016740635216
-0.02432922313444982
-0.02468039074199599
-0.02384118954434524
-0.023988676420287132
-0.02325866105766391
-0.02448657755749853
-0.023091067008816652
-0.024082988446665815
-0.024038296243338236
-0.02376352224898661
-0.02231356290716079
-0.02237731640174198
-0.02230400630723042
-0.0221912601559883
-0.022840787784862975
-0.023035282675171378
-0.02151187200295462
-0.021727454399306866
-0.021120410922805092
-0.02227501771254589
-0.021624720726807333
-0.021564043872574157
-0.021622378378488405
-0.020749854394266107
-0.02044322122506504
-0.02117619193164428
-0.020287372794678175
-0.020765313867707233
-0.02027254729825258
-0.019748026360155664
-0.02055760428178485
-0.019288969864338402
-0.01937438942312483
-0.020235987877882475
-0.020128563572496365
-0.019710725952572342
-0.01857058650428185
-0.018562580585105754
-0.018393912169892536
-0.01923456742512258
-0.01790642826477006
-0.017766711551189533
-0.01853822504495627
-0.01829442931141345
-0.017301915893564387
-0.01752317265557754
-0.017547096815820704
-0.016537955599802083
-0.016372111147459532
-0.017562600473487826
-0.016500714466530463
-0.01625341885621293
-0.01577330160268587
-0.01697462582061802
-0.016628282120165448
-0.01600708316451418
-0.015827298945924523
-0.015331887358818987
-0.015157198761507631
-0.014493037222577308
-0.015442158802920455
-0.014408569560962536
-0.015366442457962518
-0.01475356112943033
-0.014752327174734122
-0.013533786037023633
-0.01376159094369027
-0.014553858570979081
-0.01411316995849757
-0.013177605144625421
-0.013355454492876213
-0.012553372724214506
-0.012482184163190049
-0.013487375369881708
-0.012419274169561376
-0.012571250798414464
-0.012913365818166501
-0.01176269392360726
-0.011180088659292908
-0.010986825914701813
-0.011292162241061861
-0.011674143935280958
-0.011019186956065304
-0.011351451792718445
-0.010731988951960118
-0.01118277683689049
-0.010974525736681204
-0.010561694571557674
-0.009673108663674797
-0.009318348093506193
-0.009301372267996022
-0.009680160692365878
-0.009110007114514528
-0.009405540864455102
-0.008484011769665015
-0.008005496068632743
-0.008383720952433305
-0.008959674069897767
-0.007579433084186535
-0.008248428513560162
-0.007640432490157341
-0.007614191999520796
-0.006943624440369482
-0.0066184755119027714
-0.006585540492160686
-0.0074149119681321445
-0.006322378725800489
-0.006526194041755411
-0.006380479882425454
-0.006037193386883334
-0.005789664098998596
-0.005742545164178587
-0.004966389946517172
-0.005639893483724015
-0.004801032418979886
-0.004318242727060497
-0.005218216824768271
-0.004729805462877041
-0.003757650147186447
-0.0037306608699550006
-0.0035586338832832515
-0.00433371917320977
-0.0034958549588284373
-0.002791742441323878
-0.0028609117813260675
-0.002263139867916967
-0.0031799187272220125
-0.0018306996515574001
-0.002426171212471371
-0.0015229895665813589
-0.0014944897351369655
-0.002508821532775106
-0.0014390528820082053
-0.001928000433013438
-0.0005541021778293171
-0.0009467248264710101
-0.0012492508424956457
-0.0012353481600584507
0.00031983463815044987
-0.00013815159405831172
-0.0003626389807546324
0.0008346174616062447
0.00033204100922591494
-5.8854019909966134e-05
0.00022217641155157248
0.0015622850048003824
0.000873898724183671
0.0008036831447466565
0.0014986949451716745
0.001219770756028386
0.0024538080947864743
0.002560682263263268
0.0026530146442690326
0.0020502704815449067
0.0019574073908208167
0.002195494424541089
0.0034357274544143685
0.0029707372386811337
0.004181828488447943
0.004394553932547758
0.0038529526690366783
0.0044629677601316555
0.005007649222983196
0.004791803041657472
0.0048128539176771085
0.005020441947387026
0.004845217082409531
0.00505248256843829
0.004702901554916099
0.005341834833247067
0.005461919433602155
0.0065046979541640215
0.006686422390740693
0.0065506863623170306
0.007073729797273033
0.006230628706449105
0.007646321864594678
0.006831275496259151
0.007755752247375037
0.008068449836422801
0.0073350787190742395
0.007718666897302478
0.007794835778309606
0.007993081497534693
0.007867118548096892
0.008975355455425032
0.00830780787068531
0.008685913176716457
0.009905375069713812
0.009652565268161753
0.010210439262772522
0.010205912994395022
0.009975187799121396
0.010120011875364989
0.010443815555589512
0.010341065064152307
0.010366341825126373
0.01104986498778181
0.011325254849829764
0.010688458838620785
0.01130494323488726
0.011929872294580117
0.012442143702571917
0.011512935876317475
0.011655661635353544
0.011833751385949437
0.01331499613387136
0.012462265616132222
0.013692947520246648
0.01323294071322022
0.013828952022942488
0.012918309989538674
0.014447771638432213
0.014253608044377435
0.014575339890075284
0.013693547721309849
0.014900709652803672
0.014230035084942395
0.014141166753482396
0.014457966796766392
0.014561089572568344
0.015690149317220015
0.016051266997973008
0.015880487470798264
0.016131810263203466
0.01601053574892168
0.016020794145283453
0.01593363295908593
0.015912676147687092
0.016530269361017914
0.01701004165519062
0.016306693453864096
0.01672387254133815
0.017341068638152858
0.017780874602716063
0.018087776174054417
0.01765382117387872
0.017654103096854553
0.017818868408574908
0.018016239384205213
0.018381405646104385
0.019206208656569402
0.018780571698024554
0.01980984113456885
0.01986742424947993
0.01983835702111812
0.02007794330520598
0.019405445975808434
0.019557108054444227
0.02007500513866853
0.020637297243827825
0.02083582049669212
0.0201479217675853
0.020620968706013588
0.02079835367836212
0.02150129897293514
0.020542598168595248
0.020660183143463264
0.020839218453347644
0.02154260449527664
0.021973196241028215
0.022621498284181595
0.021673032131266003
0.022955895321640503
0.02218461497101458
0.0219528508155352
0.023275114467275187
0.022668848548551435
0.023427297900613858
0.02374346608258931
0.02326285354383269
0.023284450554346546
0.0239741610110298
0.023552694911023124
0.023270692634112213
0.0237574065857945
0.02425879421379382
0.023747642016654275
0.024321762155879296
0.024504456468613357
0.024160330428595795
0.025432449430340006
0.024833059976501624
0.02477708484889757
0.025719785172962292
0.024863339085045195
0.025466442669338833
0.025430836499077982
0.02668830994787168
0.02560047594562368
0.026812355299533734
0.025788793125525084
0.026172416902450098
0.027235096470891427
0.026306918359090638
0.027558592055713888
0.02709052855356822
0.026500286889498202
0.02722345272282978
0.028144898239068118
0.02815966169867945
0.027693834605150406
0.027240854280802175
0.027510131087672522
0.028694922129883137
0.028183529742026998
0.027798406978894675
0.028203861297527458
0.0283874705864615
0.02824433808854949
0.02895284841227165
0.02935588039000127
0.0284531452915443
0.029283422747271408
0.028543955758321988
0.02861244600300993
0.02926926944111938
0.029516149841492687
0.029604460751322937
0.029262750744093128
0.02925877386075087
0.030592690756956656
0.029814834284266803
0.03088938372246763
0.03018520507592676
0.03013919444062258
0.03100968377925175
0.0307648888440762
0.031093481395576023
0.031534844770297936
0.03169648280484331
0.03183770755897939
0.03150226210571373
0.030592547184339392
0.031226029910779583
0.031119002990571392
0.03174828938409814
0.03185850234108457
0.031066213666662672
0.03179574073000031
0.03228629519395269
0.03270000584394729
0.03173353957259198
0.032302085150271866
0.03292176544966272
0.03243129426903272
0.032224413881309685
0.03238625706963947
0.03218300273821154
0.03301777492426222
0.03325117823910628
0.032959942522119215
0.032576928793519054
0.033393997711709665
0.03345433474532548
0.033150087167998374
0.03408436640314663
0.033198167927232874
0.03421187000778962
0.032977894089524826
0.03319535553946115
0.034472483388400636
0.03342350249328121
0.034428130390219115
0.03431531025146229
0.03351657093699994
0.033794451561158095
0.03483468702054862
0.034340959544832184
0.03408841494102108
0.03437875738985253
0.034882351753695855
0.035187936688907955
0.03413593931427446
0.03400287814193992
0.03445759930139405
0.03540412320407117
0.03433346147653625
0.035759999606803074
0.03472987150523607
0.03472746467307546
0.0359051263982161
0.03552842628999683
0.035659737772590225
0.03552908162838649
0.035605856784984846
0.0358313920048013
0.0360521975092967
0.03491645940325769
0.03506532859376386
0.03506795210895815
0.035688553782224415
0.035239873975693614
0.03570554243195966
0.036157117936947876
0.03581919489043194
0.03590352391493336
0.036393344427718764
0.03558742972832784
0.03550722851297322
0.03638979393575408
0.035656874283487926
0.03564472135415366
0.0364699638405683
0.0361201317702226
0.03703159080128114
0.036741895551512915
0.03641778241471021
0.0367857930925922
0.0366690257927934
0.03634832358926758
0.03653573871979924
0.037053669995647076
0.0367538918928585
0.0363885427635066
0.03655690000624085
0.0371336455567596
0.03669636496063325
0.036839188213596996
0.03681540758909022
0.036425672440557354
0.03734720141278708
0.03701289155811567
0.03698240259163915
0.03693464713193811
0.03671623894857832
0.036794660233175534
0.03711358636759357
0.037671836104274284
0.037342405831429976
0.03723185322725703
0.037334207566786085
0.03702288901376055
0.036427315339369416
0.0366789726577021
0.03664372218462089
0.03790675530920361
0.03788078746547147
0.03701136298040212
0.03732703568268732
0.03665520972169317
0.03687762444095874
0.03680708261476887
0.03727050857223376
0.03760232198197674
0.03755551425184724
0.037517567156483314
0.03761811364489568
0.037395547800757684
0.03724482378692604
0.03668649703281531
0.03742809952050569
0.03793801186064884
0.03801508605828634
0.03658092742967995
0.037972568126604433
0.03771143097192804
0.037744099310464865
0.036642334858251635
0.037794639811745974
0.03768538589696318
0.03744813234705329
0.03800600569387816
0.03756666259732188
0.03693577200987906
0.038022501751114636
0.036511973214713916
0.03697218161645158
0.03651789955424737
0.03689701913350958
0.03793457728072532
0.03661518799229912
0.03731346356745375
0.03687519241085451
0.03721351331260112
0.03705049738717128
0.037827626859749656
0.03758962826423113
0.037066178580117216
0.03752280587862783
0.037264316966418166
0.0363502052270042
0.03655694712494918
0.03635621551527995
0.036609986691594675
0.037459580425696457
0.03690166283899916
0.03676027349181302
0.037340453205853365
0.036172683060090464
0.03612106082361699
0.03727615377951254
0.03703258249649076
0.03657577936088431
0.03662230382912635
0.03706033294896119
0.03608024470436503
0.03639364487328903
0.03670275167442452
0.03620431742580841
0.03621393383805441
0.0370875260621451
0.03708664191503614
0.03568851601560419
0.036062684746036584
0.036705886199849595
0.03562197977467473
0.036884504837790176
0.03653724722822944
0.03666827939143467
0.03663126335318152
0.036213103908456355
0.035375473623969936
0.03570939785051825
0.03544744058447874
0.035317992023018434
0.03616692218207961
0.03553596786587947
0.035703833083058474
0.03514820128418825
0.03586720985317655
0.03592851679684894
0.03510827174963636
0.03541430152715679
0.035272096322382825
0.03540475013167306
0.034947040766935465
0.03525634190104211
0.03475406992282251
0.03521536931721304
0.03566155452602626
0.035249921947493545
0.03541967404742925
0.034428116924173136
0.035191960203939845
0.03533101919060074
0.03523551573959747
0.035215617628950674
0.03520295435947211
0.03433432853493505
0.03509790931357687
0.03467449370008215
0.03517694454537278
0.03491861625651974
0.03494250014102511
0.0348207836783886
0.034414605677063746
0.03423759223415303
0.03492729983540221
0.034460781676831614
0.03454114067285856
0.03441574324805577
0.03439710913721261
0.03375037508354189
0.033515649824801354
0.03381221278479923
0.03400246794149571
0.03371067391698713
0.033091010355957885
0.03358655674687709
0.03362812431523862
0.033917361473171884
0.033277553778632285
0.03298599736646465
0.033265372093164325
0.03351777812087692
0.03323017842858567
0.03339845895959695
0.032628954192590466
0.03305536925871817
0.032790314266609825
0.032787100796110906
0.03212608643633151
0.03242369228889559
0.03235939120766054
0.03299723042446741
0.03283728668719632
0.032141634668897606
0.03280576435621068
0.03287805197779014
0.03290727575295435
0.032611239561990725
0.032362477376699984
0.032572971251692194
0.03150008829999691
0.031565659073404105
0.03211032599477929
0.03181724206696126
0.031460030238896784
0.030859725057342524
0.03167626278273143
0.030826032307833397
0.031033322983283186
0.030645165814661698
0.031000227636024887
0.031126848784953347
0.031140086052062966
0.030836138347241377
0.030927542305673246
0.030783798193392692
0.030045442308620746
0.030686586241535807
0.030986279276889274
0.029993213569505548
0.031000032679468537
0.02988174441443643
0.030462268042477845
0.029456713354440615
0.029463561068935946
0.030348603780604666
0.030360541670698016
0.029790586882305806
0.029396063008254855
0.02932969557918157
0.029832005214460524
0.029456409994679092
0.029894445818943894
0.0293072285290703
0.02960894092978562
0.028717732986504256
0.02846733905548656
0.029670586189084056
0.028482950017039127
0.02897181147218506
0.02955149733277597
0.029353548788316728
0.02853641621551628
0.028600937630742708
0.02884511713013599
0.028235230047122972
0.02813603463683138
0.0283676334555089
0.028195051452986435
0.02812603325713224
0.02803120690718731
0.028637181491289382
0.027413016218471357
0.02832342046446083
0.027452689346121377
0.027504916277991783
0.027979551127788577
0.026919694485428306
0.027546298231372408
0.02688380215997555
0.027301388943023287
0.026732700780480123
0.026915971677653024
0.026499120320023547
0.027111131547658134
0.026784566253503474
0.026770756245059903
0.02625526484263539
0.02644311293532141
0.02689211439225888
0.026529779582850854
0.02587123819502526
0.025437208903748135
0.02615571730367403
0.025772873805573086
0.025978096407999213
0.025512923444020775
0.025272919391224766
0.026138512762086116
0.025975758031944067
0.02538199539800174
0.025165866354301993
0.024649875188739814
0.02581279087561245
0.024378628109773565
0.024913530837787204
0.02550531692153185
0.024716918714631494
0.02497467673080285
0.025310527138397626
0.02384395016921148
0.02425720087588621
0.02435382780888112
0.024240485340559403
0.024104253284834985
0.023975942990933825
0.02398637140921754
0.02427137281080482
0.02401444962234218
0.023346274822964863
0.024064713099809596
0.023434768941836093
0.024025443877891066
0.0228960868456269
0.023463542799034558
0.02391679186412721
0.022672103464051317
0.02323430668788468
0.023533787688653624
0.02307007336721594
0.023085810474090102
0.022860247125093318
0.022492727571533054
0.02199709655063274
0.022617654487689758
0.02208851547297944
0.02204887541290434
0.022609266911522676
0.022284464163355392
0.02212471234580403
0.021413689458486228
0.021469965174013755
0.02250860811701024
0.021964487966666404
0.021836509841480757
0.02196053562553294
0.02190959242681044
0.020801356005950452
0.020612804553645087
0.021463940733930754
0.02045016940083726
0.02035837702208151
0.021234383028967633
0.02043212887939545
0.02081882097108742
0.0201589608945408
0.020201601039160695
0.020606715271748736
0.020437283054005072
0.019835119292754194
0.02065468383432122
0.019944064707210232
0.02004699673055269
0.01933786786654873
0.020089676076892115
0.019965554807339043
0.019420405003801995
0.018994956742599437
0.019632106226726828
0.018931303442577967
0.019108545141457756
0.01875646612077875
0.01865205283295408
0.019087037925479552
0.019471264933583515
0.019520349019759044
0.018398311646651584
0.018468082351651982
0.018691372051579017
0.01802708606821946
0.0191546949670929
0.01830499287800621
0.01831705700793441
0.01901980642294125
0.01892769683496728
0.018043389663052516
0.017834423661108937
0.017408354523792906
0.017715826311988907
0.017991804601890433
0.017589820165716287
0.018098866957666097
0.01797255018285775
0.018280104009568685
0.016744034571684004
0.017980810472676446
0.01707877817800904
0.016521799141405984
0.017467730639959957
0.01646504076955815
0.017030511353191242
0.017617413035017973
0.016173586033740604
0.017197406741014443
0.01614386774749725
0.016957998492062046
0.01612179139812692
0.01652279532964553
0.017008338376528067
0.016287066786236048
0.016428542664338602
0.015719361618360773
0.016380088025209412
0.016352132007974637
0.016015914304073803
0.01550150455350355
0.015654424050380887
0.016245053382757307
0.015417460939302824
0.015909310117454053
0.01554806634785325
0.01603216248420352
0.015813476659645886
0.015836743759001574
0.015610066144275835
0.014760804120101481
0.01428285118233247
0.014478269386962634
0.014132150531833526
0.015477074868110485
0.01418922809065523
0.015067785705125234
0.014250117935262785
0.014441577198854381
0.014106198671094743
0.013859738156186659
0.014915325372630354
0.014601618304622222
0.014311251065873196
0.014062588633963806
0.014259837821986046
0.014642759309153715
0.013992962304569156
0.013758004650749908
0.013899138454961666
0.013285023419066346
0.013526062667740944
0.013950181967086826
0.01304903787197576
0.01278447565794192
0.013985128901895153
0.013688874906135611
0.012958962528405449
0.013678851563128074
0.012709635349799605
0.013581710356494909
0.012920596652783032
0.013544167291419376
0.012271388155033947
0.013185249925176359
0.012105115502185107
0.012023772531717833
0.012207091252068323
0.012739490537290447
0.0126295064969978
0.01294803500910006
0.012083757185693447
0.01167456454366423
0.011327150933307353
0.012552746564575846
0.01194176809672618
0.01219985447910064
0.011211081964757055
0.011891878199825337
0.011889234801741337
0.011167036730207977
0.011672583133405946
0.012017541259505146
0.011131370722548025
0.011097034937373735
0.010826083146975102
0.011045724548482093
0.011174127333129693
0.011836737726984835
0.011452350216472602
0.010589073180347686
0.010465974549219199
0.010558978572704582
0.010769963151195074
0.01124080049716519
0.010546803997900187
0.010881481542499695
0.01048153682191582
0.010755825066433031
0.010287975526230717
0.011151524484103118
0.010065760109582782
0.009898190271294662
0.010319673945976876
0.010492356532599025
0.010287285156426181
0.010340579467783181
0.009388587536014967
0.010363576826742127
0.010273718844006621
0.009121220630039908
0.01010969651245305
0.009344404205432739
0.010018515957086716
0.010165176086652409
0.009982713476859797
0.009191037335022282
0.00944940904016622
0.010008237591828874
0.008609259141314657
0.008582313084383793
0.009167031644392485
0.009445268061396525
0.008623578616250823
0.009677155464765228
0.008511023741503303
0.00927504909988305
0.009551921351138493
0.009008064163818948
0.00944541626122381
0.008834032384393287
0.008238224617697725
0.009216728193206063
0.008202947380845893
0.008641073549710252
0.008435830440809387
0.008404321586916043
0.008914645898881685
0.008475962822585687
0.00813819267143316
0.008686008508504066
0.008287905901660491
0.007639218818869001
0.007686651443766783
0.008421322943700094
0.008649600688036422
0.00839325159800793
0.007572032287267416
0.008167776242361284
0.008334026277564272
0.007060350887313708
0.008016886279058288
0.007916550191197436
0.008165052066726384
0.007812137677325187
0.007617203924823542
0.007610628877267276
0.00794128558650203
0.007804952522028662
0.007022981971680777
0.007204074838686078
0.007522837103966482
0.007677804054858746
0.007741388309609804
0.007142364839748729
0.006502213674839289
0.0075936069923599955
0.007566926146874823
0.006900038545388153
0.006944932215483009
0.006637731945027908
0.0062090804451111785
0.007086406444254058
0.007007078581171711
0.006857566729148693
0.006720570901785536
0.006860539773982305
0.007025014660730251
0.006688367288156218
0.006680552544794276
0.006600781659265708
0.006551393702784382
0.0062964382736411875
0.007082797594889308
0.005987717761034217
0.006601122821901613
0.006643749881621018
0.006533934844410885
0.005653636725358796
0.005851116043882801
0.005616059114251715
0.0061274126367981945
0.006350885190286371
0.005514038939577352
0.005753256340031665
0.005849300175391383
0.006426174445120781
0.005774729472877912
0.006204601690825606
0.006129156318853809
0.005911929750589047
0.0058822729563032
0.006134318196718762
0.005636030241138698
0.0063047186103570504
0.005393260474296702
0.005655971531658608
0.005240119750962077
0.005868341299134218
0.00598695695128206
0.005752768052267659
0.0045783462182708914
0.004990890107790697
0.0055259926291154424
0.005182592099637353
0.005377759315550726
0.005488607101264368
0.004763156794979213
0.005142969320414746
0.004457018857264213
0.005118339669610748
0.0044107695610518935
0.0056472275645152465
0.004652389170901601
0.005430727442381352
0.004798439109345209
0.0043061803188955555
0.00422538995715114
0.005302427294682552
0.004687384638042006
0.004032912088632768
0.004279554190622009
0.004751261557007795
0.004761795544524938
0.005221507909093577
0.004568673707483133
0.0051621802795645075
0.00503618924299139
0.0037858038588045573
0.004618021688163848
0.004000003930530786
0.004455510861236849
0.004600334015241455
0.004210908333864258
0.0045557464005883
0.004855169955614905
0.00446661505515238
0.003794304204175845
0.00489823322901989
0.0045666321605494576
0.004489023104587271
0.0035403536070925594
0.003340608271565535
0.003392064142912604
0.004638155012025077
0.004266078778210689
0.004136823500470213
0.004300653729155115
0.004353684587936926
0.003432256370303275
0.0037753787652693065
0.0035683306108050877
0.0040924998497025205
0.003089886562572842
0.004100161111088754
0.003902704279099393
0.0030178127404773924
0.0037019791021922818
0.003273948902614605
0.0032750859056367558
0.004338569355235051
0.0034111494985235376
0.003111262593528219
0.0032241821860414725
0.002994659580369901
0.0030277069234352755
0.0029167758257548177
0.002775469119389576
0.004135496897608375
0.003036471701863665
0.0036254790760662367
0.0037459406476988465
0.0029139605489595746
0.003840023110876412
0.003373770817293606
0.0027357082853101343
0.0038080773418688743
0.0030324149469115064
0.002728609118296655
0.0033446048717308296
0.003577120876491033
0.003169406366554633
0.0028200240873960257
0.0027421342051817716
0.002523236964838798
0.0027609604692485027
0.002976373286447639
