-0.0012180903989874566
-0.0022595626042732245
-0.0016136580642179908
-0.0012174066361278263
-0.0020634452924364727
-0.001647561831788838
-0.0014010881087649803
-0.0013513341963275198
-0.0015546903288268122
-0.001193320203775891
-0.0023011693876844883
-0.0013064465460875469
-0.001195226862938096
-0.0016647738159066999
-0.0015752755626803887
-0.0017126411107925834
-0.002368711336651992
-0.0017356270584503726
-0.0024216171751492406
-0.002208066904845677
-0.002012911667579358
-0.0019169266557956788
-0.002477140763441978
-0.0020026806157348305
-0.00284115727979047
-0.00264465976962968
-0.0026756410860185294
-0.0026340747950137013
-0.0017195924203807689
-0.0018341532654883108
-0.0017620265345923145
-0.001522234717837612
-0.0018107533561104792
-0.0028194339871550826
-0.0016973666515917834
-0.0022596728098997596
-0.0030710833521834253
-0.0031263864636235108
-0.002853225243773038
-0.0030408317821256797
-0.002389396779104361
-0.0023826014109564657
-0.0023271206789379317
-0.002243369795876423
-0.0030055154562108593
-0.0031186175002168638
-0.0022108500278874383
-0.0019556096375318746
-0.0019836524865035525
-0.003219675617787833
-0.0033622807335212867
-0.0035075495342402146
-0.002525730507575478
-0.0021080755336052508
-0.0026886076908804162
-0.003025107160435324
-0.0029300369048863434
-0.0023794571685557585
-0.002395466287675471
-0.002372434938406128
-0.002741538079796041
-0.002317826869393184
-0.0025516596040649877
-0.003685333685880598
-0.002809968675906896
-0.002954307240271636
-0.002916962366667596
-0.003616179257667589
-0.003808562183285547
-0.00278189704389792
-0.0033645549461963275
-0.002731679966147816
-0.00372906697693915
-0.0038910140734556486
-0.0036785772879111677
-0.0027778342365677613
-0.0031777916695485916
-0.0034755012668352295
-0.0037412360036839344
-0.004010618395495708
-0.00409996736560879
-0.004183512551410455
-0.003926838379394055
-0.004270160833744124
-0.004083381653275527
-0.004524750614257849
-0.0031723334865083677
-0.003682068844306108
-0.003704240728287288
-0.0036057146078131816
-0.00337163884089159
-0.003770922054733605
-0.0034520439805131777
-0.003391346684835733
-0.0038924200307352557
-0.004478370633291431
-0.003669742661232093
-0.003876515134087965
-0.004030619188267857
-0.004110097640035779
-0.003837856662266326
-0.005090706748984407
-0.0044863616875012915
-0.0042448808674332116
-0.004296606865507363
-0.0051716727140930065
-0.0038891112270088707
-0.004968496304311487
-0.00406056888768609
-0.004845472838488993
-0.00544240620503059
-0.005062401097370223
-0.004741161091023174
-0.00546189334259183
-0.004392459534341644
-0.004576363677763432
-0.004940168054739399
-0.0049531570113469795
-0.0056984823373474845
-0.005833092648154893
-0.005243616801073175
-0.005375449605162918
-0.004546117995205912
-0.005036442123535537
-0.00515456144172601
-0.005759601205494134
-0.0059453865465026075
-0.005356559698774016
-0.004854183997731137
-0.005401608235866673
-0.004932179755561494
-0.005850940846639491
-0.0050869091056711495
-0.006001152315044258
-0.00633122845139021
-0.005555037173619962
-0.006321105470553083
-0.005729738543275699
-0.005702779529634445
-0.005632066259410299
-0.006534609616149871
-0.006457969277611937
-0.005399891576576207
-0.006885071380830364
-0.005637395074967304
-0.006412821627105107
-0.006762159173609457
-0.005617948063139763
-0.005786714233370009
-0.007060294967437117
-0.005727209633863431
-0.006817981273593165
-0.006119379472300753
-0.006324040638092978
-0.006546658680142578
-0.00626511216131095
-0.006415594079464313
-0.007028517537899946
-0.007054216266094302
-0.006437540167104238
-0.006710107754520857
-0.00763877550301713
-0.006359400070261308
-0.0068020038921914805
-0.007435562087279132
-0.007340983050367804
-0.007078275103634957
-0.007035786834037029
-0.006854342934390762
-0.007677312778019756
-0.00790851695654453
-0.008025526557328933
-0.007013830552489593
-0.00827998695318967
-0.008115558901117039
-0.008144178629382779
-0.007657797731515068
-0.007970748069703189
-0.0074538473161689656
-0.007537797158140841
-0.008002295177546614
-0.007907335174850814
-0.0077268414145256715
-0.007790271638821111
-0.0079224295788536
-0.008645009060785991
-0.008185489132488425
-0.007965772682140881
-0.009020173625056442
-0.008755936247119952
-0.007895377594770027
-0.00895336647216343
-0.009270064672661801
-0.009289369098597185
-0.009282110100071834
-0.008890548872965316
-0.00862253554890915
-0.009322383633420066
-0.00965919176101804
-0.008840253818107591
-0.008687247035364658
-0.008939619729304411
-0.009151200064616722
-0.0092719795325342
-0.009565237002544602
-0.00953254850980259
-0.01004316995137396
-0.009462157248881619
-0.009877978740122218
-0.009375065490276545
-0.010386469530184654
-0.010352649592307332
-0.009323425378711172
-0.009872349647560444
-0.010479472197081296
-0.009824498685555152
-0.010717966937426356
-0.00982748546873037
-0.01064301859351791
-0.009834058089197904
-0.01078695090289766
-0.009853192644017333
-0.00993108745189202
-0.010317633842977136
-0.010132426196449634
-0.010450379389112786
-0.011321634086570812
-0.010914643417605594
-0.010514117923801851
-0.011016633491109047
-0.01159138786424323
-0.011443603730915073
-0.010480768065702797
-0.010761912951258092
-0.010630138274063103
-0.011545586789590298
-0.011738919211285097
-0.012101829529856695
-0.011959272875860185
-0.011156689768283285
-0.011710103365474612
-0.011764409656923998
-0.012576221944990602
-0.01238333297463654
-0.01159952377391302
-0.01132718094264897
-0.012768143187049682
-0.011573841301623615
-0.012359557303303818
-0.011699633466404355
-0.012000787191100608
-0.0126989319944829
-0.012069059855192868
-0.01330380663410317
-0.013013142786671102
-0.012111740173313412
-0.013557100859916777
-0.013376827975289446
-0.013572266078299602
-0.012665362198593403
-0.0128290171316412
-0.013771523656790352
-0.012898934410976485
-0.013215823750423523
-0.01302294618684359
-0.014190380866660428
-0.012957745458229884
-0.014149956456486309
-0.014432506832276723
-0.013382360995834543
-0.014609085173526574
-0.014012947924269182
-0.013422129990674743
-0.014629854426120132
-0.01396470768251453
-0.014082884553335668
-0.014394865322251264
-0.0151539450015007
-0.013943320127940848
-0.015128567477856496
-0.015211185028090357
-0.015203171029622462
-0.014309905905302792
-0.014715672195327108
-0.015554469139625552
-0.015043273838652331
-0.014499451426416945
-0.01539797652482989
-0.015328629876147578
-0.015063288060913062
-0.01566731699962622
-0.015250816222908501
-0.015349948478590858
-0.01564927380321678
-0.015147875775531562
-0.01572554054798956
-0.016330579618636813
-0.015347618557517475
-0.015398296155358397
-0.016059896121941086
-0.01570488416985193
-0.016603432788926537
-0.016267281120110753
-0.017192934845671897
-0.0163563793730285
-0.017269645940937477
-0.017131423962784168
-0.0164859804709894
-0.016738721807468868
-0.017063204925512235
-0.017222515750498737
-0.01636087090904188
-0.017204585363003143
-0.016633545530471604
-0.017358558226143034
-0.01763722907592406
-0.017873292413004362
-0.017832504868762207
-0.01841644929244094
-0.01705610037416551
-0.017261037514884576
-0.017366480395020343
-0.01821446963256924
-0.018499652707549216
-0.01771042699926839
-0.01790792310342546
-0.018610441183127702
-0.01806679193528058
-0.018086407145644138
-0.01825500414240311
-0.018349864804928687
-0.018767289119449977
-0.01869400531777156
-0.01863945312439995
-0.01950136722069791
-0.018505284614183458
-0.01916195068162486
-0.01917281399425373
-0.01931418759896878
-0.019149760543366676
-0.02006464489436852
-0.019340568764349357
-0.019760716841890645
-0.02042643500854835
-0.019605166109689473
-0.02052501626845554
-0.02013511576275787
-0.020299300291273734
-0.020738518104516723
-0.020664668884247527
-0.021039154763794532
-0.020151094688287095
-0.020402242453263133
-0.02079925971428328
-0.021118588528723406
-0.020905567164979256
-0.020684706873545674
-0.020646829355190143
-0.020837972217509073
-0.02136707768203672
-0.02135441910645443
-0.020731850580137073
-0.021470911566665543
-0.02209098928572518
-0.022036661665684715
-0.021710842045701548
-0.02105362378366284
-0.022437933301265936
-0.022616310354710463
-0.021727352764743097
-0.02162735580567693
-0.021701958343629944
-0.0225320503788028
-0.022159553562931242
-0.0217820712964149
-0.022562717683256725
-0.022130991800978453
-0.022998434772910803
-0.02320730925520556
-0.02341500912920328
-0.023309616378571683
-0.02361231394346322
-0.023708601829346712
-0.023537697777694884
-0.024064665713510385
-0.02405108027140569
-0.023058590581557344
-0.024373725568638337
-0.02377315105603142
-0.024373733573164334
-0.023791092903629442
-0.02416974719595222
-0.023492827946244483
-0.024602894743834813
-0.02497289123804889
-0.024075273416429847
-0.023773088168576238
-0.024006340149869933
-0.024616823143965925
-0.025203829721876635
-0.024173309510914166
-0.024879624035518574
-0.025395246107453903
-0.024666831536973664
-0.024478639958530845
-0.025635039264018028
-0.0253546056324938
-0.025607236446103198
-0.02532975757997805
-0.02521237773000956
-0.026115790712255636
-0.025428815228554242
-0.025324201976799087
-0.025758095932166655
-0.025510465425775338
-0.026621511033928767
-0.02649735222092803
-0.026653666020030636
-0.026779361390790676
-0.026037888233831692
-0.026050530911200638
-0.02704919825031447
-0.02642837161413767
-0.0269133577564092
-0.026239353849054833
-0.026636492230126617
-0.027177466128158696
-0.027524809386552433
-0.027382937787105367
-0.026698064087582324
-0.026944222429315726
-0.027553954114712505
-0.02694058157570238
-0.026995117048329284
-0.02808649155266542
-0.027181073978766596
-0.027497368089315747
-0.027623783244793757
-0.028394934347536916
-0.027474489789182887
-0.028409179626110937
-0.028741314876967777
-0.028908831766852498
-0.028001182553170398
-0.02784747717972618
-0.02915481841318754
-0.029228750581538707
-0.028962096434301084
-0.02913658498509748
-0.029364459266723632
-0.02889125442585243
-0.02841928838294579
-0.028858154466644546
-0.029260153305162385
-0.0288166196906764
-0.028637608683691806
-0.03010562508869735
-0.02906786301116837
-0.029483078315638175
-0.029705554832480798
-0.02994962635229417
-0.02973650854878785
-0.029349755707536528
-0.029567375983812826
-0.029347714293912502
-0.029550497687179555
-0.030554251798420688
-0.02979683580612809
-0.030831596762194824
-0.03087833706914703
-0.030771688132000034
-0.03058012526333128
-0.029983394577979522
-0.0311008465162337
-0.030906615036408975
-0.030650725358320974
-0.030766022528934935
-0.03117814940987678
-0.030728576486356407
-0.031199016352664054
-0.031690968794349135
-0.03086985855556521
-0.031119721264540618
-0.031028080423958507
-0.031917547812487124
-0.03184839949709533
-0.031197019971786626
-0.031158959294169543
-0.032030092126287095
-0.03204130835194766
-0.03208843943208903
-0.031477353980240985
-0.03205670901362994
-0.031367611349157935
-0.03255201366991975
-0.03158056456440992
-0.03209908755348911
-0.03300658773699229
-0.03172667441634836
-0.03224090166349744
-0.03275615155930693
-0.03266689476341844
-0.032591867420956905
-0.032211701955602995
-0.03336305005768771
-0.032264057002783134
-0.03306287298609997
-0.03251929201911243
-0.033560601454202976
-0.03272539215194269
-0.03319943575232857
-0.032682647796271364
-0.03307219340857418
-0.0331499208279975
-0.032800304531921225
-0.03353426048611058
-0.033755068639171326
-0.03313607103705836
-0.03301252985003288
-0.03405448720604853
-0.032906328641501434
-0.033722372231428155
-0.03325554919566548
-0.0343643935603981
-0.03446528811550117
-0.03449283871927957
-0.03451696231060376
-0.0339714125951085
-0.03418371642748072
-0.033635430014559015
-0.034657567746312096
-0.03452343980885792
-0.0338078382591341
-0.03455365036171714
-0.03376203438330436
-0.034083467666341634
-0.034788624462347484
-0.034673158213296154
-0.034534245676078185
-0.034025860788083964
-0.03489914037224926
-0.03383719362515448
-0.03406335958920107
-0.03433444620371653
-0.03409150118066914
-0.03447732666154946
-0.035016117419203054
-0.034957804756717586
-0.03506340251757662
-0.03456330610146414
-0.034446560602685715
-0.03474485980539677
-0.035298294667255724
-0.034420928134674386
-0.03536238355414517
-0.03466446000458141
-0.03480285587801971
-0.034537641610932736
-0.03496419551523031
-0.034789717089059
-0.03544221744198752
-0.03561999112884024
-0.03478923388794212
-0.035045074536320005
-0.03556834922530627
-0.03578965468895548
-0.03550250472925587
-0.03540841837231499
-0.03473034327537931
-0.03505441171698183
-0.034800842978377426
-0.035309337102093795
-0.035132910554475386
-0.03573744223225272
-0.03569834854681566
-0.03639053712310001
-0.035472367562554855
-0.035178046327647455
-0.03589412616114622
-0.03501796544594921
-0.03604755812246004
-0.03642610329193564
-0.03634355070725428
-0.035948453697576814
-0.035392673965852876
-0.035879994825527665
-0.03583645125357839
-0.03551786976910626
-0.03574228407561324
-0.036244045230231246
-0.03569033539263566
-0.0354504761098078
-0.036079682839356204
-0.03617428473670789
-0.03533139471528476
-0.03575050865746297
-0.03596225703643324
-0.03601280571250327
-0.03560953921792855
-0.03577694650949854
-0.03632988236648102
-0.03579611038646331
-0.035472766525486206
-0.03593460508946402
-0.03620216791671711
-0.03611233198417999
-0.03540841509684302
-0.036431164981142516
-0.036591431730789124
-0.03596495863494393
-0.03646812318914748
-0.03597589576415497
-0.03662679556843349
-0.035652983455823115
-0.03569106753213247
-0.03589964368406064
-0.035789327647072475
-0.03514052247904023
-0.03546461725472095
-0.036287573933304486
-0.035522935485610245
-0.03558556975033768
-0.03649828368267296
-0.03611494865298407
-0.03532449766655481
-0.035756428275985144
-0.03570176852656413
-0.035224835981885916
-0.034977418615343626
-0.03594879240387352
-0.03500559001166615
-0.036114887250633484
-0.03495155626150555
-0.03514845170803504
-0.034930954016497706
-0.034812851603456596
-0.03603258598668855
-0.035269169931617515
-0.0359411940608264
-0.03523050154848283
-0.03582110064091807
-0.03461946580798557
-0.03550205315947963
-0.03524899248896563
-0.03546989251770918
-0.03519150999366291
-0.03567318793957133
-0.035266265521877234
-0.03516851804896794
-0.035535448988929484
-0.03500004959712613
-0.03456519264228764
-0.034995004176172066
-0.035513108768275375
-0.034085582379242696
-0.03486483269775728
-0.034306073517640166
-0.035280475079613634
-0.03449000617550164
-0.03404048968474998
-0.03472325571835535
-0.034995287473597536
-0.03490392079708039
-0.035092052502647006
-0.03418069969916639
-0.034088738574316914
-0.034185525029748365
-0.033656969103938235
-0.034759805800232225
-0.03385873495829178
-0.03422616475832192
-0.03352011118601503
-0.034603078825547376
-0.0334868711473718
-0.03412756628627106
-0.03443608477903656
-0.03444006816863725
-0.03360649768526783
-0.03328388545839663
-0.03385990862843639
-0.03415464386170595
-0.032730077099598125
-0.0334461607483751
-0.033760142920536355
-0.03253149379201927
-0.03371604517387697
-0.033589009901446344
-0.033035293826141766
-0.03261999174755754
-0.03327502564980723
-0.03307017594444397
-0.03205219792522642
-0.03197189650342094
-0.033014942457670386
-0.032446497267084734
-0.03220632090683321
-0.032005436484679455
-0.031671596753177864
-0.031560646044459045
-0.03242461576518354
-0.03179563832803296
-0.031212598534289447
-0.031781253305653547
-0.031101197494362534
-0.03130067343750168
-0.03135330367715504
-0.030853393335606903
-0.03106495367747982
-0.031792595223758546
-0.030813890373380882
-0.0314517401348403
-0.030865940156441177
-0.030452048598529374
-0.031239693077970004
-0.030597263172136777
-0.030535957212910376
-0.031219646314156947
-0.030191247886341588
-0.029713638412975803
-0.029641540457413164
-0.02943585817414055
-0.02998668740188081
-0.029830382142989654
-0.02958280235670615
-0.03039381557196515
-0.029551224314868695
-0.029531454404258726
-0.02889619816930241
-0.029664113202217228
-0.028749018201489656
-0.02962086176621681
-0.028807170616998487
-0.02893686159799028
-0.028844883986487827
-0.02933742816619787
-0.0291424368437824
-0.028317439049826313
-0.028411881199479544
-0.028555668645014062
-0.028461086922785095
-0.028380642770162223
-0.027426162899427984
-0.027439486578409226
-0.028013711654172487
-0.028236831426430367
-0.027391075731904763
-0.027184505360555705
-0.02658565683734679
-0.026602284625588595
-0.02690096933834257
-0.026070744767751036
-0.02663444114688035
-0.026525065165249037
-0.025881225779119544
-0.026358588353523334
-0.026066860371390867
-0.026675911374106062
-0.02646056764801271
-0.026240775036341264
-0.02537144235337399
-0.025257348103195992
-0.02539216393606836
-0.024518103689766927
-0.025496774551900005
-0.02497117685147769
-0.024680806665198826
-0.025028263781663163
-0.025224901183726778
-0.02411889736512482
-0.02505140445759346
-0.024466349980401828
-0.024795179113803995
-0.023287171942725216
-0.024060448569652716
-0.023030792946971076
-0.023473638963865444
-0.02341716746136404
-0.023694368918649192
-0.023651625078094644
-0.023100985143881172
-0.023261869485932615
-0.023212774884242802
-0.022655537026134518
-0.02293475056946056
-0.02161471350379915
-0.02160482074986451
-0.021540343170224407
-0.02114786229328243
-0.02141099628147859
-0.020927569785174276
-0.020617568360301937
-0.020544297201729407
-0.0211109771475599
-0.02074290922269348
-0.02077972762539949
-0.020151669894412725
-0.01965695455340348
-0.020456516437345404
-0.02010358808519455
-0.019774051635112328
-0.01967512658977267
-0.01897946530316589
-0.01909162566173097
-0.019193093149713177
-0.018701114650591485
-0.018462530936144018
-0.018351248150122564
-0.01810604324142339
-0.0181143143304974
-0.018574529942472013
-0.018172381563534748
-0.01780929838993921
-0.01725505093715455
-0.017960323465150065
-0.01775963878464473
-0.017883927659849263
-0.017048970160372344
-0.016632093981592374
-0.01694666914463943
-0.0169667400134619
-0.016235022574106337
-0.015952907054834913
-0.01579806229399253
-0.016455441014952794
-0.015581023478438536
-0.01520866246207581
-0.015465782683268349
-0.014566086117139885
-0.015271486835026144
-0.014990047071232282
-0.014923497245358772
-0.01402548290190854
-0.013822989826055865
-0.014528809163076358
-0.014513389545168183
-0.013627948462950762
-0.014304756795313458
-0.01315416839177144
-0.013988796987021627
-0.01330354580563018
-0.013594413430194099
-0.012955278243288692
-0.012500569746347081
-0.011960296236463778
-0.011620712165617714
-0.011706039113046384
-0.011235303850435556
-0.01107171916409507
-0.01081018218905777
-0.010900216649821515
-0.011702427210998336
-0.011441827526566925
-0.01110112944038063
-0.009966456181317689
-0.010876689609685167
-0.010743742979219652
-0.010332102195282168
-0.009882430405402834
-0.009219881656266235
-0.009769006060958055
-0.008769515124819377
-0.00926605797712482
-0.009535402863578497
-0.009101807194592507
-0.008684565573261513
-0.00763917281515819
-0.007778394459570769
-0.008054873912645852
-0.007410851860065839
-0.007978862579700877
-0.007907118869155657
-0.00788864264676728
-0.006271193449123526
-0.006743846043776177
-0.005851416386981263
-0.006261927502910266
-0.005811555675033499
-0.005486190615691544
-0.006566771722667515
-0.006390735220766261
-0.005684741731596166
-0.004816107635265109
-0.005663830906360184
-0.004850262564928726
-0.004527023251301256
-0.0052316886630075846
-0.005024676386017419
-0.003367886080238964
-0.003426109246758897
-0.004021718732941274
-0.003831255611988287
-0.003300955313791444
-0.0034068617251684866
-0.0024498635048739673
-0.002420707359935369
-0.002796139445171542
-0.002326998324394175
-0.0014233480566426596
-0.001606315246981056
-0.0021893937516887555
-0.000947202639158032
-0.0014864842079344344
-0.0016468315764455116
-0.0012191388157553747
-0.0009744347609594457
-0.0009964404950366836
-8.123894434233528e-05
0.0002049116641969793
0.0003158873625462536
0.0005421853073425399
0.0009046962184134536
-0.00012911989844417918
0.0006431562175403844
0.00104382114388383
0.0016111173293625264
0.001121846644320162
0.0009515749507663241
0.002182561060249245
0.0020987472789517968
0.0022115144618662834
0.0026131371941881085
0.0028023805773345063
0.002073771198309343
0.0031541400919844805
0.0037349513412940133
0.003165836580662506
0.0036236030122455826
0.0029845384602208706
0.0031909609990301516
0.0037829733910938546
0.004499448672036728
0.0044201697208428375
0.00491635515315602
0.005097459918446328
0.005346276721829503
0.0050635264533501955
0.005268835565160016
0.005688163745899051
0.0064502440930547305
0.0067547320114927254
0.006609052782656946
0.006330873925025831
0.0067051907679353
0.007505760726872783
0.007185573294182927
0.007324771253113882
0.007341089115225125
0.008202224958013291
0.008400734423684482
0.008571085336750705
0.008264575017369448
0.00819319565638159
0.008640163479784465
0.008027678799335624
0.008831762383255233
0.008303837531357848
0.008626566380706961
0.00899622163955898
0.010178049777417054
0.010531926251314275
0.009880450288580471
0.010349816595312174
0.010754384470241699
0.009905417507151472
0.011476956829949076
0.010881672592620068
0.010613872689228972
0.010677806448317858
0.010973731966909345
0.011976179353454719
0.01152565426973494
0.012139082192810128
0.01296788541863329
0.011890163241763174
0.013171731964430989
0.012632088483828045
0.012777235294446349
0.012507860452367217
0.013898841134762235
0.013911492768562008
0.014374658049615421
0.013225307394083261
0.014522080954255102
0.014910168803006172
0.014319367632881367
0.014588763911469857
0.015459820380355045
0.015385831420060454
0.014567166841355918
0.015607191781331579
0.01512114108189047
0.014938936762103077
0.01571485839342436
0.016323098778761147
0.015967892538597747
0.016512059108186903
0.016270371728911864
0.017276409340059043
0.016393403739493037
0.017650148628347875
0.016649979736509075
0.017132131182743756
0.01809165440109024
0.017741755710935826
0.017444570508838894
0.018321999208426712
0.018164194489128583
0.019168115865735753
0.019006151700903806
0.018104289357467853
0.01873902553226339
0.01876065314185691
0.01935422377907209
0.018843960010398772
0.0195811485914014
0.020146938216723455
0.019339458527249238
0.020002338176951486
0.01967880657183912
0.020777049331038012
0.02118808842627556
0.02049995326390899
0.021576987269122803
0.02067769954362115
0.02190764165602781
0.021393561045563905
0.021648607337765573
0.02092692093088629
0.021565025576285077
0.021731681760296738
0.022852778297947796
0.022025465777762026
0.023063063586643503
0.02224021326092989
0.023324127254977775
0.02359108729620198
0.02276850265265894
0.023527712562663047
0.02278673858743201
0.023445785687011413
0.02374222579517141
0.023225866164989874
0.0235782171535324
0.023487826672343587
0.024837243962791085
0.024129625532206104
0.024580555048255157
0.02498376423926112
0.024220202080064226
0.024753238448152293
0.024574603078945444
0.025831863523962505
0.025424583992342854
0.02603228715417271
0.025024150005124025
0.025078491072811356
0.026025626183469257
0.026323109781699192
0.026311856156150792
0.02659465574269825
0.025742864699469285
0.027004341526554457
0.026145239935705767
0.026125587484889107
0.02722108378107726
0.027377883403115772
0.027772165273187408
0.02666742912732202
0.028240604296665455
0.02720101827914052
0.02776209234149483
0.02735903532744023
0.028662500447115442
0.028757555123361648
0.028578902304518358
0.028379441918961006
0.027942787560714978
0.029148598071500838
0.029415602324060534
0.029257464699465944
0.028299026956283734
0.02838136927638792
0.029401877233368828
0.02878838372800326
0.029272497242355533
0.02940665297874473
0.030397713401582732
0.029391027723671602
0.030350299912360847
0.030092636487816956
0.029694289689079768
0.030566671961447047
0.0305895586228882
0.03026406304645235
0.030238167899606386
0.031157444831434768
0.03152337937634793
0.03123812779716388
0.031731511301333074
0.031262495791493324
0.031202663429356473
0.03088726729211422
0.03166935241186103
0.031824170042166346
0.03152817300580163
0.03163404511842687
0.032164328989734293
0.032567475998108636
0.03238676827720157
0.03141585756715241
0.032416817115244266
0.03272150642119917
0.03245751510810848
0.03295990361479417
0.03249871387700373
0.032777671358481815
0.033423184615856395
0.03246026587085861
0.03255058439875908
0.03346605069672943
0.03354009649297042
0.033279910398646674
0.03262285707544891
0.0337740874527028
0.032848987037964475
0.03419751997604392
0.03320584826302156
0.03367267235991528
0.033172045531225915
0.033643478987074406
0.03434096530353928
0.0334352059428244
0.033640403743283934
0.034831546759545966
0.034807493037007954
0.03391141995073662
0.03505272016334203
0.03457952413692698
0.03387169243620089
0.03427291725449204
0.03407621025473524
0.03493524044925329
0.03512664175087104
0.03527709496093832
0.03559270547498542
0.03436337939635753
0.035037035796087
0.03484510608678573
0.035606616498862376
0.03508685524065279
0.03494351103934089
0.034853302615857264
0.036106853363357956
0.03501926371185874
0.03509274418215716
0.03544806797363558
0.03609783958352879
0.03589395073946377
0.03581336065014811
0.035130903907929424
0.036434841126504976
0.036115631842116136
0.03525290536897757
0.035295816472895716
0.03634994918274271
0.036344524416564813
0.03595892182862136
0.03552082339720108
0.03578799365146418
0.036910558758856744
0.03657288024351488
0.03676946398104834
0.03581461883348248
0.035986690870074355
0.03617332404727585
0.03709684675640029
0.03700768361354738
0.03715881732892459
0.03676718317840371
0.035973645753171815
0.03599087537395601
0.03604423859465267
0.03640583375707471
0.03615392106376258
0.03631495938639326
0.037366342830309804
0.0369664081030305
0.036154281689374484
0.037549483995126844
0.037539554750240685
0.03693855484550512
0.03751326734107377
0.036912491746347476
0.03641501204748516
0.03671662656223246
0.037376951280028284
0.03639106529749369
0.03763706744064051
0.036569660908840715
0.03728596752924838
0.037308251248567126
0.03778556428468624
0.03783181861658857
0.036886063289033266
0.037871052243376085
0.036508957946830095
0.037567671655940646
0.03774521566352845
0.03689822432534613
0.03741711417716185
0.03701638274549417
0.036769915351868604
0.03730750965961721
0.036982942197584905
0.03784286181183233
0.036824263451603806
0.0374666850941841
0.03700027834150743
0.037885344648560235
0.037955299264665184
0.0371575540044163
0.03707437622608574
0.036891511409468794
0.03759513541355988
0.03725725866963614
0.03689928234118064
0.037667995516705285
0.036743167779181636
0.03784615265909123
0.03738794881247853
0.03665552373425005
0.03663588272660663
0.037114496466699995
0.03793408294453481
0.03652794543222683
0.03653182609152367
0.0365391722203618
0.03760143165898416
0.03668591616490781
0.036517099419164735
0.03779637829222276
0.03711267483465075
0.036568772286703424
0.03660422658908166
0.03652920613377714
0.03751237124641617
0.03772305174740842
0.03679554975209983
0.037565403413676146
0.03652713046782616
0.03627104820397982
0.03702490351641092
0.03717222598591655
0.03713888064310535
0.0364513829764003
0.03735893284630025
0.03627083092045395
0.03666383468191075
0.03629135785361864
0.037128571745022154
0.03635515468030794
0.03703060815776042
0.03620013726870046
0.036646479024365915
0.036885751209504256
0.036565975937807325
0.036413040686057906
0.03676479610004432
0.036077705747193906
0.036960083364286404
0.03598405970121863
0.03594368161021013
0.036923956785609786
0.035903040440092654
0.03674249104232106
0.036917358889475255
0.0364292881628123
0.03642088130261837
0.03680992443547835
0.03587920270263908
0.036206933997995024
0.03594828368029035
0.035646982972672006
0.03566807836942072
0.03627074438629193
0.0351630352450578
0.03577102609274364
0.03518640769623555
0.035447476814163034
0.03522141707890653
0.03605132619642422
0.035533009803380665
0.035884837913068124
0.03548184013677639
0.03476436716439887
0.03572619116305955
0.035077910044011604
0.03528908293536183
0.0354863682754312
0.03495525134099703
0.03500853133902408
0.03450937099494389
0.03459059754239981
0.03571581662150491
0.03565441015831258
0.034283467019227354
0.0341530734994118
0.03541807853802959
0.03442548121732317
0.034902043351132374
0.03449014874137273
0.03438137442817598
0.034701912387707895
0.033999610293368496
0.03453958108290144
0.03447895160716414
0.03362786318070199
0.03375742483740964
0.03446818328850339
0.03429430512999613
0.03425819820661662
0.034274050557189066
0.03431954894018055
0.03385012210763842
0.03390199207300315
0.03330876383137123
0.03295260301403921
0.03379794348005192
0.03314900093181311
0.03402216914518269
0.03351708536058389
0.034046120742927656
0.03272686887295146
0.03302277786935991
0.03297236568778508
0.03259900598189652
0.03262752536971097
0.03232013789088161
0.032579790569849186
0.03346702067338616
0.032838672993695195
0.0328878896047984
0.03272964684863153
0.03230264646016875
0.0325921561470678
0.0318968856818529
0.03308957997729754
0.033032787262900785
0.03279344774777963
0.031425177992391404
0.03276139428099254
0.031509451659078626
0.03231930500638035
0.03146151388460353
0.03141378673704372
0.03146708141737072
0.03102370791291463
0.03211890162770606
0.03121447733599944
0.03163005600272087
0.03162055120758976
0.031152203763700217
0.031741205511125734
0.03187418697520119
0.030880111319545635
0.03075961222179833
0.031144525615958825
0.031002071523572004
0.030000281567513356
0.03015951556138114
0.030733620878485295
0.02997549819743637
0.03063064765119212
0.02996874004933134
0.03080499083866897
0.02971028377848067
0.030267905189689127
0.03001174456380272
0.029683676901503434
0.030299150152078156
0.02994749702262048
0.029504019286581966
0.02980242678521337
0.029905289375877213
0.029180851715398227
0.028712783391455724
0.029289267234233727
0.028874835603874337
0.029274566299248406
0.029135883176734018
0.029089635810038237
0.02817859593449628
0.029234757742012268
0.028855765608269225
0.02862446158863377
0.028920237109081117
0.027888746283367825
0.027844476396973815
0.02806936621475096
0.02877181877075776
0.028440072801970508
0.028489623279323743
0.0279581294462498
0.027481078162889215
0.028105431732191235
0.027912048308188067
0.027016201283627406
0.027432776003571427
0.027847607666913594
0.02698042360977955
0.026657801634003938
0.02794814580949152
0.026600051911054037
0.02731844614036822
0.02683425812911893
0.02658599022316943
0.026137327312390067
0.02630517544314335
0.027004604597953646
0.02684667055024243
0.027088788361847263
0.026749714276746557
0.026587036504373197
0.026195935682211118
0.026028998582330595
0.0253589588228991
0.02564882090474541
0.025276885161990923
0.02617151672867352
0.02570112995703402
0.026296041478663882
0.025948419056927203
0.02586157261658191
0.02606478962450969
0.02518812677586895
0.025003735092979033
0.024563838022163196
0.024870038395343734
0.02543663184854404
0.024139392799071523
0.025341296757804138
0.02432422067020391
0.024727932703412524
0.024510308919090885
0.023684647224798884
0.023892653762314083
0.023974826132886602
0.024850398566920263
0.024721563049798206
0.02418527336738104
0.02375810516262482
0.023116600062554265
0.024126586633287053
0.02427350650918836
0.02310545183566835
0.023703565376710343
0.023725641632527817
0.022643705678135773
0.02322702894290859
0.023793665527649235
0.023746950520439337
0.023484740676771806
0.022503959405997257
0.022451207799238974
0.023053522063161174
0.021862217888219643
0.021851605727379375
0.02171412562454664
0.022573901457622184
0.022549478409315177
0.02211241894560533
0.022520348394083636
0.021980374403613587
0.02216763130719546
0.022214852165716656
0.0213792857122992
0.02225784330647069
0.0217435148373423
0.0221309314416412
0.02097067192114519
0.021961273335921898
0.021672343633707635
0.021375561632750725
0.02046406604159284
0.021461034362905175
0.020729270418572737
0.021123743521115308
0.02090835762454243
0.02091033840061358
0.019944081183054872
0.019926227381666724
0.020380376297268483
0.02018564601173446
0.020411554864075414
0.019922470707617428
0.02051893885732763
0.02031148856136947
0.02004197613029527
0.019746214842405165
0.020363094243866967
0.019419636983992725
0.01916956344469698
0.019838985872544106
0.018635029612389938
0.019472958989221027
0.01977633654263902
0.01928266035852666
0.019317851246072573
0.018626357290798225
0.019011148059254846
0.018881727051485112
0.01821367066674718
0.018645926157238778
0.018177118890198463
0.017716274241137045
0.018102367126151032
0.018780018743372727
0.018319394691988768
0.01878999351878531
0.018267713594848353
0.017832309383745807
0.018083955779296154
0.017037599850713295
0.017294029408907802
0.016948136032481742
0.0172738077729598
0.018055876660592114
0.01773494319092473
0.017477082593904528
0.01715493744631199
0.01686213125887205
0.016832509504939742
0.017660105635260173
0.016782437672414885
0.01615870658995774
0.0162535760513185
0.01619799263324935
0.016816274662161554
0.0163773081977362
0.016450838516381336
0.01596015588858246
0.016704115718584
0.016491177010397623
0.015915826270244245
0.016387671284386614
0.016418066161003653
0.016283585009835653
0.0158020856893256
0.015814040045572925
0.016100559310611696
0.01604136866971702
0.015295296703044952
0.016089848338967785
0.014920197713078748
0.01521359980863327
0.014751648355985705
0.01502165668070519
0.015634781555769015
0.01481905912267275
0.014975905687995002
0.015533160702638748
0.015129081431021232
0.015217662542908806
0.013993971093380325
0.01486340166859371
0.014815722775970859
0.014607698795402514
0.014390630576302481
0.014419306190608473
0.014749279670397974
0.0138761871172864
0.013864925883655125
0.013696954201938154
0.013895697319104582
0.014571166963788348
0.01446035537545069
0.013204882413457875
0.012928076186318334
0.014020561288405859
0.012753372352738886
0.013675082309364773
0.013114008709728692
0.013465251660480166
0.013763517291264906
0.013339454837715004
0.013393527808264234
0.012600586000518057
0.013299648845607553
0.013314912877211295
0.012961093957255369
0.012541286209540115
0.01286486040799022
0.012769857631269602
0.013234012140545082
0.012306756349094531
0.012154278379813987
0.011909448790429633
0.012108392654381524
0.011681499362402885
0.01188804044266489
0.012141846995882204
0.012424737121240724
0.011685941322421014
0.011634916115815824
0.012451107950635018
0.011181572348719205
0.012152974988570939
0.012270729861242606
0.011908499591227013
0.011005206415912695
0.012067472704181917
0.01153744845797361
0.01077367553035978
0.011805299226090176
0.011565365077408938
0.011018527657592005
0.010826347292743232
0.011364655354044323
0.011189382970853997
0.011341209112476998
0.011505905768637985
0.010847111072032572
0.010209186433503672
0.011340223224880534
0.010874386102963417
0.010510111987476376
0.010607728217098569
0.011144358774147625
0.010914420221113054
0.009590890243487697
0.009669483900966471
0.010212872438933231
0.010404191767273339
0.009706191249512441
0.009675966414890836
0.010380153685972261
0.010133423097483392
0.00983321896289046
0.009251328473676802
0.009465614889193409
0.0092378568764989
0.009975382860725964
0.009539609728535231
0.009320657737770483
0.00995408721131121
0.010066706206736735
0.008939942389291158
0.009900800825761957
0.009263359671742522
0.008618326472554208
0.009076656401168278
0.009553382780761397
0.009599502762286787
0.009293246115775816
0.00898560629506509
0.009317352111347843
0.008772640109059024
0.00862284309438568
0.00929717419846195
0.007997535589136798
0.008893909577400426
0.00837344526347282
0.009008696875511018
0.009105117981373511
0.007832192915065516
0.007795469911747389
0.008068127198551074
0.008886252587161277
0.00824938036747457
0.007902986896325825
0.008598306441419996
0.00837153834318601
0.007488363856932867
0.008011722893397516
0.007349512361422992
0.007819419927679112
0.007778908568489596
0.007237239428435346
0.008319209128997772
0.008208268929469823
0.008313497410611792
0.008135089075093867
0.007140968517822353
0.006848265283521814
0.008140823506051918
0.008162878007606898
0.006973709285032893
0.007114623751852704
0.006897905411702047
0.007853851783054385
0.007457511732422712
0.007185402901904751
0.007794044464839446
0.007285130646202541
0.007373615321192976
0.0067390183044389205
0.007640965695075974
0.006838602213092508
0.007210806680692493
0.0064609051299055085
0.007283540175046791
0.0063988027316755685
0.006749933847386792
0.006027359066891881
0.0061956875792703444
0.006340809975039593
0.006839490657385833
0.006555302468458159
0.006846935526668506
0.005834768469488896
0.006099776605974776
0.0055572983796014245
0.00656092294618122
0.006521376944077557
0.006752510141341064
0.006131114841725609
0.006398846929961662
0.00599877271338338
0.005569972210865258
0.005469375968451807
0.005861065142245946
0.0061526570189014435
0.0054765468782062
0.006012927072709386
0.0058974005099224555
0.006242149668802134
0.0063626382263086015
0.006154902123689299
0.0058856697360002395
0.005567014545604783
0.0051727006036222985
0.00585391482643273
0.005427764624250642
0.00574618219046361
0.006070000438503331
0.004830715405059306
0.005032211422488416
0.005351538195502024
0.005243604968078392
0.005748701336627264
0.004951558995158286
0.005696208986238696
0.005089782473654627
0.005052195173327193
0.005677854140640728
0.005168854630268152
0.0047973002191379205
0.004698645513010112
0.00445607549108505
0.00536531071212179
0.004542660716304848
0.0041571018783494096
0.005282221850886223
0.005462517997562813
0.0048177231056085274
0.0040350714698519285
0.004918335810564951
0.004493372082683832
0.005419745222855481
0.003982895301969437
0.004267796281752168
0.005209071143358041
0.004026252994390368
0.004030235324363491
0.003915887211495569
0.00372565792922688
0.005026221622530632
0.0036775235601048026
0.004722892750493199
0.005094499070861356
0.004325016143231808
0.003935630497789509
0.004064986788945341
0.004681500655692485
0.00407355599909814
0.003948978319633599
0.004240902973254717
0.00482610258032374
0.0036324077829174187
0.0036292763412828165
0.004110309989555808
0.003956150579917782
0.004039423724480686
0.004657883267842396
0.0032649253895995394
0.003549223231420266
0.0032728418709490376
0.0037302430546621956
0.0034644501711260075
0.004364858001870044
0.004353696724496031
0.0031669510872113487
0.0037738591845777876
0.00398720839159526
0.0039774747364149906
0.004362412791604154
0.003313635970496388
0.002891966147696106
0.003831923968831694
0.003881943493168792
0.0038137522973575783
0.0035734158469648016
0.003993129774350804
0.0032861100860878236
0.00286511129456981
0.0034041628056953005
0.0033637493848499914
0.002686736985796618
0.0027480472329410545
0.0036094327709192053
0.0031323174337865778
0.003726712695579855
0.0038054210333581372
0.0037660850408585784
0.0037109269296958826
0.003461126830035808
0.003638755824674675
0.002799434933662593
0.0028398193895090075
0.0035892332583149274
0.0036669286268771165
0.0027242737681987166
0.003771481857625872
0.0025835839784667186
