-0.0019619538269360945
-0.0019766197527585965
-0.0023541745885714443
-0.0009656490901271531
-0.001763051289407776
-0.0018572952875934251
-0.0012385479831140236
-0.0016518878639267397
-0.0013450400235030884
-0.0024017017131776485
-0.0014725961554511425
-0.0019416849735113565
-0.001474041408069073
-0.001635827803215948
-0.0015973283903724076
-0.0019388831361461505
-0.0017629816059457845
-0.0018649127346817619
-0.001647833219799811
-0.0014956826368237265
-0.0023544092909381694
-0.0013207345232033839
-0.0014179071809318875
-0.002665354164690528
-0.0019358501228163472
-0.0016922467424740526
-0.0025822826860673847
-0.00144559315234326
-0.0021365301052074814
-0.002383527599873291
-0.0029338521812424575
-0.0025503803622810737
-0.0027269981722230535
-0.0028315512748995643
-0.0018683185796920733
-0.0017531008152272135
-0.0026050423709211945
-0.0017643945015192156
-0.0020735270394606877
-0.0029746806507108463
-0.0018394669779921605
-0.0023423029662778283
-0.002167683668618527
-0.0019718857059415054
-0.002343502073848411
-0.0018936558489661992
-0.00334619692914964
-0.0023438198884897605
-0.00216768316304615
-0.002141554167719903
-0.0025295864646927733
-0.0025335894554561976
-0.003547458922572369
-0.003069262615214008
-0.0026536401894137317
-0.0026862826462177368
-0.0021624521123700616
-0.002409225739434072
-0.0036549089647748946
-0.0032766911977494834
-0.003018056337269055
-0.0029551386321173797
-0.0029217107587952576
-0.0028196771526968066
-0.0026887263574943317
-0.0025912981313498742
-0.003404612002520524
-0.0038877465875721525
-0.003594922602857335
-0.002753891739661092
-0.0036363579415858746
-0.002903347150466456
-0.002639814714032771
-0.0027415821619250734
-0.0037812612925078723
-0.0031670847935146825
-0.002838672567754008
-0.003220529585258852
-0.003815725063428323
-0.0030139251663801603
-0.004249044905644229
-0.0043684844549591205
-0.0038573039808700556
-0.004493647881709551
-0.0031228313574789292
-0.004453482933394154
-0.004569424024264718
-0.0033706786614006354
-0.003907385313659945
-0.004130307480754394
-0.003773443376604571
-0.004178894061114017
-0.003770420660271211
-0.004011940507051307
-0.0035576326819403486
-0.003913133419999606
-0.0036436154139318903
-0.0038201979770550332
-0.004133397028305944
-0.004501270739503747
-0.003910146750202049
-0.004866187246418294
-0.0041486003770188785
-0.004425031253678074
-0.004302922200136732
-0.004347262677898434
-0.004620298798791282
-0.004683389117637669
-0.004061081365370928
-0.003965291201130155
-0.004808012579248292
-0.004760518182981814
-0.004244838890772374
-0.005462888392068884
-0.005316362889041049
-0.0053135000130094465
-0.005160646871976765
-0.004702093545650625
-0.005132501461348908
-0.005745102032049858
-0.004848329346105754
-0.005862065334312488
-0.004492537177014739
-0.0046704938677406905
-0.0046931488351790035
-0.005291065778297182
-0.005546599831595347
-0.0059075504544609395
-0.006207918640366615
-0.004972443090783207
-0.005822602450110221
-0.004964566295801916
-0.005788688378843564
-0.006390345316421026
-0.005078548985288038
-0.006503358466969018
-0.0064645932375874795
-0.005970332613878455
-0.006020571191604872
-0.005546117402457362
-0.005315592406593165
-0.00673561746280606
-0.006198507566704889
-0.006086739855519833
-0.0055730334840125234
-0.006694857255549094
-0.005907976917907669
-0.0061801232441720255
-0.0068459134300467
-0.005734710308428384
-0.006938734035818863
-0.006443754360571938
-0.00713995547855714
-0.006692727156965901
-0.006262756067912085
-0.006520053678972344
-0.006269843307590842
-0.0060923248180863865
-0.0063234420643514975
-0.0074503352659278125
-0.0064163091028785115
-0.006565783261844637
-0.006842450031781379
-0.006612174813325377
-0.0073192270317277985
-0.006764646573320073
-0.006598229008819115
-0.007187348392672089
-0.007137414382703815
-0.007993580209829326
-0.006721759799315551
-0.006997383659547741
-0.007673358490145203
-0.007957662416151798
-0.007289177146319418
-0.008447926698694297
-0.007420400335824466
-0.008474295681127772
-0.007950829935962588
-0.008554186637752637
-0.007419908186078269
-0.007882827269585268
-0.007769165325890006
-0.008214850928292976
-0.008379191736764975
-0.007564726376194628
-0.008908942328345014
-0.007920243860131133
-0.008034281511658761
-0.008355680413337542
-0.00921010285097833
-0.008889201902978199
-0.008012721630117438
-0.008510493745743641
-0.008700616362002016
-0.008562718766376771
-0.00911751731634173
-0.009157080317358719
-0.009353328136891347
-0.009629193849703498
-0.009206151880446553
-0.009718167533270492
-0.008920881577174525
-0.009833869830699516
-0.008814491856822818
-0.009467507182016947
-0.008889208493146535
-0.010179945684598847
-0.009258224686932345
-0.009881280655763235
-0.009823866042487714
-0.009614060458261227
-0.010403561104961035
-0.010253576039935496
-0.010463309888820582
-0.009339261362143844
-0.010797681999339793
-0.010573531206867534
-0.01045062492077075
-0.010546070386263378
-0.009879772675202562
-0.010840445972892167
-0.009900603911147995
-0.01131722271608027
-0.010213462915940618
-0.010904454356064025
-0.010687806687074065
-0.01020633000110833
-0.011628681841422316
-0.01147785755584713
-0.010530652231050788
-0.010829985126613326
-0.010760509132263127
-0.010533829455616973
-0.011018633439878727
-0.011244025000907392
-0.011085836165417832
-0.011389779618148457
-0.011576710603785356
-0.012016755734672075
-0.012220044915025841
-0.01177542570993296
-0.012582596687208191
-0.011304301269687783
-0.01193958470693966
-0.01219775319610092
-0.011505182766949491
-0.012415660463933253
-0.011844854231611787
-0.01223467613424263
-0.011818262191010695
-0.01195056016639793
-0.012270950514583651
-0.013358904846525507
-0.013091909851873917
-0.013089901836957083
-0.01354825679962573
-0.013499614001733122
-0.012365819226613527
-0.013564783032650454
-0.012527074941116167
-0.012729315434523788
-0.012922633428881175
-0.013243283144254962
-0.013202749785094321
-0.013240877273273477
-0.013872804711226884
-0.013042394788689932
-0.013492771972796486
-0.013845572217661422
-0.01336768224543506
-0.013284089151850581
-0.0138821943517844
-0.013898870880935686
-0.014793282651129487
-0.014663290557739225
-0.014701798258808237
-0.015034395522299928
-0.014578954537446018
-0.013989251551322324
-0.014998538916664621
-0.014037139484467605
-0.01512664983849427
-0.014361007345724396
-0.01563229909102503
-0.015646438500067975
-0.015811652109594464
-0.015541437119115695
-0.014920564189991398
-0.014719936730290963
-0.01508900770246714
-0.016249985534343165
-0.014839355536217633
-0.015355237810805836
-0.015131290554136997
-0.015077351572723083
-0.015707747535144076
-0.016385410376538692
-0.016458547259882796
-0.016195017554565698
-0.016550787232991287
-0.015723105104427593
-0.016263436253545798
-0.017130243233730653
-0.01588218430993552
-0.017116722162320134
-0.01603460144547174
-0.017365204636960025
-0.01659358437885535
-0.017638730355033876
-0.016898219609686377
-0.016928497265711613
-0.016801321930726417
-0.017049246001547433
-0.017539020162326065
-0.01689084527535717
-0.01681663740607884
-0.017202038605060838
-0.018388329172580067
-0.018357553351323972
-0.0178882723395215
-0.017345527536990292
-0.017512115831633285
-0.018819653656855367
-0.0175348961839347
-0.018682948267698656
-0.017775954679345465
-0.018436914060756763
-0.01829296080482071
-0.01854488438030782
-0.019395196000946163
-0.0193579158062016
-0.019128719905507095
-0.019313484348357144
-0.0184000326905002
-0.018605679083085826
-0.01968249073449674
-0.01894911057631458
-0.019591857017270564
-0.01953332119533222
-0.020037587697776527
-0.019965540576380142
-0.019800340774346604
-0.020029159591538868
-0.01963328245675621
-0.020716900849526217
-0.020556333502397252
-0.02024780618665638
-0.019557722193132284
-0.01957619968222798
-0.0202621930839863
-0.020857204758229622
-0.0205923301061765
-0.02107715810666325
-0.021363911362131414
-0.021578327592198764
-0.020477424072145627
-0.02134223426190146
-0.020470064897258895
-0.021561227942071326
-0.021024498378150985
-0.020682025728873198
-0.02186540378444768
-0.0213235925236908
-0.02148820913903905
-0.02146266777016295
-0.02177207036276119
-0.021784381574696948
-0.02197198344633917
-0.021903071089864567
-0.021860144342301595
-0.022055027384500242
-0.02176111992824146
-0.0220004196407003
-0.022641340799165726
-0.023173417332786037
-0.02320950507235955
-0.022693432793411628
-0.02306514434930187
-0.02322994631894966
-0.022775086721850777
-0.02351066576604313
-0.02284063442195617
-0.022659744597797012
-0.02303863907926826
-0.02288879340844247
-0.023172539201145214
-0.024075464775895537
-0.02313935435757027
-0.02338708953793203
-0.024438899460827574
-0.02465210200560229
-0.024138392014260775
-0.023639463138152735
-0.02464669496488915
-0.02442160042718847
-0.024825288227706067
-0.024973722716742447
-0.02444999925748281
-0.024408576748145085
-0.025327806628954584
-0.024298069034778994
-0.025604620480438264
-0.02439193337424766
-0.02509417800212759
-0.02589860352969377
-0.02568607176858265
-0.025067821018782202
-0.02543114882061367
-0.02502538020644871
-0.025679528783904625
-0.025566651649548886
-0.026279559420220474
-0.026033441072743396
-0.02549020378091686
-0.02576872925428999
-0.026695096600499173
-0.026535716262899044
-0.026191011449980657
-0.027098692542272602
-0.025827617282091923
-0.027215655377128545
-0.02642919997919631
-0.02679906781331445
-0.02653855706651941
-0.02692770038455896
-0.02726033098912891
-0.02766906651961908
-0.027435759899600225
-0.026840465930549187
-0.02758728789207735
-0.027581694201617928
-0.02760239343352523
-0.026973711417297607
-0.028226908114690787
-0.028090044803420474
-0.028101725794051454
-0.028156282887473717
-0.027733315217120715
-0.028733528679215754
-0.027895522579038982
-0.028613604027471286
-0.02879155213986761
-0.0287317847954053
-0.028856174169510754
-0.02882488637002277
-0.027975043282610707
-0.02878847801162479
-0.029199987131501154
-0.029021814020511086
-0.028902832742587887
-0.028861360113617025
-0.029030290093306862
-0.02988849711008341
-0.029524902076574384
-0.02954029525318877
-0.029858988595576997
-0.028809746616713667
-0.029695678039177432
-0.02929384839089803
-0.030404163348362434
-0.030126968483018587
-0.029545659623916875
-0.02964083868112683
-0.029274135713989492
-0.029755126757556177
-0.03030908456369885
-0.02986941036078591
-0.030228796035658825
-0.030374880518722207
-0.030309250216926067
-0.030402803468410098
-0.03126921372459089
-0.03043511009698816
-0.0301905183556927
-0.030415823925913483
-0.030428808489810315
-0.03090586658932613
-0.03124808321355782
-0.030863146224606678
-0.03159948321705619
-0.030857786726725928
-0.031420238552535264
-0.031833935128861644
-0.031609970103525176
-0.03097158297754856
-0.030801200926609255
-0.03140734660376282
-0.0316607882035625
-0.03169952856007289
-0.032341230165819045
-0.03172323401303003
-0.03138630074747321
-0.03156722782539074
-0.0315291520354437
-0.03146548876502602
-0.03229046334220832
-0.03292906651370457
-0.03268923054401184
-0.0319845896527158
-0.03282762864191606
-0.032150972304300154
-0.03191069543971577
-0.0331185446023786
-0.03280204268654144
-0.03206892555911922
-0.03272547949699238
-0.03341809041144489
-0.03307670409951728
-0.03237396107634129
-0.03321935179500813
-0.033674452740651874
-0.03342218287421987
-0.0333000888107755
-0.03255126847234103
-0.03371244242040483
-0.03410524123296631
-0.03354549822768961
-0.033022469000387224
-0.03393976400745293
-0.03399109077181306
-0.033710570274026706
-0.03371260083423253
-0.03384186858053212
-0.033604872735855704
-0.0346075151273528
-0.034594778321154374
-0.03411356840711683
-0.0338286706091506
-0.0347674758749514
-0.03476995124845372
-0.034434531100617324
-0.033997473833328094
-0.03386484143570149
-0.03464900875508603
-0.03495306528898317
-0.03428779391531903
-0.03417090704800191
-0.03418876684135183
-0.03397100561173037
-0.03479155841394016
-0.034953757123824626
-0.03518793327562579
-0.0341375633504528
-0.035183729166256984
-0.03443429837098619
-0.03409076192253743
-0.03491626158357942
-0.03538617166277953
-0.034766533620719034
-0.03494325959541417
-0.034840371931377595
-0.035211226429889636
-0.03452506921994406
-0.03563082542069913
-0.035586259928750516
-0.03474889901763657
-0.03496491605672044
-0.035893851101986125
-0.03515135560306299
-0.035426955112474255
-0.035808047972537636
-0.0360286360245213
-0.03558601267791375
-0.03477998530475142
-0.034952866446533386
-0.03507705140873318
-0.03616360914840168
-0.03494328699715418
-0.03515620927950707
-0.0355568741417522
-0.035691202286231766
-0.03579272204007319
-0.034977598695369747
-0.036110005702151365
-0.03568072520313547
-0.036351825280800415
-0.03566103097857397
-0.03523948089242205
-0.035872049058754234
-0.03594880252365973
-0.036167075050763886
-0.03598910256075218
-0.035123549898471225
-0.035127620199368985
-0.03554650714667466
-0.03508025248087683
-0.03624940650844897
-0.03598607137738621
-0.03594584289650986
-0.03550181517837044
-0.035135300031300054
-0.03643933096337393
-0.035472165187638995
-0.03600711525865934
-0.03620692096188839
-0.035172088447713544
-0.03617456839043508
-0.03593816291313432
-0.035445701228134584
-0.03523776536585778
-0.03570492356961626
-0.036509513925278736
-0.036023152062569085
-0.03559379512888968
-0.03598870400821911
-0.03527537160668095
-0.035351300006570545
-0.03576909616870242
-0.036312835115455785
-0.036609999607061045
-0.036634324815471235
-0.035614923156820036
-0.035838610573643535
-0.035269091094880925
-0.035910942979321625
-0.03532489735483446
-0.03524815105214055
-0.03600237891362996
-0.03593897491367692
-0.036350415132491244
-0.036469140537417885
-0.03582428006017802
-0.03550066129223362
-0.035355825666926605
-0.03628891090103548
-0.036193098805171124
-0.035663751870243524
-0.03538457771255194
-0.03568171941612246
-0.03501103646994693
-0.03571861686085527
-0.0359965791961854
-0.03571591022692727
-0.03563343962509758
-0.03500914929586541
-0.035313647417999076
-0.03489605857965838
-0.035073326403575196
-0.034671680718056895
-0.03510064497163236
-0.035066316758167834
-0.03510145833820698
-0.03596863477289471
-0.034570690857728514
-0.03555998116447673
-0.034953002252951615
-0.03551903344910819
-0.034609411443540815
-0.03433534928598653
-0.034759688465004164
-0.035333053367582114
-0.035463787775055475
-0.035612792717662725
-0.03525302353372972
-0.03413679722528161
-0.03438270666189914
-0.03487959544345223
-0.0353787616684886
-0.03526644942283271
-0.03509708071177621
-0.0351520783484127
-0.035136162382332185
-0.034877096797711324
-0.03407766913847982
-0.03411584773942272
-0.03376534737710196
-0.034314883772801605
-0.0338419845004054
-0.034436067293207924
-0.03373371312251567
-0.033434251702783246
-0.034622141071882905
-0.03459694967909156
-0.03449966234832824
-0.03409376746837946
-0.033540735425197844
-0.03388866777260327
-0.033190941856408356
-0.0341333932376668
-0.03305260710457788
-0.034108505773714826
-0.03290429328047974
-0.03295849149983186
-0.03279858651497659
-0.03367285647968919
-0.03237326704214119
-0.032413733219064066
-0.03340557221638685
-0.033383427994033064
-0.032637537455154866
-0.03200217438931633
-0.03335461616637911
-0.03205584080341128
-0.03204756324469787
-0.03277776681831773
-0.03300945511159796
-0.031807290916798694
-0.03174077325055275
-0.03193794190208884
-0.032104974460761715
-0.031871382616578035
-0.031212903268625424
-0.032162724452192454
-0.030942302794564426
-0.03183055794238745
-0.031155849672796207
-0.03131618222402083
-0.03088595871955048
-0.0312899234606493
-0.03120041830803373
-0.03062849748237927
-0.031383161320375844
-0.031151677794872785
-0.0302041521886619
-0.030012698030145637
-0.03081779654394456
-0.031149565440637832
-0.03033554191881141
-0.030652825252768058
-0.030129393160501217
-0.02977507757763691
-0.030256570609787578
-0.029133026787726838
-0.02974889403646929
-0.029539963659428566
-0.028881221968759613
-0.029152880723357966
-0.029703699590169923
-0.02895121046030701
-0.02937714979648372
-0.02956888687054673
-0.029272710299177215
-0.028430115599330483
-0.02834584005586114
-0.02788449669658797
-0.02859077873164836
-0.028151875751946175
-0.02771658584561846
-0.027818442881953915
-0.028639685718066753
-0.02721707523536634
-0.027485693777532554
-0.027300299821998376
-0.02801928707557509
-0.026823001617185056
-0.027764629423348088
-0.026643425597977798
-0.02662303067861629
-0.026313220240160362
-0.02611649411822933
-0.027302363672396832
-0.02697624318693298
-0.026108155177883726
-0.0260207536130802
-0.0259598665541741
-0.02578908854286886
-0.025924628976624068
-0.02577437602981527
-0.025151383740451953
-0.02489497081950612
-0.024845589747776217
-0.025130783338041512
-0.025540747642267634
-0.024624509947896354
-0.025259710472460676
-0.024638716732860062
-0.024418760510563207
-0.024202179890823967
-0.024848255092606776
-0.023700254493303898
-0.024110148955238993
-0.023669757776057388
-0.024371630201481777
-0.024273819736186655
-0.024032043011463843
-0.02325212294944955
-0.023100655814455875
-0.023684591833202977
-0.022331055109256967
-0.02258089243295017
-0.02335000071095597
-0.022040080318989602
-0.021730587267844433
-0.021625948979416693
-0.0216426102893391
-0.022088393118057083
-0.02131224197163389
-0.02137615764886778
-0.0208147182106832
-0.021539337844147178
-0.02149709425349251
-0.02023210684983713
-0.020652794715889246
-0.02009896073311888
-0.019806431389550315
-0.020380299877571176
-0.01999260506163571
-0.019555656762462872
-0.01979948586474818
-0.02001651560980387
-0.020266193050405962
-0.018907883735871798
-0.018539192234902406
-0.019438871458187974
-0.01943595625891017
-0.018201382354258586
-0.01823043543855968
-0.018439116311627788
-0.018690565618726264
-0.017857537550838472
-0.017804727083581336
-0.017378238633615976
-0.017477785122962223
-0.018105850595349974
-0.01716956199386966
-0.016610456834300916
-0.016833525627006577
-0.017310367097456786
-0.016888133794002846
-0.01638723728682933
-0.015529025284907733
-0.016040377717819233
-0.016027601938138028
-0.0158104560201358
-0.016008125764995697
-0.01578263071423796
-0.01517981431672233
-0.01443153228347624
-0.014316724676351368
-0.01446779587838459
-0.014757976108003319
-0.014337752030978626
-0.01470308228200879
-0.014499991513233772
-0.01337889077573762
-0.013829846476964502
-0.01287281745062547
-0.013142089263360622
-0.013729896245281878
-0.013312348210891738
-0.012595571082714386
-0.013003382162888872
-0.012592011356334988
-0.011766052472599379
-0.01243461547750597
-0.011074892892730307
-0.010964109774276715
-0.01193147825228568
-0.011659218038095585
-0.01146966734336977
-0.010278445312074386
-0.010495553170135109
-0.01028223507472955
-0.010204755095368362
-0.009603239070570598
-0.010397070143627382
-0.009590035124327344
-0.009382138428455297
-0.00938364640575448
-0.009242809672485811
-0.009379971478429106
-0.00829360197041497
-0.00802182298563272
-0.008842295914751322
-0.008818939888320852
-0.007762002552307391
-0.008547492480249197
-0.007679378048110465
-0.007503061426199988
-0.006688850772324175
-0.007533538316450674
-0.007384790646540197
-0.006862333237971639
-0.0060273697842870965
-0.005904982160456796
-0.0067990180397701485
-0.006011108553181001
-0.006469437699674719
-0.005820412028892063
-0.00554090347584712
-0.005895358229210191
-0.004800839336941012
-0.004677549786963386
-0.005148436092468982
-0.004860678563271872
-0.003593673630684959
-0.003921918935929797
-0.004582300347613108
-0.0036903581479958538
-0.004219983882574507
-0.0031429883536248874
-0.003774545963627773
-0.0029137934302428245
-0.0023276161241529416
-0.0019444510749309757
-0.0017755698305593065
-0.0021136217384462716
-0.0024454262618526
-0.002502506531766732
-0.0019582782792795985
-0.0008528653430214795
-0.0018833256443418513
-0.0017087532016554796
-0.0005894819491492135
-0.0005263805792404465
-0.0008436652707907022
-0.0005732636524918431
-0.00036912999147280663
0.00037497925674150095
-3.833824224507511e-05
0.0009132044190757643
0.0010269175472872435
0.0008722630103578694
0.001663122028690903
0.0008919599222505683
0.002164914535402543
0.0023023130206818315
0.001997237529414915
0.001828409342245566
0.0028956186699386883
0.002741217281075081
0.0020868510792192148
0.002724430033014989
0.0027850667241293195
0.003663332782343597
0.0035039040269278375
0.0035988917235708815
0.00393994080776552
0.004461287711334151
0.00442996706141491
0.005158723057806845
0.004183795194363159
0.00457732994251197
0.005213516466417117
0.004926579139050052
0.005402974278922919
0.0052035928804494815
0.006127762306092594
0.0064342033045956095
0.005814825303353678
0.006947273854695166
0.006480529622216307
0.006524710750653367
0.00631880121505738
0.007222921036774849
0.0070764428879415905
0.007593526748233077
0.007102575059314607
0.007675571545981403
0.008723570145473683
0.008566013457608794
0.00906360891006781
0.008152806336696938
0.008578040506225895
0.009485096378717013
0.009858816655962993
0.008830914276473423
0.010053314342126663
0.009792676655013939
0.010743618366421858
0.01049503431471964
0.0096482312758743
0.010534230281865356
0.011167032300849762
0.011477994483098325
0.010544672125642935
0.011218919511836428
0.011775430334261894
0.011968304653143705
0.012591064369702632
0.012627625529217548
0.011636320919237476
0.011962297713187168
0.012787238341135196
0.01266795221456746
0.013709606848350488
0.012513315881669755
0.013793371653303983
0.01283595015273215
0.014250381175639539
0.014541996796326832
0.01399965233537819
0.014411832648076021
0.01390240489852892
0.014999815827124431
0.015097435094916642
0.014421201233065459
0.01516289015460884
0.01600979423872724
0.015466366796168028
0.015757717830689112
0.01585054329800217
0.016227734981089672
0.016240423941694906
0.01646904988788038
0.016468579385638497
0.016096522094124797
0.017121934772364403
0.01734512327908691
0.01777053301459049
0.016920663361114915
0.01765185233744961
0.01716682971205869
0.017990274890458423
0.018649727582769112
0.018080365336263473
0.0190166398394665
0.018252000575592457
0.018733143838227936
0.018432472643564502
0.01905723732898664
0.018871966786365647
0.01978114399817698
0.020046183007127186
0.019386477528556396
0.01932437397118975
0.019513964026268912
0.0206469440442016
0.02015622316488101
0.02104775100383549
0.020224670597356543
0.02161438094374799
0.020758104486225955
0.021408851427277522
0.021761546857574122
0.021195792340947924
0.022023386843392657
0.022470505226498363
0.022445177962797193
0.022862853305405974
0.022260041701125645
0.022800725083349602
0.023281432874545975
0.022554115712977156
0.022532282645687705
0.02369507601257353
0.0228614946117225
0.023610495822295772
0.022933765897612785
0.023409936576844786
0.023775449564478555
0.02352906738926636
0.02356639390671649
0.02433710004524988
0.024855320468733996
0.02402481643509237
0.02434908856958189
0.02419963666908365
0.024326537873088354
0.025424459234394313
0.025629332431396114
0.02578954012946046
0.02512113978249328
0.025564983691533583
0.026162897711002775
0.025645990929284455
0.025485679495136512
0.025486162269483494
0.026039090816890584
0.026329439395314194
0.026218263059274112
0.027090550922625144
0.026849284235758258
0.02751130834220123
0.02689686345755281
0.026821085521481103
0.026843184477294387
0.027715314862226326
0.02698553663992221
0.027932113662121085
0.02816008058663028
0.028106596745584758
0.028115143856864328
0.02760599843005492
0.02900607940432079
0.029228404889563016
0.02901396174521376
0.02943504316915513
0.028368120557577137
0.02921377955159543
0.029157525557823367
0.02908201965033531
0.028827200723522114
0.029964156030148494
0.029286129570233913
0.02947362930743839
0.029314663565954125
0.02946812003646643
0.030431863850974242
0.029790136390908595
0.03042259477345835
0.030192601995457542
0.029975970894230788
0.030897001286646526
0.030247898955168193
0.030432062571898472
0.030312326019597276
0.031439859188399095
0.031039090980784095
0.03178732663400823
0.031511028046316794
0.030743294407205534
0.031000018517654358
0.031181226481243312
0.031582702120492044
0.032355234125739624
0.03262464232124471
0.032209007364496674
0.0320002646443938
0.03246169299766833
0.03173357426665687
0.03280234459152363
0.03298293896361413
0.03304038874607634
0.03280906380904765
0.03321035446084487
0.03260540181023655
0.0325076748768608
0.032400722011567296
0.03239127994511193
0.03249219168853202
0.03377396083635637
0.032944828258432216
0.03366995986952563
0.033098316115294686
0.033370023311949965
0.033062744066600806
0.03303913568170115
0.0330668117109714
0.03449381111848919
0.034684387961185385
0.03360990131110118
0.034274964552684466
0.034101348045290684
0.03361627523486311
0.03466948622575561
0.03420707449165282
0.03496470027037663
0.03488214077563078
0.035115340765654715
0.0350303605088186
0.035323888951488566
0.03406247522477208
0.03499367942061084
0.03536872662330112
0.03489145498950934
0.035599712765190014
0.03556495090368274
0.03445028589558501
0.03465204138127626
0.03521703066777109
0.034743789693966076
0.03604203389190477
0.03526284876078105
0.03503308762005273
0.036230614266038706
0.03566708302709626
0.03606665911059909
0.03599495353239852
0.03504584441464264
0.03524438548476439
0.036465847363399376
0.03614880823488799
0.03543566559245123
0.036466836810300086
0.03651627964882423
0.03649884096536675
0.03586343333772345
0.03637997905503633
0.036392370222276954
0.035853996789933854
0.03649909607368873
0.0368868585262611
0.03581831264686928
0.03692446394154229
0.037207584178570556
0.037093877003686986
0.036329701705253674
0.03708030848896036
0.03734886661420014
0.03667914285769162
0.037027972491835724
0.03641834039673287
0.03668461892705403
0.036277859473360805
0.03622154412158727
0.036841277702440535
0.036119907974632215
0.036311757020820026
0.03637952441407244
0.03667826635112331
0.03696568486098644
0.03755352486219938
0.03732876208956028
0.03751009646847357
0.037134324852660536
0.03673149068334259
0.036589721842766564
0.03654119361791992
0.037072344834335746
0.03780016180660114
0.03678951545238018
0.03775823848979523
0.03659864980133155
0.03691815284726216
0.03717999693466882
0.036997806196835126
0.03774189941287845
0.03662865260600948
0.036641687197583574
0.03731416757216828
0.03692097490836619
0.03755750620993161
0.03747077696501289
0.03706930559914832
0.038041472193655584
0.036777165833442815
0.037410468707363836
0.03738000556560379
0.03802790893474251
0.036664079276685524
0.03746430067788583
0.037748557201201745
0.03762253939391077
0.036758168431856364
0.03765706625286538
0.03686148075582215
0.037481534056269
0.03716194527448369
0.0377475864762931
0.03768626100555763
0.0372412777518553
0.03726190656491684
0.037970047634014584
0.03680076160671749
0.03781325436350562
0.03690304352650234
0.03666932494716662
0.036583132683793006
0.037481891067177614
0.03751796227458363
0.03651384450054799
0.036583220207241016
0.03756999201037268
0.036962987672290754
0.03719360886604879
0.03738196094268014
0.03644104326659202
0.03726790208800373
0.03677615062866934
0.0368811752396282
0.03730940040024864
0.036851847093766266
0.03632207564334631
0.03636030161740698
0.036320992250474575
0.03616242039823911
0.0362504275133962
0.036499155367321956
0.03715781334617885
0.036998199659391474
0.03680931204672166
0.03714554435257493
0.03601740694741281
0.03648742399332173
0.03668405169464409
0.03724121517615257
0.03620671174572767
0.036449145843721664
0.0359414896678121
0.036435580311499675
0.03582943048509833
0.03664859516511842
0.036046006579959114
0.036337291019689695
0.03685833701512244
0.036796261922401145
0.036802967500962624
0.03650823819614446
0.03628179442468498
0.03560268403123767
0.03573877649591936
0.03656419157865152
0.03633129642738338
0.03612489580219369
0.03514739863696297
0.035108891745143415
0.036314038995314886
0.0351083561710781
0.03609551291402359
0.035283292600609896
0.035159666545508346
0.03556627949639482
0.036177989938540746
0.03498048322512796
0.035177198871264
0.03607264814828056
0.03491842305335868
0.03479462127097798
0.03476982440664326
0.0354906530268365
0.03552475434152418
0.034647142324359545
0.03523052288395055
0.03525448561994747
0.034297313646822265
0.03485113059693238
0.034818207023207946
0.03437087314610807
0.03479516765251832
0.03441147211531401
0.03391928804615807
0.03483486665859166
0.03455499193351303
0.03412118225121469
0.033814819355167926
0.03404442982065532
0.03493935377760662
0.03376437074961482
0.03457603627441423
0.033453537154600796
0.03326580896885779
0.03403990394110143
0.03338275983435867
0.03397840196751477
0.034170265270038164
0.033851204464395476
0.033561524976502
0.03374909858010287
0.03323001531338574
0.03294427552033715
0.03383543341763543
0.033753529619927995
0.03322077263665915
0.03306127200948472
0.03272594761415277
0.033329758822950875
0.03348173242148261
0.032472691476349805
0.03309567363029991
0.03281992657986702
0.03283122664436921
0.032535948621758
0.03319156583505896
0.032301351742499845
0.032847437761729534
0.032501858180510525
0.032212282043461035
0.032634556531258734
0.032233374200560126
0.032642391369609766
0.032562669753967786
0.03142856018432787
0.031178913286504725
0.03134473586390386
0.032097945667506636
0.030942818625596856
0.03148937588404885
0.03212337004610012
0.03183810931374464
0.031234725012478298
0.030808784927005433
0.03148350088205779
0.031551769259169846
0.030913700653688658
0.0310427667251783
0.030911708203694634
0.030910058391179822
0.030583380739437623
0.029856035106269975
0.02999351377398329
0.030120390848628976
0.030925076261068198
0.03048721861196901
0.029601174637012673
0.029584620412080907
0.030269361977368837
0.030047142958660924
0.029432630898532933
0.029720382241485998
0.029355653016902725
0.029803868471747062
0.0294054417722594
0.029714935791651256
0.029772258125116562
0.02957496736252463
0.029056004646579637
0.02888266056854295
0.02848905669742621
0.028707730839475934
0.029221987452466937
0.02929261929934939
0.02846190207163212
0.02856188195953469
0.02860384416778465
0.028825188094714533
0.028848074586397696
0.028695941192292834
0.027891694027840714
0.02862754966721396
0.027688255171453183
0.028145694300267927
0.027813560336438798
0.027494620040177904
0.028028943103776002
0.027894518765618766
0.027906573778613563
0.027986825161120346
0.026656749056202127
0.0276808258402178
0.027969009021732185
0.026663507007119665
0.026591074365708317
0.02661987800052808
0.027309155097899777
0.026452622432620962
0.02735305352821152
0.025940865700191294
0.027147318181710532
0.027019846564971858
0.02571121719649661
0.02558553761957031
0.02686667161558889
0.025496623227262566
0.02647015711614981
0.025644301074272357
0.02552558401897037
0.026240391294146286
0.025529530803800417
0.02605899747462488
0.025085247633051276
0.02515631347591179
0.025044814747503922
0.02580100986690118
0.024993658631084367
0.025308188322514094
0.024976703880005186
0.02462208797348597
0.025507719391080416
0.024906991523892634
0.024245438650926498
0.024793943112870132
0.023836187009011224
0.02496940048804741
0.024956684723419637
0.02486073749613783
0.023907902443962757
0.0245475027998268
0.0244738424109355
0.02318432316656735
0.023479538063214695
0.024166010638812113
0.024266652452336876
0.02311258527756064
0.022864919317478284
0.02326820847000538
0.022779320177184342
0.02286778875195363
0.022396597918004156
0.023234477310776575
0.022353738565795346
0.022384306197823358
0.023487874712740987
0.022513455820174944
0.02234329998038678
0.022384264645876818
0.021769108618462683
0.022560124383899892
0.021679531711983138
0.021827879353739706
0.022642511964194586
0.021672943197788057
0.02112383776723441
0.021962478951972876
0.02168279739122505
0.021996551178063487
0.022177541007489143
0.02134502408213588
0.02181665930936513
0.020732176296749148
0.02157425250713476
0.02142988326943357
0.021387361155339627
0.0216589137712798
0.020887770908675274
0.020849573180887166
0.02085485855230712
0.02128343098226433
0.01997815846865613
0.020164255904515715
0.020750766471142587
0.02015780642725322
0.020167862615043233
0.020168195318787184
0.020701128551926847
0.019960509451959374
0.020390961242435113
0.020136772471132162
0.020413471408501395
0.019741031952857285
0.01980397216427336
0.020022557707057864
0.01961521799889161
0.018971450176229566
0.018710285497946864
0.0183544664663504
0.01939990245708195
0.019191045297967346
0.018297998003428167
0.018639609289574997
0.01860983292215769
0.018281761747959445
0.017963190225177273
0.018269015871101257
0.01768941364182557
0.018649315903931273
0.018214920907221075
0.018208255165736216
0.01824053352434585
0.01730691928122212
0.017494268307264565
0.017141516838543803
0.018189344340629316
0.01757994666838366
0.016886584792462748
0.016901090787301117
0.017471523295897785
0.01756528021794982
0.017611421359079196
0.01734668124955874
0.016877820252953545
0.016599607149801066
0.01670472044756021
0.016660562672030324
0.01635494879810657
0.016673091602970272
0.016989850201510098
0.015882721820653093
0.016608222701012157
0.016914975192587185
0.01609654103053351
0.01604118426815077
0.015632194860552062
0.015401003858998376
0.0162166084631887
0.016417906652995563
0.016249490053995484
0.015878455933772337
0.01640311988440556
0.015262952373764554
0.015038117837036168
0.015422452934155914
0.015077870473083132
0.01505168681348009
0.014494618991929041
0.015447860255474196
0.01582135546466941
0.014533865174948294
0.015277140652221103
0.014611676037732606
0.014984757877686002
0.014783683937815343
0.014523509777831152
0.01395728573402313
0.014555855149365728
0.014134725832808627
0.014374510877795472
0.014574659149531809
0.013863346380926626
0.014711344653234941
0.014273524488153862
0.013561557127638084
0.01333273300592746
0.013399645825963095
0.01365141977415063
0.01296152105972934
0.013207422509253391
0.013600944777590142
0.013226776670413077
0.013935131232586766
0.014032199007947884
0.012831673624642102
0.01348226238860088
0.013286284507534843
0.013113315605831066
0.012679012738053719
0.013441519807078356
0.01272309789809374
0.012175122765073675
0.013437603002988767
0.011987598379872021
0.013244444088818676
0.012377014442869247
0.012482296663611668
0.012835669082071314
0.012951690201432779
0.011629427523918401
0.011704099311733133
0.01170753151658964
0.011352983197779868
0.011951250399126576
0.012543166098452616
0.011696979870194696
0.012510986657011705
0.011365512035601263
0.012376196614878206
0.012156640342167815
0.011991689181831943
0.011395530041542321
0.01200509785087755
0.011049506591352036
0.011967329682830275
0.010565794972455411
0.011822795420642912
0.011368795621275315
0.011033298129154736
0.011074775899252553
0.011624027986609917
0.010463365807150774
0.010315252969707093
0.010842465944059835
0.010451916484215864
0.010212844289590893
0.011098792231064115
0.009999223688889957
0.009863570153126514
0.010800898972129783
0.010485185925305628
0.010381397123654552
0.010936882158615255
0.009972479105435321
0.010561779433200875
0.009316184538507783
0.009814313019862702
0.009910497073624801
0.009253128800564893
0.009718323397449543
0.009089002232324884
0.009362839846022727
0.009825696773257992
0.009828588197527542
0.010072207315703253
0.009042878329808098
0.010127820919439468
0.009347421060438189
0.009106756481460223
0.009466983269074703
0.009600799749595976
0.009839626888613392
0.008886639065113194
0.00864636175822097
0.008633298126276459
0.009587657227388496
0.009641389109488122
0.009095280569981731
0.008480071112039458
0.00912745950642571
0.008865656781195027
0.00838477005816759
0.008700947738716592
0.008958143947376805
0.008027622124831461
0.008633731592182116
0.00826311872631139
0.008540534318939549
0.008937617057240341
0.007995239286045477
0.007963267709696124
0.007884661842745397
0.007998664517401116
0.008785580059904617
0.00767037562429825
0.008051774991737724
0.007417302214896443
0.00816997623714609
0.007183462826523838
0.007885055796947845
0.006986180723319937
0.008238686742385527
0.008071279822145528
0.007482720337924955
0.006888413675924907
0.008083417571986863
0.007637966080400074
0.007919305596550663
0.00691803307884035
0.007383069850502419
0.006648260425330297
0.007644174392376675
0.007230186330808591
0.006434555564197364
0.007065175343204
0.0069983840479571876
0.007492537067877005
0.006906942584678904
0.0073398288939828665
0.00638302260840479
0.007250851380751805
0.006615980106896984
0.006114576480730267
0.007420212028205158
0.006634826084201801
0.005941459327881025
0.0061669497354417185
0.006627620171534026
0.007008977633114141
0.00712397390320854
0.005829020646110461
0.006645363440450023
0.005797119702408139
0.006744380133880425
0.006174982762910073
0.006830174844210344
0.0067148289916214845
0.0068920172810152495
0.005919127259675602
0.005430974508737914
0.005659708379885979
0.00559126475113895
0.006098632782485839
0.006075256995655666
0.006399287548393882
0.005405825817895262
0.005421072145228528
0.005681682493726968
0.0064273689783433795
0.00513257429626469
0.005825584575959475
0.00538484028053121
0.004981018641028909
0.005407742116722237
0.00478879601809734
0.005793056125905481
0.0052069678492695564
0.00469748787402076
0.005765343574666874
0.004847416746017489
0.004641834249466091
0.005332755533393192
0.004640741112034947
0.005864538696265476
0.0046405326710030744
0.004944195881367008
0.005408343994955853
0.005334680135043636
0.005567362911918129
0.0042844678985078785
0.004631846593228699
0.005468685723825971
0.004201331541613936
0.005484984741073351
0.004250596700706761
0.004365067946117757
0.005559472245601856
0.004288065735668965
0.005186017829379136
0.005205209460581361
0.0052426653708277145
0.005074026174453376
0.004306396875001798
0.003886719685648554
0.004700147302114404
0.004580459417771063
0.004190243094912154
0.0046045851225738
0.003924175139210278
0.005033871565118298
0.004086077532728738
0.0038135167851828587
0.004844690183366121
0.00432143670052463
0.004227469124526477
0.0047268737981153676
0.003994349372233853
0.0037744171518245837
0.004316578777900705
0.0037983631961914497
0.00394020240973173
0.0034091899991615287
0.004761600885520066
0.0036083747769009755
0.003328286057039607
0.004319124209805081
0.004304603250079849
0.0035108217181306863
0.0033016048013568343
0.0043244305766612316
0.004211618548828042
0.0033697507171470084
0.003429981331155302
0.004316349484854044
0.003560196417425439
0.0044380417014541935
0.004375212933163711
0.003680094126715803
0.0033189616263765384
0.0032376115283601083
0.0036415107469194895
0.0037966761511116546
0.003664474647424134
0.003827829664579096
0.003700113007405844
0.0036758640474447834
0.0028105410774793543
0.0036360106549080022
0.003688499409285565
0.0032396964608494318
0.0029324320396188507
0.003964317795442271
0.002939167684643149
0.002677703324715735
0.003371393770156779
0.0038903227150666286
0.003345143041017305
0.0034519660466417264
0.0024872591485035848
0.003907132129673924
0.003614242146505476
0.0029511661922887234
0.0024893658995334446
0.0025970099300353534
0.002606054411668475
0.0027618662780392825
