-0.001536981167632815
-0.0019810896666231934
-0.0019782925630782797
-0.0010386713751012462
-0.002213200525125218
-0.0013460959159717302
-0.0021289123796143067
-0.0017971541034241178
-0.0019284829710525424
-0.001276219269393133
-0.0010388262358455422
-0.0014828829261888882
-0.00206566046543917
-0.0022828259728222946
-0.0018731224639065404
-0.0011642879372958893
-0.002385479251399146
-0.0023568634668108728
-0.0017711369662063048
-0.0014313732510689164
-0.0021098750307124584
-0.0014525218681387014
-0.002466044637380635
-0.0016188478764365287
-0.002540334466464445
-0.0023827405476857452
-0.0018014138712145705
-0.0026964671464759435
-0.002489024978417384
-0.0021334241223748673
-0.0017045362860160418
-0.0016022623792737334
-0.0021923447521554357
-0.0029824851592691365
-0.002813476361725519
-0.0018970381867055722
-0.003029929002141315
-0.0027231121880348787
-0.0024074256659798944
-0.0027051385598364317
-0.0017840591592802803
-0.002248580581102093
-0.0018144919240152431
-0.002358546285631584
-0.0020462860048018477
-0.00220957239936284
-0.0025189446629136315
-0.0028551414034901092
-0.003276680930497802
-0.003187561098779114
-0.002420312181839666
-0.003251993405942759
-0.0025754126475646642
-0.0025197014921646247
-0.002472123724093827
-0.002183606535396055
-0.003185970776733519
-0.003316573870932133
-0.00348873012201447
-0.00227264991062693
-0.0037537192901958955
-0.0026946740559836407
-0.0028733172578750475
-0.002906179518046866
-0.0033110180525069734
-0.0029593375609844328
-0.003731917402798995
-0.0027416066865051407
-0.0038294022370557517
-0.002841787721667502
-0.0034675059971237994
-0.003463418046425644
-0.0031725498928774805
-0.0034485211964581357
-0.004116569513236318
-0.0033744958893432452
-0.0033712739452657894
-0.0037386200575125522
-0.0034257085068320715
-0.0028850306102194256
-0.00379771354809209
-0.004128231913911339
-0.0035651016026348394
-0.004165008639182733
-0.00427585861241579
-0.0034605125822191984
-0.003532223198089977
-0.004616090525990517
-0.0040080123478986075
-0.0045171560462531355
-0.004533990919063798
-0.004476718744906659
-0.004190735755036585
-0.003787444757071643
-0.004032408760053537
-0.0041754648517762245
-0.0034676071853937205
-0.003706164410017431
-0.004116514905646918
-0.004998533191900133
-0.004609612492732365
-0.0038300057628012562
-0.0038382239055387755
-0.004147704454749706
-0.004583743315475837
-0.004132087123813987
-0.0044682741568734235
-0.004409652584973521
-0.004317120746188521
-0.004984899964831366
-0.005281061778456937
-0.004627009390963336
-0.004215393307440459
-0.0052754466681189304
-0.004490635531972208
-0.005533927673483002
-0.004523076779500854
-0.004894430147507002
-0.0049890465898357675
-0.0055191639191927554
-0.005826654565766964
-0.004843815026748711
-0.005063173927168433
-0.005522528391487788
-0.005368230288674793
-0.005936481591760661
-0.0055988456064863905
-0.005939164085613627
-0.005297275623048487
-0.006219573399754747
-0.006290280434035934
-0.005639418619967617
-0.006148993502592919
-0.004960964031712093
-0.006216939159599031
-0.0060407746577251405
-0.005139836191616999
-0.0052285117077810386
-0.006296367598682439
-0.006248427738506063
-0.006465065943583496
-0.005904009562997838
-0.00654502759880066
-0.006832795572041114
-0.006511559944942581
-0.00635320486817767
-0.006202143633887898
-0.0064836846574939525
-0.006446008093028282
-0.006637992343157424
-0.006301048888550178
-0.00683063663783934
-0.00628520977359193
-0.006597425238617518
-0.007173960950869524
-0.007330241206257911
-0.007295113118991054
-0.0062607630579751125
-0.006615114394339045
-0.007484417001249631
-0.007130588685317242
-0.006337347610676458
-0.007398838378968774
-0.007661973980365863
-0.006842418205316799
-0.007404463340715525
-0.0072402851533850884
-0.008021751387455693
-0.007071016880147166
-0.007111155861776659
-0.007017140684790723
-0.007479538360284758
-0.008060356406493163
-0.0074311183704394755
-0.006963756295056748
-0.00711382104343625
-0.007037363316944154
-0.008498081687434591
-0.007818180126834863
-0.007323147752160555
-0.008478677763565702
-0.008331594824787267
-0.007871272046278976
-0.0077429706610096195
-0.008772621047375246
-0.008140052381193514
-0.008558271699251928
-0.00794890840005463
-0.008197807160480283
-0.009226486487931342
-0.008976850203792077
-0.009097897846123361
-0.008254309820145076
-0.008054090909271006
-0.009382831717818398
-0.0087909053522046
-0.009250166459050736
-0.009519443761340845
-0.00908472018291406
-0.008842814314326378
-0.009603349187160411
-0.009802144451166507
-0.008537749896640285
-0.009335353520265498
-0.009591891248141575
-0.009038834798150305
-0.009459765458123671
-0.009598891043185195
-0.008934930207731034
-0.01039269353482567
-0.01047092515608389
-0.010558764120590227
-0.010126134418413507
-0.010179579827659251
-0.00964166046280705
-0.00984083383692757
-0.009473792073285624
-0.010760943623689656
-0.010082040755962338
-0.010372037570850461
-0.011101225566565315
-0.010274822254405172
-0.0102226689736075
-0.010582554621807624
-0.011235933444997476
-0.01036008668458538
-0.010555393797421646
-0.011326559162987394
-0.010863594724944354
-0.0109516646062274
-0.010684150792248435
-0.010402290486070708
-0.010893716875824728
-0.01174762566202377
-0.011848772135152515
-0.011113641831304292
-0.011577224927179408
-0.011957637621498027
-0.011519359332663985
-0.010964126394272342
-0.011564254515620128
-0.011997937690493931
-0.011584468657124107
-0.011355067638220327
-0.012282603039502824
-0.011829410629769823
-0.012543695472312065
-0.011700695146999203
-0.012591475751729787
-0.011617631663903933
-0.012499078700891684
-0.012221350449945413
-0.013224033940486135
-0.012365732868952265
-0.012306410043698666
-0.012797128412295296
-0.012742639469791952
-0.013131107183571312
-0.01283533781421169
-0.013088369124584262
-0.01336677278965848
-0.013848236895540066
-0.012999302581486998
-0.01358527465497519
-0.013408078239357652
-0.014174832863839635
-0.013251450429939925
-0.014049910181192846
-0.01344493938923436
-0.013184639836584649
-0.013384061906638477
-0.01420588594941736
-0.014234121727028011
-0.014240522483881256
-0.01433738980061186
-0.014121223851732655
-0.014148893659013544
-0.014954053606876563
-0.014464090084693109
-0.01449457315917625
-0.014240073517503412
-0.014040761648398455
-0.014867179160523809
-0.01472205333972391
-0.014911868401501898
-0.01472748064273611
-0.01527282683141543
-0.01577308077613626
-0.015664897541901424
-0.015653762318667244
-0.015259714022860018
-0.015730197647815632
-0.01566411889448318
-0.015597346011019132
-0.015093768684242434
-0.016319389225759286
-0.01555451405401018
-0.015555029943035814
-0.0167271485169951
-0.016870668560261537
-0.01599560174047515
-0.016351282905488394
-0.016142064746796584
-0.01572130891502053
-0.01682172592129721
-0.01591640786178792
-0.01628355082098636
-0.016198679396089315
-0.016655140874197064
-0.017614146323575643
-0.017155580390713455
-0.016624264923097324
-0.017617686997416344
-0.01779439054167653
-0.01738691735687294
-0.017936087481729118
-0.017868352820553962
-0.018242783437680165
-0.017380508030591227
-0.01812687713255287
-0.018097606748905492
-0.018630559415114472
-0.01780437607019693
-0.01808818050017227
-0.018666289074979144
-0.01884423731560729
-0.018337976315673
-0.01791399804106643
-0.018898501343664047
-0.018897618072712643
-0.01854198831371139
-0.019485139861231095
-0.019267030231902425
-0.01818991807708953
-0.01951487468489483
-0.018851453612692866
-0.019769432912758924
-0.019120994825684662
-0.020008758846271804
-0.01951184788536891
-0.019183803951809006
-0.01997457775315707
-0.020024728150289973
-0.019900489639376892
-0.02001436275377906
-0.020435810726416963
-0.019745018748377367
-0.020107089759298452
-0.02000738389213557
-0.01963710365507075
-0.0197960127053968
-0.020957659189698725
-0.020094169173107725
-0.021218524340842603
-0.020796035796775175
-0.020513205199296444
-0.02028720167022688
-0.02154811327911846
-0.0216539005359565
-0.02154886323207549
-0.02141448246017251
-0.0212743957013983
-0.021922854116628008
-0.02181041474899048
-0.021077036628195135
-0.021140208440201466
-0.02101801232549736
-0.021817828270339054
-0.021462569297083716
-0.021700506264792547
-0.022066135378014197
-0.02285979748421527
-0.022217114964188846
-0.022582939041022047
-0.02233878053323974
-0.02322565903826565
-0.02268832044354737
-0.022519634777823913
-0.02268423282086875
-0.023275304650281412
-0.02334967506572896
-0.02262732365399031
-0.023559127641757556
-0.022695254051206076
-0.02281350626491668
-0.02412869806032212
-0.02318275320628476
-0.023729891690539594
-0.024240631033305093
-0.023406038856118607
-0.023205270394047354
-0.023886615412960006
-0.023962454192670284
-0.023432046746200908
-0.024932918858311982
-0.0243713843452036
-0.02398949754929353
-0.024751895433863136
-0.024137240463523973
-0.02491219618252949
-0.024651676934100548
-0.024278648219787
-0.024420618941653188
-0.02466996889361872
-0.024721065128749768
-0.025092453699218052
-0.025474242054651933
-0.025877238293829923
-0.025971556998069276
-0.025831997261288455
-0.025986142949462124
-0.025496720497421188
-0.025972296904003763
-0.025358152002586554
-0.025520124334985336
-0.02638440563450041
-0.02651670568253671
-0.026767030416032813
-0.02612960961177189
-0.025895084830318316
-0.025866557894400954
-0.02612039743538797
-0.026294213559380317
-0.02737425068222849
-0.027445153435558665
-0.027102766088162606
-0.02683631476281074
-0.02626651902585515
-0.02757417857310467
-0.027416500344352248
-0.02773355821028437
-0.027893826570151513
-0.027853903380838502
-0.02725987457572509
-0.02785266592477236
-0.027069985626632383
-0.0281752973975133
-0.028247265612830162
-0.027362668249750557
-0.02814976060477111
-0.02767629609991209
-0.027482843876304206
-0.027490051617124527
-0.02907245932804354
-0.028728251950220992
-0.028721811991217417
-0.029157847597502246
-0.02854959045676475
-0.02803026988321086
-0.02848456629293529
-0.028558072977090326
-0.029124475428900554
-0.029616463903817624
-0.029060706290401497
-0.029281511465510657
-0.029545006609068086
-0.029913062594208454
-0.02891940492375725
-0.028993181141642985
-0.030000081005224815
-0.029933218468147747
-0.030012307096987052
-0.029833247206465376
-0.03031577246358633
-0.029816435174017525
-0.02959021125359728
-0.029423189244704162
-0.030548150835918587
-0.029975320223685334
-0.030940165985728425
-0.02968998614991933
-0.0305329559558426
-0.03091969756433545
-0.030188808179932126
-0.03002581265554037
-0.030758567789427135
-0.030967676792402355
-0.03158448030993244
-0.03102956434496191
-0.030845075532196224
-0.03168344848811198
-0.031187453845357996
-0.03097171379847292
-0.03196196057060518
-0.03155608169449859
-0.031231559164198775
-0.03162309631243844
-0.03208895357084653
-0.03216497628267034
-0.03180078570600577
-0.031841268709611036
-0.031689227061385015
-0.032389981704133354
-0.032165486029499764
-0.032160399129434906
-0.03243504458429484
-0.03193348631456042
-0.032744960887014035
-0.03154708773112755
-0.03295780020820473
-0.03299206763716505
-0.032534170459090496
-0.032214185836733945
-0.032489818281536575
-0.033013711970923974
-0.03300214739421606
-0.03349712763232293
-0.03246678791353079
-0.032521518779796525
-0.03351000852105241
-0.033158692395656574
-0.032654192922063854
-0.032783793263867024
-0.03338788700086413
-0.03366825088654752
-0.0336227876267249
-0.03329479324445463
-0.033233321415769665
-0.033493449613626804
-0.03331458967216458
-0.033017397978131184
-0.03387858026542555
-0.0332470120045982
-0.03441092062949119
-0.03337117090364172
-0.033231456594367846
-0.03441661857813322
-0.03414333235406535
-0.03380626857810962
-0.034732323153519234
-0.03459131806053734
-0.033649597050496846
-0.03447851735570057
-0.0346787033945929
-0.03356125008660738
-0.034739971803201944
-0.034044023113870614
-0.03446358482730689
-0.03418759976120155
-0.03513455371025662
-0.0344723995731335
-0.03437399982095227
-0.035171878678919105
-0.03392948738623293
-0.03493779645262043
-0.034277000442484634
-0.03483847940046681
-0.035154915483614414
-0.034311051792332965
-0.035139934311730896
-0.03480736198408679
-0.03542463116836912
-0.03429356548991267
-0.03432800125650923
-0.03531259002067144
-0.03456583100776356
-0.035099157066322266
-0.03550579190942317
-0.035463510367514016
-0.03537009789362023
-0.035682878613406924
-0.035022688845644565
-0.03580482595053131
-0.03467168737019237
-0.03526155753117674
-0.035129087772926046
-0.035202000323656245
-0.03554695001095143
-0.0360345705092113
-0.03571536201023647
-0.03598212731595336
-0.03545452110535686
-0.034968307151004296
-0.03629601614476152
-0.03502547318438815
-0.035345414809955275
-0.03621047976015119
-0.03578815966071103
-0.03542283960672069
-0.03534901295142703
-0.03616462986599748
-0.035645314310990286
-0.0349970313104983
-0.03539869375461037
-0.03510459157453517
-0.035301963884533896
-0.03594873432704037
-0.0360593900399751
-0.035543689393306974
-0.035411749626508296
-0.03618291432655446
-0.03658418189167354
-0.03538144641555207
-0.03588654765797479
-0.03589158390749217
-0.03557136350695594
-0.03590494790588178
-0.03540441472645845
-0.03661774416910141
-0.036398642521259905
-0.03651532768772126
-0.03573227176204853
-0.035758327471955814
-0.03552858136387272
-0.036103152872236366
-0.03583237765343834
-0.036300201721586906
-0.03535474121085996
-0.03569081755360361
-0.03527923094042851
-0.03648628520379099
-0.036490982493687464
-0.036237708881674734
-0.036197992584684445
-0.03530510820488998
-0.03580696182404407
-0.03603144057849017
-0.03563282771703397
-0.03579700940605769
-0.03589394735478489
-0.03576876097926212
-0.036071646389754956
-0.035707978164198434
-0.035759871539436855
-0.03508621693231929
-0.03524698764335225
-0.03613663547516988
-0.034920838662923157
-0.035227927013873284
-0.035841136216942335
-0.036123090655380705
-0.035498890492065394
-0.03613839241171818
-0.03493874341136769
-0.03575211271183133
-0.03620573295851428
-0.03586552351994238
-0.03519959014824398
-0.03543587866708625
-0.03546448755710544
-0.034571181808835005
-0.03558970870377947
-0.0354210047534341
-0.03526649434945041
-0.035221736598552676
-0.03466892439314674
-0.03437365793683609
-0.03466477977228352
-0.035077296632649003
-0.03441292206791957
-0.03432830349372
-0.03480261828942591
-0.03514315087170122
-0.03558524594634921
-0.03425484518221472
-0.03482188000700373
-0.034850228865949816
-0.03422618447963734
-0.03421351900569298
-0.03488020564098043
-0.03457737788655308
-0.034876715926851896
-0.03415500006973756
-0.03497773304352327
-0.03490596291633456
-0.034615900876906004
-0.03476822960726938
-0.03369200771514552
-0.034673334684887654
-0.0348084099914424
-0.033315557779956165
-0.03464112308377876
-0.033189574738343115
-0.03317045631395456
-0.03354173185367187
-0.03329744021725973
-0.03354234368313833
-0.03315390840381412
-0.03279693271816574
-0.03398152868589778
-0.03355789590035077
-0.03273552115080044
-0.03403263129406326
-0.03280309111145574
-0.03370878830788097
-0.03335602415715967
-0.032743663278456396
-0.033410940680808174
-0.03230739713901055
-0.03282066644266166
-0.03271701827651772
-0.03290314560186336
-0.03296495761296081
-0.03186506336727521
-0.03281869208913666
-0.033031798178097316
-0.03167850246517505
-0.032108842172608176
-0.03240058829702444
-0.03224698162808874
-0.03216265302407641
-0.031642967366531466
-0.031748959057093164
-0.0322480905442546
-0.031664804361892805
-0.03179457827809226
-0.03143626316850091
-0.03181243947570549
-0.0312513527115731
-0.031456092256483624
-0.030735890448146612
-0.030293130572389602
-0.03114449309355432
-0.0303378172724023
-0.0306816357673903
-0.030556197676113825
-0.030632046032146643
-0.030568200784464455
-0.029681610207015572
-0.029513920431303162
-0.029570859130655592
-0.029726502620640086
-0.03064034631762232
-0.029901366329238746
-0.029965847232938058
-0.030230464644636676
-0.029110456893771057
-0.03004490536934465
-0.029804484088643172
-0.028920874624960267
-0.029184142863335802
-0.0289778640498972
-0.028336210287775714
-0.0292671994803015
-0.028746388658165138
-0.028993341073877778
-0.02825717858780689
-0.027717999744715647
-0.028464554915672558
-0.028707122287236986
-0.02872371772925401
-0.027711941517366487
-0.027510103968115776
-0.028156927673320904
-0.027455567415066637
-0.027830274400001555
-0.027455719433726804
-0.026456182054407657
-0.027049124814837025
-0.027267704289216092
-0.027336427288260953
-0.02706625157616482
-0.026411671472032223
-0.0265078446413551
-0.026930193362399105
-0.026009029222582723
-0.02632148658882584
-0.025185368425577673
-0.026402054599470624
-0.02594255372924979
-0.02554220553414918
-0.025320274040587416
-0.02548751373820069
-0.024843390377618214
-0.025389652054924768
-0.02489404597911906
-0.02471322869511721
-0.024186291900569177
-0.0251294526443012
-0.023932534228888993
-0.02468219442246738
-0.02362823877147915
-0.02416844056154452
-0.023666887373029837
-0.024225033883012136
-0.023373669295024144
-0.023309584969741247
-0.023606282685849064
-0.023718544714957924
-0.02344452706039885
-0.023010863596255357
-0.022289360711764437
-0.022715274036471254
-0.02209915104660764
-0.02194464784047008
-0.02176307548024765
-0.021135608410113246
-0.02157356711620753
-0.020922874730668315
-0.02214237111812919
-0.021036310987403384
-0.020339719176010743
-0.021584931922510868
-0.02047447570535096
-0.020743199066245006
-0.020127615731952226
-0.020805734843403458
-0.020878764710891985
-0.020009205559764386
-0.019150328195703416
-0.01983082726523533
-0.018827108486797483
-0.01897055941093212
-0.01905123052034587
-0.01908192507203235
-0.018455920824625688
-0.018984840348197234
-0.017848646865451272
-0.018835250034674584
-0.018986717885726426
-0.01810967244464234
-0.01823550962219607
-0.018342559474217143
-0.017618380022897274
-0.0175286717615103
-0.01724336654187524
-0.017632045018413468
-0.0162315954854902
-0.015980838690125315
-0.01722990020535249
-0.016537412937179103
-0.01698160209988061
-0.01530111154764728
-0.015465413845852859
-0.016022744593547623
-0.015935160694976896
-0.015520508066152594
-0.015108384070171251
-0.015261189776791225
-0.015342701213570571
-0.014995340276559079
-0.014190596378743718
-0.014573043408670461
-0.014671307766094427
-0.014196207185802124
-0.01424061283113697
-0.01376001671198694
-0.013059388358155392
-0.013645067857830345
-0.012780419748185674
-0.012480952651103782
-0.013465570919420067
-0.012407982359569464
-0.011762283209954209
-0.011738214256902111
-0.012351156614820877
-0.011139976153983617
-0.010979268423574924
-0.011319884608987148
-0.010909255081254997
-0.010452494602871292
-0.011061708126461864
-0.010266812878755098
-0.011066939180189353
-0.010972223732396837
-0.010329007436387077
-0.01018548095539197
-0.01053281735037983
-0.009488891743727586
-0.009202087301757105
-0.008592061361153218
-0.008570962158563122
-0.008871036720929842
-0.00911510206582475
-0.008940550386454775
-0.007819027465881416
-0.008653074432061567
-0.008389987056279706
-0.008390714184150468
-0.008043911505430044
-0.007049355833791859
-0.007522189577311846
-0.007363689969818866
-0.006585737770261006
-0.006169571546478657
-0.0068400335520079295
-0.006430986370592198
-0.00528454854780059
-0.005763722818067236
-0.005648281894172296
-0.005382881318138437
-0.004945139739988576
-0.005723611212254651
-0.004742985843582357
-0.00439310689215438
-0.003864099640067337
-0.0035554000379079084
-0.004119595342927048
-0.0042402253364471985
-0.003389950917903673
-0.0030341563824668725
-0.003219327864373417
-0.002433019638226105
-0.0033470997932785076
-0.0024543977532973443
-0.002974730003463382
-0.0023986153297016885
-0.0019911618034155246
-0.0014908365748466561
-0.0013918974376552107
-0.001602239035166601
-0.0006805178751488611
-0.001726623321377242
-0.00047556099084578404
-0.00010322253991735075
0.00013269523311190706
-0.0003797218587522602
0.0002559241432727347
-2.9157184580859033e-05
0.0005313831061542926
0.0009253386355596517
0.0007906420595979695
0.0014418843771877
0.0015654063550434509
0.00130759850002634
0.0012833795413346586
0.0010644574155936246
0.0010237393988952507
0.0022749139328185923
0.0015399244213050729
0.0026170098579706013
0.003187540256313406
0.0023831228303648985
0.0035828839811277617
0.0027560939723391955
0.003908331920817449
0.0034147066090780293
0.004131655939700892
0.0034067014383200468
0.0033892864049071218
0.004801592847282958
0.004940854845281224
0.00467335966666637
0.005461943220423891
0.0055399870666629995
0.005654179765526633
0.006122323008980772
0.006285162223130742
0.006094784744104209
0.006598038625432743
0.005839185199555894
0.007018932121660781
0.006916371539570969
0.006245958552388484
0.007187831794204768
0.006852385393666443
0.006602581426483497
0.008249321128722058
0.007947018137923962
0.007955723974124982
0.008030425052461983
0.008734112768269292
0.00899720378776584
0.009039384667304114
0.008239492895475835
0.009338151405304388
0.009382550634289302
0.009438138847319184
0.009515545133655464
0.009544656485205043
0.009290426468573565
0.0099922987363605
0.010514123913540216
0.011080392415069222
0.010853531327930847
0.011143650431299544
0.011545040443660415
0.011620954553924269
0.012156317258445458
0.012305425925352054
0.011510118410685487
0.012552194013791838
0.01178253293021329
0.012275700493960017
0.013159589904810571
0.012868818813104713
0.012587524023412717
0.013790369887320558
0.013527925201074802
0.01415165892887788
0.014178721533395524
0.014418488942984442
0.014722049798132008
0.014263816951782603
0.01407699113585196
0.014571496304144747
0.015483809204726012
0.015126437551448973
0.015484318886971752
0.0147466001421353
0.01568447416857255
0.016354335455345138
0.015860345544902586
0.01547147647451403
0.016839204705226252
0.01568922203467294
0.017025728264902232
0.01640595894393158
0.01640399309361037
0.017668413478724367
0.01679463544101649
0.017566760648722247
0.01724894985277213
0.01702747158883212
0.0172719053478843
0.018168557351729807
0.018174911709687047
0.01790479045849642
0.01802597898069886
0.01912371997375028
0.01879484602449301
0.018420002233159184
0.01986049035453179
0.019337441111411138
0.0202148092907982
0.019415330155453766
0.020222045819777445
0.020741741815071196
0.02034829176365449
0.021007053478433423
0.02015381020893881
0.02111662736650481
0.02012253154191283
0.021115176217930028
0.02059101364855031
0.0206805266537319
0.02081032793687993
0.021129586947773928
0.021601424323196373
0.0226575946112291
0.022499911270224843
0.022149423570650768
0.02231554401659472
0.022234532162084576
0.02260242712118106
0.022738185673903705
0.02280377464039883
0.023474030842833917
0.02273305838619463
0.023329997470747176
0.02382524582726912
0.024090052088324362
0.024237266064809842
0.02473609525652847
0.024732705223109608
0.02493845905243945
0.024975228036151015
0.025339861122535706
0.025511804421814162
0.024255988215784664
0.024702069419794807
0.025796591195861224
0.026083086996470994
0.02620171990919059
0.026294494241546333
0.02553473645035837
0.026288548490321886
0.026023481945600332
0.026109603692609694
0.026390858473202737
0.027203974346136063
0.026170839911602677
0.027295892881696746
0.02631206364517833
0.026270206548458925
0.027306435110592542
0.027638513689043635
0.02762003574677807
0.0273170965804599
0.027458724445419636
0.02802959109942908
0.027603888690504997
0.028374881180866302
0.027605782472949928
0.02841070692484298
0.028940948245699108
0.029008932832787687
0.029065318172863237
0.028754118272980567
0.02852261335843353
0.028758243368721
0.02941615530004977
0.02930752902477561
0.030009727875200547
0.029738228028770967
0.03001917764000363
0.030414406681798702
0.029990590865160743
0.029648912618507113
0.029562951641654036
0.030319408319741836
0.030969506875898056
0.029842642904422814
0.029907507195637603
0.030019601484666203
0.03106075307522761
0.03069519674814429
0.030854689516778774
0.03072130170581831
0.030675750829455655
0.03137097377264459
0.03060529355871336
0.03180992298349838
0.032027427959928106
0.032108037604013984
0.031886273237627
0.03194223444514873
0.0314999806923813
0.03208026315719627
0.03275521849373689
0.031907971693494984
0.032120172989868245
0.032298241146762274
0.03259050814328939
0.03270812237952064
0.03188836336507561
0.03262267454339155
0.03278571134723113
0.03258515511302419
0.03301997088437088
0.03357888019888135
0.033847082834438734
0.033086658074417886
0.03297292142237115
0.03379160258392333
0.0331074230589379
0.03423500329157833
0.03369617795071544
0.034181639630744935
0.034185855456545226
0.03344101945910738
0.03466470879769611
0.03459982560917344
0.034321230577667936
0.034052074006166784
0.0335854719225218
0.03359794849775788
0.03442900668062804
0.03429888672151361
0.035226085447480744
0.03510514445329202
0.0343715424462101
0.03456878491147237
0.03440226342503266
0.03515211168601686
0.03454711899539794
0.03423823855146878
0.03477817692094948
0.034885214445565145
0.03584607999736732
0.03522519215286832
0.03572003867875027
0.03479622562051573
0.03499711934012985
0.035633377734054596
0.03605478021749081
0.03580833954398813
0.03559238598028229
0.03524930334277272
0.035620048918109146
0.035174760632162703
0.03622478699373251
0.03557572815792321
0.035727825273490756
0.03630913427348297
0.036302591150428824
0.036385650476934435
0.03603963485927296
0.03675520349329553
0.03558297456910888
0.03588652779290474
0.0359962574328015
0.035800837110715356
0.03628012571005744
0.036493189506823134
0.03631176344421569
0.036979613947971966
0.03686155102643138
0.0372792147446504
0.0370815195266132
0.03611971511389512
0.03653764108460451
0.03659513388673134
0.03637299084020283
0.0360282862647228
0.03679041223289711
0.03715200612367096
0.03697978876098257
0.03674454539082691
0.03635479150428446
0.03646976299540921
0.037409267135619
0.03763291174837225
0.036450934250667796
0.03682826837824869
0.03695106009722237
0.03761708542814856
0.036555291401668306
0.03746796450756418
0.036367022636639934
0.036909936903906045
0.037573555225236525
0.0364865598188548
0.03759958580151836
0.03690422314666372
0.036873931885702156
0.03662390721249697
0.03708873868903118
0.036994177265463786
0.03660589524460948
0.03669666997930702
0.03752894599663445
0.03730896514528081
0.0376489434533437
0.036812864519138566
0.037130606275081655
0.03766274743481578
0.037994588709678215
0.037675904636479636
0.038015480734954886
0.037494220141158725
0.037179585399515484
0.03658272259884706
0.03743715208523704
0.03658490500641214
0.03771783565066366
0.03700539316184979
0.03684464148108726
0.037029361058269226
0.03727464035074828
0.03687854045959503
0.036638146162987585
0.03702771029863939
0.03782661219576375
0.03795308421681455
0.037520192879218414
0.03763997517309943
0.03778538111396596
0.036584563334837
0.037657719696869985
0.036433008348022496
0.037559660461704406
0.036403824989905194
0.03743620297370606
0.03756924999175707
0.03756862687057765
0.03695946776990464
0.03648434084665783
0.03636705527365102
0.037704174309130936
0.03760942077619949
0.03658253238502602
0.03666181095966706
0.036294528640989324
0.03635318948756431
0.036291492231371736
0.03610843039942661
0.03622519675274953
0.03747031568981787
0.03670095979998018
0.037426650021300745
0.03672299326935791
0.03653137244993493
0.03703900116729561
0.036818967527230656
0.03618513249503085
0.035949620468169616
0.03678818228437674
0.03669874808577818
0.03649939494630431
0.03675542581557759
0.0358642641470258
0.036800747294203746
0.03638739350588461
0.0360267942928656
0.03634747712735275
0.036514209698490396
0.03606137134052248
0.03638243209894016
0.03625641418047415
0.036435259780647045
0.03630371880497771
0.0361993569192218
0.03543794713461372
0.035489158561204284
0.0361556222005994
0.03560511847410877
0.035440416646834325
0.03528852595280017
0.03601993177207916
0.036347865563146196
0.03627474677981306
0.03523421562668197
0.03544921148824714
0.03552045460644916
0.035826825556048825
0.0355685866046579
0.03470897748795774
0.035472677696192396
0.035798125156433075
0.03470427602327532
0.035525495455042
0.03532944780496943
0.03495336379802262
0.034340562890353955
0.03468261922054995
0.03502741512081993
0.03409724894734621
0.03484599179787447
0.03448628739030152
0.03412944315645975
0.034277555609570964
0.034153233848769705
0.03495961812014384
0.03363721485719142
0.0337729244838365
0.03419483632952767
0.033646796911178084
0.03364676316367936
0.03413469880289309
0.033305716574516676
0.03360132782847755
0.034055916530685945
0.03316430450290595
0.034292017960530004
0.033407095172504904
0.0332491077023755
0.033730660616998656
0.033738020301345775
0.034087598882199435
0.03387043920397552
0.03292588605016514
0.032888711417618864
0.03252582173057719
0.033427463166496814
0.03382027288481436
0.033644482331760026
0.03318950205042247
0.03279201386798119
0.03229889541413408
0.03311168936665858
0.03254051886434096
0.03317889916060748
0.03227932549570927
0.03234633710930278
0.032740710722688304
0.03248109413651057
0.03198290201237456
0.0321241058330351
0.032516263840545255
0.03258794149170862
0.03194783869098964
0.03147534978452153
0.03180242102549899
0.031067853919062933
0.03162694683946217
0.03164943217198946
0.03127601034260567
0.031076061921435118
0.03145405553735332
0.031272945327643714
0.03123838654631075
0.030603967816172327
0.03076706862478461
0.03145757361197642
0.03025272726513666
0.03117427654853272
0.03117246940022916
0.03059310115419772
0.031001119547647917
0.03004372525430283
0.031035976438566724
0.03009109206074888
0.03048005194079648
0.030079962116228636
0.029578184804693305
0.02978598082327263
0.029318091161619333
0.02981443024169479
0.030386289989308923
0.030004013255037154
0.029206926465552847
0.030105438708945498
0.029346261790425647
0.029322011871574703
0.02952539900259095
0.02900118372491382
0.029921549087724243
0.028678393705775483
0.028884322240930953
0.02895897266240094
0.028993899149294088
0.028936508497287756
0.028411772149603897
0.028719604586853603
0.027934984389432656
0.028780847049696218
0.02886233537928116
0.028604308266302617
0.027855037709524272
0.02872327355370826
0.02760250901595434
0.02872218232602366
0.027399440247858457
0.028276121964766723
0.028110534728978835
0.02806263230807549
0.02735861870715485
0.02733023074477614
0.02694699296057594
0.027285690366236782
0.027866543710213295
0.02749647956934965
0.026844915359150522
0.02700469382940191
0.02617959835712228
0.026583366906664675
0.026244761993947336
0.025878879155635224
0.026110909318531612
0.02698500206187757
0.02609931778501408
0.02617279035260508
0.025642547182362682
0.026049373970486636
0.02671557751737544
0.02527193894524553
0.025822788961729085
0.02640414473033363
0.025243260351581726
0.025379240525055122
0.02476487687851021
0.02564584734311861
0.025392822365875506
0.02534761176706272
0.025448428037576513
0.024964587144079325
0.025701028120518127
0.02445147727009456
0.02526406395638268
0.02518911112619416
0.024656354609033145
0.024054809128682172
0.024821101567714537
0.024855512654964326
0.024090266790278845
0.02459092171685665
0.02382324835749409
0.02450775688575248
0.024297831572847657
0.023525387480406345
0.024090543842313326
0.023302485075686802
0.023711620779626234
0.024181687303754897
0.02290400971806298
0.023141392739672445
0.02294291287266622
0.02335448266552438
0.0224755516144672
0.023174847737571322
0.022723849367421885
0.02206144690039678
0.02343807135048578
0.0223070908693809
0.02283628958935793
0.0217869414365705
0.022353551144384178
0.02153842646630427
0.022706168212362248
0.022051128862471008
0.021537235970415687
0.022041922320205493
0.021814002610044583
0.021774755883487425
0.022263045169243764
0.021056402289313176
0.021864472338170092
0.02087453872399607
0.02157435089432598
0.021079481777121076
0.021580709120426065
0.021833817292900147
0.021111007610972034
0.020385879854012155
0.020680654787803773
0.02080689112098477
0.021290094618293662
0.020439721901395487
0.020839019942517478
0.020313097493380474
0.02033317274187405
0.020457414125764746
0.020462517877931387
0.020193400615792702
0.019787059439877998
0.019472839839188946
0.01975080171630851
0.020003033115259874
0.019670737751167358
0.019702530338686984
0.01985875402256835
0.01997915398521391
0.01866736085953104
0.019772027225118845
0.019216091636628338
0.018823609591004507
0.018945580415992723
0.018414969994306824
0.018443945132227628
0.019068200621943972
0.018130773550262717
0.01794896482331073
0.019249907317924985
0.018506017233306127
0.017663648058572203
0.018294504622716045
0.018469807307789285
0.018286192565831094
0.017799950223203194
0.017930716238381945
0.018133883249297128
0.017813265155821562
0.01826214232286112
0.017773607429434027
0.01814898958031025
0.01814619146376552
0.017932876982013575
0.017677132379262373
0.017737684777901195
0.01677241344911542
0.016358661677147893
0.017324598676085445
0.017094371620698205
0.01706643057884266
0.016144173360324837
0.017033090277742132
0.01614197601638826
0.015933820773117897
0.01597841592536592
0.016499677966710397
0.016075321030081108
0.01621985701558445
0.01612621858135931
0.015364283122952387
0.01556577120373275
0.015671489886114227
0.01580102166668053
0.01636456123406725
0.015566464504050286
0.015968894095721164
0.015699197650604034
0.01614597968154239
0.015407775474172157
0.01589297758549957
0.015252772902970344
0.014788683806924255
0.014441089626037884
0.01560200910519271
0.014397299815234334
0.014751880114788818
0.014631208527400432
0.013972356822113093
0.01523621719557652
0.015061297040897289
0.014987877511752111
0.014598548171604928
0.013967738131451047
0.01465906440337592
0.013429328042681604
0.013634609273654135
0.014468658583036075
0.014128599849644244
0.013982445561830802
0.014020666058262419
0.013894675670796601
0.01337955889932127
0.013806170158610768
0.013366015474162957
0.01382533947524403
0.014160573625581284
0.013576472638482157
0.013146064539679347
0.01328870218359391
0.013225688136836427
0.012562806550260774
0.012574729348438401
0.013021421329045496
0.013003153053452713
0.012925467065526332
0.012150915896086856
0.012584609947494272
0.012207971626031296
0.01283937835272696
0.011876249908812819
0.01207965399103797
0.012587531327301142
0.011868717591284508
0.012792032166122543
0.011761551593984504
0.01225384910680619
0.011588716721392714
0.01233288250285073
0.012623586518389213
0.011194298931744362
0.011349299458470649
0.011295230783108982
0.011323935782430456
0.0122003616512974
0.01094684912586028
0.012119244760797997
0.011441314472698331
0.0118300410010138
0.011083842778168202
0.011428689632303512
0.011711450013567118
0.010432164067729552
0.010391897620426437
0.010337092632844765
0.010709649833661855
0.01153777245387047
0.010293311234702588
0.010808301999325271
0.010283719902542295
0.010523980751113158
0.010522484646352605
0.01039856761981484
0.00984412553737161
0.01030838853880073
0.010179192291336231
0.01087627364297152
0.01078184855959665
0.010515625917549537
0.009744499857382866
0.010361329916788233
0.009375404228620456
0.010207182204883258
0.010049173751669773
0.009511545614426216
0.010440502960929464
0.009757696237120169
0.009593047385466123
0.00986444021765917
0.009368344061666223
0.010010130655574418
0.009355411337812598
0.009626840101774654
0.00942063124758211
0.009762921900109599
0.009678090861523951
0.009177071808625837
0.009797113110297196
0.009131866514448065
0.009150438664216037
0.008618919696155192
0.009453678853002235
0.009125350865011091
0.009103161833966401
0.008917970799197763
0.009150859473603761
0.008142984609913684
0.008647427257025435
0.007886306385006038
0.007818764668971618
0.007749728292338811
0.007886003044825495
0.008237471543262544
0.007809161648953813
0.008513381082354292
0.008544601894013158
0.00817366646988191
0.008339252030120285
0.00869018929519695
0.008022953875825679
0.007430149058864889
0.008607615907574908
0.007207719872157335
0.007478736508884579
0.008068963442565977
0.007578115125377081
0.00822640288227823
0.007675350118622403
0.008088291999499134
0.007313199344935859
0.007459117046957211
0.006808737081132576
0.006937289691592337
0.006935566014970374
0.0077983804805626935
0.0067659887719964664
0.007395151934399689
0.006998940183868992
0.007831012595038713
0.006383830788786373
0.007138193270263124
0.007654358009214246
0.006708649682686519
0.007539299338707863
0.007487058058864749
0.006734442117138178
0.006501358277843164
0.007316629428248234
0.006187972053157509
0.007382621172853216
0.007278880964921814
0.0064398705357372405
0.005867781021260638
0.0058101928538102565
0.006933067122400922
0.006740400256994415
0.005906535517897116
0.005716392235676684
0.006861752763000617
0.005968399308882426
0.0057030249038608665
0.006746006291774101
0.0056790019333487676
0.00551162185672542
0.0066377921001533145
0.0064063553930992865
0.005636309709958633
0.005829729111361109
0.006409390343231846
0.00580205682422179
0.0056515124562566766
0.005425586319751876
0.005019103481677348
0.005247807757167311
0.004931806519748055
0.00522769104831091
0.00621565719589485
0.005485232080746462
0.005271421599114591
0.006118588482769282
0.005001911319875956
0.005790992099248319
0.005538358531136519
0.00531576654309682
0.00535114737971077
0.005366748493918946
0.004692173210795178
0.005667072504719743
0.004484643862210399
0.0057247550344296195
0.0053445485071155355
0.005787825096310554
0.005092603681035824
0.004430503774311676
0.005197134399189908
0.005596407424867275
0.004612345292609136
0.00516372162011737
0.004287292818961502
0.005127280365176466
0.005423129400750197
0.0046959393232609125
0.004286064974045371
0.004630139611072413
0.004818868650286178
0.005015610099454405
0.0044002632681049035
0.004495760175715377
0.004587143447077857
0.004770545666663374
0.004749167413837588
0.004358333165327161
0.004667467139097311
0.004264529494175395
0.004207910616907953
0.003773535616420482
0.003793380059970625
0.00451372691354237
0.004201951835056024
0.004965956804435336
0.0040756431403540525
0.004898091321330452
0.004823855106020481
0.00410409237510078
0.004209655580777807
0.00427251253784634
0.004553005495171423
0.004212656224219187
0.004273157629135504
0.004297051280284705
0.004436169452992886
0.0037807095612249174
0.00454368339155929
0.003416909660476706
0.003170374724188123
0.004542748176285432
0.003069446165785458
0.0030605670757175383
0.003761741337063749
0.004277511223689625
0.0037173569038464345
0.003986723539600391
0.0038422308961735324
0.003039355221852538
0.0038439082704193024
0.0040491782346513405
0.00297233073116054
0.003662482007820346
0.002848869512401765
0.004124273230088387
0.003509574056639732
0.003801865579790806
0.0033555115656933943
0.0029938495536882066
0.003281321296325131
0.0030575554716034668
0.003939980926429931
0.0039377505935138815
0.0038341917960136307
0.0027322285735455532
0.003858795592475552
0.0028206504617097456
0.0036524355330178455
0.0034621714754782774
0.0026787912713539873
0.003696331995294343
0.0027206948950332303
0.0026475049927450803
0.0029397494586638684
0.002409266501549393
