-0.0008338833656203142
-0.0018756207499491786
-0.0015726651609641138
-0.001057594777595206
-0.0014787810762129068
-0.0010458018601720498
-0.0010739300655578218
-0.002329375901121155
-0.001985612581765323
-0.00199502591855349
-0.001873557376362359
-0.0011497958746873513
-0.0023457240357625704
-0.002521068088924197
-0.001842777372561859
-0.0016586075724140397
-0.0017597958980272925
-0.0013602095717332482
-0.0015902029002329004
-0.0019578946403383288
-0.0014142135560675155
-0.0015579789079538527
-0.0024666213925481966
-0.002726281279776803
-0.0017503786928169843
-0.0015034971347140786
-0.001719190108388016
-0.001716596938558166
-0.0023924814530248556
-0.0016308133515565266
-0.002168239859401543
-0.00224062100490031
-0.0026872040103815414
-0.0023750340676082426
-0.001635978266764103
-0.002033316752068917
-0.0020451488491996014
-0.0027489211180062034
-0.0027571635749541793
-0.003025971649776211
-0.0024957680963261716
-0.0025972631025209135
-0.0024767098823617905
-0.00302078560625499
-0.0020597591428466277
-0.001862381651824741
-0.0029611044205461964
-0.0032523959727086783
-0.0031029475172201773
-0.002967706782839115
-0.0025039337913846586
-0.002623340398779049
-0.0034684253473437187
-0.0024262882118126967
-0.0031524911947995713
-0.003518133673537059
-0.003479724172186061
-0.003559832476396846
-0.0027093572303683437
-0.003448550430651659
-0.002994241172708933
-0.0031655324269345563
-0.003667997316058659
-0.002908508237564401
-0.002403110909279534
-0.0028732609292013195
-0.0024825255754750406
-0.0027242088490709933
-0.0026243310527732117
-0.0026390207719451247
-0.0035906617322054037
-0.003790403780354963
-0.004131566684373139
-0.0031085800117744483
-0.0041481352545546905
-0.004016832203927068
-0.0034982411803102663
-0.0030390607316380927
-0.0028537542757294423
-0.004023717567722118
-0.004144205957354465
-0.00386889703667774
-0.0037567847175749916
-0.0037695713287883726
-0.0036776306341958285
-0.003093745406907359
-0.003203990528479978
-0.0035710796800620032
-0.004273686492005464
-0.003215868032562363
-0.0037065128037320353
-0.004585672195221386
-0.004438611492028522
-0.004468038353806371
-0.004754604042796385
-0.0034475994624653603
-0.004793823295117083
-0.003867043689898585
-0.003680115006193187
-0.004880885316063936
-0.00385115002761984
-0.0041106507146759985
-0.004123596661710224
-0.004360997093621372
-0.003983482978778596
-0.004861701437199805
-0.004241967044902201
-0.004222346615110318
-0.00461850967541704
-0.005073672903230599
-0.004850375604852002
-0.004664490354118875
-0.005104749126982867
-0.0050993267906528595
-0.004797205388200521
-0.005125975759266679
-0.005254337451650151
-0.005117612667545915
-0.0048714975245101565
-0.004782262706141108
-0.004465771586299903
-0.004737091629227956
-0.005228645440348775
-0.0055366003067545905
-0.00488999440386845
-0.00536667190141879
-0.004631085942018745
-0.005672634086760633
-0.005913045093311143
-0.004954546461181179
-0.00489311084559799
-0.005661030377228943
-0.005269435702561248
-0.005195070617519004
-0.006180983601364883
-0.0061163603718245715
-0.0062111465484818735
-0.006523417676876469
-0.005218511411744882
-0.006653388891124937
-0.006248251353965842
-0.006317375732715115
-0.005405422052008886
-0.006698195629198998
-0.005481973425938639
-0.006954218953006882
-0.006896044098311238
-0.005704315034160743
-0.006486439152116265
-0.006842805291619912
-0.006628515966430095
-0.005803463728544782
-0.005909443379554493
-0.006364963027193189
-0.0061227448879262805
-0.006579362801135222
-0.007368613374764199
-0.006322696804527829
-0.00637456279649174
-0.007009379596466305
-0.006780167754165306
-0.006962675604023055
-0.00634321142610132
-0.007182343491561516
-0.007781970293657652
-0.0064803312637211445
-0.007488705003577238
-0.007378229633194136
-0.0071271395890907425
-0.006890091976980564
-0.007283861906254086
-0.006911836937754308
-0.007427053870944499
-0.008000378091902125
-0.007970230082586367
-0.008189441452067134
-0.00803846654886373
-0.007178470560655919
-0.008449179330268432
-0.0077678705525461135
-0.007700635926080458
-0.00878669468101005
-0.008256458952818051
-0.007537703576111523
-0.008910310827250112
-0.007991432667266492
-0.008345027663071393
-0.008797872981900582
-0.00789721587658205
-0.008968242571898094
-0.008267730068877233
-0.008645803996816455
-0.008885103768471196
-0.008457277298463494
-0.008892921291603188
-0.008735309755626731
-0.008683389278824926
-0.00864517481212301
-0.009504220175206876
-0.008899424884073906
-0.009444008486265743
-0.009256576293364181
-0.00966756321373581
-0.009116419750128531
-0.008656687146993736
-0.010074547447065565
-0.009674329027493015
-0.009473329763023378
-0.010172673952622736
-0.009187928406485473
-0.01038379745793315
-0.009452624801611981
-0.009961514293599755
-0.010189467073714037
-0.009343290383103466
-0.010439601183492579
-0.010192437723254524
-0.010333913304194404
-0.009781191489666302
-0.009840278471351964
-0.009981247614076575
-0.009997320668033346
-0.009809053007482154
-0.010200100640519546
-0.010561215568203755
-0.010669537824566375
-0.010324634425593218
-0.01013617984016208
-0.010607910007097654
-0.011455978864997534
-0.011387977496508921
-0.010584987466125776
-0.010716465739270742
-0.011704001682478616
-0.011628357349540736
-0.011653298642897637
-0.010697866315225193
-0.011845321782370195
-0.012068673012814316
-0.012202665651924563
-0.01177277698938016
-0.011733177571316705
-0.011541884208459594
-0.01246304593123223
-0.012499398978373336
-0.012565310230499406
-0.01182342896613324
-0.012352803357593176
-0.011906996112426663
-0.012611625266020986
-0.012467629319766109
-0.01272205146820066
-0.012863629493387372
-0.012861873412451983
-0.013074368020226941
-0.013363236234816892
-0.013432803103098367
-0.012194517523796659
-0.013420866814923934
-0.012719806615621769
-0.012994531175812906
-0.01251928307495907
-0.012539348982815054
-0.013043318808328546
-0.013688571911946681
-0.013484490254835469
-0.014199313618424598
-0.01390208082737866
-0.014469410639502795
-0.013644510145014697
-0.014286205984562334
-0.013465636681788568
-0.014124429309999702
-0.014769765656905387
-0.013913113096343075
-0.013520480172125784
-0.014114196020122828
-0.014103596920454056
-0.014321305074763613
-0.014578451416469301
-0.014907631433954977
-0.01460904604371373
-0.014270693475717558
-0.015175425615376652
-0.014732448415586647
-0.015613584559531626
-0.01498689907028657
-0.014951009934800955
-0.014545087949076134
-0.015783694158487623
-0.014948029742324469
-0.014869889285952946
-0.014963052504774524
-0.015503427215031557
-0.015692263050071185
-0.015496350765454045
-0.016375425046023368
-0.015480876504014052
-0.015803521192598313
-0.016386714687735324
-0.016353003120305833
-0.015753524601487767
-0.01679402421869845
-0.015715019766905113
-0.01599121825288118
-0.01696041088692133
-0.016799608552386013
-0.016910030648872244
-0.01713564459231106
-0.016960180897345623
-0.016624641853251392
-0.01782910819696974
-0.016534651000199924
-0.017869445636674263
-0.017647751867137774
-0.017562660118412482
-0.017589386612607623
-0.017169771588461013
-0.018349665115859837
-0.017314381932734265
-0.017855101879022735
-0.018151495621539712
-0.018087111665967007
-0.018734838487830488
-0.01818697846731344
-0.018495468868664898
-0.019003201786112357
-0.019173395802247792
-0.019258729224943906
-0.019066783612021417
-0.0193160983910632
-0.018978149523308476
-0.019494350893601846
-0.019695748654331633
-0.018561135020699383
-0.01886146808066978
-0.019579228388917305
-0.018967577285610923
-0.019836207516199935
-0.01889458343327744
-0.01973161373470862
-0.019426562075288034
-0.02047239086736805
-0.02021655983282078
-0.020210828837009257
-0.020131796486356674
-0.020042196923589505
-0.020119751724641213
-0.020509464826341268
-0.019874660300497338
-0.02018865333923126
-0.02102145969218574
-0.020280565546511305
-0.020870159979843417
-0.02054499943688774
-0.021471652432242822
-0.02024869269743483
-0.0205936275242971
-0.021412823771032374
-0.020916859101587623
-0.020573545765290906
-0.020671966750224285
-0.020805245380275943
-0.021756965610083685
-0.021867694001153286
-0.021327834128135888
-0.021972427703473397
-0.021741456652571413
-0.02123890098312429
-0.022463461492809096
-0.02268287566433182
-0.021699047767294664
-0.02167142262419325
-0.022336213693361064
-0.02202662824216542
-0.02285012623159697
-0.023236150461919423
-0.022263078091456247
-0.022844551105691342
-0.02293857430224877
-0.023703809286746955
-0.022384224392220455
-0.023667713587113857
-0.02352903420902716
-0.024041570010247232
-0.02307881571856669
-0.02384467195294056
-0.024122970945179123
-0.023089039043734116
-0.02380777564004729
-0.02447399110849171
-0.023327080858050287
-0.023727269663317615
-0.024530870381986397
-0.02493723048588849
-0.024896961646449722
-0.023864664431292842
-0.02503198882328216
-0.025156609728741734
-0.02449961233402699
-0.02441640238321222
-0.024583540750056053
-0.024284796449400025
-0.025310522389412168
-0.025148949424603467
-0.02456273307672247
-0.025910647493507875
-0.025087190051335775
-0.025797039735381767
-0.025918895730030877
-0.02612017727970958
-0.02507674150164556
-0.025435921714297878
-0.02522068430248457
-0.025493092943516343
-0.025802040227069396
-0.026501954086505613
-0.02578553958607426
-0.027014299614004266
-0.026726901166641132
-0.02648260485484266
-0.026100659159390888
-0.026156903300288973
-0.026220314389004334
-0.02626347127125752
-0.026202456222391028
-0.02670214053075415
-0.027224777410988027
-0.026914562644371674
-0.027690669771632658
-0.026788814667710298
-0.02757233224947756
-0.02801021404432717
-0.027148873324241266
-0.02754152879756923
-0.02840944775266749
-0.027423636739268356
-0.028156733122955222
-0.028033846101362492
-0.02811076240374997
-0.027803184140596723
-0.028280127055259646
-0.02785528778440052
-0.028962902098508693
-0.028399073395796073
-0.028443145468866254
-0.028302754949954746
-0.029407858126515054
-0.02939066525702058
-0.028989536126230907
-0.028169496564467537
-0.029736727853624516
-0.028738470182457277
-0.02952492752537872
-0.029655524614519202
-0.029258982530118896
-0.029305961825166017
-0.02996625122902707
-0.030225997243122752
-0.030168659425319006
-0.029752152207560875
-0.02981878161981478
-0.030071001566883682
-0.029672275034806447
-0.030074312979390547
-0.029422758171733017
-0.030740066917828435
-0.030479012557458777
-0.03093987670187408
-0.030254238639685144
-0.030038955819544744
-0.03058919715669702
-0.030437375961469202
-0.031101593745071012
-0.030114507674602806
-0.03047465939366441
-0.03087091388046378
-0.03109869865307475
-0.031130333475415436
-0.030963390236561587
-0.031657005843271406
-0.03046270698121651
-0.03179254853212253
-0.03123045369833549
-0.03160393547981356
-0.030934710992998306
-0.032125227594044035
-0.032262286554666515
-0.031689061981481206
-0.03234711203246108
-0.031871258494366526
-0.031484993007902445
-0.031482930241279884
-0.03214241134482812
-0.032104887095162335
-0.03208053987009018
-0.03226559847117684
-0.03296843898451487
-0.03187701350292054
-0.03284475718584178
-0.033038499858400565
-0.03186199748025685
-0.033111101709064304
-0.03196220279862891
-0.03208282366359139
-0.03332495078197027
-0.03263384861984604
-0.03352614905354126
-0.032598629843693806
-0.033697317227469395
-0.03251908608201526
-0.03306926828275496
-0.03336775518358304
-0.03340959112134568
-0.03324956748294825
-0.03271375032921587
-0.03273654935013214
-0.03287140557733953
-0.03420198240745524
-0.03422955493502411
-0.03316910470313768
-0.03426820345534925
-0.03356539938452402
-0.03414452704551287
-0.03309151518189877
-0.03374865104521175
-0.033867478163760366
-0.03430299402237893
-0.033258310834100184
-0.0338161339515136
-0.03349317225441795
-0.033486231381003456
-0.034114726615743295
-0.034989387726294785
-0.03357597575923765
-0.034134158666765
-0.03459455462558779
-0.03438998764449867
-0.03386210696907087
-0.0341333207304379
-0.034439362845128656
-0.035268324012606704
-0.03455719646868961
-0.03440298390281139
-0.03545369823201324
-0.034860238813418966
-0.03425721095688595
-0.03553614851915914
-0.03418275063697327
-0.03514034987492984
-0.03514153847894227
-0.03540310083802455
-0.034724932748454486
-0.03519038497018988
-0.035558373270933384
-0.035334837055253684
-0.03526237052621055
-0.0347856862434314
-0.0348577486109154
-0.03524204888894498
-0.035072162058976245
-0.03481250586953766
-0.03565147763234869
-0.03528743103565277
-0.034827715579654306
-0.035343945309167006
-0.03559617343928217
-0.03491563388501803
-0.03569365727721404
-0.03588057783781022
-0.03568240180767934
-0.035614943872103004
-0.03544424285232715
-0.03618134263895021
-0.03627264669684373
-0.03509392300243425
-0.03498296448145471
-0.035185570696211386
-0.03528606869678161
-0.036173476803971656
-0.03561565236281815
-0.035488919031036854
-0.036303726735408895
-0.03632944986323363
-0.03628325821550049
-0.03626749661039363
-0.035115989972785165
-0.03596855791492303
-0.03539837400306397
-0.03551021723869774
-0.035359403534788635
-0.03548937248179518
-0.03592834921954678
-0.03648808891967382
-0.035837802271261376
-0.0358672067114122
-0.03622548024515661
-0.036492372786884414
-0.03665706444023673
-0.03602269123086153
-0.03539046793983374
-0.035950661147681355
-0.035848397023708296
-0.03640061885191186
-0.03591199635452154
-0.0355717736934895
-0.035875889052376625
-0.0352859701040041
-0.036624890006988514
-0.0356785399549871
-0.03645435959170709
-0.03656093184576983
-0.03596082666991081
-0.035420590758588257
-0.036224543324361494
-0.03531501544222085
-0.03545174260487062
-0.03567844263876393
-0.03577173078158695
-0.035109658478264326
-0.036066323890326546
-0.035958662853455364
-0.03614218949763531
-0.036190001119260615
-0.03559018741716307
-0.035722578109712015
-0.03585592867980862
-0.03504546222926766
-0.03503827606356488
-0.0361705121853426
-0.035600424232161414
-0.03627314960499682
-0.035688293333795966
-0.036031251416300376
-0.035103530022679075
-0.035125154798861635
-0.035428013024509486
-0.03585322855363637
-0.03497696266464785
-0.03600875973251005
-0.035217540221840364
-0.03577884612971296
-0.03591422750902083
-0.035360155851943145
-0.034681515698316706
-0.03462676136608192
-0.034789191629406004
-0.03487549141485304
-0.03548784786657633
-0.035328921166054794
-0.034688544587151524
-0.034521596758100556
-0.03476540409365638
-0.0351505947358039
-0.03495149969442612
-0.03456162845203169
-0.03509833645889801
-0.034103525304405836
-0.03398648109820661
-0.03484449810925742
-0.03406619128123305
-0.03380441651724433
-0.03436161132001027
-0.034954571062930886
-0.0348480245689334
-0.034171665983356525
-0.03447297976650473
-0.034475703124625674
-0.03372781457241716
-0.03442325859640056
-0.03366851209379712
-0.03437586053233455
-0.03344668396742699
-0.03459663553662511
-0.034042079510767945
-0.03434780382772513
-0.03320287067776826
-0.032927466724358395
-0.0338084369716041
-0.03361902787445283
-0.03285247699173037
-0.03378386471577766
-0.03345462776494067
-0.03262260772770912
-0.03341500355438193
-0.03315156052410418
-0.03316498533170178
-0.03317609358512143
-0.03268888160710396
-0.03349540146529182
-0.03300815061811456
-0.03231887995793333
-0.03270216302731007
-0.033139124702451755
-0.03218825004257311
-0.032264524906675376
-0.03156561980151277
-0.0316385104162335
-0.0321002187190485
-0.031821974163022404
-0.0313682499395807
-0.03115301417136746
-0.03225203950727719
-0.03129875561412438
-0.03148276598763621
-0.03172266828195326
-0.031149678611973836
-0.03184510945859925
-0.03124525018812962
-0.030490512400522203
-0.0305532491289535
-0.030999431407738202
-0.03133812433847926
-0.03069074921212424
-0.03143378582920784
-0.02999088200914503
-0.030276207502449557
-0.030072929241191378
-0.030143230081791036
-0.03076831501123274
-0.029570352782320838
-0.03071353755205643
-0.03040590442783324
-0.030400550973247103
-0.03002230045840578
-0.029237304993817725
-0.02889108847003901
-0.0300390476091375
-0.029557701275725115
-0.029221129137126933
-0.029457623753449267
-0.029345463886564335
-0.028442296935973957
-0.02825463100512932
-0.02834241276280387
-0.027854391304820553
-0.02890145194686018
-0.028638103555008624
-0.028400349550650975
-0.02799160027504709
-0.028531795690748634
-0.028074523148922653
-0.02790181554216392
-0.026979645997426808
-0.02728774540494022
-0.02687779493252148
-0.027868293277519593
-0.02775114600632183
-0.027329776159722895
-0.027668706135921123
-0.027425595459249493
-0.026049316065435785
-0.027028517489871853
-0.026461595255090335
-0.025653794501089802
-0.025764168462372092
-0.025655706811223804
-0.02628629616214392
-0.02521746555498949
-0.024937150290321373
-0.025915470136087637
-0.02598336106574813
-0.025287024998857786
-0.024660797298688895
-0.02508163763613378
-0.02448268824731553
-0.025281231941545596
-0.025037796537592024
-0.02502813919748336
-0.024439794186343133
-0.024742666896025674
-0.024191383179958153
-0.024221394900091384
-0.023510447052569904
-0.02303961590650804
-0.023863571809409147
-0.023741205512174096
-0.02363658378892623
-0.022465877069108364
-0.023421050754132644
-0.022382656343051432
-0.023138517746767284
-0.023152467136802458
-0.022137102481307538
-0.022747447172512748
-0.021736597195820082
-0.021826675311275714
-0.021915102059423062
-0.022084509294846965
-0.021512185420015085
-0.021751651875778134
-0.021491245665577
-0.02127333453443766
-0.02106346633041134
-0.020630329418060995
-0.020638692217727073
-0.02024382799047061
-0.0201875110489149
-0.01972447407481632
-0.02049928348508317
-0.019510911532164388
-0.019771778881233826
-0.01895964506495254
-0.018753079040597153
-0.018677679828682753
-0.01939171720701044
-0.018945414862634596
-0.018246002435787372
-0.01804882167956933
-0.01798236991551503
-0.017693981454838203
-0.01783886180365456
-0.01727684442905798
-0.018201864712877144
-0.016962509011935183
-0.017373506277243187
-0.01712017712510629
-0.017489978710865956
-0.01643141837842
-0.017223359459720887
-0.016573305702288075
-0.0165101077299656
-0.016169284106049397
-0.016121698227549903
-0.015655622665775824
-0.015183093298750228
-0.01467381426213105
-0.014692440059151041
-0.015489957806206957
-0.014247553342159698
-0.014379088007850316
-0.014827601160394683
-0.014467848564557646
-0.013468320440832321
-0.01360891169774628
-0.014100402241257491
-0.014332357455363813
-0.01338537652249372
-0.013561341943873892
-0.012428648368788691
-0.012404098674854222
-0.013293039851693642
-0.012331532748523714
-0.01268829575190794
-0.012916684849358354
-0.011918988981307221
-0.01148112750136695
-0.011457202067163212
-0.01086869960684037
-0.011111342169593535
-0.011476599908178594
-0.011277452677102714
-0.011265934371117534
-0.01095824681940898
-0.011056023756654217
-0.00982391876526067
-0.01013051887314036
-0.009570681574527484
-0.009046699786877879
-0.009629086604376343
-0.008748181836068795
-0.009292678312128985
-0.00855548843720541
-0.008563602288693897
-0.008084974790117503
-0.008157197278046596
-0.007740799339817452
-0.007811565203726514
-0.007791257164476037
-0.007619173644237309
-0.006963095615515772
-0.00707234303183713
-0.006697149568340666
-0.007443345839894528
-0.007014165904298624
-0.00626665710224314
-0.0055854471399856866
-0.006079543508590396
-0.005081486737565011
-0.00631542237769947
-0.004945507885655483
-0.005336372904912068
-0.005022683767114483
-0.005591858855000397
-0.0041770542062528485
-0.0042339442078837474
-0.004178825355657321
-0.004317576062075752
-0.004399194386534262
-0.003338326998891809
-0.0037223136700155284
-0.0033842439689391944
-0.0030707012372663245
-0.0025132759359498035
-0.0027747379820590745
-0.002164966089422237
-0.0030257925424956623
-0.0027205855538505125
-0.002071871598235925
-0.002181751144922232
-0.0019702752604327614
-0.0020470881898171246
-0.0017372331322131052
-0.0007561890261012283
-0.0013034446005448597
-0.0004897267224113633
-0.00030032500809565126
-0.0009520467243102182
-0.0004427470267739696
-0.0003786634059598381
0.000393620493522218
1.1012952212945384e-05
0.0013826996471999267
0.0008427733127009103
0.0014041171740927121
0.001300173710197741
0.0010881075362609942
0.00238564820502248
0.0018723603489663972
0.0017106709696260755
0.002282578411854281
0.0022359043580711616
0.0030191572691223483
0.0032273512423827686
0.0029438509855134122
0.0035949413667898233
0.0028326965177169912
0.0031063502599407906
0.00437833962360688
0.003659623098554515
0.0035068483561008857
0.004992106067323518
0.004087218844117984
0.00465742525406059
0.004707415256283957
0.004700246247341575
0.005705412964122895
0.00592619171693785
0.0058555589663234625
0.0059807420539456655
0.006653669614392499
0.006056799776276177
0.006291367880984404
0.006169929926360925
0.006691799948299567
0.007525211196874313
0.007393723769227179
0.008145556161259821
0.007596322448016933
0.008246071358463915
0.008454048196604487
0.007622384853708422
0.00829527290663093
0.00868194488954795
0.009113381695604262
0.009401589488701007
0.009945247768159549
0.008887664612590428
0.010041344142656259
0.009368026749069142
0.01014437316809231
0.009738996746455618
0.010384806886305322
0.010086737405268538
0.010458565149540315
0.011195430041495917
0.011297088924198267
0.010851280365930268
0.01150217687369282
0.01170401724056675
0.011768534998331491
0.012100091331060731
0.012390562184721532
0.012241722998156995
0.01330063020694807
0.012944960731668672
0.013697848315688281
0.01324769944947466
0.013696323183032185
0.014016611318225023
0.01305152532641096
0.014436908556571506
0.014340965460078412
0.014658756677525846
0.014976005973321747
0.01384181555819783
0.014279244886728602
0.015443088562961112
0.015165212689883986
0.015369238120962919
0.015540995110742771
0.016272731033057885
0.015265484332180921
0.015823900033976275
0.01652504447934323
0.017104313200800626
0.01718595407002774
0.016953882666551966
0.017149764612766162
0.01715115692030633
0.01661021258376105
0.017822659150394125
0.01693767558216124
0.018033953438328563
0.01789906684603722
0.01876955168358723
0.01758336310326114
0.018129184769192105
0.01830583571455247
0.01933494543203996
0.018222587944282664
0.01883784832310141
0.018680638163444035
0.01961706572149201
0.01940396714555131
0.019189421091235566
0.01991359598156457
0.02076979876085261
0.020021985816598357
0.021105902867728142
0.019803985146499403
0.019973084544816812
0.020585416584765707
0.021531031724218778
0.020623329622149737
0.020636486849487
0.022042972486211725
0.021946293866798954
0.021949268393562694
0.021240078437702474
0.021429905383840243
0.022880059920525466
0.021809959901493897
0.023196246754867676
0.02213762417627373
0.02281646704601165
0.023309366921721364
0.022951044769447187
0.02300595682572043
0.023105225596793632
0.024049691010893454
0.02375485013384717
0.023446000358384612
0.02475116902258932
0.02446216476679593
0.023948759317896664
0.02454754863026512
0.024646007598698713
0.0243724890313602
0.025072253312433446
0.025350866370249626
0.02499792692953447
0.02579257722879663
0.026163947541840784
0.026220896574483447
0.0259214220277899
0.026679760277805123
0.025373915669647088
0.02583818454224413
0.026988324830728154
0.025880382918888414
0.0266095719314942
0.026495965178251608
0.027161145686674333
0.02723050463303193
0.02702092265828735
0.02666185910653828
0.028095093819535122
0.02703566670736218
0.028111020893483853
0.028437150436190436
0.027843220557446067
0.027922372267581236
0.02832799090158252
0.028559654276923127
0.027939728668213717
0.028287751182046048
0.029161580682260796
0.028326740232070564
0.028250428912635402
0.02883542827619263
0.02857866010962858
0.02927757200510236
0.02900697790388959
0.029764947830115004
0.02929490364075452
0.029535912136449304
0.0298772929477093
0.030306869701695088
0.029988577938513332
0.03083512121409955
0.03012915652637127
0.0298117754761962
0.030234442778067933
0.03081719992019679
0.030631486341308023
0.030814803677924708
0.030607438407457704
0.03126321912005241
0.03171471612935872
0.030468518026224526
0.03135897064717938
0.03145474304433591
0.030837510597694413
0.03139386454273483
0.031932396846381335
0.03200503217193502
0.03126731767453998
0.03274515293895804
0.032425995694130134
0.03196686392175356
0.03152551911742639
0.03296295586265805
0.03198904855728677
0.03227509335512982
0.03218164980820872
0.03318656125895556
0.03268636457239532
0.03296550815760617
0.03247029241550472
0.03316241182665885
0.032696632926409626
0.03369206284866803
0.03343220749592311
0.033444967546637755
0.033308809272629775
0.03423079543839325
0.03422814256602925
0.03325373418873346
0.03443808809728932
0.03400129083701989
0.03406223097899959
0.0342310957684775
0.03356978800700844
0.03431732432550997
0.03399024125631861
0.03492694364383041
0.03388072351949445
0.03466870117165717
0.03481903479635025
0.03514783944898365
0.034934801508175135
0.03453792348202395
0.03421448612621592
0.035589996634005513
0.03531721937292829
0.03539007169989321
0.03549805578217483
0.0354579414346161
0.035327222453743104
0.03594893809318527
0.03474464984710331
0.035229961584272794
0.035573077294804356
0.03544109047154675
0.03565064403077948
0.0360759200898639
0.035812815949828346
0.03551291108381736
0.0357755521405718
0.03526437739435682
0.036568066844210066
0.03619977283530985
0.03661185593306619
0.03643258921875405
0.0363120240683986
0.036320556863575944
0.03681079916563183
0.035665716771524046
0.036525824619625724
0.03606307185708558
0.03613352090248445
0.03624610147398013
0.035718429366135
0.03600946994786564
0.03673706786701995
0.036519751419445655
0.035877726078595115
0.0366392645934327
0.03631717623462444
0.03619052292116528
0.03730328546744558
0.03714556611822827
0.03676839908122352
0.03628818333987002
0.03686682870974734
0.03671326946888844
0.036488146080521
0.03646270370501682
0.03623690776812097
0.03767135749752942
0.03747494882675943
0.037649803200111125
0.036683761818154886
0.03632460164455554
0.03676692348338009
0.03630162538543918
0.036385053282280186
0.03670362404032149
0.03654544160119038
0.037164879627407624
0.037899238183628316
0.03693610190864153
0.0378992221690404
0.037513166020149556
0.03757493456125853
0.037787417095365615
0.03748884212940227
0.03727772478853627
0.037784013879825655
0.03773887839320226
0.03688055174599976
0.03683706172027344
0.036734941222228694
0.037651712835485206
0.037024685343838785
0.037401499615161135
0.03695975396263235
0.037049015228847335
0.037192236719090055
0.03732669572526677
0.036957679691119225
0.03727083181676616
0.03798481838122672
0.036550273673948294
0.03768023554129919
0.037146602564733955
0.036605805969961894
0.03675498091732974
0.037369417408080925
0.036775775007894154
0.03744173403036968
0.03767559703760352
0.036644118606915105
0.036914005991304864
0.03694941029628879
0.037239081720055675
0.036804303242817776
0.036945474548646044
0.037143383467800384
0.036795408235653575
0.036436389984239675
0.03731592892722175
0.037018033862037385
0.036642083151263334
0.03668385654617281
0.03636969818357368
0.03730251627448457
0.037228533394053256
0.036444706678069955
0.03630127825642644
0.03652530350158629
0.03729178586298174
0.036982313036981074
0.03756284527580199
0.036433765437430134
0.037544587303865715
0.037059001458127065
0.03610904467471224
0.036779480034639066
0.03746550884875871
0.036493100415488144
0.037114074245269954
0.03645481970599801
0.03724758079371925
0.0360774205047595
0.03668879566418014
0.037305913924381165
0.035810459650633036
0.0366281759427351
0.03669962930819879
0.035841352044056425
0.036746925239010006
0.03661961493145014
0.036295076243240854
0.03645097314554831
0.0369154931516259
0.0355070930068057
0.03608322645068652
0.03564223184268056
0.03564248147625738
0.03583564351360424
0.03626428516930175
0.03617474282195756
0.03625166831253724
0.035503943017244945
0.03587924664743428
0.035487604854208876
0.03640240997113773
0.036399988707277044
0.035985667471104106
0.03601983125905877
0.03607138423534347
0.035259949387744634
0.035124954739465156
0.03486218624938245
0.0360678231296707
0.034935741453228836
0.03511605857676914
0.03560640813948288
0.034754029047547555
0.03451705290283419
0.03454170784790452
0.034336089776805356
0.03488391995958853
0.03497369411545723
0.03417709356877658
0.03406831418758383
0.03529134007850334
0.03446041804529123
0.035082840363689735
0.03457945839579927
0.03424045396620585
0.03425819588512342
0.03491028022514415
0.03396945755234001
0.034717398844346964
0.03374090645711414
0.034815067298433505
0.03375386150473075
0.03369493146848713
0.03338445771147435
0.03341943782592601
0.03454774873124886
0.03328460965292889
0.033461952418131505
0.034077746889897384
0.033227026254484246
0.03334386218890207
0.03294829960651515
0.033720326899636076
0.032650168250595246
0.03295537358298818
0.03400741619168385
0.033888784434989265
0.03307340571344873
0.033031799748252856
0.0329419906754319
0.03306786388198219
0.033543220525074184
0.033101833673382416
0.03208377439164185
0.03293161583990341
0.03308728197860451
0.031962957737786284
0.03283569497246692
0.03262805633623321
0.032663019078195486
0.03179512553326992
0.03289298154567186
0.03274297108289127
0.031941606939401616
0.03260838536600462
0.032053205142227356
0.032258146962303134
0.03142488850105213
0.03132458674603069
0.03208603884870714
0.030877400868136045
0.0310334378447189
0.031072133717584143
0.03133525022873543
0.030798721146598804
0.030940332544981252
0.03031990975146837
0.03161538807995459
0.031079687867070844
0.031174490060345315
0.030257533160609057
0.03056649062787261
0.031318982031528
0.030733610636470964
0.03088228247800951
0.031062032736777743
0.030056493113368138
0.02991597433611979
0.029797774680293654
0.029788133614631725
0.029263217231773588
0.029726848652802135
0.029745873517231982
0.029839260660232934
0.02987653569264577
0.029534468068008104
0.02882440192651638
0.029276005099347597
0.028852503368689827
0.02935075825889065
0.02889709856992683
0.028740836228300804
0.028377173531624063
0.028998488942608956
0.028840702723955867
0.02883324389205582
0.028437733036403668
0.02907071479427441
0.02819569809405023
0.028878993113213926
0.028257346467664993
0.028792420381850963
0.028815422047526292
0.028541841527178664
0.02741835861375824
0.02731272268276513
0.027769805550220624
0.02703784427675394
0.027417369478401635
0.026925262069247384
0.027999652593451975
0.027605196993929566
0.02730077308746768
0.027261198059734384
0.027651902523811053
0.02744597051931471
0.02657199598497704
0.027101738459474486
0.02751503939913506
0.027233497597125615
0.026314774785342707
0.026195720563924173
0.026680224692212998
0.026318385281076093
0.025669610242453074
0.02614433732451601
0.02539912236901879
0.026349680390051103
0.025947350906423722
0.02573583406166105
0.026332554567805654
0.025167132426836505
0.02506010492950462
0.025355876538789533
0.025371053382398295
0.025055068453195314
0.024902099221372563
0.025362696820353414
0.025470909140935874
0.02564801102989891
0.024421994278803563
0.024536381887984512
0.024906721726783466
0.0239310797029512
0.024915872767303542
0.023868863227229926
0.02398694237691462
0.024338525181536865
0.02446551939578714
0.024025094756305355
0.02390253732039141
0.023661952125239187
0.02427904578617776
0.023809480713499663
0.023587067436560784
0.023885096054671907
0.02297222783157604
0.02357770247837014
0.02312574554600463
0.022711882048922723
0.02314079131501155
0.022747621527671142
0.022273195755953563
0.02226772440345706
0.022713365131929293
0.022307642264675177
0.023197616648239838
0.022346706312757793
0.022393998700669056
0.022485480228633895
0.02270212231884966
0.022894747040016407
0.022175702835102777
0.022602054699282725
0.02130621450431889
0.021532887987306067
0.02181696272554229
0.02118265408612578
0.022336492684582043
0.021790568357268128
0.02195832131193883
0.02157628638352625
0.021560103475179514
0.020803222933299476
0.021148150441528762
0.02173961662300441
0.021011503257736524
0.02129458177905222
0.020326244869373386
0.020747950494930705
0.020884539213533584
0.020785837163260604
0.02113611014865911
0.020689414769980978
0.019508401898553945
0.019444582269049368
0.020214731281446633
0.020478611959340986
0.019568875763410973
0.019730590698033706
0.019253302837425084
0.019882364474337846
0.019698562602748097
0.020261039053309157
0.02005801561252471
0.019750097867176998
0.019851097532546876
0.01895762349111459
0.018374766700360645
0.018658976729952016
0.018303919065256594
0.01933966435208832
0.018740212450632527
0.019083063779299997
0.01855096025183417
0.0178046218794583
0.018858592637762125
0.017752661105260133
0.01810197420820755
0.018726373881877433
0.01786276644865499
0.017673013923149298
0.01779014418063321
0.01845312741688787
0.017858560799880522
0.0180162150636089
0.01789923575816775
0.017050221051427426
0.01683911395960032
0.017641874988313634
0.016871725238260568
0.016720421130798496
0.016522995962370217
0.01664578473816843
0.017061342126164166
0.016253923958110473
0.016399795104408733
0.01646425539965424
0.01686023276331513
0.016396014398763765
0.017015045032318314
0.01715678557881067
0.016972495362903992
0.01680146430164237
0.016458353343070223
0.0160511760870456
0.016594432489656717
0.01580275394341039
0.016350786602861277
0.0163508444335861
0.015597130980117615
0.01505975248302974
0.014989864085424433
0.01608141284015191
0.014704684818015129
0.015559883940004833
0.015773962799690427
0.014888266004297119
0.015538843661274556
0.014652502403201675
0.014956533660363163
0.014785306886612167
0.01475419961578098
0.014561961230375573
0.01479000702373793
0.014692271239335999
0.015302151388250125
0.014767171870176368
0.014662744289958602
0.01431852568471306
0.014010596205800153
0.014357864846848272
0.013974771292377883
0.014500546287566718
0.014186824644117505
0.014349359502230638
0.013747338469642028
0.01378432566993233
0.014070293772788345
0.013084779317044931
0.013397885440439197
0.013200902850614846
0.012911998806009054
0.013803777877241331
0.01368421594584708
0.01351570444986026
0.013440800291394259
0.01235136465982474
0.013563152195102955
0.012836576046510853
0.01280360202309873
0.012377178043377282
0.012678752993628722
0.012907365490405814
0.01229857958874305
0.012576775482204533
0.012452539444638587
0.0119971170569009
0.012096546358960052
0.012947970179748679
0.012489006091362744
0.011629258837250056
0.012224500189258043
0.011450594452118823
0.01190384833560658
0.011179398349783437
0.011826058258928275
0.01134256565393641
0.011459698160300132
0.011618232246473318
0.011355340303078474
0.01119060834938494
0.01178502296815978
0.01171397496326831
0.010680813406407039
0.010551781872633758
0.01115727874077193
0.011416543279786497
0.011177392169560827
0.011075758547367632
0.01031525933175645
0.011046821345563873
0.011477323265845909
0.010625239670933768
0.011074296212347838
0.010661918942762624
0.010195282735685802
0.010778366373279847
0.010785664886110621
0.01015449285188258
0.010967070515239614
0.010263515807110324
0.010283734008101434
0.009941461303275573
0.00994913798131997
0.01064219064565933
0.010576736026194692
0.010696350986178696
0.010207223267010491
0.010386978152526625
0.010251906909163392
0.010243160087838724
0.009316348489534321
0.00918074818401393
0.00954594493435709
0.00965569169962926
0.009147649429187476
0.008762814561897038
0.009317559886544187
0.009334685455338314
0.009145113364254873
0.008781860092933524
0.009381159665699012
0.009686724332849608
0.008706134150592936
0.00909934384719407
0.0095711570627637
0.008324674900575658
0.00946770685152874
0.008886285907261907
0.00939669575681547
0.008473864468899498
0.008793159738919264
0.008121787463972466
0.008168502033611335
0.007716927577237599
0.008606921596026891
0.008354232297465763
0.008969965511050499
0.008005392288030513
0.007508255205368093
0.00756478984906217
0.007514714238478963
0.008490596909904021
0.007365198134223371
0.007671832239132122
0.008434250008888361
0.00834302106887557
0.008440789641154075
0.007808929885448735
0.0071321091082059635
0.008108279850841147
0.007753933009600939
0.007352595318164345
0.008235071074180401
0.007411695184826313
0.007227334718547124
0.007851135832817017
0.00722043582656468
0.007423098407876466
0.007315096034828134
0.006787992135345395
0.007672369521320058
0.006512041579001069
0.0067202639295579816
0.007535801763297656
0.007156420936115704
0.006944139725595231
0.006794214162496281
0.006303718480843632
0.006501706379170719
0.006425408861903232
0.006877936155250737
0.005989312845578224
0.006747568701096415
0.00682629584950991
0.00657652565055413
0.006872254338311899
0.006311286871825114
0.00702877550293504
0.006963776642728179
0.0063335502008521425
0.005949051352477626
0.006754959417414453
0.0061868771152634484
0.006801310450896377
0.0063540706220945355
0.006727646246027088
0.005495302115131267
0.006703061398371777
0.0058444037799062435
0.005810758697509929
0.00595189541052156
0.006055515729086897
0.006266291008611029
0.006404774863348606
0.00613722618606848
0.005145680275427337
0.006467421398086087
0.005233095494100249
0.006136735346672633
0.006053405871908866
0.005424525606262611
0.006028070670448363
0.004808948464700771
0.004849062883939465
0.004854130694499447
0.005053463771893735
0.006127553257041129
0.005076760926791413
0.005479066909777421
0.004839091974237645
0.005145779027746166
0.005192864138836255
0.004925188190805411
0.005609982557919146
0.004562872443872027
0.004513059528142937
0.005740710887430695
0.004755252559977494
0.005696149800349219
0.004782785065849611
0.005022544788376792
0.004375931112822143
0.004451473589550117
0.0055635942797175484
0.004086790252470571
0.005088544038986683
0.004443653909792278
0.005085685942867072
0.004303420024862997
0.0044277865061817644
0.0038952423008328727
0.004412373287175258
0.005197296311502312
0.004203917794380271
0.004626073937893775
0.004995888027514742
0.0037576736843177526
0.005023651372799629
0.004102901050231826
0.003781010499277815
0.004910552856824903
0.004416490473550719
0.0041762427365392195
0.004671414266597752
0.0034883474600833674
0.004712935876706029
0.004801241299538718
0.0034991291290266025
0.003891621714016818
0.003831681331760162
0.0034487698389637183
0.0045245479109595685
0.003320526907208665
0.003277367716590121
0.0034450055661079094
0.0035208201786134713
0.00461280112035521
0.004223882957949789
0.004210098614145226
0.004058429372994682
0.0036749957373074242
0.003912458889268855
0.004449359261497264
0.004343224572515913
0.0031942934105319855
0.003953129562732971
0.0038036944703373383
0.00376782693605046
0.003248160839396884
0.004092389314941557
0.003804051008063764
0.0041771650496451405
0.0035888080560474464
0.0029848748103049137
0.004210762356914947
0.00365904369206153
0.003599061517279163
0.0034205848947683358
0.0031444438622037587
0.0038950975079153475
0.002837057081916906
0.0028584548207020543
0.0039393755098439615
0.002603647529321122
0.0028200168455970414
0.002767950833548252
0.0033255906764778687
0.003149271345144314
0.0038279189277348794
0.00286307320981088
0.002759501427451799
0.003204288321481131
0.0029383599754130036
0.003296245584488141
