0
0.02894034113160668
0.007436888060024297
0.0415028112182587
0.07426834903043422
-0.01476085538892307
0.08065230843173657
0.06879609311898663
0.07152720778571311
-0.016359833634580472
0.01720468371210069
0.05052473757913071
0.0729692105660452
0.02172177125227517
0.01323219889830687
0.05559610354297964
0.05589252111641487
0.05820119013659449
0.07204898031556561
0.017934297357853436
0.0062007515349018875
0.0017903747726807327
0.07720405701460951
0.05509800282071761
0.06253345746983897
0.003875759033107041
0.026093283794456665
0.017397989753868647
0.007928201532046722
-0.00838881668534365
0.06130454191208022
0.04182844654767357
-0.01441087901450027
0.01221875741062992
0.07527423200058408
0.03844443988436616
0.04311646819992798
0.013685444934530343
0.03277206766736658
0.057877091042074544
0.07348528215526337
-0.0077174090766422496
0.0610982682623324
0.02053589115040265
0.026916844775752725
0.07271324524148343
0.04514198404462123
0.07715515000184014
0.034616396923470495
-0.0021641916702862148
0.07147258771301117
0.034204164101804414
0.005259195423137315
-0.005628551046993325
0.041755492323111515
0.07014710239351789
0.05758421170573344
0.011270226171516785
0.07348018409968671
0.0167853200881205
0.06384656375292956
0.04101155011019343
-0.023806923325380997
0.05375295706966547
0.008358306083050538
0.0021968834109612756
0.018683911192980858
0.05058955941102691
0.05475989622551025
0.06511429221956533
0.0012869216194137181
0.03034225870597219
0.06386407391821633
0.03179309700304931
0.054609901003696046
0.037470088113049915
0.03768417636521958
0.049964447404913265
-0.015098488873029623
0.010322972038811419
0.03008805398875725
0.008755930488942812
0.032004973181985585
0.05526216171828599
-0.014277572477223435
0.02110803387792717
0.03643992673209917
-0.0145555505293683
0.05874029774948964
0.0654061024672862
-0.004136816066796667
0.024849328986022906
0.028942175888300378
0.015379545099179902
0.05379874703507835
0.04610916292308276
-0.022961000390802115
0.03378008625851446
0.06229268191265918
0.013871063116320581
0.016096590668889174
0.06508426913809931
-0.03078768937948019
0.010816841917602828
-0.021836971869211394
-0.011780678192344362
-0.02365230503836898
-0.010144052470606478
0.026487590147391132
0.0582905037356225
0.05311531013677044
0.06180790526658418
0.007601794672818782
0.006221359721250708
-0.009916061271189307
-0.033954258376762275
0.01758556402937412
-0.017856017492366538
-0.010808750800095874
0.009014682684177572
-0.027668392463878522
-0.02642398927331334
0.02150950254244853
0.0184028410493799
-0.01936487015817923
0.02717017738375642
0.0025346761388335
0.0356434056033265
0.04092005490731708
0.05784696647910029
-0.013025901462595007
0.031479735871482645
0.05248606233136704
-0.016099363794506157
-0.03138154717943764
-0.019801749671338135
-0.008114901847106462
-0.00980315966435951
-0.018002088487811665
0.0003639058424210473
-0.02332580860474555
0.011689398558547344
-0.04452674445299612
0.03539329688685467
0.004946833624719024
-0.002093172454523652
-0.0020451391025292295
-0.013981810114947694
-0.031620082852239564
0.0013755205903816375
0.004024037335592465
-0.01791868616478741
-0.01798964347469406
-0.013751450033916021
0.005303507726353726
0.023848675259994158
-0.0275755784581047
0.02296349996335121
-0.007883460212051656
-0.04491736251244369
-0.04715090655779172
-0.022540238406078578
-0.04396310493590115
-0.001668878464206984
0.02373660831506908
-0.04554999533453494
0.04624261600344851
0.006640085807060936
0.019580207657286054
-0.03219069361528658
-0.020413525698799312
-0.012353458739908417
0.012223226657947284
0.04481359839657208
0.01277034614608006
-0.03283337026887455
0.032073584892967404
0.0035124824455146156
0.031998391929224795
-0.04034201503395278
0.013841329898668861
0.0005726810596118626
0.0022982808568843896
0.013438816141300061
0.04086394964346423
-0.05339809523553357
-0.019354521836145964
0.015115749125105327
0.03936272904281697
0.022786193472671384
0.02149164844482826
-0.031208495155800396
-0.0014413650416291932
-0.0433619797680626
-0.04180636968141459
-0.059585296359585496
-0.03248033566425704
-0.02644586107040412
-0.015180399638249964
0.03351429791624544
-0.047448513640118595
-0.06445957911474952
-0.030854720855781628
0.01745921049015635
-0.025992708895988294
-0.03790932861529974
-0.042394870677981436
0.0033986083517624777
-0.006754525026917105
-0.05494843329161565
-0.04242019688630145
-0.05834293620070276
0.004076586866634188
-0.001160840339604105
-0.040806142894889624
-0.005417995110461232
0.0242325913804997
-0.031278646379042145
-0.026957376910255855
-0.06943356027541063
-0.016716471001807023
-0.0037047753513975296
-0.003132812984797631
-0.04809369344477546
-0.01822598456849283
-0.04681110094521093
-0.01609312630217135
-0.011886784252726157
-0.02214808933250826
-0.07480277684984829
-0.0004074832722211763
0.021655293044030716
-0.0591495669227875
0.020596811932851497
-0.07638455949873879
-0.07058990606562089
-0.04653440589557612
-0.06068599809553273
0.015065876087823837
-0.0765228095122337
-0.06429135031694727
-0.07446590582213382
0.003493039500465034
-0.0669871466628265
-0.022416437615297546
-0.02643804845707605
-0.005009691297907376
-0.06923697414552919
-0.013195550103330456
-0.07965266104606192
-0.023626363004093542
-0.08293070388071648
-0.06415264671575854
0.01146785049916614
-0.018291792225104755
-0.05568103649675
-0.036585084713993396
-0.04236030592807994
-0.055941557689660144
-0.07961640571449848
0.0005889112213643827
-0.01224298352137182
-0.011648892491520471
-0.0815576850442183
-0.029854090611928397
-0.05063134840658555
-0.02660178877156827
-0.031198069084407615
-0.057759443869160834
-0.012760817074196754
-0.07622439820427404
-0.0703972053662076
-0.06062355391723865
-0.047540755029873136
-0.07130380676781624
-0.0688054215484756
-0.051231763281820025
-0.07797894067977237
-0.08023357326280404
-0.057880443686764295
-0.09608832505052678
-0.03590217179290718
-0.014787641783154407
-0.006043621427609627
-0.08010315195353848
-0.051867236344427095
-0.06910660503429364
-0.006669308926325418
-0.04886476756617582
-0.06651459572844712
-0.07670175792878584
-0.10676794754105651
-0.10602086201789034
-0.10376786019048757
-0.07536771606833387
-0.08335069676216836
-0.03874784040545731
-0.09046809930285937
-0.06203246058601841
-0.049835949445042695
-0.04146398894204492
-0.054271527543878845
-0.028983068514999544
-0.015139220925126401
-0.09684491872410747
-0.10907394521135255
-0.02896089223340602
-0.08134594986262389
-0.041951498815818014
-0.09367940507583092
-0.06061027920688139
-0.10540710316440624
-0.09472557049429067
-0.11784349060581828
-0.11285269175444133
-0.06007074050125786
-0.10769448327635148
-0.0646878576504029
-0.0534984188474687
-0.05634801107002997
-0.046859623869298
-0.069521225539555
-0.08194733110162922
-0.06519518955782216
-0.03568717149118017
-0.028043504787893928
-0.03646860003836577
-0.04727185037972648
-0.041362115960802845
-0.0938712465854229
-0.053935836052759534
-0.08598900985707189
-0.11616375530528633
-0.07478989232741862
-0.09263439554054104
-0.035724091085093695
-0.04962395286576274
-0.05269081001417322
-0.10275564908180071
-0.03355774006650239
-0.11030748840558842
-0.0422566659877264
-0.10226831458176076
-0.06317709905968104
-0.05941638696364679
-0.12688296325436157
-0.11272830942947198
-0.12562126067780377
-0.043120465406701836
-0.039721072829138684
-0.06051445194850946
-0.12948824178469387
-0.07691892028421041
-0.08091372380967451
-0.04873617107376016
-0.08967851857467059
-0.05467897583117645
-0.10645551259746615
-0.09067425139637031
-0.08858893394285525
-0.07510315818858099
-0.06089097053635538
-0.052069022374401475
-0.14566757524459198
-0.12824085460179024
-0.14280927412148703
-0.08089109438647957
-0.13281622110041522
-0.14013634777019388
-0.09877702311339592
-0.07682813353973747
-0.10967906654440873
-0.10138206420991272
-0.13516273867294676
-0.06750180573571435
-0.09699905896131003
-0.1506077956328896
-0.07315272110467749
-0.08312281534336867
-0.11918860129770692
-0.07775920833305323
-0.14219496733678835
-0.1475509911052177
-0.07646950677873011
-0.09829417121137676
-0.1344297440701642
-0.1131076459747064
-0.09203459661533109
-0.0894554285187855
-0.10429979171941689
-0.14722460658311798
-0.146976923385824
-0.0906623095105255
-0.13518068441068867
-0.1456967543732045
-0.11161787735788625
-0.09657249687720534
-0.15619503714762523
-0.10006231967044536
-0.11884685487836547
-0.09807577491726888
-0.07832783851673152
-0.09739956756684758
-0.12299319705262324
-0.13329320540226433
-0.10266910556150656
-0.16666589874941895
-0.1286919369908532
-0.09777494518559385
-0.14211807065559154
-0.07832640687058597
-0.12166378996275345
-0.10103068041592475
-0.13708762237577107
-0.07598418970021391
-0.09458936236058349
-0.14319940703187897
-0.1764602792507272
-0.1536490141526687
-0.1209792564880505
-0.16734048785239494
-0.17217135984605786
-0.09545610021302339
-0.09417768928893971
-0.12833059434242086
-0.1562110423511985
-0.17000963423779641
-0.17861220266939584
-0.1420113518405501
-0.12792793896928317
-0.168095170150573
-0.11911241081592024
-0.13946566544858707
-0.11188706255150321
-0.1340615052639337
-0.17199523692779187
-0.12338957146916102
-0.1450179557226786
-0.09900791544999997
-0.0903097662472193
-0.12256751931631354
-0.16401828007690705
-0.16176448010855615
-0.11106824018182987
-0.14226962141743493
-0.1158356664594807
-0.18924873598732855
-0.11076466266718102
-0.1273795153857762
-0.12148322698112575
-0.1260126552708921
-0.1676656470729175
-0.11405874014245596
-0.1345824281997907
-0.1646143315890448
-0.1649958459730923
-0.1777285539130337
-0.15565860434347073
-0.1253494966844606
-0.11956629031822255
-0.18082691938735845
-0.11321848653658592
-0.12557647413672401
-0.14388858047360364
-0.17717355482646033
-0.16675923781536256
-0.18343982631086114
-0.11185615611213755
-0.1387716702997598
-0.12595245153027118
-0.17141979326202206
-0.1572113088510325
-0.19829682596380144
-0.18052069310581814
-0.1902899497299784
-0.17703730113718988
-0.15172369432440602
-0.15440484732421178
-0.16513706965456026
-0.12985195092430063
-0.16314543461486403
-0.12833273690144129
-0.17412860254074491
-0.21143054601897604
-0.17524413294050978
-0.12546610462655564
-0.15457369183411915
-0.1775721890008662
-0.17582745166324426
-0.11636012538907609
-0.20459433539366714
-0.20342277575288364
-0.1436222107851446
-0.18647607036048436
-0.16413040373191373
-0.16928027906619017
-0.13803779856830098
-0.20411667261877417
-0.20245399982046636
-0.1817686780158572
-0.21535122373282276
-0.15350919938919771
-0.21653360481486564
-0.1600280612041344
-0.13931149258712938
-0.20559163157752977
-0.13686203647474088
-0.2134266871981652
-0.14133363730692544
-0.16182687983484476
-0.18288722816708483
-0.1385358513570694
-0.18649807640415447
-0.17153340778450574
-0.1852860915281771
-0.15220964736294418
-0.1555573414756471
-0.20452955215760502
-0.17535092419447204
-0.17759960582969964
-0.21977329910704327
-0.21015126173621682
-0.22373650294958666
-0.13971728022914198
-0.1288797830266255
-0.20516325159525967
-0.2053533735774819
-0.197430379751428
-0.16102841929785439
-0.1955719819866613
-0.1546388468092013
-0.1769468572471356
-0.14997106783869077
-0.17900315778085613
-0.1786237571834707
-0.16669814707712893
-0.21525943722226754
-0.16807092078671287
-0.2038329330509983
-0.20915506169241316
-0.15186258718652157
-0.153036126531982
-0.22347969036441162
-0.17295858199546274
-0.1501551723361786
-0.20803873620553093
-0.2268967847926171
-0.2164341123093864
-0.1601301697172976
-0.13659530850460572
-0.1466934931241756
-0.20700648444814124
-0.14883686358323578
-0.16458203746521588
-0.16541310650616786
-0.2150894767825113
-0.206321302240526
-0.14550803159992579
-0.21560832935223065
-0.2094908175712492
-0.1957848695950719
-0.20483546111271797
-0.17630494944095865
-0.16832365503110724
-0.20658480695129372
-0.2160367663696772
-0.22097006519230583
-0.23456102008926338
-0.2177066690178543
-0.15063657571386938
-0.20578519055254638
-0.23343944580617823
-0.17590449215737086
-0.21077008769475053
-0.16695024901759892
-0.2216386201800679
-0.18684956462345392
-0.19711411668884196
-0.23431821214055937
-0.14460707782889437
-0.22845571761589714
-0.22458639242968154
-0.23637934608484298
-0.2237207812317922
-0.17331229022537992
-0.20205874521110118
-0.15876109326428336
-0.21013648077765623
-0.22241343187794457
-0.19441014701575315
-0.16840783816316046
-0.2232693934715811
-0.22740387781083532
-0.17042132875717203
-0.16283220974520768
-0.23027646403334973
-0.23240790153098861
-0.22676081681894852
-0.18378213123002204
-0.22235415066292485
-0.19238394899287242
-0.2072416845832615
-0.16676844315022452
-0.20626479186273763
-0.2297454803444601
-0.1945536412873605
-0.15100008634821285
-0.18764906872419002
-0.1837472458004887
-0.1561226273766825
-0.2085102076772369
-0.19905591097219646
-0.1440895475072395
-0.1594389500024766
-0.21457906417309122
-0.17211399804094576
-0.2281942531894186
-0.1825932034224128
-0.14514409195893757
-0.19788231934692432
-0.22843177453231187
-0.1980262100784581
-0.23011993517439278
-0.24048127862231805
-0.1576992153931256
-0.1630662784605173
-0.23091055920241685
-0.147492370608784
-0.15806940590782953
-0.23084304848814036
-0.22212035090865537
-0.23325891329750917
-0.23980785361065954
-0.14311034806754822
-0.16782089034455105
-0.14138429164646793
-0.19454205164859706
-0.14633465882582405
-0.17728267296931427
-0.20691547227490076
-0.21687344813322057
-0.23806842666251188
-0.19476667296795497
-0.21484170717814777
-0.17567905528392905
-0.19872993268594336
-0.22709198698103236
-0.17007350894106477
-0.20439099841517655
-0.22067494669652116
-0.23162359675696795
-0.2024389220365677
-0.1860382322260815
-0.20630194683774142
-0.13888239222571666
-0.13837392391325087
-0.18378275625361618
-0.1796025577207815
-0.2290528587863978
-0.16309089612764635
-0.17782504308268637
-0.22268885640485878
-0.1426541914172814
-0.18596720474788153
-0.20206132936446666
-0.20273028665987053
-0.20508702059315148
-0.1720384763647788
-0.16462002445333612
-0.1841290230609094
-0.1567977086271418
-0.1985506116620027
-0.21125395835759317
-0.16159822583348277
-0.14083811032518553
-0.2057990064377447
-0.1308006443950403
-0.19587648990396303
-0.1642138632775032
-0.12687694160916016
-0.19546245263160852
-0.2080553734864776
-0.20803703977835408
-0.19651634833089887
-0.16317941250124313
-0.1821274061812128
-0.20650043453267333
-0.15368621999162002
-0.19802811573613976
-0.13019215438577217
-0.19528041605751728
-0.1765237614868538
-0.16025125244594335
-0.15354566595786112
-0.21078046625240182
-0.17481586441841424
-0.19384270433131193
-0.17166695504366908
-0.21552610693762012
-0.15188359250373246
-0.1999349333340814
-0.17274745970561703
-0.11969346485428256
-0.1751411657570805
-0.12230882487492604
-0.13137621738375813
-0.14379095719274065
-0.16620112358614306
-0.16559206981200417
-0.1346167522252971
-0.1887530985941683
-0.13361485652625626
-0.15674879929668434
-0.20637901496932726
-0.19410524965194542
-0.13499070473284575
-0.1175022457116607
-0.13240424001503404
-0.1808649341681217
-0.13124614817522376
-0.146652413677557
-0.12508552390951747
-0.1416469866593951
-0.11645584801488018
-0.1807060446755489
-0.11350912699166144
-0.13225821978546065
-0.14693831139627853
-0.13307921353847457
-0.11439792569463222
-0.10252172171500383
-0.14852418252771538
-0.13923468798404706
-0.17849859752123504
-0.17960851013286205
-0.1481387970320437
-0.1436865658855131
-0.17059824480549368
-0.17280893169363437
-0.13490941577964308
-0.1305256761400329
-0.10472257605107715
-0.10042194691731593
-0.15008141332277886
-0.17433658956936474
-0.16997635262968805
-0.10566707490745836
-0.15862804586030885
-0.09683386080253346
-0.11577835294414432
-0.09827522560181252
-0.13179196830533454
-0.0930718242266332
-0.1213849480820492
-0.08215307622163749
-0.1148824376804534
-0.08506710901919332
-0.13583271908422423
-0.10524686131565603
-0.08684907475837693
-0.15865359530336892
-0.09117170182637097
-0.1654893163201377
-0.09257474809372764
-0.1697562060471137
-0.09471623648331974
-0.12737692493725233
-0.13617533798486742
-0.16101539040596077
-0.13261672089273643
-0.11514799888416585
-0.14816500109902223
-0.1592171285248531
-0.12246000904444676
-0.09882920245665495
-0.15608490057026747
-0.06369304322746808
-0.0893119792451586
-0.07787806505406494
-0.15591521625559973
-0.06724265965166544
-0.11794169263453075
-0.12299761901254275
-0.07743732011003979
-0.05720523537644913
-0.1177947908206338
-0.06256280251630783
-0.06204971257980352
-0.1106801221082731
-0.05067836546797291
-0.1347630090101061
-0.054893206945561046
-0.1307352538454252
-0.07052168162228732
-0.05740234614496981
-0.06498224245717797
-0.09723240881436657
-0.13036558062761236
-0.04921882584300116
-0.06262982923341921
-0.12090113295999086
-0.11569148763427756
-0.11037446170223755
-0.0387289964953199
-0.04577274835319323
-0.12579214191939259
-0.12628367896094145
-0.10297518736577604
-0.039683466150003996
-0.037352875011321354
-0.1175372488511512
-0.10720657427709449
-0.10193321620918246
-0.10799094463045075
-0.11247975142139492
-0.07170370943233283
-0.05893135852143121
-0.10176883469005472
-0.06845695831010694
-0.0736949994957817
-0.02416031601197595
-0.02480048378864938
-0.08460123268019909
-0.05402307055831449
-0.05345011597172251
-0.020850825215070118
-0.10566061002620283
-0.08077643958251558
-0.03623286679041322
-0.017938287155105773
-0.05468296232546848
-0.03822546434245433
-0.053188060728492866
-0.04829626232625431
-0.07068164939134931
-0.06426507785158514
-0.07401853111358991
-0.011138259686190116
-0.03433096458925471
-0.021683152158565977
-0.07972645316108616
-0.061433061194748256
-0.07510066969958168
-0.05369676662918642
0.005664945232142088
0.007535566631511809
-0.07103805387216584
-0.0167088789524025
-0.04628095669681852
-0.059303311398203065
-0.04743817427404742
0.015847503151773815
-0.01980162391004245
-0.02239600578296315
-0.0441432545583281
-0.06929893824828554
0.0034719007066360136
-0.04292848680285951
0.018117999849292438
-0.015268550171379569
0.03179753163376356
0.025151450427949112
0.010856780615378814
0.01204481931302663
-0.04308911049369246
-0.046316791135467245
-0.05046695198421541
-0.02070809013147675
-0.016114620331680644
-0.02499474942714342
0.03105123380370308
-0.04088834280621682
-0.011117318771484828
-0.023628990172870214
0.02065259086851074
0.036139651807746496
-0.021796773523221614
-0.022612133470368764
-0.003247793347438098
0.046787510258393374
-0.03138674938501418
0.044727828570784015
0.035775370395358885
0.025457094160094985
0.03288161035781216
0.00023767830180488475
-0.028748816020168513
-0.026357035597559517
0.010418771276057552
-0.019010005438669278
0.0689443588996782
-0.006393268106625421
0.02370163900394449
0.036652037043894345
-0.006363378995502378
0.056581068620234064
0.020805549425666845
-0.015362475105894495
0.06364367002708983
0.042402475104998054
0.04833428974392896
0.04962024737340704
0.02824279262485789
0.029293510714118162
0.03560697264483459
0.00567719448608256
0.051162186819692736
0.07813073237797112
0.058189025142524615
0.06846365927375872
0.09390445842026054
0.05696150987416258
0.01136865140765711
0.0611814339965709
0.034231060917722
0.028881297452864975
0.07250339486554767
0.053369378012376276
0.03656426752269102
0.04601174822301747
0.02156413569251759
0.07942073553815916
0.02305568888909404
0.03986319292128994
0.06479491434381118
0.04248543645058772
0.027004894714469246
0.10074830980420921
0.07694400980529342
0.04950472919108037
0.0872339220299841
0.056702526049603415
0.0936957095449362
0.08624004154369447
0.05681222019297914
0.10281390551326286
0.055886004779998735
0.09112404687864564
0.10231444421403131
0.058312872802563996
0.0917125282554593
0.09551460925808666
0.08853367691893402
0.11588825469428934
0.0842201593892071
0.12467678976368457
0.10051300863024192
0.13381801804669502
0.09182525296785068
0.09509194117536245
0.06615955530734169
0.11504635548684623
0.1072751592592339
0.08029136005972154
0.06022416836527674
0.13526401844278643
0.10438734529720592
0.06887982153745323
0.11612957945322934
0.0979122433158407
0.1378551372499834
0.12849915547140178
0.06475457828100037
0.0822334734844989
0.11076052231329238
0.13678718408504065
0.07953094590671601
0.15656039150699344
0.0902291131300725
0.09051091390218605
0.16341650908780558
0.14975372214436877
0.1326930033098886
0.10127262973748084
0.15570732689845837
0.1654635902894307
0.10721170614555817
0.17088519302513705
0.1048602433402263
0.1577281705886992
0.11460486211587785
0.15011022628606563
0.16408453597532158
0.14613047013693198
0.1855766043145184
0.18999578923940158
0.14979727205156443
0.1854036262754252
0.11239249285586128
0.15981803037101708
0.12923419930001234
0.1669454802505705
0.14909982738809324
0.14764211062560978
0.12817049652661106
0.10729101758632006
0.16550412442678258
0.11380534638024331
0.17933051743126535
0.1209766101913658
0.19681056971450234
0.14104285739190606
0.16165915110318685
0.2110659038443758
0.17413312606923848
0.12389899909234642
0.20942859647810952
0.13625960113301008
0.12025965530190556
0.15797687846185984
0.12944348067431347
0.2049116373612031
0.17941467412954845
0.2026878616237694
0.1724962408010509
0.16287939494136788
0.185860021748837
0.13111283734962004
0.21910978188528224
0.17058919745036996
0.15273506027494924
0.21449985477653372
0.19286407516066995
0.18249441771512262
0.19941242683353688
0.1736174705043253
0.15565042365451517
0.15401061364825855
0.2121018806862559
0.14332338760832355
0.19769244519702617
0.21108838432143534
0.19113711499906988
0.15044558314856124
0.2181120039180618
0.19110660813537153
0.15534064924624807
0.19109884223907764
0.16254240967376166
0.19271174393423193
0.1693390259074683
0.21351460236607928
0.2045126323611618
0.19713166918506578
0.2143418147726555
0.16902517011587223
0.1735671426911252
0.22201736018286694
0.23454303608693675
0.20460160901395533
0.19615527679921282
0.22616344293203078
0.20285552118119174
0.21881404003403254
0.19172013113601144
0.19109366344318718
0.2027071318096066
0.18178675076215087
0.2535872860447015
0.16932430557387818
0.18641969513193446
0.17209669932944954
0.18575787620755674
0.20511367807594827
0.19211425547233815
0.1895066331401961
0.23992473956027693
0.19455519587621653
0.25251948734345797
0.19072881853433435
0.18014221754668663
0.24994422174896708
0.21325094070780762
0.2607371132895942
0.19528465777846485
0.19632374623761048
0.24158113207399518
0.18675263887816618
0.26123974046784226
0.2300190369362489
0.25253506238532347
0.2775742320025433
0.23758789464903807
0.27769781585024106
0.26349761582063813
0.2613573684800421
0.1954665947706354
0.21750427845986373
0.20817805798126032
0.28184514457977533
0.20376317458555687
0.19762209801770875
0.2532665077987585
0.28227321877142164
0.2506158607594124
0.2027353832228232
0.24924385115820163
0.25339596363938865
0.28509303761691984
0.2951607909897915
0.23303499494221325
0.25373282965271143
0.22662381376087154
0.23597522300827775
0.25456822528565726
0.2778479861461131
0.2579719717795182
0.28145705908055363
0.23500751281433258
0.24074592040888562
0.24533170090203382
0.2709374710120678
0.26057236533312567
0.2686298339488798
0.29856386320482164
0.25206729703661895
0.30229980400538736
0.29926681979371894
0.24241733268534435
0.24502980842195152
0.2713830890517068
0.27461223526885026
0.2845160154152888
0.23955344802511674
0.24859256351590292
0.2898766364474916
0.2693859434422791
0.2427161263584586
0.27422808821844424
0.2942421027265062
0.22352604858994632
0.311443004706697
0.2232415190253549
0.2522084217762502
0.25301399577383815
0.29990353403131087
0.30623324441834715
0.3081075635025263
0.277862417069145
0.22592952703006783
0.2966331257317822
0.26233682593930496
0.2406674302680251
0.3010036088417395
0.2591401061327347
0.2581490191266637
0.2562278855015598
0.30192914172593255
0.2838266675327269
0.2516151388560912
0.31852002737017615
0.2654466814550272
0.24773672757949416
0.28587452731409935
0.30565579560798994
0.29941276625860447
0.28638239421047923
0.2751392252164535
0.2935597107450204
0.3083701601808447
0.31539098602024424
0.2827315842205362
0.2959406820182465
0.32074670310905373
0.3113307427456305
0.27460645197453426
0.27049454127607897
0.24163854777939767
0.2504578877716449
0.2678769287886654
0.2995682831882483
0.2610776464750446
0.28005157008409703
0.2512549056288217
0.24404200629620548
0.2525763083976348
0.2911667920212987
0.24398627233760337
0.2764040085334487
0.335548929058919
0.31567439192964175
0.2768103072834112
0.2635004141188745
0.32728387194252684
0.2979863942519154
0.32156324979032347
0.3092935483776383
0.281348379712274
0.30363114993678264
0.2598333580353454
0.23921795198901707
0.30305737027415713
0.26654413846742747
0.24142400407269024
0.2642301618702456
0.31267148345813844
0.2560653454281202
0.30501692699219574
0.2894535705125657
0.24356676490623655
0.25992807816531066
0.3301620518095431
0.26779481375066894
0.24145966274738204
0.2461406611684521
0.30397522223364515
0.32203709496666294
0.2812073166707747
0.28517674014978417
0.2505903674219696
0.25106729575187126
0.27789078396193023
0.2875318822375452
0.31188925352238545
0.28919150351098444
0.26372122981390317
0.3180477670994437
0.3242638636201614
0.2917639496659089
0.26272500934553167
0.33642466213347016
0.3005129418686928
0.28807327684786616
0.2814584309815255
0.2531627614361858
0.3316694625500676
0.26031470563343834
0.3368589351032629
0.2710027087025362
0.3234495956755778
0.27705089409194894
0.33352617842608434
0.3405050939799608
0.32337127481580896
0.2687337830704174
0.3291664829605202
0.3179853695143938
0.2974442420184993
0.25121958418681734
0.2628062554367037
0.24356869603929152
0.30987203422357573
0.32427686768186476
0.24357377478346093
0.29212789056347505
0.3238645712031025
0.299991492370271
0.25858048635295316
0.27209409636759974
0.3326775877325403
0.2730309602885766
0.24254575660630195
0.2543920842433945
0.2507049281756774
0.2871762489401283
0.29773952772750034
0.3359305558007298
0.2522585425793769
0.27587028447386464
0.2693715722601334
0.2651330540979818
0.2702270949009894
0.32179699374941784
0.24312428592937693
0.33698017838178734
0.27227719744590934
0.3206340275455961
0.24844191873391575
0.29723130313451884
0.2659633128367292
0.24785702334558818
0.2502663127022544
0.30430132238488516
0.33388945951510185
0.2720287740183926
0.2609533684096049
0.31756356029181354
0.25530335053563796
0.3169591094632309
0.2754973247520514
0.2953968695414262
0.2831061549031474
0.2670930090498596
0.3329213418890489
0.2930704439231117
0.3253642804757497
0.28480335735353085
0.30828204598541487
0.28174303707724857
0.2743156129941908
0.31749292178877764
0.28562354081686725
0.26211367340197533
0.31886937041232927
0.306395117426831
0.26952337631271966
0.32418198553613375
0.23658937996876186
0.3168725508765205
0.2709751499190694
0.2788652507133993
0.23271978006803806
0.24883398876403184
0.29233483234402946
0.28072952323762024
0.29918793227338486
0.3054880723096343
0.23907826371947405
0.31903639383473015
0.25732318355127276
0.22679350230891832
0.2520723439765095
0.25894899189514187
0.28538408602569965
0.24581081391324572
0.24890972450970297
0.30383974302802136
0.24057149915866993
0.29884830507244553
0.24458749660765203
0.30700232145784967
0.22554448202188912
0.23851942520831304
0.26516374067980286
0.27683628390486964
0.2713596541937444
0.3141406252074863
0.2516221427392068
0.2313124222063526
0.26996170098626426
0.2904811019460045
0.21608941493314637
0.2641770194535343
0.2897202976860516
0.28957218223493375
0.26789730704209896
0.2793020802735602
0.23029968136903128
0.24928128325709703
0.2839683191892975
0.2664821444997241
0.2136569165245281
0.22941850226169838
0.21093680003303056
0.2672131756391851
0.29403843660055184
0.304264676707536
0.2797513964601006
0.24159082884060762
0.30243682270102207
0.24059997121787716
0.21109618022527532
0.2568925831102312
0.27900569976687395
0.26444652153095144
0.27432557472717045
0.24672109056088598
0.2564706952367443
0.2195007280222725
0.2923173171448529
0.2118395742135972
0.22467653017833997
0.2541608754799294
0.2033573592602086
0.2404107957495702
0.23362055538356397
0.2981146126904506
0.2787625969339832
0.26382988237117455
0.20840161907087332
0.23982824693006488
0.28747291624431254
0.2042993870929589
0.27389274217477544
0.21180714259342712
0.22595170131113487
0.19734483502301622
0.26824745491507257
0.25936141865571244
0.2915612500185242
0.2551395503443955
0.23724230959980003
0.21837456830317775
0.1989649717734911
0.2620667693010539
0.208860056112449
0.2102472885522548
0.27258284697065344
0.20520237057568433
0.19693083881841467
0.28183450274475763
0.26922188190156776
0.23696384968013293
0.19566985565191794
0.20514940617343533
0.27701706499842804
0.2284583547124242
0.27990718059998465
0.2783520389320274
0.25475853015868644
0.27892446129060955
0.1952855720206466
0.19666355150662448
0.2713054366909263
0.2747577888567767
0.22297175001125685
0.2298370241906216
0.2566982341163021
0.26511776630298367
0.18158051958092378
0.21308592904523968
0.25277322444610695
0.26644721469495614
0.19185545419556688
0.19012793854435983
0.2208669969690305
0.2672801158049922
0.2002133170222161
0.19459574081856354
0.17330593462329127
0.190265202422491
0.17001718044748568
0.20851710632065154
0.22519225012001648
0.24744851033960608
0.19426221647200415
0.2253842125454032
0.24508540944687057
0.19544826317292266
0.2037424845559455
0.26343327574239805
0.17542449422098813
0.18242608792757073
0.21936859690349236
0.2159238765617048
0.2581649691313389
0.1617584389403362
0.20712848115194116
0.19742763270769198
0.20545543832803725
0.21387008785058476
0.17814842197760733
0.240781086380621
0.17128797873583995
0.18806121024515224
0.22991326015603736
0.20637287716614106
0.2234383063886859
0.22953521651166903
0.17346197582072934
0.19520884350775017
0.1720707719277646
0.24727732371740058
0.18215604268200133
0.1895283218150413
0.2299672998571854
0.17888314713477588
0.24537576080557927
0.17588389138180743
0.18825903999917037
0.15217719267548155
0.19083045989781375
0.18307055400971
0.23908863421755222
0.21867633046687784
0.2025017182788902
0.20274540369871374
0.16184062280366115
0.14443725493473297
0.22709858681146106
0.16712651186677394
0.17141176369207656
0.23123818712975103
0.17973278126445066
0.2100775670923551
0.1768876645945584
0.17089576009023857
0.21074587779089987
0.20783978389741753
0.14872273067613379
0.16375390129147543
0.20303794740581677
0.14544386262767167
0.21636978263423937
0.14297627846683966
0.20122544338990977
0.1500702449936366
0.21642491892532356
0.21721842676463088
0.17262832810740225
0.20742127373259145
0.16455756875217664
0.15346176723699329
0.18170322329954985
0.13851710106964849
0.15223204341429777
0.15650403247147976
0.17385259639990433
0.1373766413041536
0.18204963735283886
0.15200756506823457
0.17504581213968062
0.12790439573012585
0.19239003042039157
0.18779841295475025
0.1586070544355742
0.13881852414816626
0.21690959966104278
0.12286080309962015
0.12635931363987796
0.21183187425777605
0.13751023071837848
0.16377128656734222
0.13492657385389795
0.12438753964329932
0.20387566684673375
0.17985355577606743
0.19009466887571547
0.1522984914791059
0.15254579773800211
0.14499345412008133
0.1554472647885482
0.14692284840864211
0.11897241423051827
0.17049327875882092
0.11398502050842743
0.18711926794523578
0.13553250987051318
0.206431039782878
0.15625955671717692
0.14712765352913953
0.1952421002105525
0.18762861654358776
0.15673168718968244
0.1593081805687423
0.17047525922971363
0.19792341816671744
0.11245904693495004
0.17477460482570567
0.15852549107470476
0.13444047011033167
0.11484756853809466
0.13711616074432917
0.19788501697666422
0.13422101852929458
0.14909003435394266
0.10647082535222926
0.1938639592500333
0.16070204147107464
0.17696856478777537
0.11837523807572006
0.1451181886196018
0.1379030854388071
0.16113989788320648
0.15807877956960917
0.16030909578143687
0.10857421335533576
0.1381106623340811
0.13215390877756414
0.095424828767228
0.14261374550363895
0.13065736778197917
0.18094826123087482
0.15122738095674573
0.16961571966777084
0.11241870444292075
0.09118158479088387
0.10022402866088462
0.12470467451242426
0.0923310342653596
0.18811507834197852
0.18559307031907074
0.18724836236727205
0.102677444341993
0.16996256212134864
0.17044634634112954
0.1356793175402263
0.10870124240260996
0.1263011244437189
0.13746602457720858
0.15590939157770958
0.09136537621937416
0.12911247719165064
0.14356516221512763
0.1546265791982564
0.15846840537770115
0.11694380065792873
0.15595166929819237
0.1406406422158744
0.14218290718896093
0.14504838796774508
0.08219678913685964
0.08423379579918569
0.12562905529415758
0.15452116760911877
0.0986222506827587
0.16763570680431017
0.08678892141515993
0.14946781195200934
0.11767431286362455
0.12997018961805468
0.11700922411802936
0.1310339633491077
0.14814477674507026
0.1546181622823088
0.15573422536589895
0.1054747928805346
0.09544313901061878
0.16709533661602427
0.07694311463109824
0.13357086801518026
0.08361934578736371
0.1664036857249958
0.13316710815505636
0.12306671538676921
0.14907608959202734
0.10811379576289079
0.11500577832513803
0.0954008743168406
0.15141685497409332
0.16077688227327278
0.07627964734004655
0.0867880952060096
0.1616165412577396
0.09865840359725508
0.13890085615858103
0.16448626414359302
0.09994474162618916
0.14364612116896153
0.09168924112990198
0.08128293383392529
0.16087958840067698
0.14584809492997533
0.1258292007435085
0.07417479167466116
0.0840483690459519
0.07811790655993192
0.10553961716176405
0.151525227862718
0.08720872656921053
0.1111803442249965
0.07084017403836053
0.14962294150858807
0.09843688820257165
0.14313013266101957
0.10516126346668288
0.06669996126367399
0.15531356481307138
0.057808320128996275
0.1531898530549234
0.09435863522865798
0.06541480397229212
0.13285146942984
0.14036564627245382
0.1488467167789147
0.08275491413182293
0.15039980668011807
0.07876660512761173
0.07213815830894994
0.14641039520949534
0.1251866391887741
0.1316339284466126
0.06595450376816413
0.061257521330240566
0.13509747329301727
0.08376905859709799
0.07709998404799685
0.06205439154723339
0.06887587005569684
0.081859281043772
0.14695939790703264
0.09117043644572101
0.0707744668429388
0.05247293434659577
0.1382370284761996
0.10108322272253376
0.06454555028673743
0.05755248147784621
0.12157072540910868
0.09993499279478407
0.12949490170954464
0.05120508097098627
0.05634639533817166
0.11544749155793729
0.08770013481102182
0.05488785881740209
0.080413141409667
0.08406308259541376
0.05784093594282202
0.09911327582850246
0.06952640816126886
0.13770519153576544
0.04490549606952328
0.06008331342931793
0.11392699373739043
0.1367842609340021
0.06821263491475117
0.13483144247439455
0.07342790472789304
0.05479534909269586
0.0883990335958463
0.11603314932068526
0.12963454195198415
0.06753480785331588
0.12528946849103423
0.06478202483907436
0.03917167900563717
0.054806026107087
0.09258653781109333
0.11588446340999953
0.09723681565218434
0.09911519993112476
0.10074021418107496
0.05821795564266805
0.12001912339338858
0.052066118944232076
0.047012761010750206
0.04388256820897547
0.08500572001806653
0.11480525501415645
0.1327716359323499
0.06727574363151298
0.12653319408804092
0.11427717337750154
0.04271126696450804
0.11587865716466418
0.13130866615417397
0.09998092008443346
0.060577500373360814
0.06386482098421602
0.11638196494121657
0.059693524361045566
0.062283388999312295
0.05328902187993935
0.10907282232521084
0.0344233195521538
0.1207929916252035
0.11730928848255137
0.04255866922401921
0.061808814263618034
0.06326178523385048
0.06630442814253862
0.04885205891414575
0.0755535777036403
0.04838521694694346
0.07791500921097311
0.08827274440062902
0.04711637769270557
0.10703570450424775
0.03785238276808194
0.07682199436921298
0.030255767738253347
0.07075535175920039
0.1161676849314109
0.11106339511071582
0.03387093097402639
0.10069155399058792
0.08893602596024942
0.07561555305595205
0.10644682899570224
0.04810842224270011
0.12338092508603314
0.08669264720059683
0.06389246467037288
0.05717051880308793
0.07941881231780532
0.09031175611902449
0.03140561143640303
0.11697296552683331
0.07533833505781944
0.08121222108263146
0.0404172524031943
0.062456464574108195
0.0709296178914552
0.04915572837170138
0.07499234966115494
0.08325457743565443
0.052232499074629984
0.07968530240764382
0.0877742920284913
0.08767161061981114
0.11301901214573837
0.03569931152860518
0.07032350342052529
0.11999341443155345
0.04494956893109266
0.08187180066847807
0.08710324338547877
0.059067815583582935
0.050403741865845904
0.09781401108050378
0.03051429217715544
0.07063810419595243
0.026675973681719128
0.0660152499318904
0.09049222013289575
0.07426351420847493
0.06332030179964496
0.03198890927657165
0.027521184125276522
0.03633692863745751
0.11835667194891869
0.10220220993369979
0.0809268909295424
0.03576446122685781
0.06377742360218752
0.0361325665938847
0.10418640793628084
0.11553983526379152
0.06490879914693685
0.10179020764897583
0.017501387717768817
0.09408771779099387
0.02157416738264291
0.04512676479220529
0.0472013251365677
0.09874317221561685
0.10725010646157856
0.059935173986518354
0.04688643778691225
0.051908933602998523
0.0722362272458955
0.07517952755143037
0.02427977978287879
0.040792512117340904
