-0.0017986038156245173
-0.0019824392698382415
-0.0012174183291943205
-0.0018865872418914902
-0.0017242052026837204
-0.0015008111333000434
-0.0019847692544243786
-0.0010393045935805226
-0.0011171896016372018
-0.0017905846002493615
-0.002300065607862721
-0.002165423227603727
-0.0023771547117868177
-0.0019811560541983537
-0.002110702286254709
-0.002175601870972757
-0.0015604943216588763
-0.0017575697385580505
-0.0023099170359015576
-0.0024460603816938435
-0.002658269420548096
-0.0025211709519578833
-0.0014333256713638242
-0.0013687746509970947
-0.0020433596671395383
-0.0018976322066755185
-0.0017536396490640035
-0.0018803046730369963
-0.0023937756530844046
-0.0017473625093367097
-0.0026804218584114995
-0.001986079728189992
-0.002803467863212377
-0.002497914392423921
-0.002541369745059823
-0.0025023603826770896
-0.0017458702974293982
-0.0031161574446087192
-0.001679628476910355
-0.002393520812436511
-0.0024904698197110407
-0.0022497471844047387
-0.0031792022019269117
-0.002015686953407201
-0.0020267700806872293
-0.002816930002310638
-0.002184113101867189
-0.0033116637251136274
-0.002760056556389745
-0.003420727694147423
-0.002314759603035872
-0.0031183151480303132
-0.002482785110325362
-0.0034871771476153958
-0.002305759785540105
-0.0025320335043712895
-0.002285973915350723
-0.002732277294534675
-0.0035466843946714466
-0.0024933834544745245
-0.0033769784691404232
-0.003710620511736892
-0.0026338401895955148
-0.0033761817882379925
-0.0028867229947914705
-0.002756836220803038
-0.003931196947376951
-0.003764153000614906
-0.003363726365772872
-0.0031344109080340336
-0.003551631624631141
-0.003869627215756057
-0.0031276295596841487
-0.003774074143213052
-0.0033981871983541825
-0.0036630341125574216
-0.0030356365761645995
-0.004022455284249912
-0.0033640379273018974
-0.0029500636645244794
-0.003540846165713837
-0.0037817638134709577
-0.0038912461367575607
-0.003586825349633878
-0.004094450662751205
-0.003221505805398064
-0.003763513368907396
-0.003316868077221047
-0.0037414950796529813
-0.004198595927194771
-0.004381583200649645
-0.0032721922059758767
-0.003978988032661249
-0.0039196937177246715
-0.004056575057246359
-0.00460978131729107
-0.0040326468601794745
-0.004118720308415384
-0.0037045502375270493
-0.0036978949061454054
-0.003685125047508061
-0.004103137766426861
-0.0038624851733606415
-0.0037389781383484993
-0.0037635293973282274
-0.004492150116996791
-0.004310611225367252
-0.004337422958421168
-0.0039920647064478855
-0.00515415311407806
-0.004202262661134483
-0.005045881784863726
-0.005073108967949768
-0.005202066567758809
-0.004315324810929067
-0.005061885037354474
-0.005234127237576482
-0.00481204776991489
-0.004896601494645551
-0.004658131391438681
-0.004674928606049864
-0.004756974295474488
-0.004644033842386323
-0.004934006849760348
-0.005452303414173846
-0.004807021184664227
-0.005155792567925227
-0.005579496942587271
-0.0048464281915299775
-0.0061512636196147
-0.0054079255593510655
-0.006349453411842441
-0.006338433622141095
-0.006366459586838159
-0.00546448712974055
-0.005953356977595842
-0.0065337788292531744
-0.005832576324533311
-0.005905697462932534
-0.006629652763079391
-0.006231095550551502
-0.006110621312409559
-0.005387920269170891
-0.00631159685748535
-0.00596125828317457
-0.005734974542169574
-0.005615895672404869
-0.006043960531034553
-0.006445137467121122
-0.0071703582115277996
-0.006954267421892691
-0.006096464109827544
-0.0062913601441078465
-0.006239188547613683
-0.006617728133602711
-0.007061733556496369
-0.007218854948057967
-0.007325313892658655
-0.006773077264857856
-0.007540275758557855
-0.006478486513174604
-0.006346252228184209
-0.007127315961010642
-0.007388451650217078
-0.006939562864781232
-0.006466570623571771
-0.006718476413530901
-0.006845634759941834
-0.00789367398739777
-0.00789085797646467
-0.007130866900971813
-0.006997810531573776
-0.00723601868827083
-0.008053854545473641
-0.007900999070097432
-0.007186734560600559
-0.007113326395779088
-0.00837383469322253
-0.007213894011931727
-0.007466453151125402
-0.008521710064146723
-0.007396170088833638
-0.007575362620150538
-0.008087390216101869
-0.008360990613330227
-0.0075992606121365455
-0.007870879263025704
-0.008427493703314757
-0.008256530830726447
-0.008997989180576475
-0.009094381644069423
-0.009114747296857986
-0.008570000249037441
-0.00926176845675625
-0.00881111322447643
-0.008574183982954295
-0.008595315311118932
-0.008633792003966675
-0.008927608187850038
-0.008615831907591841
-0.009133642423183734
-0.009948396024992718
-0.008628543825384985
-0.009380281687633753
-0.009217806317771167
-0.009104526347129322
-0.009282353525949427
-0.009929565932604344
-0.009496868225036521
-0.009857099526023884
-0.009422043325294937
-0.009697143368687202
-0.009971579449193226
-0.010460775088512423
-0.009886394035496664
-0.01003353425503262
-0.00973781897336401
-0.009700420519302288
-0.009637049012443588
-0.010419096570237726
-0.010298078824270966
-0.010517725683212664
-0.010741910829448826
-0.010646864265281783
-0.009966934813704973
-0.010056179886082182
-0.011297904444987359
-0.011400470655924822
-0.011559019028869433
-0.010796042922300537
-0.011456941765309325
-0.010387109115760974
-0.011566110841181422
-0.011882109988653898
-0.011545185861409873
-0.011644840459259193
-0.011449798720584672
-0.011157811379725175
-0.012092675109091537
-0.011155599852503613
-0.01198551468589439
-0.01180211143342677
-0.011587130526719433
-0.012021007265832499
-0.01170010200256223
-0.011581861953653462
-0.011967134344049885
-0.012031615863342608
-0.011551862321351053
-0.011780824087093786
-0.01289467830287606
-0.012475369093707285
-0.011908667957481493
-0.012674730598929033
-0.012305491349891373
-0.012526298315660664
-0.012697611496298679
-0.012880266089669865
-0.013395515522095636
-0.013529792694848539
-0.013278232561985244
-0.01282630070858733
-0.013807314806569403
-0.013159739780858921
-0.012980658847883415
-0.012841683508912965
-0.013608786463092779
-0.01395287211665581
-0.01381043714340218
-0.014553495056028092
-0.013970183026278045
-0.013208376513288262
-0.014391683715232636
-0.013541314875665532
-0.014112904716035634
-0.013831944895257872
-0.015078916975900695
-0.01436320328796184
-0.015027596915093694
-0.01459450686166241
-0.015390001896138721
-0.014081400367538889
-0.014792934463000921
-0.014601548404295523
-0.01545897682559949
-0.014877741273555319
-0.01578381230045413
-0.015768871431105135
-0.014669759798830628
-0.015467163319564622
-0.015219621739436981
-0.015584850626590374
-0.015349713480585562
-0.01577729537203517
-0.015006351893525881
-0.015435433514122106
-0.016558208651098402
-0.016119158187060098
-0.016368791958493414
-0.016142575507767397
-0.016923705331314317
-0.016880142451997524
-0.016232675940554307
-0.01573936709056113
-0.01647966099529897
-0.01738494726140775
-0.017294333523363674
-0.017511839428124377
-0.016709700276415933
-0.016725454327449665
-0.017671323745911183
-0.01742946966307353
-0.016781044407869147
-0.016934193353243896
-0.016808003190099258
-0.01675137030416901
-0.016777773012840124
-0.01796652172304834
-0.017829732571684985
-0.017089877896459958
-0.01767914919226456
-0.01750309831018043
-0.018479328634040462
-0.017493709980383288
-0.01838293726095337
-0.018990926277806287
-0.018334110006467036
-0.018755505112220534
-0.019253021490127267
-0.019141302419129005
-0.01880570605382494
-0.019155848006281697
-0.019588782004847056
-0.019641461504873694
-0.0187064013812704
-0.01974354364938743
-0.018716884257522697
-0.01928082333933829
-0.018809638012329603
-0.01983145993709942
-0.020031725797538456
-0.019868056134922363
-0.019106117933531827
-0.02031071414607798
-0.020279168501269176
-0.019688911612248665
-0.019563348484754228
-0.020236781092808024
-0.020356016210941734
-0.020689084394376285
-0.020989405562500178
-0.02076090212582843
-0.0203413302325523
-0.020861694390684346
-0.02039752098026916
-0.021529501050529615
-0.02164708878958058
-0.020737934829297585
-0.02151563925208683
-0.02135154603745406
-0.02166270611273269
-0.021235914126066003
-0.021824026202973617
-0.022125613732662818
-0.021150948305009354
-0.021848940904032704
-0.02177338385685487
-0.02191054926006839
-0.022136789930688086
-0.021958239071459846
-0.022754328791227445
-0.021673677780686428
-0.02294501596624896
-0.022844012573988867
-0.02189599985296852
-0.022123550099288777
-0.022289263954508292
-0.02351652354594698
-0.023538959206054665
-0.022946114303941743
-0.023055940067101318
-0.022546122018180192
-0.022671290283196182
-0.02342150938895253
-0.02401289925442848
-0.022953665233569412
-0.02324739638941048
-0.023740443061478857
-0.023077756375459252
-0.0231578078259469
-0.024030216442170106
-0.024396982233438825
-0.02418274079551642
-0.0236892453911206
-0.024026776393799232
-0.02386115141337391
-0.02394084214297871
-0.024334810762188186
-0.024298738294645062
-0.024632238920903295
-0.024112368505529027
-0.02453917607998524
-0.02544283819528357
-0.025033431764867692
-0.02459547791443142
-0.025063522100510365
-0.02480193015771701
-0.024681363976362187
-0.024859964189795473
-0.026000591940519933
-0.025362883814420818
-0.025124763705165684
-0.025407053704419987
-0.025289606888307885
-0.025964551314443314
-0.026428970579120473
-0.02629152628598595
-0.025845776091151636
-0.0267581149907629
-0.02593093051373876
-0.026042867854355896
-0.026963446472167307
-0.025914013180521098
-0.025973377265460885
-0.026249521797988954
-0.027172062758148024
-0.027371994543621523
-0.026623304580156604
-0.026574249137069853
-0.027639322667242873
-0.02704259709069522
-0.02686395608157874
-0.027481273790218346
-0.027115865479695092
-0.027690332415917406
-0.02816440112249827
-0.02819673133326259
-0.028423188347933413
-0.028309099542066042
-0.028538691328796297
-0.028200720968878608
-0.028291420769377584
-0.028944281542606948
-0.028307231112990324
-0.02778809982643433
-0.028187591468808452
-0.029237558430983374
-0.028259162363270397
-0.028190359209671716
-0.028566168334962456
-0.029582273867877554
-0.02959562823475744
-0.028741914525857205
-0.029856514108443217
-0.0299136762242228
-0.028605480057016804
-0.02872264281160168
-0.028726087238843703
-0.02909424459876899
-0.02900535074438892
-0.029681699178521814
-0.030288938594039055
-0.029967658781348522
-0.029429589315526243
-0.03070190786923109
-0.0298262217281499
-0.030541081304713006
-0.029631822083037083
-0.030589189485262357
-0.031059922271312324
-0.02996516137153073
-0.029909410298146217
-0.030353704930200637
-0.030537062157017517
-0.030400178451085183
-0.030376065641747264
-0.030936257562114492
-0.030894600993741476
-0.03111392764323302
-0.03120335597897307
-0.03128845437505579
-0.030969863017626206
-0.0315112631496036
-0.031618967077895195
-0.03076475917442417
-0.031021001841792652
-0.03134984454544008
-0.03234946620902126
-0.0313243766754991
-0.03123307626290016
-0.03204561386125734
-0.031675654292648035
-0.03266176649834407
-0.03172131377615826
-0.03252086503492048
-0.0317750002274021
-0.03258083632835642
-0.032455739091267255
-0.03265590836900874
-0.03246791687565303
-0.032281839599266275
-0.03191194041750433
-0.032458144577612334
-0.03323092235760145
-0.03300494749729772
-0.03255557209359235
-0.032884594092450946
-0.032153271372555366
-0.033685385075470975
-0.03372418868903444
-0.033315445233953876
-0.0331954960833566
-0.033234281930958946
-0.032732125739245145
-0.03291267473778643
-0.032601163333784516
-0.032740990662798064
-0.033210651800574136
-0.03392342100390521
-0.0329427984743483
-0.03384593431125735
-0.03344422847059808
-0.033513776979361476
-0.03388328447412728
-0.03370768030164555
-0.03456904295051199
-0.03343141489970069
-0.033561929255575856
-0.03408176890483896
-0.03334122500624121
-0.0344149836181018
-0.03407126044866478
-0.034710930299087096
-0.03497054329741217
-0.033902731897311425
-0.033935023398383085
-0.033877253291656334
-0.03513127739365858
-0.03463815057608847
-0.03480169282945998
-0.03404137706402198
-0.03413369512876688
-0.03403818095194849
-0.03506014229535786
-0.03432800764479414
-0.034116079893012935
-0.03475473444343281
-0.034778572942908814
-0.03506977201664657
-0.03521284644663578
-0.03480990041114153
-0.03540390402487187
-0.034755657458132604
-0.03452161239339244
-0.03446445628990303
-0.034736432097398635
-0.034833120502019525
-0.03449037198200818
-0.035373730017705794
-0.03543292407141435
-0.035701079339832936
-0.03538630539922352
-0.035757408443719406
-0.0355966181171235
-0.03567443622210571
-0.03532113566243146
-0.03576703733943835
-0.03517660722813213
-0.03511980039573627
-0.03576945743824446
-0.0360076588108161
-0.03505376063649957
-0.034920751633852415
-0.035164938729770154
-0.03497319071762348
-0.034907378119968545
-0.036157322538300334
-0.03605601286070208
-0.035791870413506184
-0.03512434129334431
-0.0352829840601843
-0.03553443649685331
-0.03575185205835799
-0.035258233328389434
-0.03594070231798983
-0.03627464935961911
-0.036488595566815704
-0.035248697375153
-0.035333621306008374
-0.03529934979451089
-0.03633266833030786
-0.03630471997495675
-0.035866373550295094
-0.036309614522052724
-0.036326213928542066
-0.03622717530265823
-0.035970473301817775
-0.03549875220137502
-0.03667133386540844
-0.035337606257071476
-0.03536027171267276
-0.03615923587312531
-0.03611336251223642
-0.03525740704507918
-0.03626775531395677
-0.036584486233666814
-0.03631229959691321
-0.03612388175455997
-0.03632954539319017
-0.0362955688466719
-0.03628572623620845
-0.0357148742435753
-0.03632409255344432
-0.03647827107241751
-0.036247973225039816
-0.03659740184793174
-0.0358276229716967
-0.03540361326883571
-0.03542476626482859
-0.035157118959281856
-0.03615284652237433
-0.03514027038044687
-0.035102453861837274
-0.03537358919875328
-0.03629919142137778
-0.0356300036844001
-0.03585471238368607
-0.0351213721239212
-0.03598225031765442
-0.03499402580688858
-0.03618234565892857
-0.035166323410406444
-0.034871915079348545
-0.035064049916643886
-0.0351079112924693
-0.03529801250974707
-0.03484152197568007
-0.034797559699506354
-0.03542105704503259
-0.03479839583643301
-0.03572136229469448
-0.03484669084913026
-0.03586855444049894
-0.03483714465150372
-0.03502993170317873
-0.035755564198559193
-0.03513385217602547
-0.03501898745959628
-0.034551398182697764
-0.03551163685334308
-0.034739966559417926
-0.03565317024265416
-0.034885273580605496
-0.03508431546546422
-0.03441841725093518
-0.03448700730814868
-0.03497448173604042
-0.03508248107545792
-0.03438022214186524
-0.03393657820133532
-0.03402853628670448
-0.0349196362610769
-0.03497132781893344
-0.034556424971186175
-0.03473578454897939
-0.034750342210585115
-0.03473975755111387
-0.03454642291323695
-0.033869285202010754
-0.034461044133019515
-0.033960657924792366
-0.033933961894995
-0.033888020417957285
-0.033835014464046166
-0.03406259158286443
-0.03422566741648261
-0.033270458510936504
-0.03324382751130027
-0.0329704402570273
-0.03308843654012784
-0.032724248827499365
-0.03290023754770141
-0.03272459578421943
-0.0326133569413935
-0.032477571082372925
-0.03248385556662774
-0.032433018960880175
-0.03328098686012896
-0.033663410790239066
-0.03286376020263884
-0.032506084049281445
-0.032935326086597196
-0.032953312417729856
-0.032984261126222
-0.031934967668760424
-0.033064619920578894
-0.031609523600344504
-0.03196504497178489
-0.03156225309139792
-0.03204339503767777
-0.031664372328674355
-0.031208869499344514
-0.031197565961732045
-0.03134726564607515
-0.032017628611763244
-0.03133392725808861
-0.031138233626870526
-0.030916614653873076
-0.03137542108488201
-0.030855242161126888
-0.031105031532549707
-0.03178785137104336
-0.03066637847785296
-0.030633934102635946
-0.031097116675511308
-0.030919138166361815
-0.030404352040360866
-0.030670680532521314
-0.03102847944151587
-0.03049465880380203
-0.03068122980421159
-0.030005183634033265
-0.02928204726743428
-0.03023008863060988
-0.029473859606448823
-0.029385648868465675
-0.029446876585557242
-0.0301861102368266
-0.029438360697633243
-0.029729128722883028
-0.029148495608440246
-0.02863365353122335
-0.029004327878393278
-0.028171843341858026
-0.02926786385623134
-0.029070034625468175
-0.02869542899728732
-0.028047978633809284
-0.028147078877641542
-0.028125561461437677
-0.02876552978973436
-0.02814046673591628
-0.027434453059246456
-0.028406955746700633
-0.02784217746545892
-0.027666501976800626
-0.027081682554125287
-0.027239895993163746
-0.02651265452764686
-0.027078193287014406
-0.026636390198081793
-0.026896285162202216
-0.026501314326002733
-0.025954684463715707
-0.02663587210394726
-0.02599651153059444
-0.026390671424617037
-0.02629889272103207
-0.02552364795607961
-0.025947295687107397
-0.025374510736999093
-0.025608517606136718
-0.02512321787750402
-0.025485152267384185
-0.024792237540196764
-0.0244516927349479
-0.024193844801452053
-0.025192294496071427
-0.024351488870260785
-0.024844587463632294
-0.02384937714880468
-0.023505765096543233
-0.023496270516534024
-0.024116904153019224
-0.022878741705318385
-0.02416305622196269
-0.02326186194193653
-0.023477699540783034
-0.02241876281476875
-0.02278413772006828
-0.022864509224563193
-0.022915112257843772
-0.022868899797869685
-0.02289706256504804
-0.021646018368871197
-0.02196366995308917
-0.02262505284367481
-0.021197799451668393
-0.022054705155945393
-0.0215254111222585
-0.020670936128038775
-0.02109386924321771
-0.020726638650309586
-0.020450504211751114
-0.019916095252800615
-0.020083154951518238
-0.0210700479844745
-0.020807633521377197
-0.02063591776136649
-0.019552564083884096
-0.019599568617902165
-0.01901414308357778
-0.019345437043794315
-0.01872511958743089
-0.01887946758725725
-0.018372311304689106
-0.019279651893754354
-0.018555690156539677
-0.018407887860940084
-0.01873492473740607
-0.017784928801483874
-0.018635352329329228
-0.018318929871120507
-0.01798137982671823
-0.01672878841012069
-0.017128696723369342
-0.016814508655173036
-0.01648083351841511
-0.01720603851154221
-0.01691510734429031
-0.016330780815772883
-0.0166626583445065
-0.01673730909814655
-0.016441167229677735
-0.015323920967345734
-0.015201536633519306
-0.015783144947597964
-0.014599002447459344
-0.01434883508950315
-0.01422414548760656
-0.014917330516175734
-0.013918180415893067
-0.01441623334389766
-0.013636208668051574
-0.013634416677158192
-0.01438801738392101
-0.014091984167406936
-0.01362877145172641
-0.013455379608071845
-0.013458589328584058
-0.012935529412263641
-0.013476494334880375
-0.01187581038088578
-0.012774967172450675
-0.0121456374227747
-0.012262984211023772
-0.011175632737033507
-0.011984736193783464
-0.01096028786729752
-0.011210785430126494
-0.010549303020738223
-0.010545604025332042
-0.01145386312934136
-0.01104188447847054
-0.009742258222232347
-0.010645023919535698
-0.01003559438439169
-0.009647693735160457
-0.010132095486039104
-0.00905578468919721
-0.009624704406535416
-0.009277642303004855
-0.009599846388154148
-0.009360886889884977
-0.008291024518725942
-0.00902409199847612
-0.007581511984153469
-0.007352767133548367
-0.007705233928331385
-0.008046171624279163
-0.006849308875485715
-0.007852570175467156
-0.006258063580284273
-0.0075365076928914435
-0.006376106774022546
-0.006316927798430683
-0.00659655752428041
-0.0063601999596134655
-0.0053577488333620684
-0.006360836412228923
-0.005003732317604469
-0.004980059519781546
-0.004554332079882077
-0.004352708546476455
-0.004400171470461702
-0.003931879781674934
-0.004603839303158476
-0.0047103089084492246
-0.0038315627442675948
-0.0033833427290258645
-0.004207210573887317
-0.0027903811501637124
-0.00388898753931417
-0.0024192040369794394
-0.002151733740390921
-0.0031369259608779445
-0.0023979273628162464
-0.0017126299024797667
-0.001313963625443281
-0.0013140790768664356
-0.0012190531751466451
-0.0013787650548015217
-0.0015713750748300196
-0.0007684584152994672
-0.00032402845731237067
-0.0013003819921232446
0.00024385619570633702
-0.00028056398110437217
-0.00032159318284197497
-0.00039699134402375384
0.00011307768261051072
5.252128284390763e-05
0.00022320522243757644
0.0003757960971301148
0.0017940698796226247
0.0020135109562045518
0.0017951589980376747
0.0018485372236057677
0.0016410897900909756
0.001365947171101631
0.00231966049518935
0.002678458982210038
0.003381403048634513
0.003074232434645639
0.00288711670275661
0.002634899690246972
0.0035876299693612347
0.0033349525715122524
0.003823769122667421
0.003628885624726692
0.0035125304659990794
0.005179585434688785
0.004570354969856804
0.004398306964753553
0.005470498305270277
0.005164950366226944
0.0051614518748847715
0.006016913344703112
0.0053797576485664685
0.005457780569690966
0.0056225902798621675
0.005990309330252931
0.006307469724532648
0.006743632373916883
0.007109285604444193
0.007203990399032228
0.0070796893280148316
0.008055171680207788
0.008200780834495073
0.008283916223782889
0.008430599969719775
0.007997622939380842
0.008664643673256471
0.008795614140969406
0.009482033213563806
0.009364026667278041
0.009414648726201031
0.008769685049359053
0.009122509221919862
0.009409720571432674
0.01042583026748146
0.009557575512877375
0.010362595179206565
0.011150029658313632
0.010348948893921569
0.010223707077633325
0.010711293259659681
0.011858818522103638
0.011327662493248517
0.012432542120618116
0.011519466081168708
0.011634146942433119
0.012352088717383577
0.011997000124956605
0.012621882453936546
0.01321693520782934
0.012837969906534945
0.012851191969762215
0.012930038362414298
0.012883370295379795
0.013591964317967706
0.014392232268310752
0.013638183139214763
0.014512526896525922
0.014576921759033658
0.01399455212444308
0.014523393783143834
0.014386428171753554
0.014893429064088443
0.015617451321138546
0.016192193965704635
0.015385586339639051
0.015476319461814643
0.016226858950929245
0.016546866487434662
0.01614314150999121
0.016623913472922462
0.017064377860276363
0.017194631625033048
0.017535717012478386
0.016600737970251328
0.01793512842842191
0.017323718231803148
0.017732717769523825
0.017369674165703102
0.017411377317827385
0.018804183598361546
0.018468514350683893
0.01842642149977785
0.01951331400896041
0.019271084741098128
0.019677694507975223
0.019911890963859223
0.019410760711206836
0.019240292025246655
0.020351051406085827
0.020393517661557916
0.02006906790983747
0.02024571655754315
0.02037641664925444
0.021088171660313463
0.02072258044283083
0.02079672901077082
0.020426383708431622
0.021650611984079852
0.021470722396540683
0.021358178987858367
0.021747213144561447
0.02131961147668817
0.021277180519430866
0.022318519378210624
0.02246546045877741
0.022541587318647572
0.022369548446792856
0.022468109125845785
0.02216101615506249
0.02262961854992591
0.022671621850598213
0.023771794644553586
0.023719675117942776
0.024012531960929426
0.023581308828024974
0.024371361743093102
0.024489973548456088
0.02380755248830472
0.023834053043122354
0.02386263736457959
0.02504730782183644
0.024215464145438383
0.024378846826015394
0.024857040851018117
0.024518284552899162
0.025483794970708466
0.025001280629427493
0.026075368274354957
0.025323159559191486
0.026569762162237567
0.025982723293472378
0.02610992736874224
0.026556973778793732
0.02623978255212383
0.0273683450451195
0.026133216332683857
0.026752476580402165
0.026686396013001823
0.027750293194455156
0.026655104462112004
0.027920587636326367
0.0279811336038452
0.027268822174041814
0.02781246297993174
0.027211012774221745
0.027590024258078452
0.02875285389185822
0.028190481601547555
0.028945493106020764
0.028411695531391765
0.029052799412245027
0.028980404131817693
0.028693455598113444
0.029373786964179725
0.029569775235669088
0.028882571594176447
0.02960065002219344
0.02951656102261373
0.029436162796928334
0.029846190554508538
0.029314896290843696
0.02924298607838504
0.029990719324201047
0.0295822522860981
0.030679438989609693
0.030348347405524383
0.030700093421870706
0.02990196111299468
0.03001142153135974
0.031194288119315332
0.031335007215936336
0.030506422384376383
0.030633104967097324
0.031704874663760714
0.03185985265621418
0.03172035491290908
0.03186582909818294
0.03230838203565203
0.0317257464181997
0.03252187221738451
0.03194938772450526
0.03136190029336588
0.032755902618499956
0.031516109411697475
0.03175566904631655
0.03299573553284756
0.032924896877202084
0.032281076401424705
0.03259426447763716
0.03212274897429941
0.033088336479015316
0.033455356588634536
0.03229284053187518
0.03379172041494512
0.03294170044813061
0.03332725463982312
0.03322043161227432
0.03393162561845218
0.034150469049867994
0.03391484060442831
0.03408179488878145
0.03324992200296682
0.034192948819264234
0.033980413911158365
0.03386339590994097
0.03442721734970541
0.03356166442141085
0.03423796190144459
0.03423098398870055
0.034324582294695025
0.03488124674902017
0.03489007177656275
0.034190813984672844
0.035150782038039494
0.03458341537319925
0.034161825148166715
0.034673685938419074
0.03490426533064313
0.03480190443383778
0.034397529424716834
0.03531462688324936
0.03493639590422842
0.0356369073130352
0.03450527122750835
0.03545109889549805
0.035786785181060626
0.03486854715465439
0.03493941039116522
0.03596670855311824
0.03524767969473456
0.03596598606399925
0.035424505798094225
0.03648132632788032
0.03618940603005127
0.03617670077203417
0.03519763866410751
0.03632746579690753
0.03587445603532514
0.035756055506538806
0.036641610507759374
0.03682707202779246
0.036897657205723744
0.03579416289909819
0.03698231100745281
0.03648363974139288
0.03617229292915842
0.03660274848050965
0.037058072409043
0.03579666809610378
0.03617233839116925
0.03688430254624392
0.03666073645116552
0.036449160842951966
0.036817539319621645
0.037079136441855495
0.03740086948375893
0.03658881992477238
0.036753498172986565
0.037141656386755484
0.03674209363070082
0.03672435967096758
0.036764015373923827
0.03726500054135195
0.037171177615276586
0.03681917938665901
0.03774161411167503
0.03649370285759119
0.036488755334695595
0.036813150836378664
0.037606234581692204
0.03733354033169257
0.037645926595056396
0.037069823531561734
0.03644316246573322
0.03791587953611825
0.0375166711179298
0.0366244485117967
0.03721626131176246
0.03772713662319722
0.03797308991499111
0.036869590969941926
0.0370856870172199
0.03776961096133886
0.037720712089450534
0.036872179666821776
0.03804404100696377
0.03740306829903786
0.03711890111061309
0.03672834645170563
0.03797834602776107
0.03675324796748963
0.037365681754054005
0.03778161638931241
0.03725039911139528
0.036667482243939085
0.037485352955551075
0.037466077239589
0.03803562089320799
0.03801025961546666
0.0379342613867573
0.03697871710393311
0.037625653513998235
0.03692897740055493
0.03717930579264433
0.03786815558672621
0.03738444001896046
0.03678984179271747
0.036731167413430535
0.03713500777929867
0.037293524825801234
0.03730385946665201
0.03716242623190055
0.03760839287724588
0.037863642232895976
0.03648189914593505
0.03655011923313861
0.036985091422626765
0.03715245079412332
0.037258534563320025
0.03676882697985494
0.03755438486998165
0.03712445312786046
0.0373713375403718
0.03636572335929471
0.03736160883374348
0.03659648313480502
0.03707284144624384
0.03729778645148777
0.037344356523205315
0.03683682975415835
0.0362557145139676
0.03714507686248619
0.03729961972401725
0.03691349843596242
0.036319390771762355
0.03656647675267607
0.036069048338113086
0.036596505073925624
0.03661789748005692
0.036812260893772965
0.036000324247119415
0.036923709787607194
0.03697367957601757
0.03709946196310448
0.03579218626858456
0.03578701901443036
0.035842805034458095
0.036629808132362156
0.035716293470150935
0.036582066759032805
0.036888963494088885
0.036544054575523184
0.03578582721759633
0.03671461416739687
0.03604302049268761
0.03565953682873702
0.03551003134220929
0.03588071226579517
0.03654491198591712
0.03588243568068266
0.03563227052232934
0.035582729437687116
0.03503020150176734
0.0363946347681752
0.03581670223867439
0.03517919900876021
0.034932354622227726
0.03511058193447799
0.03495810932853386
0.0351714145566651
0.0358863863390954
0.035753745661564834
0.03571886546441044
0.0346369329214083
0.034828905367602525
0.03453672955990009
0.03447400075788425
0.03549881576368681
0.0354282075654249
0.03540157306161565
0.035512896324274554
0.035392947770375056
0.034282211880379124
0.03496742784877618
0.034646787003579
0.03444971187596262
0.03518287978782273
0.034496742727215486
0.03388856000678203
0.03390375688815498
0.03427215493902097
0.034130907029115067
0.03367677456968515
0.03412449757293887
0.034409806835034536
0.034307346775345575
0.034595371285316125
0.0339271119812556
0.0333062517489197
0.033860024636268214
0.0329140280244033
0.03314101432873055
0.03331987238426243
0.033772300397388134
0.0334980720447591
0.03270435410789071
0.03347329138326818
0.03350397780426493
0.03267954629361451
0.03347385354702207
0.03267996556504269
0.03319663150066513
0.032622620478976204
0.0335069238371275
0.03208147472006224
0.03326306426365806
0.031917029003656915
0.03240151059271276
0.033001441405717716
0.0327051010553971
0.032182727354132905
0.03207608881028251
0.0320144809763134
0.03179435610157304
0.03163370715336009
0.03224209007577305
0.03167931157744494
0.032213297967756065
0.031063869199279358
0.03241501166065617
0.031088356270903384
0.03159504498518003
0.031004740848611077
0.030833776727714715
0.031200383075224047
0.030763005477999626
0.03099478824929781
0.031035306740644985
0.031580164910761856
0.03055951639545389
0.03129456595497784
0.031423827551666714
0.03125136163730527
0.030375399653072937
0.031147754371159395
0.029901094756941866
0.03066929558782264
0.02955998848713566
0.03035784149856555
0.03082615105381934
0.03024093746851357
0.02960426913818538
0.02979302872079377
0.03053799942708716
0.03007756908177157
0.02899737002251212
0.02897946420174875
0.029901428331163975
0.029692592655241382
0.029441388734593406
0.029252539841783023
0.02886942148282873
0.029488271220391132
0.02829521670210675
0.02936884877937276
0.02887527613425591
0.029414336515449092
0.029086491035270008
0.02794316078697996
0.028263471678610413
0.02831750029934635
0.028066251817170946
0.028788995005336306
0.027594633619771245
0.027558715667094547
0.0276935501994852
0.02730780909373855
0.02768131683249486
0.02774093951568501
0.02801355347726308
0.02828901030613841
0.026987729193236953
0.0272089356475342
0.02797964499823424
0.02765431350258402
0.027568004991291684
0.026921092233744733
0.027150674678525454
0.026461468308700532
0.026236184118467745
0.027083333709347845
0.026792927473737137
0.02662366146057113
0.026514040052488745
0.025797868491596695
0.0260913404039048
0.025615590181294366
0.025686289965124454
0.026233115274338838
0.02594490231727692
0.025758009472699992
0.026052860348098335
0.025747418483876433
0.02567403078381834
0.02538637848219669
0.02571605512349447
0.025722170051569845
0.02476530535900166
0.025219454122812856
0.025325486545728658
0.024661925369007413
0.024412240722670443
0.02499431628783143
0.024059998803147287
0.02440839152611157
0.025066430434303382
0.024735241932459042
0.024823480072562267
0.02472906065966838
0.024194470987309848
0.024280276014713935
0.024340994054994614
0.023892401866292254
0.024083690383339025
0.023617205137571082
0.02446077338888595
0.023471517193638526
0.023942740990484154
0.02376672448590846
0.023272354144760875
0.02313532180865178
0.023905346109014243
0.022413121643669043
0.02229881188286184
0.022437332595284337
0.023050028747338688
0.023027954875470644
0.022075886826161236
0.021885666347596606
0.021779288750807167
0.022908618955492024
0.022602521850975978
0.022769199983065903
0.022096486731036213
0.021837986360426758
0.02208069334525486
0.02237739294409472
0.02192121036296955
0.021022490226472464
0.02192803192747428
0.020938524432827347
0.02076212762716445
0.02080167520291586
0.02103401633099758
0.020457108513878334
0.020753374113962088
0.020358485829807555
0.020576324531860018
0.020784224237684733
0.021414885560506778
0.020298713040818213
0.021061602677885514
0.021253843022786663
0.02021240454461233
0.020145127726148765
0.02053866770753212
0.02014256095634417
0.01984311619853291
0.01941009934222372
0.020616156011904446
0.01934625678217238
0.01902660495282027
0.019515480942321917
0.01992886894946341
0.019612788833957583
0.020180734525785945
0.019280402464331277
0.01865727571407807
0.019519452961605774
0.019714885039137098
0.01855161184058102
0.01868958800966442
0.019374627531142673
0.019147601396947045
0.019099691311188646
0.01829875011034925
0.018075392837934787
0.01830680778963456
0.018461588043434566
0.01840005617751334
0.017756473507175873
0.018587524481994074
0.01792567567303548
0.017572796356520592
0.01728199256870863
0.018072688256521315
0.018324240817708903
0.01738575927020917
0.018014073926909666
0.01708598859724998
0.017718602141368483
0.01712705316329865
0.0172587022336421
0.01688087020900586
0.017750437215023368
0.01625750824586611
0.017545669100968882
0.01623393188778837
0.016290032561262553
0.015939574794565366
0.016477710188661863
0.017182680625119347
0.016728057802156103
0.016745518220899463
0.015906170384925526
0.01638083900863268
0.015688913147995778
0.016482363026460226
0.016603791228289783
0.01555689746894754
0.015312204841960107
0.01614748844240037
0.015179920999071004
0.01619877405025068
0.015774407063069956
0.01487505054693541
0.015483144106147482
0.015937406461141723
0.014874885646209167
0.014558083868286121
0.01569454651464565
0.014485143645165064
0.015325081421229085
0.014345771509169493
0.015034195915712301
0.014767354695047004
0.014662322910689474
0.014822962478349723
0.013901784183519924
0.01437474542012785
0.014174892177685586
0.014575513651937471
0.013687706494670637
0.01450818357948832
0.013961507444981314
0.014067540141645
0.013975195443335853
0.013305423441264038
0.014499786270428281
0.01359855479458976
0.013242159909834128
0.01400329678454088
0.013535277727290821
0.013358028198303696
0.01302592687552852
0.013521603871999851
0.012536774650098451
0.012829483041530325
0.01364332542990001
0.013050497656606484
0.012991367983324904
0.01274352127113986
0.012746185948299576
0.012960589645405411
0.012923343577319307
0.013337880945929673
0.012426940378175483
0.011831537814877988
0.011775208491243852
0.013017788540397094
0.012916886403597063
0.011885315309676263
0.012610258100466211
0.011401284982579165
0.012138313283706991
0.012312357345025638
0.012616613058543433
0.011361825615509785
0.012083756839477796
0.012236714723878838
0.011227804658876309
0.011930986884191922
0.011294694720489296
0.01095766151524328
0.011118400754137555
0.010918741345275672
0.011770079927712694
0.011455842459905014
0.011279419785650106
0.010565963730609187
0.010553723970925914
0.011189399020548314
0.011056894647500464
0.010189300355676325
0.011010547759133373
0.010855243035368124
0.010136754743753067
0.010414286552339535
0.010326552129686941
0.011221699276130825
0.010028078431315127
0.009927615749822507
0.009725379781009397
0.010758796803326998
0.010008044153600185
0.010626704697725569
0.010328100785907549
0.009676570755068802
0.009559034680525366
0.009894114973201138
0.009526419623160566
0.010172027670448357
0.010264142792345346
0.010417955483063134
0.00949835761357321
0.009290020477309518
0.009487733493487053
0.008937335456969885
0.009715011923599602
0.008636237654914796
0.009389215354839666
0.009102665187416517
0.0095919737651782
0.00879876027372484
0.009590741048042736
0.0089220814659289
0.00852802413962989
0.00891785139170163
0.008304165495459892
0.009551014808174963
0.00914628057291677
0.009358757499457842
0.008082725377477368
0.008662905609143226
0.007842351422755238
0.009156339494542426
0.008300634752816602
0.008014773582520979
0.009073019617474642
0.008588700760505403
0.008173727461640018
0.00874415090184973
0.00870858818758018
0.007591066449936451
0.007729617682671261
0.008090827080513369
0.008331361084483723
0.008376644222974456
0.008304634026708746
0.007993082854298615
0.007493146752216894
0.008256222581337397
0.0083922332759886
0.007440784040402599
0.007305643181370009
0.00681182111936773
0.006962109822122111
0.007457722425805887
0.006930945573708065
0.006975674245719841
0.006680080495852282
0.0065441707910024885
0.00741292301297394
0.006857614538469703
0.007229568133217516
0.007145978458023846
0.006880112998572497
0.007016423636267754
0.007211493059857909
0.007579615845192716
0.00664232993226292
0.007455250998182058
0.006440907238247574
0.00667024246254067
0.006117245560490368
0.006937937716979882
0.006603263784663264
0.005969599587332166
0.007120406295685469
0.006852717287946028
0.00594437866019061
0.006638017060272546
0.005647056377798564
0.006080555120586091
0.006017236748063676
0.006659790322494776
0.006322087310216759
0.0057893569909369435
0.005587626543509514
0.006163073736393078
0.005816120084181298
0.005652187202506649
0.006636132211324184
0.005774178258796688
0.005383205462198061
0.006011345473070196
0.00602583984140589
0.005165985437356279
0.005584373415813865
0.005622856861503879
0.005780186754458814
0.005563331139375322
0.005244556510895262
0.005846503831754711
0.005739667457392257
0.005234721993599072
0.006113152353011995
0.0054047079117568704
0.005497552975439861
0.004722949700081967
0.006007919903500521
0.005523597626226426
0.004856628174144257
0.005559724738029192
0.004734160858842544
0.004582131411245141
0.004754971187913297
0.005845543430836807
0.005130987119510587
0.004436905854613884
0.00485439878858081
0.004492008253735184
0.004811485543887319
0.004359075130913477
0.004892798640202201
0.004772099460129563
0.004376780972800574
0.0051541791057583795
0.0042408495387276325
0.004546403139877192
0.004738135437476324
0.004868095599274536
0.005104590459282382
0.00454513662402741
0.004656372618931632
0.004575983392235051
0.003917091840313524
0.004702746479194777
0.003924729935005125
0.003927251950556688
0.005046922998845644
0.004282465745600958
0.003619103941630023
0.004618066918447646
0.0037359020988816318
0.004813624227490248
0.004736491874352796
0.003898596236826948
0.004134359395961913
0.004207401353650684
0.004231094751164444
0.0036056581162851025
0.004207805723455019
0.0037499658209462472
0.004391463243640709
0.0034753977580296905
0.003973809944721563
0.004513906483484671
0.0037496667526945057
0.004236576524577311
0.003359381306215633
0.003239354909437097
0.004412813564079463
0.004417764002610158
0.004374619212129352
0.0033630548432214196
0.003033890082025931
0.0029768671851673908
0.003637618324984531
0.0036463714702520277
0.0033574757103747377
0.003282544088921856
0.003134096739278616
0.0031185036825569904
0.0033041680635250877
0.0031006386829173244
0.0031513985451740406
0.003975458930772645
0.0036426936352373647
0.0034515499226309716
0.0030904302151619632
0.003146770121221684
0.004034456077615689
0.0034758111546967442
0.0035219459717348916
0.0039513972603326146
0.0035081241563265243
0.002643566312987354
0.0034916754478462593
0.0026445263703557325
0.0036296206487013718
0.0027427042843342474
0.0032846536590488942
0.0035996485894728004
0.0028358607367162877
0.00290668991288568
0.002874289415565027
