-0.002334206145610975
-0.001989508534501601
-0.0022694002406920444
-0.0011741262706414053
-0.0018254367354828196
-0.0013536714042322808
-0.0014186065121944735
-0.0022706295556628032
-0.00114834276713222
-0.0011860430512078434
-0.0020921486769132393
-0.0024688963037502996
-0.0019100258030062653
-0.0013721779247749895
-0.0016381751991685538
-0.0017766783559967528
-0.001928947912674439
-0.0013697866740431813
-0.0024592873625815374
-0.0024967561815188964
-0.0022029993980792677
-0.001856310669362718
-0.0025693495812138794
-0.0014975962672884922
-0.0020130035564890746
-0.002258025851568686
-0.0028495372975601424
-0.001479426920655384
-0.0015767111704684022
-0.0024996554821777074
-0.001816379695117007
-0.001580158994150516
-0.0016478050711942896
-0.002306139481266156
-0.0018010400867546476
-0.0018130800041923907
-0.003069180332975909
-0.0019510377102554333
-0.002733428426797563
-0.0021135082332869527
-0.0021901511388520882
-0.0024617165935073154
-0.002704164661564249
-0.0032480717202224736
-0.0031341386707541786
-0.0026436171799536475
-0.002396151317617538
-0.0022540492836027625
-0.0025127124583983074
-0.003010985059735281
-0.00257901515371036
-0.002145358545291473
-0.002358940863322448
-0.002225265336812666
-0.002153718799863443
-0.0032573730221464826
-0.0030272874402452587
-0.0029201727840440814
-0.002936261316823752
-0.0029685313627055773
-0.0028582372487464956
-0.003528335043045334
-0.0037073119406219692
-0.0034561542977897194
-0.003052534822888311
-0.0034929579674855904
-0.0026442878824147753
-0.00253689515730632
-0.003948523787467751
-0.003007381828146597
-0.0030051298623368894
-0.0032244515960443993
-0.0033859894683787124
-0.002863399911158304
-0.0034870040568238275
-0.0028374256089317568
-0.0036262563590199683
-0.004218066733093808
-0.0032199885333197547
-0.0031430574446831266
-0.0035050105160034564
-0.0030445164281907907
-0.0038272565255543225
-0.003629810763641009
-0.003660666807089351
-0.00369637815005982
-0.004539831830243739
-0.003949739506155909
-0.004032839153309285
-0.0037505752403358375
-0.004178497260104819
-0.004595394034005837
-0.004055442557561281
-0.0044878298738383945
-0.003898361011711066
-0.004025877090320285
-0.003677122734824069
-0.003921650064121363
-0.0038525552648368726
-0.0038043897262128572
-0.0039024852540731686
-0.0037483197999093614
-0.004088650109744113
-0.0048838557993608235
-0.004057168820134989
-0.003861758135385997
-0.004940629285404289
-0.005015947462861507
-0.004403808016037978
-0.005351877239923093
-0.005006661432708932
-0.004556598667790712
-0.004353016958595898
-0.005079216510314282
-0.00499556403847796
-0.004431537448422872
-0.004332706462112586
-0.005335679079511943
-0.004546564937291717
-0.004465705487404015
-0.005324232814149406
-0.004788030347765991
-0.00571588913566505
-0.004703890267367955
-0.004643847813848813
-0.0055731353067915235
-0.004659413752981315
-0.005568530479169535
-0.004746453121494254
-0.0055854038421483026
-0.006114810744051071
-0.005010815498292623
-0.005373230583526562
-0.006370741797976501
-0.0057147509058868215
-0.005680701542920611
-0.005652149793226295
-0.005462722392215424
-0.005689866723773074
-0.006082525315323505
-0.006104601446911654
-0.0054806083069295
-0.005843020562925248
-0.00644369645253226
-0.006844033503653742
-0.0064786804133567
-0.006960374233024357
-0.005663802057958868
-0.007101132962443222
-0.005870628574922743
-0.006131702945976384
-0.006933220475050061
-0.007190107599450328
-0.006086303270294313
-0.006613269577294907
-0.006784114430808369
-0.007187693065960608
-0.007482640341907177
-0.006299150493145026
-0.007619424648705423
-0.007494427452266164
-0.006612510653695799
-0.007619840429019133
-0.00658134638043432
-0.006505850439555972
-0.007258754008843415
-0.006553524804497688
-0.008025752531672514
-0.006990921421573797
-0.007404702790340999
-0.008006507456264344
-0.00714336586496371
-0.007897910973922005
-0.0083162772008855
-0.007494968166255933
-0.0075436857266034715
-0.0072498103521675345
-0.0073244037670000504
-0.008045270528665846
-0.008663396869029828
-0.007299990903934294
-0.008245017162417677
-0.007679178173237596
-0.007979257561839214
-0.00849300621987924
-0.008073981387120326
-0.007965419209128988
-0.008284894811886951
-0.008005825380403696
-0.008852148778768599
-0.008790489213858122
-0.009210696591139727
-0.008340850462847296
-0.008349374508834082
-0.00829111072088601
-0.009534527771399915
-0.009437456869853322
-0.008538656763325415
-0.008767327336401022
-0.009104698244184683
-0.00853493321596177
-0.009244197661584267
-0.009929722744039218
-0.009515517911626963
-0.00956245438089677
-0.009473445880946887
-0.009123649559296667
-0.009882472121760147
-0.010243906435951317
-0.00943340915979569
-0.009129417221648298
-0.009943759901546709
-0.010217464959395881
-0.009868032230928175
-0.009549497816109316
-0.010367749653326312
-0.00943405275127291
-0.010681395435202008
-0.010339919319346214
-0.010165681237553311
-0.011145591326401177
-0.009926044352409432
-0.011055457089192283
-0.010002688494292188
-0.010571715995594337
-0.01064447659850728
-0.011319665197818478
-0.011324288527869736
-0.011574697627936547
-0.011488416377072467
-0.011789329457335128
-0.011232507518049335
-0.01066325643463481
-0.010569682457047189
-0.011795755610728155
-0.011852709265571162
-0.011425602660258726
-0.011135862345867557
-0.01179714529851129
-0.01094311038544439
-0.012329649254843453
-0.012535274503697907
-0.012175135020307816
-0.011857374735265897
-0.012009137732061342
-0.011719459186443355
-0.011453891769700505
-0.012078697488218307
-0.011985981714156347
-0.012977805393242059
-0.011919571575615278
-0.012784744474819167
-0.012584055389123518
-0.011898885402662132
-0.012966010129881439
-0.012843547249556135
-0.013297337593181144
-0.013487858509881717
-0.01291625173862782
-0.01267539957020873
-0.012604576032348718
-0.013768917640258909
-0.013343090495880358
-0.013596308011966316
-0.013712892405109672
-0.013883748773327235
-0.013953171952886576
-0.014164996737628562
-0.014043616605405498
-0.013438321040598921
-0.01333362086510252
-0.014293812734881464
-0.013472563581337783
-0.014399489323497463
-0.014750353442367397
-0.0137468174556956
-0.013635785461499834
-0.014650530056947313
-0.014710626516913062
-0.014934915294274842
-0.014006044769824545
-0.014562641836473695
-0.01428989940842024
-0.015356715122521227
-0.015446690197251294
-0.015346810057797911
-0.014890570019371382
-0.014864677842918164
-0.015740425338492275
-0.015018746132021598
-0.015386294761789862
-0.015940806751473333
-0.014993031068352767
-0.015860198643390274
-0.015127702308792013
-0.01652140299301757
-0.015557786103573215
-0.016205446881916885
-0.016706820999948798
-0.0159894013550615
-0.016092005122152128
-0.015622019644749905
-0.016883366124574306
-0.016649955982460066
-0.01583274136678486
-0.016224552774494527
-0.016582062431743455
-0.01669547561660563
-0.01675893831462659
-0.01672703769337037
-0.016336734326464108
-0.017255198297227322
-0.01710583226718045
-0.01748747376198695
-0.01693870041301803
-0.01756714556187882
-0.017407552894659627
-0.017781253043769294
-0.017281771660702966
-0.017401048071207414
-0.01781155697482515
-0.01797604789104859
-0.017411711464704712
-0.01769476112728686
-0.018381464010241794
-0.018470094089470517
-0.01802877931695876
-0.018131134317832316
-0.01871554137605804
-0.01888994237167077
-0.018137322895673907
-0.018078311262557975
-0.01887561774441663
-0.0184083857171673
-0.019035811329687295
-0.019554682418083537
-0.01871940204516398
-0.01940749783481013
-0.019592615738669536
-0.01903869486542932
-0.020168133070259112
-0.019511121818947638
-0.020019479538230273
-0.019788817578390523
-0.019938114297177584
-0.01955400886872624
-0.01937419708352175
-0.02014597648855151
-0.020135893233828472
-0.020869454815044798
-0.021164158166902862
-0.02062453094551751
-0.02012779751254962
-0.02129286440087767
-0.021052202003545965
-0.020586206832773096
-0.020800755264072428
-0.020313146461510476
-0.021324201885681515
-0.02132681843343712
-0.02075209749325092
-0.021509140100406877
-0.021685031775747154
-0.021223301186589112
-0.022103067762338727
-0.02101352309732888
-0.021182096910399628
-0.02119679904341398
-0.022167089321346443
-0.021677529111928148
-0.022742391651483205
-0.022175752344231317
-0.022790716880545802
-0.022823376906012813
-0.022633454411329176
-0.022410308442625863
-0.022232373086699647
-0.022705589623653148
-0.022136533225182702
-0.0225430455115899
-0.022305582115786673
-0.022425750415589148
-0.02368847316697992
-0.023687903543194933
-0.023890096693365906
-0.022822599022147394
-0.023397133597652397
-0.024050244446042045
-0.02350157998266444
-0.023428130205416935
-0.02459955146523268
-0.023256046785936936
-0.02464514464899168
-0.024852275767946377
-0.024265863129506224
-0.02378092747975183
-0.025121657088045434
-0.02504403630840293
-0.024919830674553074
-0.02415171343735905
-0.02442614312494761
-0.024425365668102706
-0.024995634249181938
-0.024779263386774338
-0.025136200445206886
-0.025256421325920837
-0.025199117943042314
-0.024683549077378072
-0.025916531186592557
-0.02498253278381185
-0.025971620397603885
-0.025471728855393484
-0.02642029587449155
-0.02638846449311134
-0.025323218507803568
-0.025297530878418344
-0.026031501887410366
-0.026316374966799654
-0.027041446576567072
-0.02565807095135181
-0.026204016127074896
-0.02720608034073217
-0.027059458913768396
-0.02715084900444157
-0.027130828976669158
-0.027449207932763262
-0.026341394459822223
-0.026720598140918265
-0.02715370172268346
-0.02781814843875898
-0.027929462397883742
-0.027258612265023945
-0.027121325557105395
-0.02766156132397483
-0.027947687033651435
-0.027369412304620325
-0.027679431574527517
-0.028237519404818084
-0.027878967681421254
-0.027827546806854273
-0.027567880098782683
-0.028929084949993005
-0.028759777474422026
-0.02820142367525011
-0.028411151795441753
-0.028840380347072602
-0.02830195980843475
-0.02795489617208646
-0.028374102163308396
-0.029229036820263878
-0.02869683226205588
-0.029240787576995223
-0.02858884656741551
-0.02988997322521518
-0.029067030193395477
-0.02993886020439796
-0.02992975501195377
-0.02881592426064544
-0.02928728644077406
-0.02901474157192866
-0.029262969323545125
-0.029421713188187114
-0.030556190439750514
-0.029286243427092098
-0.030691863083141827
-0.03002398712717831
-0.030632404780060393
-0.02997053077376225
-0.030118774733401382
-0.029638061445639866
-0.030466472068992723
-0.03066690495802723
-0.030657039796070183
-0.03081037240046673
-0.03059502775714783
-0.030067062222764333
-0.031009799340539386
-0.031033285551964877
-0.030662046012102446
-0.03101728255299433
-0.030425072554357037
-0.030738001315550736
-0.030908705121458862
-0.03161048326804307
-0.03201969150844606
-0.03198471832657451
-0.031209535859537764
-0.03106870479924101
-0.03243305042586906
-0.032062218147899606
-0.03180023111707166
-0.03206761568001722
-0.03133709224834767
-0.03196574001981678
-0.03163319705937419
-0.03277194265634116
-0.03156092869812956
-0.031876269699743526
-0.0323880274407518
-0.03261593117980761
-0.03245020528557849
-0.03213818527468737
-0.03187604047456973
-0.03294966427545929
-0.03226974276757462
-0.03249765906590793
-0.033074496932663844
-0.032887853218006274
-0.033547524162069985
-0.033380349282910456
-0.03298094953310562
-0.0327381900114975
-0.03384191823698408
-0.03353577319217587
-0.03274670768165344
-0.03362588742540143
-0.03289219752159471
-0.03336717340199254
-0.034103408360500215
-0.033721216959231554
-0.03376948110154885
-0.03326044502229198
-0.03329587403248264
-0.03347562309332117
-0.0336332852626345
-0.033911203788199874
-0.034001268273177745
-0.03470174673724853
-0.03455908319309732
-0.033766904316850664
-0.03433274602645757
-0.03480303868548484
-0.034613453082355035
-0.034154595628974056
-0.034444816649162505
-0.03375170443271345
-0.03499316456143843
-0.03438577777010631
-0.0341616390791747
-0.03493268687609345
-0.03438750085148177
-0.03458218907371276
-0.034541146492820266
-0.03428150514456055
-0.03448842318593155
-0.03428397220033722
-0.03494697021737089
-0.034969683202769435
-0.03498306725335376
-0.0354481292836171
-0.03474894205426067
-0.03424289960016866
-0.03499413009666571
-0.03519266995273871
-0.03525349385805795
-0.03526000756395148
-0.035064859055151124
-0.03582171419990462
-0.03530838812503502
-0.03581696979542047
-0.03472658570396623
-0.03576848086855636
-0.03556751951628461
-0.03541395199431226
-0.03552130055167033
-0.035786311969398826
-0.03525883942300301
-0.035090330559087723
-0.03588565274370262
-0.035704982464971176
-0.03560406497417938
-0.03610249569843769
-0.0355750073194157
-0.035082119863373444
-0.035369616333250295
-0.03509843616867711
-0.035112166889802364
-0.036421838904654294
-0.036391948236067645
-0.03531226701702343
-0.035893701538504054
-0.036197246415191134
-0.03635337461731805
-0.03564892837243326
-0.036147467237874646
-0.03508913579707678
-0.03630375448072323
-0.03639841615882609
-0.03550566109558102
-0.03615445053856286
-0.036275675477077635
-0.035580889493732316
-0.03514671345806371
-0.03596925184241958
-0.035179671831585005
-0.03547381141667548
-0.03539359191052705
-0.036526033544594765
-0.03616483918200911
-0.03637613089159554
-0.03551054405593107
-0.03603529032091271
-0.035439291280382285
-0.036135978884536894
-0.03571818447289345
-0.03607771218556657
-0.03587696484518416
-0.036007335392216025
-0.03596217518314782
-0.036514415829501455
-0.03598759718063763
-0.036020129192474354
-0.03586970781062069
-0.03641718997007195
-0.03575195792831076
-0.03635479674124733
-0.03645160991626801
-0.036448334755406445
-0.03554375548254413
-0.03576731826737781
-0.035101416377042116
-0.03641520580197955
-0.03503181289456344
-0.035510408122258065
-0.036253944920255264
-0.0359379364740793
-0.035769268246410926
-0.03632690681547185
-0.035844284608105
-0.034928963057875934
-0.03514567377859345
-0.03519066606309607
-0.0363029508767557
-0.03587613094519217
-0.03585156040705685
-0.03524969501092128
-0.0356713416549624
-0.03562263766061925
-0.034856891572518076
-0.03530068219728612
-0.03603202213006842
-0.03534167756126868
-0.03566991074978522
-0.03537332509837455
-0.034917671338593546
-0.03449566173090071
-0.0346062289774071
-0.0358443208756306
-0.035816986947877806
-0.03514016866740648
-0.034349343844388265
-0.0352986790226099
-0.035292126630927234
-0.03513867114140168
-0.03465001418121357
-0.03498905185676526
-0.034843540830461726
-0.03494275576223476
-0.03447251552713775
-0.0342522322588948
-0.035314974692383025
-0.033983462107429085
-0.033804307619098264
-0.0346072818308706
-0.034766566688254515
-0.03506469368986137
-0.034273143998222386
-0.03403521443509458
-0.03471702104053957
-0.03356946190579584
-0.03338004130041981
-0.0332443252363134
-0.03414546357948262
-0.03386581586337941
-0.03392921535544162
-0.03381787275221667
-0.03445548053769551
-0.03420878042894772
-0.033720895266091955
-0.03292445579720909
-0.03390151327370198
-0.032845994756282706
-0.03332844021908699
-0.03291854166404499
-0.0338300684385627
-0.0329434616623794
-0.03246825175106072
-0.03324820048298003
-0.03242138533769954
-0.0327421820457706
-0.0332607823087186
-0.03310082925033329
-0.03321215974209305
-0.032419122758557066
-0.033115908519584875
-0.03177486069062732
-0.03204200267079044
-0.03194714041137959
-0.03256605801266274
-0.032473722097245535
-0.03241866536809648
-0.03158236663907622
-0.03130444201849009
-0.031046578991130485
-0.031600682981733096
-0.03082680266352143
-0.030718986023117248
-0.03086135312382603
-0.0310202390124718
-0.0317594993206602
-0.03172285002865773
-0.031052723990994072
-0.031145031022701896
-0.031241613647233685
-0.030595555644579837
-0.031086299813134613
-0.03031741462482958
-0.02971951992589942
-0.030431833716152507
-0.03027179595939658
-0.030758867022209296
-0.03001119348059757
-0.029782322346918313
-0.030062478879324738
-0.029667792113843943
-0.030079765406969088
-0.029030253441840837
-0.029413972540365416
-0.02995433594531989
-0.028580780570102653
-0.02907685282877407
-0.029103512203029813
-0.028561957061374352
-0.029148567635874045
-0.0286316593120709
-0.02836405761576824
-0.029172750927538182
-0.02900601005808639
-0.028473005573913177
-0.02838390828072638
-0.027293439723638374
-0.02799623286669875
-0.028254126916682193
-0.027204685617935803
-0.026947906987782773
-0.027262444993671454
-0.027188859564221447
-0.026500311377634537
-0.027432840048497734
-0.02635211576946582
-0.027057734528309275
-0.02595166557672567
-0.02716575659478518
-0.025754842031124547
-0.026731032931894338
-0.025573337727134757
-0.025330520286091087
-0.02546986253343572
-0.02623179112462451
-0.025628956234852104
-0.025717882200276494
-0.02512731128260132
-0.025200920429671647
-0.024613352901484545
-0.024368904309219286
-0.024915089152024648
-0.024716448324489243
-0.024208225013698386
-0.024106662928864833
-0.024699370984538633
-0.024005416507408457
-0.02472583963175545
-0.02440247183536225
-0.024292387445642778
-0.02418614733733025
-0.023948549840625877
-0.02294188224071931
-0.023073095468482928
-0.023613272946189954
-0.022929778133676408
-0.02345501894748017
-0.021959519387891584
-0.023096637765278358
-0.02260841760598891
-0.022921193661187025
-0.022588578705048993
-0.021983444505710385
-0.021137337728693268
-0.021191216022635285
-0.02106907387659576
-0.02089816788989896
-0.02151829874197317
-0.020634632898107734
-0.021323595188914947
-0.020986476709945204
-0.02120291062864975
-0.020358935839427418
-0.01978862870201821
-0.01962898754695499
-0.019524297540839623
-0.019029475101932588
-0.019347022818634898
-0.01957109114262821
-0.018592806628324653
-0.019222873006350484
-0.018508136193500665
-0.018519471789304555
-0.018127029629887804
-0.018117500049965058
-0.01877878025326996
-0.017607497852111038
-0.017207693961271708
-0.017029745819974042
-0.01834941582686447
-0.017072995767863336
-0.016570634440247034
-0.01697715105281715
-0.016745282179813963
-0.016488543260714136
-0.016923699991035865
-0.015696130420344203
-0.015737090315710477
-0.015923559981820573
-0.015603099792147308
-0.01625764535239827
-0.01614270726408647
-0.015996729350207326
-0.015782345140324297
-0.014371927220033415
-0.01473139710055921
-0.015259518971611917
-0.014019171677475005
-0.014158014890146783
-0.014403168866218818
-0.014402775373670285
-0.014366001188704427
-0.013511177012103897
-0.013222861622489878
-0.01265657407974662
-0.013091332455505153
-0.012883473899516688
-0.012554482264758577
-0.013012596590184649
-0.012408695725823544
-0.0129206281539403
-0.011338383603975408
-0.011773520850450237
-0.011358287580500498
-0.011310171574842917
-0.010812181483660501
-0.01123421718281528
-0.011642280341987691
-0.010410553237167948
-0.011021077477893848
-0.009753785031478474
-0.010338019663448569
-0.009989613538660258
-0.010253124109689447
-0.009039976037819475
-0.009570068285295937
-0.009919607176435124
-0.009571868560206384
-0.009339959012923204
-0.009285073828142318
-0.008886956646234432
-0.008217437031165127
-0.007541908966710924
-0.007199040704362078
-0.007635774320600838
-0.00766257983502716
-0.007845926984956378
-0.0068331999846139545
-0.007150815515176178
-0.007019219872019082
-0.007327208760066191
-0.006563559614683892
-0.0064094865387633905
-0.005473884472074397
-0.005343140885400956
-0.006220160181722976
-0.005418922039097511
-0.00511636160522493
-0.004529902109472746
-0.005349584293578547
-0.004850487591955797
-0.005184553482202075
-0.0039061452455654852
-0.004505979770992081
-0.004490284309775898
-0.003051641258070634
-0.002957585717104298
-0.0027696704058610177
-0.0031604840072892207
-0.0034501942152823507
-0.0029169437712202374
-0.002773877918028579
-0.0030050037487224517
-0.0027325911490501563
-0.0022895810902977976
-0.0017942251677482096
-0.0009448984960099107
-0.0006872514482753327
-0.001845616877412602
-0.00034688929806814196
-0.0012340692775985181
-0.0006523558167174422
-3.634135687393756e-05
0.0005213323994320341
-1.6747607083381892e-06
-0.00025585836485473077
0.0004594685266022485
0.0006212194435596913
0.00020909620625614802
0.0011476864747707609
0.0011282250826222051
0.0018040202986972964
0.0017209154299451983
0.001126916863657261
0.0016664925663591715
0.002117705047507461
0.0021615229866718093
0.0022263261314348537
0.0029865306742806264
0.002530972816709946
0.002974279235718053
0.0031425336717303336
0.0037206395316765712
0.004071122721469336
0.003592336050220581
0.004062188311204193
0.004188314274533322
0.0049283352212427835
0.004080257762895283
0.004858308927628377
0.005653397501514163
0.0052930230222609075
0.005724365226535839
0.005527622377888181
0.006477334463952215
0.006649958583204564
0.0056493852684431954
0.006091404886582821
0.006467740986910028
0.006929890791842562
0.007348232627686704
0.007046676137034687
0.00694776562309352
0.007900539681108246
0.007714249873047386
0.0081177429556168
0.008044738069623636
0.008717851917378895
0.008613384614376721
0.008855867295039404
0.00814385992905797
0.009478974848875308
0.009281861437751882
0.009692468214774241
0.010066172003043626
0.009667826663157894
0.009416073716936047
0.009985827616188171
0.010811726801587047
0.011078447333465425
0.010621051640444003
0.011462174548078088
0.01098642240537449
0.010652706756926915
0.011321702306031186
0.011328271535013573
0.011635072872003523
0.012653983376460362
0.012669479721369345
0.012767719066973765
0.011866322485997165
0.013026204665373733
0.013338432944465288
0.01284870826740786
0.013186238503248187
0.014076260656273088
0.013899761224603013
0.014367022072609693
0.013978859704211569
0.014186624512444696
0.014843606323434382
0.014048704567055325
0.014209899316656107
0.015272429630483341
0.01475365414482106
0.014587519585246157
0.015019656147834216
0.01641439422263741
0.015213185864954891
0.01623970101061332
0.016643773834559204
0.016773852249772583
0.01656380564932595
0.017240055942871334
0.01621541673373438
0.01640822257473982
0.01696890801811025
0.017088425430113293
0.017700961832904122
0.017393147247177648
0.017529353737156604
0.01818409962677509
0.01783510097886899
0.01789848601055018
0.01869195542762916
0.01913648980979299
0.018463192420116813
0.01870349575091176
0.01938973478235317
0.019475961337146592
0.02015142595465828
0.01962874069948993
0.020505582833313947
0.020459060981703144
0.020302933465516575
0.020361840186573225
0.020886270383944996
0.020110118807825872
0.021005477118349672
0.021394779245231702
0.020608906375206987
0.020835957485588134
0.021875742622927765
0.021074765481619937
0.021826267276235423
0.021501982754612035
0.022112037827216064
0.022478087549736053
0.02294795473389029
0.023306235910155338
0.02244508157826375
0.023369951222405646
0.02293540477063284
0.022864937716283864
0.0232956378709455
0.023371506902558747
0.02406743068599003
0.023519400890822367
0.024437200977543858
0.023645410896109338
0.023631464637091017
0.024115306055758748
0.02488260101459421
0.024218951012651743
0.02424842462759689
0.024859879880285343
0.025794720533618035
0.02570656928515451
0.024957571893080212
0.02511690255961869
0.025433820268908513
0.025701919790765224
0.02588757701953738
0.026785779506648715
0.026857900290010523
0.027062621951433444
0.027208707525832567
0.02694123340286874
0.026605984788284184
0.02680092608325412
0.026308350270130586
0.026857514100365312
0.027194331076854057
0.027379671417637478
0.027859527019421824
0.027231499325137014
0.02847971289197708
0.028265530230955297
0.02804174870032829
0.027705212843624216
0.027826126056451517
0.02853016583406949
0.028441873912689156
0.028678285385985453
0.029398541320289802
0.029077336644781262
0.028399490632455428
0.028685509188129284
0.029885781334328686
0.02998649751139044
0.028875644702109387
0.02925746519465207
0.030211549142817234
0.029544353278797324
0.030072847790918344
0.02959021621296302
0.029788222908418854
0.02954070966614873
0.03097337377685577
0.029764808251059933
0.029841810969290224
0.030562546181572604
0.030727250333827002
0.030623881437054554
0.030506648705002547
0.03151158627810394
0.03074763982516584
0.031804295873517775
0.03163455661208213
0.031162731984713293
0.030973886621997203
0.031588541279178636
0.03231080911066552
0.03228649548236293
0.032084370118119016
0.031650310187209776
0.03230518856101177
0.031892441094034094
0.032938430978349906
0.03199424318382805
0.03219521365650433
0.03208447052908627
0.03309498368528182
0.0332703586178038
0.03226511316413624
0.03324632892976212
0.033718294125859576
0.033199242047291105
0.03375994549943268
0.033312854079766245
0.03295100906529234
0.033113838903789106
0.033524576519142445
0.03386222536106911
0.03337945673281226
0.03418732830755564
0.03328755078510781
0.03324822752399838
0.034455007721162494
0.03357423264459379
0.034098712696500035
0.034197648584706065
0.03402887927129818
0.03405284328668914
0.034575652564310264
0.034073650025707135
0.03441471265103224
0.034501536868997276
0.035081951780421346
0.034893494324098634
0.03435449175078779
0.03530848799867383
0.035270160968173245
0.034739557688351
0.0356701560091216
0.035631355920191454
0.03480329526471001
0.0354962393771726
0.03481031455370725
0.03519624649976612
0.034752532227114635
0.034838556819197314
0.03598677390055805
0.034918058938104485
0.036294065390426115
0.035481764204170776
0.03509597069110369
0.035214444243770085
0.036224109699600084
0.03639185106773438
0.03595270825422749
0.035936525257972425
0.035890738098983674
0.035903522517135536
0.03584581782086181
0.03650888527773621
0.03585585039716276
0.03611451805632831
0.03666860466566654
0.03604754644080382
0.03582925440721291
0.03584748198149067
0.0365761118865372
0.03658760938359651
0.0369971766956984
0.036916045193177954
0.037145258571176606
0.037174926892092834
0.035999226787500505
0.036295965888970216
0.0367331508740157
0.03641862978784081
0.03663109148049056
0.03688571576158707
0.0369437670735887
0.03729575818013603
0.037000853476930454
0.0364355917677995
0.037442196587990195
0.03625961851015519
0.03749293672847134
0.037708784000476454
0.03668810899746668
0.03641157160282954
0.03651719036880695
0.03708166656879955
0.036510923295356656
0.03734792417994459
0.03788949855586205
0.036606527968993184
0.037849141594295185
0.03761156395699685
0.03664932564609726
0.037678760584766983
0.037009318973304096
0.037003463051800196
0.0379821789484605
0.03764538888482328
0.037617386278346356
0.037806878695132246
0.03784418858461833
0.036616522434518885
0.03672730265951927
0.037353362187996356
0.03787296924724841
0.03670254097679089
0.03791088568325941
0.037271522618477645
0.036638700100732655
0.037587056956243314
0.03685555725311074
0.038013108933390334
0.03673028394625801
0.036560738504073334
0.03697843077981851
0.03677246523616626
0.036680256804659694
0.03680675675733501
0.037619073321815306
0.03739805503702175
0.03682979644204558
0.03700668441119867
0.037455999383798275
0.03731242811259394
0.037007405896698604
0.03743706440653837
0.03667567644274764
0.036707621113443764
0.037058351611699604
0.037215702778955015
0.03670663107305995
0.0376627086575108
0.03689787155087678
0.03732367733004921
0.03771803891023878
0.03739532555028462
0.03686402645869311
0.03677441809968246
0.03728398749599279
0.03668670009210452
0.03708103260339641
0.036800321606275416
0.03735952453035841
0.03650371542154045
0.03645523009338752
0.03634624049368872
0.037169530370945544
0.03744052074276619
0.03732768983538657
0.03651790081570851
0.03686448730266798
0.03678783077325923
0.037066089493414785
0.03616217051656152
0.03718975850083672
0.03588202440798515
0.03698152055346065
0.036654066255564284
0.036103583982117736
0.03600645341376734
0.03640059023366254
0.036031359734830064
0.03645396497159624
0.03582136572956606
0.035548143111292715
0.03561563481312549
0.036449590991635215
0.03619179799717775
0.035574321146322196
0.035921749362638124
0.03648564756031566
0.035861606952893504
0.0355929114847255
0.035219892300810934
0.03559518868329188
0.036344177686779174
0.03599917159405332
0.035201060316150896
0.036297412990574096
0.035366271494840465
0.035676790142383875
0.03597106685646757
0.03574953820060023
0.03547516023622825
0.03503062971786805
0.03530635540067514
0.03546532576268694
0.03528678000298891
0.03496243314861665
0.034483919582576406
0.03464055542665782
0.03551027034023729
0.03497537867986827
0.03485985835666468
0.0346399255117381
0.03431226544241827
0.034509042395830476
0.034532426361878095
0.03382299134557558
0.03521368983037541
0.034945475277845944
0.033666463520115576
0.03484140506063952
0.03490617767418965
0.0340187810667007
0.0339366643315412
0.033754264069737264
0.03350600574517897
0.034420062894818575
0.03458068141305838
0.03321689832622816
0.03393724020586333
0.03312236278106044
0.033277942178703765
0.03354526475159042
0.03297096939526885
0.03383051176338753
0.03320331511693149
0.03363620839051257
0.033081594054647286
0.03363643137218262
0.03289935438407241
0.03272686546245508
0.03277211924046606
0.032461981521832155
0.03267537183032364
0.032223229256237315
0.03310360011475867
0.032127745029213436
0.032458476616950865
0.031902672688786236
0.031851410775817414
0.03232884214144359
0.03257015645749639
0.032213260656021564
0.031703140252911204
0.03258276892344993
0.03275764452652081
0.032027529333300275
0.032105300886891966
0.03190388575214018
0.032275997823226675
0.03156277337636531
0.030947633558105838
0.030812098217871058
0.03185681664013878
0.03188152601154678
0.03157709142681923
0.031391109607896164
0.031422147931412306
0.031414540996839185
0.03166315046006213
0.03097154155691266
0.030477092744306166
0.030623097138104967
0.029991681261075258
0.03127391416468523
0.030284188605575035
0.029855490642028748
0.030610603019286756
0.03073117831080288
0.03066631177953282
0.0302624992050998
0.030720249399302922
0.029938127865821867
0.030241311055465542
0.029963133341060228
0.028986672135283185
0.029279526087084427
0.029535935728334094
0.02874194077783075
0.029373255796913616
0.028709503281060846
0.028807384730062707
0.02960054626561558
0.0288940096545628
0.02874260836721695
0.02954191083254896
0.02875672293458964
0.028428954393832355
0.02874732209372851
0.02903492944928702
0.029089692907417898
0.027742205610575985
0.028161100132871396
0.02755332488824212
0.027808561809214316
0.027485298426035764
0.028119667872216494
0.028496848600159632
0.028308402692612374
0.027364348202229792
0.027029219365023237
0.027234804219595905
0.02807553246530134
0.02757883976684272
0.026787717833488038
0.027987888053825804
0.026458623594996858
0.02688597486141196
0.026679302691207996
0.027123840552811966
0.02749514608054229
0.027396770184927744
0.026583452720416574
0.026589026935057273
0.02683938097295649
0.025862545005672876
0.025940584703677636
0.025861367964802217
0.025651417158343934
0.025672943166064315
0.02607848221606209
0.026360842188916312
0.026164719222891708
0.02636236084284336
0.026084742460846223
0.02484450825042445
0.025304294722718793
0.02573599790546975
0.024875925975164328
0.025580341761466608
0.024744689395364713
0.02448813631768009
0.024476021802917435
0.025006360215332698
0.02510259820038167
0.024821381043686554
0.025117919844430348
0.025127711524161357
0.024447932880157532
0.024411344499276195
0.02435101246774774
0.024159784049177298
0.024419123313795556
0.02340035492587761
0.023491388615745287
0.023375359600195187
0.023857462213505216
0.02433466487132072
0.02307837398475564
0.02376058534998429
0.02370969364328044
0.023814034194317078
0.023053683562951323
0.022773208346480733
0.022817892935531454
0.022287111024260047
0.022307704392011126
0.022246944618830658
0.021964381239137933
0.023184367791561914
0.02205955733221128
0.0230993218458108
0.022398777458611206
0.022718214086036585
0.021954943554105887
0.022502283285607282
0.02216987170856196
0.022321896406648438
0.022119057422472863
0.021816892200261326
0.021805830422898815
0.021914095596369705
0.020963237260581375
0.021468665123903122
0.021299426667187538
0.021902295632189615
0.020756760709145207
0.020462499364337767
0.021496812987625853
0.020538033780073614
0.021306596645825116
0.0213467511001057
0.020717408593169638
0.02099551952158712
0.02110941282436855
0.020310948383920967
0.02080165184671232
0.020572741846842765
0.019863840160537254
0.01937760633213216
0.019762541875287476
0.02051833422197588
0.019613778853542083
0.018996312179006793
0.019578862831221528
0.019964819040180933
0.01928533290163115
0.019688520058674847
0.019326486164720432
0.018545857502037293
0.019576122173243924
0.018823068271118227
0.018635773090135897
0.01813206637821658
0.0182104124290114
0.019371383177484786
0.019113852447388772
0.01780427810940143
0.017689139476218575
0.01910400190713519
0.01897949206225878
0.018449020702185
0.01775537932992945
0.01749982541278286
0.017426597298208002
0.017973631214349337
0.018182638275817963
0.017182654883824484
0.017182621334088242
0.017048203015877447
0.01711635679127078
0.0169027774122102
0.01679396170276473
0.01653805239356009
0.01691902519214059
0.016595341730146367
0.016923840248512508
0.017542890354670763
0.01709100458155833
0.016250658791750656
0.016398893017307625
0.016629274435730843
0.016145962600260112
0.01659931348799774
0.016578809014936684
0.015551784986701057
0.016953520039124027
0.01581756172756531
0.015521034137820371
0.015932333672578066
0.01625000744566257
0.015238955232063697
0.016049308181606554
0.0159528457676168
0.0158919739301325
0.016183402331071864
0.015789460512647846
0.015603193390239667
0.01568782308112112
0.01537335038406322
0.014861474647892064
0.01507727206224835
0.01537852857744928
0.015270359179414508
0.015483565095772185
0.015280939583228141
0.014342992794259818
0.014457687811908893
0.01427614529019341
0.014957087106991713
0.013756117047669275
0.014346226029273632
0.014926155604579043
0.01484482524047234
0.014196947032558548
0.014598393276611533
0.013609167394312288
0.013512305204579174
0.01390970468277894
0.013438324321299877
0.013361034880640884
0.013863884951044743
0.013947199375426387
0.01403185137010878
0.013529544852537757
0.013350769670899284
0.013657026754104313
0.01305386363444317
0.012728825759516027
0.013144012167321932
0.013172213189368866
0.012305855249271367
0.012293439856641284
0.012288516283076091
0.013403178148813007
0.012618969105472586
0.012376956603857363
0.012586602505801407
0.01289725397750155
0.012706650805800369
0.012707436952790137
0.012678258065232841
0.012382289709810052
0.012887808760150516
0.012706128296951334
0.011852068440712314
0.011661592740766788
0.0114662610911273
0.011941346613244148
0.011730122681445713
0.011718540316182852
0.011215842373238786
0.01095408637721161
0.01189237354222219
0.011529200320283811
0.011492447060035684
0.011287033380211536
0.010703218236492493
0.01150039688664034
0.011698937131989372
0.010547768750936883
0.011296453030237833
0.01143287868067914
0.011227463830689321
0.010088040263175701
0.011441257332744372
0.010103405509769472
0.010679949121743795
0.009918386839509536
0.011151196014903697
0.009808169413991319
0.010686285194506926
0.010556037677818948
0.010587509548159377
0.01015132899342495
0.010064214536684012
0.010065782180788114
0.010605478561068792
0.010498172757506915
0.00981787755085636
0.009535355034150277
0.01035458058265196
0.010520944440679655
0.009105521809850877
0.00900278029221347
0.008902537514271353
0.009529145773785745
0.010175905627359134
0.009402138523035838
0.009064754888271959
0.009173137684319588
0.009364957836594846
0.009402873827429714
0.008553203139035724
0.009353744364761538
0.009278716143909077
0.009215689898302567
0.008352839821178754
0.009267133586069568
0.00960137868151559
0.00948772380989812
0.009421255272842766
0.00806597756334279
0.009067408210148295
0.00858572148824312
0.008471304313255594
0.008276494943791547
0.007747300248434716
0.008126846659117747
0.0080451083247193
0.008031485543595444
0.007757074214247844
0.008327065563438709
0.007480800162918936
0.0077938715582869765
0.008163729819578648
0.007510206910347929
0.0072356878709338955
0.008050950229091837
0.008152858284252495
0.007146985129830321
0.007482621178420386
0.007865578793096517
0.008266884670691164
0.0071241604699811755
0.007428065445571795
0.007427638026235189
0.007978868659877429
0.007940463610766191
0.007096364708280004
0.007093164739958349
0.007056616190652631
0.007350996110859181
0.007180185046317176
0.007719222039086654
0.006733666196669083
0.006690918214535608
0.006664732898653334
0.007526121287425591
0.0068915675385708055
0.006998265954886627
0.006928520295217034
0.0074060302194091454
0.0074704112147589595
0.007011641367720288
0.006347549270891034
0.006454506696155528
0.006512272092875417
0.006167019303303532
0.007008798861558717
0.006188218548626635
0.006732827251843069
0.00716076452221998
0.006641703514811323
0.005949096087378929
0.006986145431611785
0.006867847738156301
0.006909621733374224
0.0067986111826201815
0.006110901311587677
0.006182368566715477
0.006492339241757128
0.005678329161126056
0.005494918628323274
0.006175616116310637
0.005622606777246594
0.00648812441251774
0.005849941805876932
0.005461861903641749
0.005767826150004776
0.005373199088022309
0.00501125186695577
0.005793733215218385
0.006216764176742709
0.005345493623472502
0.00631146708299291
0.004941447837616096
0.0048209493540855705
0.005963945635334401
0.005001869951845299
0.00577277147038747
0.004679300352622884
0.005774285940755552
0.004830322224941527
0.005616172463823498
0.005328248745478002
0.004622795684920634
0.00583369952233671
0.004448725023670128
0.005648166852164194
0.005271754480033532
0.005459590935879723
0.005734871307857185
0.0049804731098083786
0.005664828937087354
0.004350903799130283
0.004426721889063266
0.004640207586453047
0.005367586684692193
0.005085117447446533
0.005438883924807528
0.0042002879265372085
0.0053612701974896084
0.005410871904295083
0.0047422479891391445
0.00464228969394091
0.004116622092458076
0.004483182740739079
0.005065876071872308
0.004087152796026661
0.00465956493630896
0.0037441446349991557
0.004750280661102521
0.005056905478967779
0.00398650749591378
0.004009623642169601
0.003987635225058469
0.003714959206875212
0.0038831557214820322
0.0044694782040556056
0.004225890539508923
0.004011737851302869
0.003625262184236848
0.004673014482646116
0.003736258666470727
0.004456212083418561
0.003982577463205409
0.003739174985231797
0.003586610734404949
0.004107693143795876
0.004323534810390142
0.0036444431645853417
0.0038829215404679097
0.004481631416009618
0.004134699948589415
0.003384883405925687
0.003153011244041782
0.0030635073991564475
0.004366644236825636
0.004078098106818879
0.0033772507824647367
0.004344127350305279
0.0037934871375735675
0.0029586394677479353
0.0036302230685549357
0.003125503603842865
0.0038956367842646333
0.003068159885134509
0.004150073126719819
0.0030233004039016214
0.003485208622918006
0.002838797276400481
0.003331527674771649
0.004101452963426456
0.0027442153226644424
0.0027572271760434707
0.002989168416671685
0.0025768070818498086
0.003398464510991654
0.003921723700957284
0.0031027275272780814
0.0037933537419891305
0.003621275945473184
0.002597666941865989
0.0036799365160717044
0.0026405418493932117
0.0026529186674951206
0.0036781105879256717
