-0.0022442385081241183
-0.0014267378977569532
-0.0020155970359710925
-0.0018463547623490063
-0.0016374141455206123
-0.0018351221713065243
-0.0009602749829718559
-0.001940844290072322
-0.0019237997168103215
-0.001340325238999005
-0.0016448679973722386
-0.002256574174749563
-0.0015555569460083754
-0.0013897777227877873
-0.001437317838964531
-0.0016705609819894335
-0.002397493518750061
-0.00241994751141237
-0.0019097364372520295
-0.0018146950124547862
-0.002605676870341885
-0.001809344203075091
-0.0016041138619762164
-0.002686426136862889
-0.002032564012062125
-0.002182526863811133
-0.0017125230173159732
-0.0025798740232597945
-0.0018114647835607877
-0.002765927224522838
-0.0027816788165333727
-0.0016340898689093453
-0.0016862242180884948
-0.0029145508774243724
-0.0027105608422217094
-0.0016749943738923881
-0.0023758242517062447
-0.002394157645296018
-0.0022779595768434844
-0.0029270782374563546
-0.00261375212909818
-0.0017563950460838477
-0.0020219950707965465
-0.0021449282603330463
-0.0019606445853178433
-0.0028670548368148275
-0.002699911674113064
-0.0027830401240623933
-0.0033211868851661663
-0.0027240773343744406
-0.0034173523030132315
-0.0029327544012587637
-0.0031871297319186914
-0.002326713716380465
-0.0027665661208057498
-0.0035787883182556556
-0.003450017895905585
-0.003609164928099496
-0.002795481324325831
-0.0033916399218401304
-0.003023841998031916
-0.0024560670149477485
-0.0036750378105212464
-0.003619887874595258
-0.003132918749717457
-0.002606754535436659
-0.003067923787139214
-0.0038859193268966146
-0.0038396651884890017
-0.003376278296604445
-0.0036569500425926668
-0.0031196916096654028
-0.002699587035739495
-0.00370440150154697
-0.002874729408671384
-0.00416889516806212
-0.003921836997869682
-0.004227832459856989
-0.00425617331571208
-0.0034312824231349064
-0.004019469982243671
-0.004206307885248666
-0.0035212760685474753
-0.003786154488708787
-0.00424672317050468
-0.0033233986200360325
-0.0039047756428487873
-0.0032050967355271675
-0.0032657623607648383
-0.004245603317372536
-0.003415867295830701
-0.0044495705590560635
-0.004683319743720825
-0.004710570455830314
-0.004152676364280313
-0.004138376775432749
-0.003790160910965346
-0.0047917910606010364
-0.004922880577586048
-0.00407155033328548
-0.00501530531825367
-0.004502301625851024
-0.003684166063247895
-0.004665518094882633
-0.005159678986884497
-0.0046519954961378495
-0.004272583310255393
-0.004947397043724913
-0.0052107460153892685
-0.004129162195376714
-0.00430189070719102
-0.004782746170486566
-0.0053772368067763286
-0.00418179109525857
-0.004466636122862376
-0.005085765708526948
-0.004235643879175752
-0.004737398790103192
-0.005404865799365008
-0.004916586521401972
-0.004639092817965497
-0.0057165745667308145
-0.005274506081177141
-0.005887328658504199
-0.00587503141666223
-0.005434763273479535
-0.005499705481732817
-0.006150351060728666
-0.004763946159441788
-0.00578537757338724
-0.006239305352778374
-0.00604527962069603
-0.0057236745385382815
-0.0063798847919425946
-0.0054388416816350295
-0.006253037476961098
-0.006069403719202343
-0.00609288334763264
-0.006596908546326707
-0.006003168607566993
-0.005726068351873452
-0.005464353049192803
-0.006233557176058917
-0.006763914191718811
-0.006375924037036764
-0.0056209891003147
-0.006508564762761273
-0.007056384105385344
-0.0059855901065903674
-0.005785222705351059
-0.006601801866345771
-0.006236543811698643
-0.005978845862434334
-0.006080175219164312
-0.006992494504734422
-0.007089466324547773
-0.006901035065625386
-0.006610653024861665
-0.00672991306751908
-0.007603435757586025
-0.006597685465867508
-0.007756430112595733
-0.007575223488406329
-0.007311438088297072
-0.006815418631972972
-0.007263924495320028
-0.006608850546033003
-0.007175941315319775
-0.007642430812956736
-0.007911625840673571
-0.007911690168654128
-0.007043428260403746
-0.007807589078979209
-0.007371850954506663
-0.007466294273488983
-0.007462786498387676
-0.007653127816419838
-0.007381611141283559
-0.0075437321288166805
-0.008565999035702671
-0.00788957951726903
-0.0076075285211448
-0.008658439403665742
-0.008884622018581713
-0.008469133216803424
-0.007984307047565342
-0.009080774806242867
-0.007956699289517484
-0.008491374899645665
-0.008027665222709437
-0.008071538527081824
-0.008806188650997505
-0.008960978694410045
-0.008129401721621498
-0.008221636430221176
-0.008640720737220007
-0.00819817954387468
-0.008892054137925529
-0.009716686880476897
-0.009540134418458806
-0.009564270216924945
-0.008848575587385943
-0.008946250687689236
-0.008764398375362215
-0.010065499549777805
-0.01009810499431854
-0.009161202085022765
-0.009562379850050377
-0.01008544598602154
-0.009431031351066224
-0.009412798273106466
-0.010556585828693515
-0.010432031646115624
-0.010321235820917542
-0.010066869547389265
-0.01028966723969806
-0.010233278419417409
-0.010842913184525807
-0.01046628979892812
-0.010963044574630461
-0.010777928472435212
-0.010349703841641203
-0.010123764123800135
-0.011257348396615074
-0.010933035414789852
-0.010652087196515283
-0.010402452624506075
-0.01021204408658371
-0.011538342376398097
-0.011366670519797
-0.010924428790476328
-0.01075692281235236
-0.011702405168236544
-0.01141638222256782
-0.011789860441086474
-0.012112704105345371
-0.012166170149703944
-0.011958875693457719
-0.011392290837352022
-0.01143663572075848
-0.01246724877989009
-0.012043011010401866
-0.01156576638091423
-0.012581477101229584
-0.012325690882942424
-0.011596768197209116
-0.012808536186363425
-0.012706422071731947
-0.012068355594550651
-0.01194785615054925
-0.011949174016570415
-0.011739193591196526
-0.012723674505918688
-0.012106926143521171
-0.012030561712820619
-0.013008019272147193
-0.012423199613600338
-0.012350933997541225
-0.013517113826028746
-0.012962165288296636
-0.013705627203907838
-0.012909404210445707
-0.012994541401069499
-0.014092874867870404
-0.012865554454843813
-0.013588012157332722
-0.013088351384197052
-0.013729092593328999
-0.014131418503409647
-0.01368371670757629
-0.013258549328825872
-0.01423564681566405
-0.014152910011649653
-0.014140539211470238
-0.014774932414363694
-0.013763187604038014
-0.014474660293116039
-0.013726918285536608
-0.014816637665422953
-0.015246451138778849
-0.014739437148164308
-0.014030825469976237
-0.014905934427848011
-0.015626433419728622
-0.014843513278094666
-0.014537954883688281
-0.01563104449761664
-0.015281216103797266
-0.01473923532936207
-0.01523531872296845
-0.0150550885012879
-0.014923638840626753
-0.015117493907196664
-0.016388823312228764
-0.015897452435356542
-0.015519183399949761
-0.016102135228915272
-0.015918302553213234
-0.015574802977076276
-0.015807389500600896
-0.016462689204636467
-0.01669119369486161
-0.016699193460001163
-0.016910194217885952
-0.015827335601118514
-0.0159386717233065
-0.01667019724848909
-0.016582405370087875
-0.01727246943457497
-0.01660356031818312
-0.01693462813073023
-0.016891339371385698
-0.016466585777724696
-0.017768845025315037
-0.017972376395444346
-0.017834503871790947
-0.017763917593276137
-0.017503360713799914
-0.017141478296244062
-0.01827925584062552
-0.01837021815101872
-0.018335942216843565
-0.017369169078944424
-0.01858956530086683
-0.01781398137699501
-0.018999117322691276
-0.018566822873011847
-0.018812934198189933
-0.019030906084042534
-0.01871699321748263
-0.017948317240295556
-0.0188025370465011
-0.01895688519275706
-0.01826427818354858
-0.01909459139574741
-0.019414161888723632
-0.01959524867817655
-0.018812769002245135
-0.01887234366012872
-0.01890486009789329
-0.020094884907332737
-0.019644252625954404
-0.01988940655594037
-0.020147074284605968
-0.01920883786500276
-0.02024478963846164
-0.020214342826469323
-0.019566722367648292
-0.02002925116703629
-0.01977530748744222
-0.019848986955831104
-0.02112225566175943
-0.020595668057455063
-0.019982626818958436
-0.02049714698364589
-0.020837460902142745
-0.021431699873325275
-0.02028243297189484
-0.020856918586142022
-0.020728556059525786
-0.021408476533582698
-0.02131608810717122
-0.020882415871786655
-0.021348188789245746
-0.022167534365149354
-0.022007319766737192
-0.0222831092719345
-0.022443688393033494
-0.021211547688629935
-0.022698354359071804
-0.022034513716816178
-0.021856345351618334
-0.022519125920820386
-0.022197671046626656
-0.022901993935756752
-0.02237667203292846
-0.022826729006635363
-0.022760186428944222
-0.02254638380330145
-0.023347118348686798
-0.02353715526492566
-0.022956839253498243
-0.023931335565002192
-0.02338384565595379
-0.024051149570408843
-0.023447842853488565
-0.023920784804947626
-0.023890055990188643
-0.023882114472410704
-0.023696843165614594
-0.02355770014151843
-0.024057719584928635
-0.024313514982486205
-0.023598637197323535
-0.024165040486020552
-0.023847251033420037
-0.024158824076177865
-0.024489803680237197
-0.024212510777932253
-0.025085153502832015
-0.025378571118211013
-0.02470264366073543
-0.025394626975099904
-0.024305014529482447
-0.024737855526825763
-0.025828393474125497
-0.02558466253551197
-0.025426211114254017
-0.026064002475396253
-0.02570105535923156
-0.02630678460363584
-0.025236966807037155
-0.025128353198861624
-0.026455192740169466
-0.026287772820199725
-0.025651478963769125
-0.026548849365905684
-0.02680233736939571
-0.026363674541849732
-0.026173155120674172
-0.025785503534834626
-0.026599539377658063
-0.026493444589418217
-0.026068449897846263
-0.02749902021121753
-0.02617346201732648
-0.02638492597865622
-0.026459157971411233
-0.027697269166010292
-0.027471525682940524
-0.02772102439992252
-0.027119944709605368
-0.026957184446805352
-0.0281103153488686
-0.027740850675071003
-0.028108420764172703
-0.02818853787745369
-0.0284818375153011
-0.028067463004569467
-0.02742112730672223
-0.028401337727868365
-0.027853309405815964
-0.027686744993940377
-0.029068525169048606
-0.02788526680349442
-0.028274801310606463
-0.028315267592895047
-0.029020014765446474
-0.029298985467270954
-0.029107514723404625
-0.02861365147653296
-0.02844895187279985
-0.02895583314505582
-0.02923841978911558
-0.029020142880299263
-0.0297899580750552
-0.03010806636557742
-0.029752991957222252
-0.02945051790125592
-0.02950183606914404
-0.02989555782198141
-0.029767709589621466
-0.030532710688406826
-0.029498665547759022
-0.029653539212139455
-0.03055542808505869
-0.030348117730505154
-0.029873705377291653
-0.031010882306789066
-0.030861604003975612
-0.029863019982770342
-0.029753567312072345
-0.031297064699642156
-0.0300122039742415
-0.030927611018704077
-0.030515141753747147
-0.030338736646298305
-0.03148971515288832
-0.030981065927867136
-0.03102167157449657
-0.030704475837388442
-0.03046483963836513
-0.031924824294768256
-0.032087379478375005
-0.032106977017918675
-0.03173699401668872
-0.030981032037450108
-0.03209994024596752
-0.031326152752051424
-0.032453597334384646
-0.03194780227909325
-0.031774326819349295
-0.031540499580344716
-0.03232205818444487
-0.03204852255155235
-0.03193761730592336
-0.03221780810977102
-0.032309513506131315
-0.03260383610972349
-0.03310055806142504
-0.03281509552212666
-0.032755672446140735
-0.033213840491717606
-0.032053784518930796
-0.032214728764182216
-0.032066370092580086
-0.03208912516492827
-0.03245921322381367
-0.03350094364917906
-0.03270451094903952
-0.03247857977763824
-0.03333905747807039
-0.03354939540640953
-0.03285819079971684
-0.033639118468213776
-0.033346431399371955
-0.03324377927752262
-0.033802605889676686
-0.03305189398538128
-0.03392077545324347
-0.03336642294056798
-0.03383255926119516
-0.03417504949744175
-0.03340199342902824
-0.03411123333719004
-0.034375315649385986
-0.03425498528678379
-0.034493393278528454
-0.03430265996475237
-0.033737663339371185
-0.03386926162322065
-0.03481574745625284
-0.033482796228414075
-0.03491850145274239
-0.03486439956676463
-0.03386021929734487
-0.03415585743732291
-0.03386125031307133
-0.03456842915067187
-0.03498297324317677
-0.03435915504991077
-0.0344668195747624
-0.03433959818367908
-0.03523146619794619
-0.035067454553271184
-0.035475158372481136
-0.03414409014224322
-0.03510260643977902
-0.03461386944032547
-0.034847015540943986
-0.03567588907905632
-0.0343906362216219
-0.03440465222658787
-0.034725914720734774
-0.03561033042544618
-0.0354438762768817
-0.03498966193667188
-0.035188266668104505
-0.03549990143648757
-0.034839269707392574
-0.03564052106847465
-0.03486726362169533
-0.03506302572994496
-0.03540056484168992
-0.036104295368144315
-0.03523666519025282
-0.035218453350225484
-0.03577510721420277
-0.036231509370975926
-0.034847956650195154
-0.035366375045241136
-0.03606960173430186
-0.03557509554421293
-0.03568966160831319
-0.035334109396287
-0.03637144666266832
-0.0360527783378325
-0.036193437247397944
-0.036214151807501975
-0.03617656533443466
-0.03607272837296724
-0.03515471534832455
-0.03631470041449007
-0.03588346308622169
-0.0364949010166642
-0.03546973674916771
-0.03516624046275649
-0.03575330200161346
-0.03596541369748796
-0.03578296932150284
-0.03561849083553467
-0.03652195572737406
-0.03616439112672122
-0.03554760969661106
-0.03646373688270108
-0.0365359735900694
-0.03604798979880022
-0.035848652470660394
-0.035300915724272866
-0.03568817174228124
-0.03599435236245097
-0.03532724751503164
-0.03529979623787204
-0.036648637700421434
-0.03640525129824409
-0.03646695733911208
-0.03559532267959088
-0.035580277264608946
-0.03632523795114579
-0.036460224436952356
-0.03604525202458001
-0.036238615632860696
-0.03570357356800321
-0.03517649112059032
-0.036421566873726656
-0.03626101245073806
-0.03638799339626876
-0.03655414918862196
-0.036263427205374524
-0.03640145249131501
-0.03544773820462475
-0.03533552003088808
-0.03546245591628655
-0.03528755331978376
-0.03500025765463406
-0.03610656277983096
-0.035841107317867216
-0.035540594624549726
-0.035642162917837714
-0.03524777773133676
-0.03510745739148714
-0.03495932936864727
-0.03504213502690811
-0.035838589807189895
-0.0347823720161785
-0.035660702371112074
-0.0361409853004901
-0.03505692873688744
-0.035992904366189946
-0.03572144609603826
-0.03490107257377734
-0.03461543850482494
-0.03566406675115011
-0.034580551517309405
-0.035261148695172446
-0.03582349617330988
-0.03527745318133349
-0.03494891521827555
-0.03572649238764777
-0.03566080445853531
-0.034565773711579637
-0.034503507398783245
-0.03517383747930738
-0.034994505065689636
-0.03493099649246735
-0.03507825134202318
-0.03414789905512194
-0.03416331798531642
-0.03399354057772733
-0.03485192736274055
-0.034902607293186366
-0.03385227966670208
-0.03417419898828868
-0.03434778732203377
-0.034220215576514924
-0.034836044731977794
-0.03377516079827796
-0.03381247223522405
-0.034407345356846177
-0.03438031991022984
-0.03394890254160194
-0.03408610148050497
-0.0332122686110445
-0.033316532998762236
-0.03402587143070898
-0.03362231647305078
-0.03385996597368023
-0.03403006983829
-0.03376394712468653
-0.03292149666577326
-0.03319201829501273
-0.03273454804289138
-0.033534756392792416
-0.03393210835311728
-0.0328170709382355
-0.03300001831614772
-0.03321265013548691
-0.03236444233625368
-0.032294939796395965
-0.03222709024574975
-0.03347775160457475
-0.032166534183942934
-0.032939656884910136
-0.03190947971876995
-0.03248287173902198
-0.03266219678512308
-0.0327071362010757
-0.03147719266874862
-0.03271318645132711
-0.031503398124792574
-0.03247735451838217
-0.032138220571201914
-0.03194214168645217
-0.031090437031981243
-0.031374606973130846
-0.031084824684628035
-0.031340294324161536
-0.030873894008412978
-0.03055254324551043
-0.030496309083913195
-0.03137553921079286
-0.030424110437387533
-0.03032650023818358
-0.030822204297955343
-0.031426695027616365
-0.030056053761935892
-0.030813282617649446
-0.02989225159366508
-0.030472865877513425
-0.030578195868743774
-0.030226312856080583
-0.02961871272631623
-0.030683687954090915
-0.029653156396004285
-0.02929528341149637
-0.029700815209187954
-0.029049603264268895
-0.029351064708940982
-0.02876106556519409
-0.029451393777376066
-0.028803287148294002
-0.02936687631688252
-0.0282763436717356
-0.029079033321771953
-0.028926677386246758
-0.029180332515731763
-0.028187313093512294
-0.028016016993951957
-0.02851753493035007
-0.027553219105173044
-0.027497332840883206
-0.02764419988978701
-0.027833795003673285
-0.02809336339282893
-0.02708484584260687
-0.028118912940866825
-0.027822078263509176
-0.02713372488874304
-0.02759578732851057
-0.027030875446837715
-0.026602649931687056
-0.026432860615495456
-0.026681962466765203
-0.02650911262891772
-0.026374872950590995
-0.02684477148831318
-0.025702759922964634
-0.025794065860310557
-0.02505693962014243
-0.025482957905606073
-0.02480524887788088
-0.025538794769478738
-0.025436937067776385
-0.02482895300765647
-0.025284649703964338
-0.02466283748460509
-0.024189292286642006
-0.025173341630954648
-0.024022266891300836
-0.023673091548647805
-0.02484356812943876
-0.023348556160503544
-0.023884808738683226
-0.023864966762021357
-0.0232360917318789
-0.02411196567215331
-0.023984488339971105
-0.023909504012852172
-0.023270744855009944
-0.022889527388976472
-0.02275170259136371
-0.023006914272764193
-0.022095038877700656
-0.022587522728943366
-0.02255349709706901
-0.021884968490245894
-0.02133478208816431
-0.02156781953611262
-0.021799811946983407
-0.021907520426498028
-0.021776596668596996
-0.020579449735439424
-0.020698273751698023
-0.020600695223557355
-0.01994211061547834
-0.020480976879888167
-0.020097222053282168
-0.02012214509434359
-0.019493478325843246
-0.019299092687522064
-0.01931160951117555
-0.018877273980877622
-0.019504776291369912
-0.018701153725085882
-0.019212258525378303
-0.019357286494837603
-0.019180132690080995
-0.019289364415363563
-0.018614598802160306
-0.01878196913299993
-0.017441164024270667
-0.017794816503094203
-0.01796093996648789
-0.01690259053776074
-0.017781642060512182
-0.016546234978297544
-0.01770074015092637
-0.01659713739291341
-0.01681871322669541
-0.016868368833196687
-0.01651046504238196
-0.016032097889627207
-0.016429158561621134
-0.01545317250390683
-0.015447322655145706
-0.015564621990615172
-0.01575033493189204
-0.014666730826221863
-0.014605496036336268
-0.014791187374247224
-0.013935306359687018
-0.014406381071829994
-0.01494503291346204
-0.014323850881836147
-0.013226565903878608
-0.013958536019656128
-0.014158018216704099
-0.012737735378050364
-0.012569061058834496
-0.012913007768033708
-0.012751172353094654
-0.013185729509027588
-0.012876883462696
-0.012629286706489468
-0.012081638035973471
-0.011982674571470099
-0.01233646483630915
-0.01236211859554375
-0.011620613013262072
-0.010642724478129233
-0.010564717748418976
-0.010712795550742865
-0.011177277498493579
-0.011068815430300786
-0.010948379189104561
-0.010591917649960052
-0.010136798504463395
-0.009680480586221315
-0.009042070041982484
-0.010079667883423255
-0.009800692909362774
-0.009443498383324091
-0.008193646292176013
-0.009403394485075146
-0.008737536661063873
-0.008896126054503652
-0.00818792607890102
-0.00821777769371552
-0.008028212110459457
-0.008227668128282045
-0.007981207391827175
-0.00729800278587962
-0.00638137042477892
-0.006895501929111547
-0.006737684101717809
-0.006538719247345373
-0.006507931856546825
-0.005524865234130806
-0.006551015050327132
-0.0049719776871104005
-0.005185866779183098
-0.005848359343035078
-0.0046877386429049475
-0.004917375674150192
-0.004701541424163948
-0.004316272187475762
-0.003910905804665413
-0.0048185411279091156
-0.004006422291301242
-0.004170663786098188
-0.003654392627149712
-0.0026317643121127813
-0.002909028655576601
-0.002853142389265585
-0.0021190268521575537
-0.002251596815068263
-0.002295163341732083
-0.0020637599892197145
-0.0021699884550153226
-0.00131108778333675
-0.0022107618531311693
-0.0009567637365788703
-0.001134088308365993
-0.0008759439170289297
-0.0014796424219976627
4.355960819902483e-05
-0.0010849040844853647
-0.0009205172862879983
5.0814156267698785e-05
5.139367575424875e-06
0.001014800980779463
0.0010590337279179946
0.001455878675190741
0.00039026915240466853
0.0009025818859413693
0.0010664542974185742
0.0009039379215281121
0.00215673866322289
0.00254132398903124
0.0025508348950115793
0.0022154406988997124
0.0018663777861454367
0.002707176820912871
0.0026111057692775846
0.0027544308932840734
0.0032601221187156387
0.002942807793510741
0.0035087265875066226
0.0037185988368920197
0.0038837603348727016
0.004903648931750148
0.004180954918302107
0.004106783916306547
0.004400700710744197
0.005088691854947228
0.005809874746957549
0.005771287072393879
0.005526675420085883
0.006024691546984654
0.005981975936874093
0.006566062546311127
0.006497604130582913
0.006824571974680229
0.006441726630587782
0.006887570589236086
0.006962734168132479
0.008097389021957821
0.008199631209605734
0.008279749163424855
0.007687794691535436
0.007392738492438819
0.00860023294245628
0.00805176682022974
0.00894675228301242
0.008747854454648086
0.009012266656725242
0.008944978901117293
0.008917471322067083
0.008967550885966522
0.00968014010746777
0.010526691487481794
0.010812427586354086
0.009890059293449254
0.010824826400993321
0.011047655177631302
0.011276193313453965
0.011112559722640854
0.011488563145743641
0.011673257149192841
0.011208806830835373
0.012459256438320224
0.012097421346678905
0.012094242931115875
0.012217251865245709
0.012832661254838259
0.01335615067443468
0.012642333400456769
0.01362428041123994
0.013529613755801763
0.01369932309464646
0.013580060864485226
0.014286804622142614
0.014200824644260241
0.014145655817100644
0.014303764251480187
0.014001720161078217
0.014022827299735334
0.01559149532764634
0.014911474171397996
0.014851828267103408
0.015151138476097788
0.016175809613684304
0.016060736759244625
0.01583458240275413
0.01673383438133734
0.016485134572738508
0.0164191344241196
0.01725507417540125
0.016908103115854566
0.01777187512333088
0.016805114174111152
0.01787004738838166
0.0177662985006392
0.01815608593786273
0.01824225969434814
0.018632116805599713
0.018186116643912526
0.018955347009349262
0.018854866044136543
0.018742774170745147
0.019285537479503283
0.018815759199822556
0.019004993567833087
0.01977267547076573
0.019612948088331247
0.019054214362056614
0.0204366731961451
0.019497372088083813
0.02076674358054603
0.02081931226318667
0.020187368659152154
0.020993670339789394
0.02068616826282347
0.021767757417133167
0.02111808926235358
0.02186184361159224
0.022037915590677165
0.02207037189454819
0.02228251804472723
0.021593951171130808
0.022638721065585725
0.022734927153911403
0.02261558968813213
0.02322203234262226
0.022805828305249274
0.022822108305358395
0.023768003208257258
0.02350063957454671
0.022677406701472898
0.023791912878602807
0.023328118876716458
0.024035175728720506
0.02379425276628688
0.023929645132295972
0.023927929648210864
0.02491457546835989
0.023771589735693086
0.024497932674437648
0.024149630486575063
0.025054236697264812
0.02497204344759179
0.02593953735632258
0.025262644005817576
0.026123122487646692
0.025087627584663656
0.02572583739360409
0.025542329893749223
0.02577892918360002
0.025631625736658028
0.02679560326694708
0.026240698207382073
0.026279783112400906
0.027321951353993665
0.02734772838434688
0.026456480789911144
0.027660693948841304
0.027331380070545648
0.028043045170379307
0.027356633738410064
0.028152303932595178
0.028352931763144077
0.028476188671872696
0.027806474996014463
0.027559106840574343
0.02860322069451398
0.02833094370025854
0.028480446512087088
0.029319839567645976
0.02903093022731548
0.0291944658353589
0.029624698418245266
0.029809733746881256
0.02916984431920072
0.02952050869699256
0.029173925297433703
0.030064848685569898
0.030343422783485636
0.029763926373017835
0.02922277041256736
0.029730073269822292
0.030229060868550955
0.030720242570626905
0.030405466376976466
0.03035808473735267
0.030585959515527474
0.031067813227050954
0.03094253645716619
0.031350161363994086
0.03139871070296736
0.030377186985684427
0.031105050464973343
0.03174581922533919
0.031796898604812815
0.03149763822106563
0.031738386230817164
0.03125845636181109
0.03148298441217883
0.03237430018124562
0.032668894808628265
0.0319501773024179
0.031808606034946826
0.03174317635519979
0.032624189624388865
0.032674674408292755
0.0332451041745218
0.03288584702934742
0.03295940339655351
0.03280728920698967
0.0321948323318361
0.03231867404647809
0.03245927665186352
0.032488650883117566
0.032945122002888655
0.03340016234481055
0.03402632138416812
0.03306288276461986
0.03284175981058656
0.034104594108592845
0.03323360133480507
0.03326280980428671
0.03339308752283145
0.033305806140534334
0.03405469524597334
0.03374390497941489
0.034754839187041975
0.03386430603295632
0.03477011759895793
0.03407156816059593
0.0342984105968968
0.033927601251997
0.03491840270560379
0.03503507658848339
0.03491958002069225
0.03420564956531142
0.03504933832346983
0.03447006443762666
0.03425350526131112
0.034574229886569684
0.035588425271048406
0.03562632177586851
0.035967552072529364
0.03459431249990236
0.03610049404349861
0.03492283722576057
0.03601362501889172
0.03533157036752075
0.03622230667074581
0.035836259127301325
0.03589922574650404
0.036131214243464854
0.03533232998270277
0.03520036087978695
0.035143221203593596
0.03606657667301692
0.03665908702859553
0.035612274052256046
0.03598535157279313
0.036327469804516704
0.03546229237597528
0.035527765989276275
0.03587912653077636
0.0363344536243358
0.03578190176787753
0.03609741702586119
0.036380230203096116
0.036122922534608214
0.037001357276401574
0.03705415570108939
0.03691270777789287
0.036271010008695745
0.03592393869282533
0.03688870098342344
0.036089858097326726
0.03623860307061981
0.03623099983720643
0.03613618304342967
0.037075330524618075
0.03609534068838618
0.03630719712541593
0.03655128418931832
0.036810291908889375
0.037236769084333106
0.03674174312569442
0.036891933447254076
0.03720396825509363
0.03775264884251016
0.03655858625705467
0.037376562824703724
0.037704896010690415
0.03732785410046467
0.03645106985221689
0.03649011482371243
0.03661702102620277
0.037192539408877075
0.03706248132010032
0.037521346004741905
0.03710126984944598
0.036556267085899825
0.036790424309937786
0.03698442308622542
0.037206968505265156
0.036710703762473824
0.03756323011721342
0.03742140167214777
0.03746892629212331
0.03783179548910304
0.03760530663500061
0.036717345901415115
0.036664962469643354
0.0366734650574946
0.03667737700565771
0.03765914779883565
0.03679567827400197
0.03782742608835152
0.03728444449775389
0.03767861187496495
0.03659051718686238
0.037402452975473705
0.037997538576494086
0.03759124260496231
0.03674631997096761
0.03671287358686104
0.037455568024546394
0.03697205885575848
0.037308639547285284
0.037249186107094455
0.037066603471533136
0.03653825758928261
0.036867694270179004
0.0372337396633444
0.03677919945870738
0.03700332977480917
0.036534997125178166
0.03738852970109322
0.03701497024199327
0.036826418688674194
0.037397798084494845
0.037324194884035246
0.03779477742444644
0.03768857824123635
0.037666808818945886
0.03705468825413506
0.03698393840368582
0.0374773394785565
0.03621067242339739
0.03698730458768673
0.03722832839060052
0.037484032632053604
0.03706873237200164
0.0368678395532308
0.037353143250337464
0.036939384029089965
0.03698671535160486
0.03702080371373419
0.03591350509611826
0.037226857423857215
0.037095784512792204
0.03623110948387424
0.036047591713440894
0.036109165005321825
0.03685200120794293
0.03577699351813772
0.035957686946668364
0.03695185453767147
0.036334636254446884
0.036886214008461315
0.03555479335575124
0.036232025829934754
0.03578108390113211
0.035618215091966665
0.03678330100638871
0.035762304844469565
0.03623944021847344
0.036040227478891594
0.03541177709080449
0.03513416981251832
0.03543510461176867
0.035080169085665726
0.03587157150234859
0.03564521666393309
0.03575693362965129
0.03562612522485865
0.03573341433894459
0.0351970160427709
0.03472459612461499
0.03598033315008831
0.0348031902045704
0.03586551386294916
0.03593818920708727
0.03578741619994088
0.035802032143797465
0.03560403711864396
0.03453396672582928
0.03537229424370855
0.03537979110838277
0.0346260486579151
0.035014353817961016
0.03434230531016267
0.03490866060593282
0.034395814555611824
0.03486488281866738
0.03447920507154862
0.03401347683890136
0.034051488949460536
0.03485115471673396
0.03489013524692699
0.033985328824768804
0.03451277489324516
0.03343601199090196
0.034000916028505135
0.03406377290722334
0.03399752554014051
0.03364229061813073
0.0338961906948998
0.033431178539273125
0.034381967812113425
0.033592761538701645
0.034296893132362685
0.03310037980949262
0.03303220061161658
0.032981274572297686
0.033514563233633075
0.03316202751558839
0.032518335760464374
0.03252054271504464
0.0334525923367538
0.033284954169149464
0.0323942341584907
0.03286551464345566
0.03330242484997323
0.03338690615045131
0.032104815065064816
0.033141054640294286
0.03204501870065777
0.03306889262770727
0.03250859633429413
0.03256813035446713
0.03154400462580952
0.032840006176772955
0.031914386282619556
0.032597331563473414
0.03126652725784472
0.03144611511580045
0.0313263073221996
0.03232946288475183
0.031554875252118156
0.03236756585712486
0.03185772949795702
0.030777826918826082
0.031042220257714068
0.0308755071686417
0.03075145217845346
0.031301199562960805
0.031749694580353496
0.031699564685790355
0.030495230155584335
0.03156675295194528
0.030848154313858234
0.031392484581983036
0.02998234597678998
0.030940570071203457
0.03007647249274327
0.02972179394242137
0.030772407592491523
0.0300790319948031
0.02957052316708272
0.029961214600248236
0.029966077142871174
0.030386584136997276
0.029574280989559894
0.029047609007808384
0.02986247881379189
0.029998986257154137
0.029954054682085167
0.02988428495563907
0.02880981669953875
0.029749655432290138
0.02877373744780374
0.029893344641054805
0.02944949933118286
0.029198481777096427
0.02903230165234704
0.029116354648819922
0.028530710322138494
0.02929273374514476
0.027989562899980062
0.028047545115386204
0.029151920526228493
0.02892142831610532
0.02763788804327102
0.028377383311640147
0.028322222235012844
0.027411787771021733
0.02831245772327098
0.0274306967137178
0.02788947966092919
0.027826795721313004
0.02692237171525956
0.026916874760487396
0.027000209211377513
0.0268026180935428
0.02663995938452852
0.027091958287610095
0.027456496206709497
0.027481341312720464
0.02717672976341217
0.026735377433113064
0.027336689465583673
0.02713292931786177
0.02729373672475002
0.026874795818234563
0.02672433928512888
0.02656438716428177
0.025469181475220398
0.026199366261580766
0.02548300342326398
0.02581897219424362
0.025838014794679502
0.025051143311448944
0.02601173765227338
0.02619589880774082
0.026232775750236643
0.0260210649860782
0.025297162559107432
0.025535897127922327
0.02469524797616074
0.024792820949347906
0.024605028743060607
0.02543191407870188
0.024566660970280894
0.024811986342948116
0.025280075883137083
0.0249898765093734
0.024228254433760373
0.024857677284479032
0.023594471972042154
0.023995976198692242
0.02419120014136166
0.02377041622727346
0.023888052285105005
0.023929213289963787
0.02448419753672313
0.02407738313660318
0.023240347029884485
0.023339985175932873
0.02311407939109076
0.02314752897946158
0.022887033525478235
0.022785734809954425
0.022735925203946867
0.02229629994462004
0.022873226314533156
0.02224234337859678
0.022891448130007073
0.022299420780817782
0.022885159412031408
0.0231212313320591
0.023055114876623647
0.022171112771296256
0.02234538234662837
0.022885827451823233
0.02205600835572297
0.021244438824445523
0.02148155675498982
0.021040533706851782
0.022347826471112157
0.021817264564298618
0.021626893970775635
0.021224018747345377
0.02126133377825085
0.021670890739810593
0.021309023234211726
0.021815114859397078
0.02028944877213939
0.020997000165489933
0.020524298515968736
0.020158706948879748
0.020921068653946252
0.020446901559355288
0.020046482856648014
0.019925001912899105
0.020627371272473216
0.020421981457088564
0.020243315879157193
0.019685658476559845
0.02015205129139591
0.019203675278696382
0.019126646646633078
0.02002877690431011
0.020164820889268853
0.020198967309519523
0.01888254603732695
0.01876172236542784
0.019771024688603804
0.01856305454621657
0.018832550209250492
0.019634918445737764
0.018734857418930898
0.01834498576662016
0.0186589235690778
0.018740857886715225
0.018537649255350244
0.018483588323646532
0.018807059418533816
0.018001950423150927
0.01813371060091984
0.01859967521547493
0.018761389142296934
0.017649243660570465
0.01738419130465188
0.01786848136272036
0.017826471275687306
0.018394779956618226
0.017624061583142586
0.017683546590168128
0.0171014456504518
0.017279950952133718
0.017112309005450202
0.017180235307446442
0.016958069023303178
0.01732160374092495
0.01749205211919047
0.016439921848195954
0.017153111034461398
0.0170179554399186
0.01619917276091192
0.015937179294535107
0.017185858062661475
0.016339183028347116
0.01655003206860338
0.0164204887056165
0.016283873128925208
0.01576745594057448
0.015996974386216327
0.015345476037014484
0.016729369271786143
0.015265456367658024
0.016285454449469272
0.01633362770149131
0.01631424615164157
0.015706816226341944
0.01519709626682411
0.015518148291800753
0.01563699172044689
0.015917930136185837
0.014612043633110888
0.015125104049992219
0.014783151984975115
0.014652619959081696
0.014916051533810317
0.014474306341824662
0.01474086016196922
0.014283608229159165
0.015043511341367503
0.014160963299252231
0.014280011724297192
0.01369008796962161
0.014136506173163067
0.01360759978191741
0.014294245880780876
0.014544135359419579
0.013697427916634898
0.014571841103964785
0.013587994811706701
0.013856142057466067
0.013667902296375347
0.014282765432276698
0.013692978160808833
0.013302638160980457
0.013140552588203454
0.013083226851837838
0.012975181371328885
0.013786214264956222
0.013131359398242054
0.013813614390191417
0.012463822426139429
0.01301962054042095
0.0134068462944541
0.013434376341881386
0.013012351567881414
0.012808027819099966
0.01212953998080418
0.012791571145268688
0.01304920949692372
0.011725368376409952
0.012937873958038932
0.012738930344340338
0.011552023134651318
0.012013983343105413
0.011683300654356394
0.011874160265332924
0.01191585725261476
0.01199887831856352
0.012597187810150049
0.011524613697278988
0.011740192403417149
0.011240642118380582
0.011019952893243602
0.010824755111372817
0.011321456434445017
0.01086478962018208
0.010939155417243062
0.01146279209496825
0.010551039840377769
0.01104792189019528
0.010569238940291303
0.011728421203478046
0.010965674142613561
0.010657441185571536
0.01153161296886802
0.010984119934010071
0.01037960776017178
0.010606065508267528
0.010695114846564662
0.010824267105978872
0.010002686950421249
0.010038684067759165
0.009819092485484415
0.010056260756521735
0.010200390800389534
0.010820743734930777
0.009925291762130372
0.010293185396619983
0.010610396689469951
0.009631202832752385
0.009718642099931367
0.010480017022402014
0.010063772306814947
0.009043779051497865
0.009468908405921154
0.009130892434608238
0.009479534393785178
0.009986955505611038
0.010122207595780723
0.009438778546698029
0.00989213451866607
0.009965554498264431
0.009977095339630005
0.00921965248912306
0.009598065670718324
0.009013105915217458
0.009304691912917832
0.009129170034315808
0.008547100746401158
0.008709373236615263
0.009321488203164295
0.008914987561377017
0.008036745818097966
0.009410178380249715
0.008902388548710562
0.009099186342552985
0.008104155671324317
0.008191097542287001
0.008073747815601188
0.00898334166756567
0.00875744535568726
0.008663201287981436
0.008062472613803358
0.007781218022230428
0.008382013695645552
0.00856120389743169
0.00859017453034118
0.008015452046568082
0.008265500447847613
0.007551299078736492
0.008011840294332868
0.007555422784872436
0.008035103203562375
0.00815169115404733
0.00694813704710113
0.008348831076858331
0.006881078852725232
0.008082782472458637
0.0068069317732499576
0.007592530203749682
0.007527125323867003
0.007078204707166301
0.007554069781655356
0.007831257521132746
0.007102922648159341
0.007301234747900232
0.0068029527508420866
0.006396861083641189
0.00735160631552591
0.006310578444037065
0.007137967817830443
0.00704122929360642
0.0067102780262760725
0.0062963639094551285
0.00620573628622199
0.006093665731426734
0.006614933253625959
0.007342772764352553
0.00717128288771076
0.007314382202181497
0.006558482276188783
0.006387569548299535
0.006558667730114474
0.006516958577750961
0.005774102380823864
0.005665639037426777
0.007059566005064518
0.00645025149390858
0.005631559193003192
0.006277547301942524
0.006874293756679883
0.006075913155482411
0.006161526437291773
0.00625711990237533
0.005576558284423576
0.00571599179091988
0.005601531290422784
0.005593384901589169
0.006028682783849018
0.006430068401657491
0.005431128663814291
0.006280370599314654
0.005049585711762699
0.005191404019768545
0.005299538066584027
0.0054428697669597695
0.004835006619016955
0.005351964158350586
0.00614637445896535
0.0057147703697251594
0.004920269177852415
0.005410431851516812
0.005032287284132583
0.005342328470504279
0.005395004623009377
0.004514939283177603
0.005413007454146266
0.005672300947485463
0.004443777151551833
0.005793974458992861
0.004904774181274746
0.004571120789969878
0.005538310372464106
0.005549813762295022
0.004879872975575957
0.004916712215092002
0.004476072465870648
0.005494373341701085
0.005565158708112517
0.00406947024403415
0.004726746146672487
0.004704405944360895
0.004635582502710049
0.004075638732920527
0.0045593022043500095
0.00511831701479311
0.004498930352585762
0.0050036518318439
0.0046469488192604535
0.004656487390926516
0.00399742512226962
0.004124970127224181
0.003670872451075151
0.00419568640528394
0.00491307810308275
0.003826417642059448
0.0044108324983506645
0.00461147805623471
0.004402272973100388
0.004968346850007533
0.003580774785582557
0.004902398766141424
0.004094728222083161
0.0034651151791313044
0.004002936983465524
0.0033336567200679813
0.0037017109339026423
0.0033283238754471685
0.004182107113136917
0.0034776183887148394
0.0041998003368284124
0.0034166715264017616
0.0042166178567796956
0.003838345836631972
0.004389055246369944
0.004246684522761789
0.003542545720191073
0.004450218164503705
0.0030671530099655718
0.004444746044550333
0.004304224559637213
0.0037788109311982887
0.003730272171343143
0.003357079581565986
0.003880939153698075
0.002969175859527738
0.003228918876113063
0.0040280550200813186
0.00346457955953132
0.0038317925260204265
0.0037079983306737463
0.004015168623159946
0.002903923084536336
0.003141078144364296
0.0030218737835022934
0.003941383480607069
0.003574847096708093
0.002634689670218378
0.0038532721923312326
0.003822809575027467
0.0029807132410873383
0.003981827407617509
0.0036669608632172806
0.0038784417901498863
0.0032971232890294322
0.002679497901159408
0.0027102716207694742
0.0031308257219546873
0.0025821924124795857
