-0.0011402957732932048
-0.001181123090036276
-0.0020812015065725183
-0.0009217242927339884
-0.0011522484950438445
-0.0019879363486242736
-0.0024158678141693083
-0.0011162396224226234
-0.0016113785469401426
-0.0010046958941672803
-0.0012744157822220839
-0.001644956997228651
-0.0023287454179391626
-0.002485694915299737
-0.0023076986982033523
-0.0017264789361390218
-0.0024189175645272947
-0.001671527264884942
-0.002662405639751426
-0.0023890560727481084
-0.0019909512071653547
-0.0019040717432580391
-0.0015982433148116011
-0.0023046813693336117
-0.0021987060212600735
-0.0015340582412388419
-0.0021971534097866958
-0.0019499312008938246
-0.001786606678938749
-0.0017987625050958872
-0.0017220987108788825
-0.0021196618848954817
-0.0029334116893324326
-0.002327437610298238
-0.0027301918594413864
-0.0017908350430937685
-0.0030376773555301456
-0.002340279454100339
-0.0030644019429768477
-0.001992194716103763
-0.0018578600530723068
-0.0028289094585906187
-0.0020471460791769295
-0.002093545930893285
-0.0020512089798985153
-0.0031396669479476086
-0.0020666422755092565
-0.0021304971262158688
-0.0028259697186042527
-0.0027388918129751163
-0.0030190396592315785
-0.0025085895079169124
-0.0026338773590361617
-0.002292490363335821
-0.0033600515788938965
-0.0028490963932797215
-0.003160571608081771
-0.0028732148721300637
-0.002684080117911486
-0.0025995827648041207
-0.0036899687555864455
-0.0037413141141460523
-0.0024165505861677224
-0.0033666128901245172
-0.0033294513683958457
-0.0038279703056608087
-0.003001565679930431
-0.003761508346076728
-0.003432762938217598
-0.002892997961378941
-0.0032277883032700255
-0.0033099114884063653
-0.003228491488077425
-0.0031883734852099378
-0.002752605280898292
-0.0031587033221713696
-0.0029240690384784835
-0.003795004523480414
-0.0029078946042533265
-0.0032279682874463483
-0.003185926547873738
-0.003248402424551585
-0.0036860995551248237
-0.004472466046131487
-0.004005609203375605
-0.003885465768045877
-0.003715211109286947
-0.003244569787385185
-0.0043751230020879365
-0.004527359659379754
-0.004489778007796233
-0.0036158066812115074
-0.003661210246622035
-0.003648790740113545
-0.0034679608728760635
-0.004039737796434377
-0.003488006478125496
-0.00376899133465621
-0.004974402006840347
-0.004373996623479372
-0.004736415369341714
-0.004383965667922197
-0.004577451721084237
-0.003954155066087085
-0.004050838325070585
-0.004729160330117703
-0.004595158540035373
-0.004487607836727049
-0.004941274620374748
-0.00464884732335136
-0.005443431780240308
-0.0052443205695185974
-0.004087888016371157
-0.005559694636325244
-0.004909437778332195
-0.004176406658045805
-0.0050041269983290655
-0.004815132225383468
-0.004782652868715543
-0.004883983227821455
-0.004800651042635804
-0.005167250930850193
-0.0056599259153412495
-0.005723837913175515
-0.005026698489484698
-0.004721358818213977
-0.004647932022583621
-0.005269279825551038
-0.005321103784514835
-0.006026721111110598
-0.005990986855675038
-0.005050295612852916
-0.005661289495002224
-0.005142047826034203
-0.00510261455633186
-0.005998124389798658
-0.006275742741891655
-0.0052992739218294315
-0.006236771623803953
-0.006105095377192156
-0.005545347549182863
-0.006262681928799462
-0.005775313265244045
-0.005522216488117481
-0.005661660782616835
-0.006874007569673093
-0.006871373484163408
-0.006414506438290098
-0.005634551099267645
-0.006910611548351807
-0.0071108030975328244
-0.006242498137850466
-0.00616637622701356
-0.007337177445408885
-0.0065024581512705265
-0.006788938981315818
-0.006408134568584994
-0.006148100829431187
-0.007600748787039251
-0.006462509433783706
-0.0074966777699702605
-0.007059340321787254
-0.007103533156220338
-0.006607547805713851
-0.007890864213257045
-0.007175191077816389
-0.007077783183443271
-0.00800421599132147
-0.006852579697459856
-0.0070372647517212995
-0.0075910488847599975
-0.008170375203233503
-0.006930061294201051
-0.006964764170570708
-0.0072808524191193946
-0.006992015871028294
-0.008435462124580911
-0.008282960131035685
-0.00855488585618405
-0.008378064188914042
-0.008250897953553243
-0.008581661998705484
-0.007847917281665399
-0.00866973528617995
-0.008758374035829785
-0.008039672594443582
-0.007586745950777831
-0.008722285948034496
-0.008829215177366935
-0.008830557694096663
-0.008778372482597193
-0.008915112142509783
-0.008258922186592353
-0.00861552861493839
-0.008545787232988832
-0.009489792356698754
-0.00922005193464061
-0.009295481148187795
-0.008490240586955375
-0.008605397417963002
-0.009193549647807654
-0.008780599096627187
-0.008630541785273171
-0.008827358766202702
-0.009767456995456733
-0.009102596377753933
-0.008864391645576812
-0.008878760660676947
-0.010214255348336039
-0.009373397118617245
-0.009372488920202444
-0.009506666844865036
-0.010329517139042909
-0.010547196539028608
-0.009687399179998595
-0.009736483652132807
-0.010244155869317585
-0.010914591625805388
-0.010357052789072512
-0.009665192703236606
-0.009940574308866138
-0.0109040104685627
-0.01025249305085051
-0.011332058036315104
-0.01035133956769953
-0.010664084198147017
-0.010238971221912165
-0.010204486563559784
-0.011456378680593743
-0.011662559308428317
-0.01082323799375143
-0.010774653784637793
-0.0110674099578951
-0.010916363945765357
-0.011838362883355852
-0.011431211249921585
-0.01079695491150338
-0.012151008118313922
-0.011307301382965334
-0.012067025500377576
-0.0123906987309144
-0.011240968715373771
-0.01252693832595165
-0.012542987066934871
-0.012311036638204919
-0.011382807492439886
-0.011426322356833336
-0.012944869846885174
-0.012883192705910235
-0.011936513790270081
-0.013154878010878019
-0.011741459003373216
-0.012303173298725371
-0.01289513815872989
-0.012368995069202712
-0.01319697919894679
-0.01286243429994151
-0.01331466120874337
-0.012530834562440574
-0.0130767120368122
-0.01271541436065704
-0.012981714319258984
-0.013946522298965
-0.013219393059249587
-0.012705359492401511
-0.012807975123969367
-0.013090332192781733
-0.014174609373157546
-0.013182082711768019
-0.013581902936377973
-0.013665455550812925
-0.013540721658618004
-0.014033208106340175
-0.013823337038464596
-0.013673563924236843
-0.014374962299788244
-0.014749330635084285
-0.013853095543686645
-0.01454219454639136
-0.014522790220948746
-0.014680775401416215
-0.01522978229369944
-0.014730300659326337
-0.014769084883785753
-0.01568261100948664
-0.014916364832097212
-0.015569881947156647
-0.015656188234842484
-0.014999688491488807
-0.015109275378986252
-0.014928822080214307
-0.015825287077577712
-0.015504531225825352
-0.015598907010910962
-0.015719019063910853
-0.01602590613843967
-0.01594945366462278
-0.016430936949568382
-0.016613413163574772
-0.016589048310623376
-0.016658778608564642
-0.015833806120828447
-0.015689112818817037
-0.016664538998029936
-0.016001273767306708
-0.01631914158223726
-0.016733666673465333
-0.016433395653126393
-0.016874757529972424
-0.016996700070746926
-0.016533858019452157
-0.017855333778292477
-0.01777197280297105
-0.01727129543069763
-0.01790109704534359
-0.017559210030325324
-0.01777549943445392
-0.017368797746358723
-0.017518466942188195
-0.017930710089823804
-0.0180138918717731
-0.018575799267506802
-0.01738858936775721
-0.01879893706612826
-0.01849908355624541
-0.018532706283422445
-0.01809902345513997
-0.01837467727720558
-0.018741078591547323
-0.018077367788872572
-0.01873084109319212
-0.018654065957001264
-0.018144430590409755
-0.018914677603198763
-0.018856698447747483
-0.0185419579422785
-0.01889304676938223
-0.018658724100230336
-0.018684312816677384
-0.019870320633138303
-0.019927577397286372
-0.019497574579103855
-0.019955791625212264
-0.020289532487672693
-0.019819199866258987
-0.01925706638126631
-0.019481842465147118
-0.019764551998196416
-0.020447068198878707
-0.01974548892872705
-0.020923841669065423
-0.021158934841715764
-0.020589251939081208
-0.020647571320403953
-0.02006828386071588
-0.0204037621756188
-0.020898250294593603
-0.021452931318799582
-0.020509184303861578
-0.021918251252492155
-0.02093908321854404
-0.021194140246736073
-0.02114966065045158
-0.021355951232039885
-0.020863508742560228
-0.02170354079131746
-0.021101299726619057
-0.022097420462941116
-0.021579631357265965
-0.022550106557897277
-0.02197698147170836
-0.02163106523025512
-0.021583559782916942
-0.021733536000645492
-0.021985201771676073
-0.022435993787185363
-0.022667605782250574
-0.02260987795223271
-0.023337375855780176
-0.022248309523556352
-0.023273866038576726
-0.023654444881637964
-0.02299967621157483
-0.02352376711000923
-0.023422397880724064
-0.023128682121995196
-0.023749117372533976
-0.02394346795226375
-0.023804855978180717
-0.02314880539354065
-0.023928834820338574
-0.02327836779849425
-0.024330739273870194
-0.023736443539769076
-0.024017661961629515
-0.02471598070847009
-0.023669058834225598
-0.024979311973131614
-0.024080365836687812
-0.023962110822687618
-0.02463197069921926
-0.025575970119657263
-0.02448655263064386
-0.024432913475719138
-0.024804563777289023
-0.024754982998693394
-0.025516289075636318
-0.026027308470159684
-0.025261362947119143
-0.02578269066885168
-0.025996556565640976
-0.025675207908435787
-0.0258510565128414
-0.02583051172870391
-0.026181961012332257
-0.025357855791229355
-0.026428575543832166
-0.025761333101271336
-0.02636999496800999
-0.0260818782485424
-0.0265962545056576
-0.02707316688172659
-0.02591080431813
-0.02653485068489574
-0.026815076477182717
-0.027452848991480854
-0.027548900619022546
-0.027308116446024846
-0.027406500471438125
-0.026465664572624243
-0.026891920808747728
-0.026838465137351126
-0.027186154512970462
-0.026946030847858765
-0.027288858594551397
-0.02812991359490426
-0.027945594791636007
-0.028474359302643512
-0.028171180693261633
-0.027607145320244084
-0.028635283478843275
-0.027765481168789623
-0.028719546550215785
-0.02784965825168262
-0.02916138216988518
-0.028970068885697118
-0.028979656966572995
-0.02795485324933605
-0.02912547661264467
-0.02928581693414044
-0.028406720679683365
-0.0285494631669699
-0.029172155501799333
-0.028381146964839787
-0.02858130396216429
-0.029202722681602716
-0.029185715597540615
-0.03012794224463948
-0.02957148766705158
-0.02956682632523974
-0.02993016523653626
-0.02908826698411004
-0.029639513817592555
-0.03031581112076814
-0.029409967862193024
-0.030221096143069233
-0.03084656475834833
-0.030563064198388442
-0.03090362359960923
-0.030121917171917603
-0.030995227244724782
-0.03011994610351599
-0.03128246125891483
-0.03129898590942074
-0.03129307002061684
-0.030143453704507845
-0.030363523117882756
-0.03082653011194899
-0.03149637230607593
-0.030915183947530293
-0.03141478062113649
-0.030865435910151406
-0.031449098266336635
-0.03204533365206955
-0.030967200152018374
-0.031591250794790846
-0.03160772660694654
-0.032329849775291936
-0.03159630556221539
-0.03116781223706555
-0.03172026835496032
-0.031739863242469225
-0.03179098883579909
-0.03187329205541194
-0.03181156810507449
-0.03240699170587249
-0.032403048649090355
-0.03283230510080965
-0.03306676808802011
-0.03208640956329277
-0.03254766507264103
-0.03201480531044486
-0.03220815217958398
-0.032203535430952605
-0.032501736430201544
-0.03317947287318673
-0.032720063167518784
-0.032749225164307595
-0.03340028762886247
-0.03256372990712028
-0.032539336340700616
-0.03267155518339837
-0.03274630452054057
-0.03388781373537068
-0.033120053208588796
-0.03356051964071376
-0.03290456821122624
-0.032921191124854324
-0.03372198251131727
-0.03394520965844021
-0.033252254972384244
-0.032996112777576275
-0.033199213140999384
-0.033957293167752235
-0.03342883162207768
-0.033674296643776504
-0.03431768671900926
-0.03431423050975615
-0.03463348997290583
-0.0333934940476961
-0.03448332598992324
-0.03488022782887356
-0.034601319642473524
-0.033699991490247876
-0.034327947432122606
-0.03458212453594688
-0.03463915230848651
-0.034249080169052724
-0.03464450015650653
-0.034080720128344164
-0.03505265478345699
-0.03493956668098203
-0.035059701840289774
-0.03469892884029685
-0.03451645730497961
-0.03447193803316559
-0.0346173026878511
-0.0353232042588108
-0.03553098956706809
-0.03505447582242833
-0.034649721430520655
-0.03428668717633793
-0.03539106394551827
-0.03546753220918047
-0.0353626667138688
-0.035093737071774336
-0.034805963443430885
-0.034944534274460294
-0.034729583976093215
-0.0345621787963968
-0.03534768174671354
-0.03603434467634223
-0.03564360929501847
-0.035166585393411845
-0.03591368038609299
-0.03574152685493729
-0.03492918845716861
-0.035842109374569935
-0.03489858191540997
-0.03606240666969534
-0.03528622499180472
-0.03629172813204953
-0.03615684323179516
-0.03591479635610889
-0.0357923090886412
-0.03501855598339969
-0.0350137286493481
-0.03496601174095955
-0.03592706188803474
-0.03498075235770399
-0.03535603363316178
-0.03565137266714612
-0.035114597994048445
-0.03515629999849868
-0.03580175704853503
-0.035569005954326514
-0.035661056747130875
-0.03532138505833484
-0.03520676061949191
-0.03551278179199193
-0.03640688889293216
-0.036275286668461464
-0.035407903569005916
-0.03657679494477152
-0.0364476269022871
-0.035180367024335975
-0.03523197975469076
-0.03631363713168577
-0.03656623351973562
-0.03630698370130109
-0.03627028732123157
-0.03623889023777803
-0.035201754917121617
-0.035975650062237734
-0.03610161411271395
-0.03590887372819486
-0.036027482921409164
-0.03523360032500339
-0.036053967945012005
-0.035310828425136026
-0.03629005944766628
-0.03519498706419231
-0.035121180588155144
-0.035259867114340385
-0.035505485812362715
-0.03612542064856444
-0.03565749563319217
-0.03646451971124169
-0.035931502435501285
-0.036118069283681414
-0.03636076990875189
-0.0364263275596052
-0.036117284583657115
-0.0352228755601057
-0.03616710112618201
-0.03514620993872771
-0.03577747879855874
-0.034919443736366344
-0.03551165791787471
-0.03618768025578862
-0.03503074626185974
-0.03522333632374034
-0.03598056910182725
-0.03556362298415915
-0.035267777320538096
-0.03572153225806196
-0.03477069517828264
-0.03558900028706936
-0.03466675346589783
-0.03513928408448168
-0.0347419891374114
-0.03480944520416114
-0.03586144796523891
-0.034544705315883134
-0.034908619171605836
-0.03488347015460748
-0.03575314544182002
-0.035437557239498874
-0.03550778487121338
-0.03428696327702919
-0.03539906975456711
-0.03520377137549842
-0.03474396656712839
-0.03421461282439903
-0.03550470844957393
-0.03495870040897972
-0.035167533932353334
-0.03519664289537133
-0.034269277538597646
-0.033905337933517736
-0.03384892130775301
-0.03478838895552153
-0.03474344734663315
-0.03374101227220245
-0.03494419236231171
-0.03445983290778497
-0.034019252117958414
-0.0336898955726079
-0.033583179013150104
-0.034026037604207825
-0.034458438932196016
-0.0332471692045653
-0.033847933010669407
-0.0342338571147445
-0.034354723102039006
-0.033867395703043424
-0.03421062225669037
-0.03332297617639412
-0.033830068311837366
-0.03286796703524281
-0.03267888218573598
-0.032850777181843746
-0.03326910092299529
-0.03386356334314068
-0.03367391082943136
-0.033525148083265795
-0.03367151446706038
-0.03280321989535611
-0.03279520905468597
-0.03324595051834826
-0.03247523561642099
-0.031916213540331244
-0.032932680722441064
-0.032497764251488766
-0.03313741629900038
-0.032906445222986094
-0.03289147699021249
-0.032768515062383693
-0.03239517863168975
-0.03269972159523328
-0.03201488292152181
-0.03212655971484616
-0.03225881096405247
-0.031660064264190345
-0.03125630217214958
-0.03133350893806645
-0.0320581118184112
-0.03076441910420546
-0.031291435379111
-0.03077158317113472
-0.030850363546541294
-0.030514025049836274
-0.031014801170398336
-0.030717135046383185
-0.03088148227317677
-0.031013697221633014
-0.030213415468123065
-0.030319863791729646
-0.0303103589322201
-0.02992678421702927
-0.030315279851837146
-0.029598801280189747
-0.03066080724766511
-0.030211243000407305
-0.02923732536242049
-0.0301268765472182
-0.029794564753622934
-0.02992308322343052
-0.029093838091613825
-0.029201027782752353
-0.029821816933203717
-0.029273230031188265
-0.028287079131624464
-0.0282451660412994
-0.0288371878774567
-0.02793772853220177
-0.02856743054980679
-0.028384846468624984
-0.028883029048636318
-0.027622317584297805
-0.028709383406755263
-0.028514322337999647
-0.027354592920324064
-0.028062102175511392
-0.027892487787029477
-0.02762552625527799
-0.027678105438374675
-0.027061923318989562
-0.026333124098735197
-0.027234103838575177
-0.026191033094029165
-0.02663905250939791
-0.026690168919119538
-0.026603647577249312
-0.02679363412387571
-0.025674666085083633
-0.026236606025796954
-0.025764157532289323
-0.0260191524151048
-0.025913081100402673
-0.024871761786236277
-0.024807558997712514
-0.025143288987250247
-0.02459694367697586
-0.025545375432752662
-0.025527504942805496
-0.024539546422616368
-0.024333890607188498
-0.02488514133648137
-0.02384234389218113
-0.023469105555762426
-0.02419385657729724
-0.02454935980645935
-0.024087573813652022
-0.024321021984305444
-0.02395215160776534
-0.023561961545949618
-0.02331738030463993
-0.022904978129615082
-0.02290221584002554
-0.022496702931616035
-0.02221948631991019
-0.023206451810581136
-0.022752390975895594
-0.021744188774950084
-0.021358372140399238
-0.02154350806411252
-0.021337500340186725
-0.021210292029670442
-0.021993947726274873
-0.02109679824322577
-0.021488025338608906
-0.021295898049275182
-0.020822243631226763
-0.0208538669269874
-0.020551135048071288
-0.02002647864092735
-0.019996481286416866
-0.019477699464227588
-0.019325373988551928
-0.01936221556530237
-0.018824155579480018
-0.020007316992584328
-0.018716289889499346
-0.019377875606636598
-0.01884681698189291
-0.018080981861646927
-0.018638432601828556
-0.01904193608565415
-0.01766437788544351
-0.01774538608169013
-0.018665333456621882
-0.01712492929548689
-0.017236018711936866
-0.017188557315356453
-0.017571559858231733
-0.016954548520752306
-0.017622605635700228
-0.01681401127233519
-0.016408318907969576
-0.01679672600797275
-0.016914380756407714
-0.015411896760373554
-0.01653806896913354
-0.01615702236716025
-0.015178406466898981
-0.015410710039036248
-0.014958888190229985
-0.014519586362105848
-0.015022324896372093
-0.014760000058813618
-0.015161536408894644
-0.014155345672986583
-0.013638390076416013
-0.013975986365863188
-0.01323970126780237
-0.013020412249251956
-0.013963010273226635
-0.012924225556333668
-0.012506831676467774
-0.01337162487134866
-0.012063156746956403
-0.012845009611590618
-0.012793509808841941
-0.01290856324685272
-0.012243371402157381
-0.011135971978153202
-0.011245828616316445
-0.011777020873075018
-0.011436033963368149
-0.010966669262395794
-0.01056610487710747
-0.011187959979530157
-0.010566340190154672
-0.01076469140369266
-0.010550154354390466
-0.010635631327288002
-0.010068780033562234
-0.00975384667338722
-0.009562398349540775
-0.009899173844074878
-0.008341882160233615
-0.008285448406827376
-0.00892221115667777
-0.008284853633453399
-0.008602588678233668
-0.008401704717298649
-0.007328684686295816
-0.008128506057870395
-0.006955929131518764
-0.00767403259343881
-0.006944297992182783
-0.007580992198474717
-0.007330315475678917
-0.0066051018475904956
-0.0068561949718255015
-0.006707716091128816
-0.005608955369470914
-0.0056871936429215885
-0.006076197051554382
-0.005934695325237268
-0.005609292418103208
-0.0045254471177664035
-0.005249315953002622
-0.004959425403204228
-0.004805043339872485
-0.004246338433116111
-0.0035674734153021237
-0.00402743058570743
-0.003559809092962889
-0.0039522693269646286
-0.0028851119832837228
-0.002908689835015804
-0.0028583412785299737
-0.0025623997497062193
-0.002317739456464717
-0.002251084724754358
-0.002584332214785487
-0.001341870328956728
-0.0022796757734075976
-0.0014068144267805384
-0.0011502894704669825
-0.0018649549912081542
-0.001054936000425523
-0.0006144427642153887
-0.0007708407969576406
-0.0006695485651589585
-0.00022949624759778406
0.00021107017319339818
-0.00027602350864379567
-0.00013887275517186006
0.001207947640832898
0.001277857272101042
0.0003398987290713612
0.001826375743602891
0.0010388913934553257
0.0012744373098219472
0.0013249093937626093
0.002284252124513391
0.0019524244474601578
0.002725321071742068
0.0019832989424739098
0.002205363479539449
0.0036312703906112975
0.002759408355624191
0.0038171642132318706
0.0028797724928671673
0.004016168129045182
0.00435373772322606
0.003457830035891394
0.004436036462656086
0.005054456905331296
0.004332600313489447
0.005554132290265522
0.005010168305918639
0.004817131707832804
0.005593320612734127
0.00631520202782209
0.005760458330936067
0.006584220611173334
0.0064462571401949584
0.0057341109254337545
0.0061696575287998115
0.0060452454143380486
0.0062586565426165286
0.007307855350252787
0.007857955956815679
0.007152467629249356
0.007018095142510705
0.00837291966763918
0.007744641892530324
0.008541122436980313
0.00857438304521621
0.008579444630952802
0.008924780044539374
0.00851633013339195
0.008844734753669902
0.00975062787236946
0.009607123829319386
0.009784067413888192
0.01074315059909256
0.010684895327902132
0.010256419141110824
0.009889278461497874
0.010949935802602145
0.010467340420604033
0.01182602204616491
0.011267235090397428
0.012233468003734019
0.012091020892585737
0.012269360660174736
0.011577669831448733
0.011868632781951032
0.012712871760313528
0.012204126864104381
0.012531723028205549
0.013014120897290248
0.01355175292086246
0.012856841781583793
0.013855857794131145
0.013482992577056976
0.014260425332751927
0.013955047281555609
0.014762429440285368
0.01492462407715767
0.01429473768622188
0.015249698220697067
0.015160093439942159
0.014599318037861929
0.015718032922071617
0.01546558643401051
0.014933269960152885
0.01579657111932767
0.015833234234145673
0.015629971513314276
0.01584447090198338
0.016427275570900533
0.01660149568676082
0.017439457291961925
0.0174424670184172
0.016679105420299056
0.017738476486090646
0.0182907286287601
0.017542536200507965
0.01776788043467671
0.018741957869833386
0.018225501176546338
0.018629152071023655
0.017942276445605292
0.01819728085620455
0.01908164004381253
0.019659539485113075
0.0199684690156586
0.02001235456408916
0.019321951974797486
0.01981467647456536
0.019647188617458528
0.019630261184264683
0.02045820299725408
0.019779096100381328
0.0198699240707799
0.021461820843332393
0.02057216018321207
0.020962643763852432
0.021152930631013252
0.02161998746757812
0.021594643424577016
0.022277767552603807
0.02153603207827727
0.022722710795149724
0.02162073955892983
0.022931247308125603
0.022845967861798128
0.021850062958065117
0.023093055562659948
0.022471577105335705
0.023197408328091283
0.02342208432703314
0.023086587130722938
0.023620127228895633
0.023673737445777603
0.02312574594446176
0.024470427225291656
0.0247386231220165
0.024240996858719267
0.02391594900737639
0.025075234616593247
0.024518057782314945
0.02507762231990063
0.02454406101611496
0.024962184246891905
0.02519970463023747
0.025916899264146028
0.0260584436253834
0.026066575894645675
0.026338992433022408
0.025920651395810214
0.026751562897775
0.026754501526555428
0.025695045928622998
0.02711554839586202
0.026107758238739485
0.026135702773009587
0.02618553958302588
0.02757573100280948
0.026923733826368052
0.027125747392780827
0.027685512711668973
0.027694592037982427
0.026979515884417434
0.028396031346583875
0.027177336536651227
0.028730640685121926
0.028318662246475026
0.02757173442341004
0.02883307236228888
0.028461652986182674
0.028235196324157014
0.02827904396652258
0.029173367580004137
0.02871958152695553
0.02984105786551921
0.02851926679513975
0.02927820561834155
0.030051519147836683
0.029079591166354123
0.030433557874356316
0.02978006463958709
0.029524142200882494
0.029667244783297464
0.030137243183921778
0.029642131312047296
0.031089536181948225
0.03079680703299265
0.030264116612578686
0.031005771695522735
0.030144076354463454
0.030782942790020865
0.03142643994422119
0.030979975180943215
0.03061683516672769
0.030658953565941557
0.03069715399549586
0.031030851070550147
0.03111244585656927
0.03219921721779274
0.03123372926992886
0.03200282019826413
0.03251574065142565
0.031858829868493144
0.032243565304477896
0.03153717663142563
0.03177781893632177
0.032477119583086654
0.03280784513282561
0.031890431051834145
0.032521608964483674
0.03246114643760673
0.03284681636057067
0.03304977762907126
0.033697412984305605
0.03337822882898407
0.033113238448737925
0.03286309570917158
0.033044301801353385
0.0334117333761343
0.034313367705485966
0.03411372427107349
0.0332609817321736
0.0331964825709501
0.03395853916551067
0.03420339860524481
0.03363789033199929
0.03484091002474147
0.03487542322967743
0.034563379183202084
0.03462827324579145
0.03397359418319376
0.034307899241484724
0.03485057511954526
0.03397193354368521
0.03529634983056443
0.034911422848863206
0.0354200020213612
0.03509858716464784
0.03492620707822222
0.03450142986478135
0.034310266176255454
0.03477935014062019
0.03483681942221133
0.03466683585948691
0.035161158444859494
0.03495753881201181
0.03492675346459225
0.03562753627276565
0.035286135296947324
0.035256535223805875
0.036146959714398394
0.0354026161527013
0.03577086172718538
0.03557599629570252
0.03610517109080083
0.03575520303673356
0.03544669066258353
0.03541185055581465
0.03668398738375192
0.035559763854887114
0.03676158422655172
0.03549803904709567
0.036361022477431955
0.03636864584473653
0.03684880170303779
0.036204311656918876
0.035667411062562125
0.03702928827243556
0.036636692523226176
0.03700372591653867
0.037222464798819285
0.03650413817242737
0.03623915220295257
0.03705187504460526
0.036269995633529575
0.03667682732590994
0.036361095780083785
0.03618761654086247
0.037172658428822974
0.03655595462108336
0.037483416795972564
0.037125051841685755
0.036862925495954636
0.03735080276352431
0.03638528788027529
0.03741602276326746
0.03763449634069702
0.03759873905188778
0.03763189416665271
0.0377735531107413
0.03727209813721426
0.036979790501905856
0.03692063464982512
0.03725033603353557
0.037329017030175056
0.03745284107808128
0.03666931970420232
0.037220560299075715
0.037217236998357606
0.037291265901542345
0.03712882469506372
0.037931035346861874
0.037981348148492654
0.0365446043916836
0.03799440545218924
0.03708926163769865
0.03690216626270462
0.03723922426532119
0.03796832224478304
0.03661535303679215
0.03704555661875955
0.03798606979154107
0.037875844927409114
0.03765309437840459
0.03771893205157633
0.036676563792340466
0.03733843401560046
0.03795865386803445
0.03717773042010556
0.037930436815103635
0.037928640710645715
0.03696755253641248
0.03706801338636664
0.03659713529168663
0.03662571899319769
0.03725923172836452
0.037684950013957434
0.03712496125729639
0.03722543675448709
0.036691333389699814
0.03784087513999509
0.036534827048595904
0.03698875166512009
0.03743855239622601
0.03687192112738545
0.03746579200835256
0.03732202459643218
0.036820574857955174
0.03686883199099565
0.036498083262973574
0.03655122780838563
0.03707558750837891
0.03746334302945412
0.03751316967103744
0.03770698420296386
0.036502160845346354
0.03700677001103256
0.03721376914049702
0.03658809661199941
0.03703071384106968
0.037069559565761724
0.036551080465116556
0.036300610243120035
0.037293798104469776
0.03638483480159931
0.036841199994596084
0.036619842388430614
0.036840761323734726
0.03609901413488977
0.037285545939884035
0.03623772186772002
0.037238529399353966
0.037162204042142245
0.03580764926373093
0.03660228622573372
0.036695081927510816
0.03589538831263893
0.036892192515464
0.03623838249381417
0.036095693012944734
0.036412239981746225
0.03551163442337895
0.0363410344021659
0.036372579060896436
0.035470229620588975
0.03527550640932199
0.03625026993580552
0.03633733312971261
0.03604330530348283
0.03649825718811787
0.036370126574603166
0.03615211271136907
0.03496195176467166
0.03556023325931065
0.035395779526672735
0.035767910716949666
0.036266879629088755
0.03576499954040867
0.03559746088354322
0.0359015594411359
0.0357250306194959
0.035199887887463366
0.03502385383355095
0.034972735962644164
0.03576599514590581
0.035105381439887826
0.034315557701781206
0.034977798374858364
0.03518392375667942
0.03540024808979106
0.03507725628848414
0.034114988252597116
0.03526738942194764
0.03463605919364008
0.03430300212866627
0.03423388987294798
0.0351035092874304
0.03409454059353676
0.03429945631430724
0.03412656593211713
0.03382572852084816
0.034028691172974426
0.034035173547979705
0.034194826640706645
0.03416664265554162
0.033680584684631955
0.033365935694356266
0.0339403202106954
0.03320780129486037
0.03330117714082032
0.033008128404971505
0.033053750429451
0.032818435305397686
0.03381774763398647
0.03380360055661052
0.03326285809465464
0.03293482564663475
0.032715051022919425
0.03386034297344302
0.033566050078301844
0.03322495651058942
0.03289615256438918
0.03255210041380489
0.032321798587575425
0.03269149271508414
0.032696183968158314
0.03272709840128418
0.03195172825324154
0.033086257612083204
0.032316974588345766
0.0324508992625003
0.032666537059443314
0.03251113626587971
0.03166566455172897
0.03204089305739722
0.031190151851203465
0.031585496975082006
0.03117602360437942
0.03210590875220874
0.031922568985434295
0.031441828005084084
0.031155799641456292
0.030893963355308626
0.03128088649961872
0.031086163203917418
0.0311809549606342
0.03148023989734166
0.03085573337060224
0.030556467825916304
0.030363710880531778
0.03064768429224613
0.03144386801601368
0.030728286020650506
0.030393524645038594
0.030842633131381327
0.030807153892400733
0.030985494375897267
0.030750207559404972
0.03020994658519024
0.02984095011295232
0.029945838855566353
0.029987042864347103
0.03004887693809876
0.02919127806829998
0.030101736214444043
0.029392192924323456
0.028994232564378802
0.029527965432750023
0.029557636069711547
0.028563264689795944
0.029974689947091824
0.029831328215195584
0.028306902652524942
0.028531228973296324
0.028940585462795456
0.029007276604720578
0.02820144599230992
0.028391614013675365
0.02881306808956935
0.028972889250900406
0.0278626868487784
0.02788241025238803
0.02827122903856848
0.028875993877222977
0.027648470468225012
0.028667768585017694
0.027573307093831264
0.02777682722039131
0.027867852369918015
0.02728218662355828
0.027467503452961214
0.02747358794245718
0.027042620927686806
0.026868839982619123
0.026770858137374207
0.027343353929108992
0.02648030907707991
0.02654748946541271
0.026424236169974257
0.027436101899068657
0.026087725929352754
0.026543941696485687
0.027040435456775095
0.027053644438323674
0.0263799987295074
0.026864319418046078
0.02579072357197151
0.025980056115221167
0.02653525382226177
0.026154601593908842
0.025125142918346787
0.02604664816868391
0.02555556515284661
0.02591245179867223
0.025609359891394717
0.026154734688504266
0.024675918879281167
0.024788758517432376
0.02450325889462677
0.025697332883415816
0.024540650031238603
0.024347038705064453
0.024417836570075523
0.025388180965313235
0.023984022952624168
0.025206616226137877
0.02388112666133492
0.024790456922272715
0.02473287270122109
0.024864034274904356
0.024273615460435227
0.024622775156767796
0.02377798299140755
0.023725919004730023
0.023903342224908263
0.023967541156993264
0.023860021959615493
0.023615148106387616
0.023815814470514864
0.023401340087209548
0.023775645730163487
0.02386745907930952
0.02291621836877313
0.023146805392680617
0.02249835879568692
0.022727384722871856
0.022768671737991516
0.02305784032793925
0.022583093294508905
0.02185878474066508
0.022329882200601565
0.022538689734444093
0.022462702279632644
0.022731336992164296
0.02178066534663502
0.022427800566773716
0.0221940408840389
0.022221624417943592
0.021567924434391553
0.021560666867817258
0.021971413354267947
0.02112226365062885
0.02063444567340826
0.021158197708570938
0.021507122585848852
0.02042836772279382
0.021460281450748603
0.021673773865965966
0.020380883785367867
0.0212377124558619
0.02032861162479541
0.02071827011291502
0.020526366362399615
0.02107364920142347
0.020124097601042477
0.02011056565226772
0.019418104088728363
0.0207108307342739
0.01937679213373938
0.01968417153773411
0.02058251304386174
0.01953130937550465
0.018927157949883505
0.0200683730561544
0.018819189800941747
0.019834324285097255
0.019867964283559313
0.019977962647580706
0.01933975765784001
0.019021495597456705
0.01929308874124169
0.018984896990379283
0.01844020508259886
0.01800816114150529
0.019194757719420655
0.019252413673238176
0.018798768524983793
0.018630782194914916
0.019034437167743074
0.017859240810528837
0.01859887469675818
0.017857812983890154
0.01814128655788337
0.017539745848905736
0.01740730049123627
0.017511715336882346
0.017982795845920642
0.017356197684430537
0.017369358174991585
0.017577327798285046
0.01773079264981877
0.017231640594293402
0.01737546589287262
0.01674303348312352
0.01769061090838111
0.017290293035499737
0.01757910823506459
0.017153625178171664
0.01663118521091755
0.016233499919995488
0.016584220752587427
0.01697383144295957
0.016414937646224384
0.015796079490151216
0.01627425610006804
0.016071080209288543
0.015721933512888402
0.016783197717498154
0.016308967088340173
0.01575520624694001
0.016565145254098204
0.015781144214260207
0.015910309049500717
0.01532035720797962
0.015627149372738926
0.01604222978415017
0.015673891432719352
0.015449248838840664
0.015021195179422908
0.01571398727828691
0.014445704413460485
0.015686558698261483
0.01544645643916471
0.014307373203804617
0.014772990231372553
0.014265648925338482
0.015268004758758691
0.015040666913238484
0.014604428602576016
0.014023016065125371
0.014088434477027819
0.01378250415863471
0.014898970167779167
0.013904527905718165
0.01387080350812063
0.013702397323406194
0.013452294442174894
0.014010611940867923
0.013244841124334687
0.014107327610523688
0.01288985217484215
0.013244895350684112
0.01295542883601885
0.013816996844641731
0.013192590440743493
0.013934730110143198
0.01291718330565227
0.013580560127730295
0.013812053413744996
0.012303801367554056
0.012782709978066143
0.01268698134991975
0.012821706682090917
0.012045537836509334
0.013361209357093388
0.012331337245541831
0.012682126206933875
0.012068479850272316
0.011890064993691364
0.012882634504254819
0.012718582376356124
0.012508234680833159
0.011466984623413914
0.012243969304814941
0.012720323967897375
0.011329673230745092
0.011489288576260442
0.011315327752810201
0.011447545540949431
0.01099794933218287
0.01122203394144875
0.01144621888866666
0.0110588898042804
0.011882500842442825
0.011640324101127818
0.011530272610413356
0.01184960646217826
0.010936479897514461
0.010911354721081463
0.011057524713796205
0.011197268742075552
0.010923414357138483
0.010710617387555523
0.011161292532692978
0.010792038916725063
0.01070630562054601
0.011366493097490764
0.010053836108522951
0.011180437769657733
0.009923699846903214
0.010386125709872874
0.010173507349021425
0.01001349257139191
0.010764608078049805
0.009567015250900741
0.009434372755997747
0.00934114678302109
0.00956352644674176
0.010669024651253913
0.010528856683958041
0.009925806330774284
0.00903633612871255
0.009194727181017258
0.01013316401465852
0.009873267237321431
0.008815640691934499
0.008881745166515544
0.009482303628474352
0.010147488856864693
0.009984644011705457
0.009604682614355015
0.009020021798056482
0.009237238840976087
0.008499805536869203
0.009102692682605091
0.00935286746282526
0.008582521856321008
0.008388732285095077
0.009155418181210944
0.008912964277469652
0.008111616338279353
0.00813708568550085
0.008072918366337176
0.009095142945372265
0.008325519670059591
0.008606332606172756
0.008995996443267753
0.008625256800906748
0.008754792768121989
0.00779905869959007
0.007836635697776335
0.007926121251418837
0.0075442190519012615
0.008134172322143368
0.008424788729997681
0.008575925414220626
0.007920108548695876
0.0080799820125053
0.007762482312427642
0.008574468952779659
0.007188172466926381
0.007296723358066237
0.007722238905226852
0.007545323674462514
0.007257094409385189
0.006959635013165652
0.007584456747154027
0.008146774571080028
0.007392472804519593
0.006973393964944679
0.007577619483289491
0.00662334016788066
0.007368680335547584
0.007812511361028654
0.006961470007958548
0.0067245766190980015
0.0066250720607734315
0.006833373793607437
0.007720731205284752
0.007058535732044688
0.006966431144355266
0.00748552583782461
0.006654469561671754
0.007204750829756859
0.0062516440823747275
0.006310825727586039
0.006147333479388332
0.0060065639137504255
0.006607385978474514
0.005885924299456838
0.0062967924704774615
0.006210631600837837
0.006718003423290943
0.00592901999596772
0.005637413244939143
0.006657898687155891
0.005608417028244141
0.0058838111822629895
0.0062252691258723875
0.006750670808517899
0.005481255262415211
0.005415382047334681
0.0058484958428212126
0.006296650064603432
0.00620331509517739
0.006261265045574837
0.0062361870395360505
0.006563322723756085
0.005170309755913824
0.005925128188195049
0.005913354495770858
0.005792644833981301
0.005046423445900647
0.00591759121328097
0.005299874051307708
0.005357617901253746
0.005872738702379554
0.004976112193944055
0.005347518001723162
0.005109269429471672
0.0050382663938697584
0.005752419888205438
0.005912598586355284
0.005840904393784325
0.005850384924998307
0.005403813251625026
0.005753499593364911
0.004885417259610278
0.004775245377347362
0.005502386517483866
0.004918912597491799
0.0057387185719694825
0.005292471802538145
0.004753833505684339
0.00440184674472246
0.0047912333331816236
0.004562681617887386
0.004907026062506742
0.00549300034095534
0.005469584959617806
0.0045827029580727055
0.004491796888979111
0.005035073457131389
0.004900560551367822
0.00534259491022199
0.003971836542127943
0.005284242837226965
0.003809294474716352
0.005207835224569579
0.004860360605481197
0.004092562843315249
0.004829498039934496
0.00406197217682241
0.00414687802369143
0.0037906383756147145
0.0038152011086149524
0.004746501269003545
0.0049708607401943794
0.004806712435676763
0.0046792748167802855
0.003530845777770248
0.004223911968969503
0.0046974500741227545
0.0036666471841087667
0.0036833974229712623
0.004718343259735163
0.004342311108458783
0.0038362457879919237
0.004693965543476212
0.004136768867003373
0.00325372798298372
0.003247157406471566
0.003893407892257966
0.0037923044001248415
0.004002360389239041
0.004391573555981661
0.0037877227811320903
0.003103799247316778
0.004425061617072365
0.0034537984109129535
0.0030844927348452626
0.004055490482513368
0.002936354184099642
0.0031296262909103357
0.0038388096027086272
0.0030219744510381974
0.003017343761493219
0.00389804372589441
0.004189604241748868
0.003065541655867932
0.002918092448147676
0.0028397706284850003
0.00396940590411817
0.0028796282468001727
0.00408185684321283
0.0029480731095655344
0.0027858000619756206
0.0038794360104916848
0.0034499874832235435
0.002637893786995541
0.0026295848666502905
0.002554448960485802
0.0031974515909296355
0.0031463411370975113
0.002909810703930753
0.0037529864986311444
0.0035107259651367207
