-0.002005410303079071
-0.0022498267716414763
-0.001804487485156759
-0.0009936864343123653
-0.0015704594697822025
-0.0019423747334613173
-0.001375075873717281
-0.0015768613779765807
-0.0012449241247771026
-0.0015343842118215633
-0.002173495588952363
-0.001223604407084494
-0.0015946331125052818
-0.001089907566367625
-0.0024336531736298996
-0.0018718663407296396
-0.002381384217090814
-0.0025993198837790895
-0.0023575486473391863
-0.001844054864817975
-0.0013462629569377796
-0.0018518361643337798
-0.0021061188576238245
-0.0025875701738696105
-0.0016386193322215452
-0.0015398105592354914
-0.0024955052935998014
-0.0017085586460663445
-0.0026236952266329213
-0.002799955746173851
-0.0027429194760910654
-0.002974011404939507
-0.002783205938635939
-0.0018441943944892682
-0.002004718081354365
-0.0022944092576442166
-0.0029939407164115204
-0.0028518819602233255
-0.0029701728218605662
-0.002399711077271663
-0.0028752104839145634
-0.0018942344076106927
-0.002008692924569443
-0.002980336829885024
-0.002879335003690362
-0.0033620337430278133
-0.002998955744787196
-0.0033335110291579867
-0.0030372571149742417
-0.0020222882686197485
-0.0034485807922249737
-0.0027392683483158466
-0.0033880287945401437
-0.002995810600424484
-0.0034980523426537276
-0.002152431887662601
-0.0034431237950735215
-0.0031066917472549996
-0.002779899159020258
-0.0037181113726884136
-0.002431180295831099
-0.003232419246799742
-0.002424157676708349
-0.002507933480603631
-0.0036649109520380556
-0.002995769618491105
-0.002814476908926892
-0.0025296036029246586
-0.0025597270821292725
-0.0027378236684859666
-0.0031236933457273416
-0.002770744401015102
-0.0026835936362750216
-0.0029482026143002496
-0.0034666927811036045
-0.0038748192142778583
-0.004072782879738698
-0.0030293594359762253
-0.003059933496956731
-0.00422091202001097
-0.0036931528765694085
-0.0031280732701912135
-0.0038632281578625982
-0.004406592679213625
-0.004276979951786788
-0.003948635036448324
-0.0045734610366600925
-0.003399274331794706
-0.0041831988217399885
-0.004265920737549951
-0.003313461666056985
-0.004405205244478444
-0.004544955103203317
-0.0036808369337567757
-0.004746770068529537
-0.004255148674103646
-0.004902728128374765
-0.004673501546156492
-0.004458684268551361
-0.004182051484299578
-0.003920377138791773
-0.004046524013455097
-0.004499471165228561
-0.004521351923167683
-0.005250189490366462
-0.0038050350758494665
-0.004799724589156239
-0.004231506157366678
-0.003907355422277767
-0.003949612885221867
-0.00544091190993978
-0.004355887961866436
-0.00445166194127717
-0.005481400149176705
-0.004254710003708157
-0.004523866140045295
-0.005619373707271294
-0.0049298614969929405
-0.005255953926083461
-0.005366260264319839
-0.005722623742369141
-0.005838222407842518
-0.005851355071977026
-0.004637668171320547
-0.005272358657888411
-0.005011747583079171
-0.004889580449892348
-0.0058684547955539035
-0.006162214190761586
-0.005107306115224012
-0.005609112640391594
-0.006203938103456513
-0.005887187891319946
-0.005526851513624863
-0.0061900878119949335
-0.005119736928110703
-0.005517247738970822
-0.006450674556997643
-0.005322981672966788
-0.006361970348372055
-0.006191310750271261
-0.00595616184237194
-0.006006631540282722
-0.0062034523956793425
-0.00616050011970728
-0.005966390874354241
-0.006799927816015848
-0.006368296712598996
-0.006877948312865914
-0.007002396531719227
-0.00606850068767954
-0.006222328666675251
-0.006892815246755698
-0.006408797324993545
-0.007147516154197851
-0.006683771044472854
-0.007385703758952717
-0.006835643765089457
-0.006923725804694914
-0.007299029448039985
-0.007423446555292904
-0.0066905310219438005
-0.007510048149039625
-0.006390595917279728
-0.006973843548499196
-0.006465215132086343
-0.007501280804347184
-0.006571284474265611
-0.008108500791241776
-0.007620693109225217
-0.007764108682212351
-0.008033377690620049
-0.00794215277929476
-0.008173943624618043
-0.007929070841904917
-0.007422888779363076
-0.007159657902381944
-0.00783350212776147
-0.007747169230843072
-0.008607489181924085
-0.007782077609581815
-0.007524443599277873
-0.008848021299805504
-0.00824016995533246
-0.007831295685875586
-0.008505803654691215
-0.008492433576034531
-0.008655893812015482
-0.008520474546476824
-0.00842150690445514
-0.008722196467530719
-0.008873053205418757
-0.009188245609044115
-0.009104515953520187
-0.008067665373542348
-0.008874872236892631
-0.009025673692128342
-0.008881157459033695
-0.00859073705700491
-0.009465334886749744
-0.009870921309044559
-0.009858860718851982
-0.008895469673638664
-0.009243449386838874
-0.009880736768476676
-0.009263382246794098
-0.00990816474491271
-0.009256103384809191
-0.010073407348338267
-0.009474012367700652
-0.010291604201057335
-0.009908308061791467
-0.009614245047429672
-0.01058152413408355
-0.009783298241846395
-0.010084694983156315
-0.009514017083952556
-0.010252217072433182
-0.00991866972774057
-0.011078695809872212
-0.010370376803826102
-0.010480374395227554
-0.0104849186644584
-0.010944319701158191
-0.010983150872242789
-0.010737553113887159
-0.010369126871353395
-0.010909213704681335
-0.011019764165850831
-0.010783177369422598
-0.010447609565851229
-0.011842102912145379
-0.011623236786648469
-0.01049490405408698
-0.011299676984186059
-0.011241788641151211
-0.01107009773396386
-0.011220886977317329
-0.010906362529777005
-0.0117715077056001
-0.011713998008013322
-0.011104434427993286
-0.01240876451379507
-0.011714827923845995
-0.011919648295295938
-0.011519337888819611
-0.01151703634694546
-0.011921851437326875
-0.011817119798548818
-0.011691020031731343
-0.011891788794708777
-0.011929331066370683
-0.011848125519068343
-0.013135404698169295
-0.012836292612912721
-0.01257461611407109
-0.013119550477740001
-0.01327316950535692
-0.013692447509635068
-0.012413030850483548
-0.013197842936042876
-0.01333216659990737
-0.013079717527490224
-0.012685229559016062
-0.013004591924337424
-0.01293176736126296
-0.014096782782641372
-0.012986793658116771
-0.013290638026965569
-0.014079175707770439
-0.013329684639252918
-0.013919604706463544
-0.014543202404290318
-0.01460737877087439
-0.013906925333160102
-0.014124365914701112
-0.014912764108501344
-0.014892955385724991
-0.01419117819015539
-0.014843444872331062
-0.014870873458327164
-0.013995204586912911
-0.014498091967846549
-0.014311940127754212
-0.014500759570653093
-0.01545584441794251
-0.015286330124454264
-0.014571858839247909
-0.01596263594889992
-0.015310039111043922
-0.015410620806651888
-0.014854705527576654
-0.015620943315705607
-0.016089195164418785
-0.016241493807704822
-0.015434147459762276
-0.015620327007017196
-0.016672835616367447
-0.015893373224324703
-0.01621731801656837
-0.016845452457942056
-0.015611500624388014
-0.01616224175080924
-0.016383923948474863
-0.01580997922993581
-0.017305279775452077
-0.01690071213207879
-0.016725336503435616
-0.016432806311034432
-0.016895403992852765
-0.017665103486157536
-0.017109689562361818
-0.01713366521325
-0.01703367124388648
-0.016890312981909985
-0.01801875255962323
-0.01700697184421198
-0.01772776859162217
-0.018420047172772885
-0.017670559248717632
-0.017454095041856743
-0.018484852933094213
-0.017705898958513915
-0.018562789565819426
-0.01767705791169911
-0.018264266164167504
-0.018565696510855677
-0.017943632920842337
-0.017977811912117416
-0.018207447612475756
-0.01885205663739441
-0.018819865498061115
-0.0190525889452104
-0.018418833611175797
-0.019500854311803522
-0.019865076688455656
-0.01956359373678606
-0.01996927749484351
-0.01984027016549292
-0.0199150925524171
-0.019740592303829924
-0.01924350046116079
-0.020402237784907445
-0.020113105617758323
-0.020303435527683298
-0.019650266892839656
-0.019879677999920284
-0.019462707422988848
-0.02075592506943074
-0.01992803593940524
-0.020934042197739155
-0.02113058389821796
-0.020571292989696677
-0.020678023231494376
-0.021340524820574712
-0.020218201009559254
-0.021320992279980935
-0.020841614896987742
-0.02170622399614375
-0.0211531965556413
-0.021828667821291198
-0.020982970902459937
-0.021572184303210153
-0.021822684140488886
-0.02194161585961136
-0.020996891675869447
-0.02158677877226857
-0.02250282674054815
-0.021474054069099132
-0.021515682780128883
-0.021745561095848062
-0.021588029222250796
-0.022453156044854237
-0.02180596120510348
-0.022763847375280158
-0.023074030233348457
-0.022832093818384733
-0.02211263567925221
-0.023433122215433918
-0.023259174754254243
-0.02357630285329414
-0.023198201655113708
-0.02342028831038366
-0.023763068504273246
-0.023422436009652412
-0.023746292619161027
-0.02408734007417183
-0.022893607599496126
-0.023064192695938207
-0.02364149479322663
-0.023606127530704294
-0.024226366917489035
-0.024128676600030322
-0.023988920335212716
-0.024390698960475687
-0.02392829298102591
-0.02484682178822897
-0.02442519526231776
-0.024810319109158825
-0.02413001443826721
-0.024822394941851008
-0.024721862045600323
-0.025365571521526454
-0.02425997636424444
-0.024357528955190274
-0.025716069643461275
-0.02492780162271359
-0.025091345346621045
-0.02612166662564643
-0.025736585067459797
-0.026339153026157754
-0.026148164746324375
-0.02564420361742845
-0.026101704596868492
-0.0263345934328547
-0.026126810338565412
-0.025671688046573896
-0.026503172115446883
-0.026303079447524264
-0.02658418316869003
-0.025992321881918596
-0.026838201487374883
-0.026067557589634634
-0.02707314120036152
-0.02751076860631604
-0.02656328070359713
-0.026495602142776426
-0.027521583577183775
-0.02718147873576407
-0.0270928572992847
-0.026740245132082084
-0.026931939608317662
-0.027436705767704735
-0.027255147499990025
-0.027165479419558797
-0.02804600467729304
-0.027834663666535822
-0.027807606220933402
-0.028515231798652414
-0.028369238656524604
-0.027453891582470007
-0.027534207506266874
-0.02826635921653605
-0.02835765645917074
-0.02809713349142383
-0.02787691928059499
-0.029178788011116976
-0.028814080357582744
-0.028301972934745956
-0.028100422477872825
-0.028400172749723798
-0.028457028923881012
-0.029545542638749075
-0.028453365142008004
-0.029237089203204746
-0.028672879934996346
-0.029489546615285397
-0.028843567607428667
-0.03006189474245523
-0.029901053603828158
-0.029105302520982125
-0.029063634642062644
-0.03039999487956649
-0.02975282037727668
-0.02987166938996818
-0.029587201177862656
-0.030408302482423856
-0.029762757012212763
-0.030710449771220467
-0.030502306881504498
-0.030985437419418914
-0.031136217965820195
-0.03039832583522145
-0.03109918118046998
-0.03128028343009552
-0.031227920289824174
-0.031121977924684244
-0.03058463612291192
-0.030671203586428806
-0.030452403058536512
-0.03144212864940837
-0.03123154668529004
-0.030939721702770297
-0.03178880737463162
-0.031224152151912973
-0.03193556040785752
-0.031979763393960595
-0.03148957557833558
-0.03179346426236464
-0.030999632011565602
-0.03114866343067695
-0.03240244224002439
-0.03128429507887234
-0.03152261044042282
-0.03240075435418356
-0.03167167288110465
-0.03275012170559684
-0.032128084683544444
-0.03225110855733191
-0.031921762308641265
-0.03300394936662586
-0.03211678458339682
-0.032840486924886496
-0.03337000160314839
-0.03221120328703868
-0.032403617889047394
-0.03284218595332284
-0.03234886443603611
-0.0327921207647277
-0.03371371106730337
-0.03360128035934592
-0.03280164793507331
-0.033762218158521304
-0.03270341410768358
-0.03259031050080944
-0.03338082141959199
-0.03321713254305868
-0.0333667174164224
-0.03340195812039733
-0.03363382849125807
-0.03315154084440427
-0.0343245619839416
-0.03313098145887757
-0.033266858478793404
-0.03345211053346323
-0.034432816239213265
-0.0339289866510759
-0.033430890089413114
-0.03361075968480618
-0.03478885039778318
-0.03426387629132891
-0.03366394340634244
-0.03416623538772003
-0.033657904290304755
-0.03442485412442555
-0.03388753104151885
-0.03451596969263145
-0.03517519962024199
-0.03485259949693349
-0.03422052806142358
-0.03420748573674653
-0.034180247646395066
-0.03515610612125079
-0.0347374606057542
-0.03420290849979043
-0.03536210642156306
-0.035159076405655965
-0.0345552886267305
-0.03490895522288876
-0.035124971357117334
-0.03529300703100561
-0.03532223807825365
-0.03490809218261734
-0.03564856856216024
-0.034877821652612634
-0.03503937351521489
-0.03542085312602925
-0.034980041242664274
-0.034696822032220145
-0.03595348893257481
-0.03522238605953449
-0.03484984700877895
-0.03527795645267252
-0.034928818170308
-0.03513062587757442
-0.034990413229463876
-0.03501668866928533
-0.03515262910819257
-0.03520094217839438
-0.03560309489310608
-0.035205452958075444
-0.03507435237048231
-0.03514244655562878
-0.0353429512045899
-0.035627751169734524
-0.035080556844465295
-0.03549591880398805
-0.03616171364919936
-0.03620018585214996
-0.035535568472192934
-0.036262487393244815
-0.036075815748503576
-0.036123715760194
-0.036131304207096406
-0.03568778731523715
-0.0353041470109746
-0.03649103364059614
-0.036562468567604915
-0.03562843309122879
-0.035750335273612516
-0.03596194303800253
-0.03646021536001382
-0.035817664608432574
-0.03657851431124526
-0.03619593353894178
-0.03550844543541172
-0.03533914263680009
-0.03550024305307056
-0.03561778051692736
-0.03580961524942248
-0.036321514017497634
-0.036516279792451554
-0.0353201471806848
-0.03549382954970148
-0.03543662511145663
-0.03568576674452592
-0.0362742760474971
-0.03596202668151284
-0.03642501731262404
-0.03556196645643168
-0.03618506800126818
-0.036013711616368745
-0.03605475465903393
-0.036280170230127924
-0.036357753967929125
-0.035505507974458304
-0.03628660873780749
-0.036425466974089694
-0.0363376541332975
-0.03608734486492804
-0.035417424281090126
-0.03578915165067154
-0.035145206469925916
-0.035122846077857976
-0.03501304262814268
-0.03584640455377109
-0.03542396214834737
-0.03634150904745763
-0.03501498332021919
-0.03536316080081325
-0.03511363695437022
-0.03568401786718675
-0.036202041879269176
-0.03526450433750733
-0.035699276154179865
-0.03520160286998998
-0.03582844996837978
-0.0353914645182535
-0.03595264298505794
-0.03583277786581546
-0.03527353181662285
-0.035060956764734696
-0.03542539081483258
-0.03517773505824668
-0.03547376989279995
-0.035645467467663575
-0.03506682897569916
-0.03437065833701659
-0.03535492960521815
-0.03555417131469905
-0.035747883747721046
-0.035032013175508504
-0.0343284998649527
-0.03443654438622089
-0.03413738745646933
-0.034495885500246876
-0.03509737237562945
-0.03499523660068944
-0.03465230250906519
-0.035128579536545405
-0.03402088089160866
-0.03523455339388387
-0.03445379407857353
-0.03388802920456444
-0.03454672916330262
-0.03424408383128985
-0.034161791109214634
-0.034709055800233896
-0.03453530483481888
-0.03373755228917045
-0.033767767474060795
-0.03467560231958483
-0.03326954925039479
-0.0332320406712247
-0.034011508916989286
-0.03446451259846359
-0.033378895415102514
-0.03385437772392525
-0.03285512533327063
-0.033060127185807184
-0.033152910632333096
-0.03353820881988502
-0.03333220972461967
-0.03355075685429557
-0.03307237319292203
-0.03338718928127282
-0.03339026504218673
-0.03314946040512927
-0.03264676328725725
-0.032858751935533774
-0.03281887869943736
-0.03246266638465063
-0.03321176219946048
-0.031836300651489124
-0.032526105678358425
-0.031973806231531496
-0.03202981754598986
-0.03273893230055318
-0.032112639464215074
-0.0314969357083259
-0.03240948461242991
-0.032223602186966724
-0.032219175489867025
-0.03129443986330337
-0.030901223372168368
-0.03092116225207327
-0.03204205685962604
-0.03150125988594483
-0.031181875605126416
-0.030910049749296675
-0.03079489342455485
-0.030910003239604494
-0.03060751362946183
-0.03073726533588366
-0.030749696737686738
-0.03129370870424727
-0.030993983306663028
-0.029796532947902077
-0.02975023294261571
-0.03034663878472142
-0.029583261937165466
-0.029497752234736274
-0.029331619633338336
-0.030446392714662193
-0.03011398034592892
-0.030386010597880937
-0.029824585589873505
-0.028987769715766713
-0.029790604097827335
-0.02874479638299485
-0.029719707395380268
-0.02949437606101995
-0.029565304101967588
-0.029090875505272985
-0.028362042588795093
-0.028782276190083795
-0.028591320548312066
-0.02811201061189196
-0.028448691740111293
-0.028180508823424707
-0.027295218525045382
-0.02853967962737083
-0.027827897144847416
-0.02694560736069036
-0.027387466878795598
-0.026866825257979163
-0.027593981830350008
-0.027650724912673764
-0.027267199545100415
-0.02697446309241461
-0.026726602169678988
-0.02696177671317108
-0.02664691906523977
-0.02593962692419963
-0.026886004877683722
-0.026695095432498053
-0.02561841996150149
-0.025299612935687592
-0.025690329558697118
-0.025710061251281342
-0.02561904568256715
-0.025507395397409073
-0.024734511608945752
-0.024566945853314513
-0.02522392955752521
-0.02531496978843175
-0.024344314012989317
-0.024171535754533506
-0.023783391639473572
-0.024843746862384775
-0.02445314209898054
-0.023559902403103836
-0.02446474298861115
-0.02334112703216413
-0.023162681456262095
-0.02281615082460645
-0.02319149917706887
-0.022553817828072007
-0.023059997118145957
-0.02273793700193884
-0.023021022710864713
-0.02330018208960312
-0.022420968370989794
-0.02264600676053841
-0.022139084650702766
-0.02147633468807402
-0.021525979695791286
-0.02177829485581508
-0.020977641262913807
-0.020804705323429814
-0.02108188651390313
-0.021486912267574428
-0.020367302811756565
-0.02022189735068231
-0.02053409539548674
-0.019960400805233505
-0.020398602192727176
-0.01989895331829405
-0.019996905576450667
-0.019613905172106667
-0.020108691388909618
-0.019535789057231138
-0.019754962620573913
-0.0196413795674072
-0.019183724875691217
-0.01953393556242201
-0.018759877442085772
-0.018768952167612332
-0.01859815610596445
-0.01800011909278932
-0.01860379897699954
-0.0181184274974833
-0.018046199785847674
-0.01706616217895701
-0.017747053504301714
-0.017048244800100316
-0.017170164605288463
-0.01668576389128299
-0.016968432290404012
-0.016315572254803994
-0.016491531905283546
-0.016712577472044667
-0.016603428122982253
-0.015973535474211497
-0.01568953571190376
-0.015335085907307311
-0.014635345358179655
-0.015203401061636531
-0.014285360188738204
-0.015061929279634225
-0.014361192605047765
-0.014285505324309484
-0.014241912449488827
-0.01455847072068485
-0.014292554942973852
-0.013222917053493904
-0.01367522423214967
-0.013993939258165744
-0.013852709222958382
-0.013159792377593654
-0.013628037056226972
-0.012742202192953392
-0.012268647258477258
-0.012855828940396772
-0.012895532615760423
-0.01224100288376468
-0.011997369097647646
-0.011512838628986118
-0.011149361747397477
-0.010791250322365832
-0.01144181712922146
-0.011443984061104036
-0.011113954006160583
-0.010087988031313505
-0.010014394572765999
-0.010453666733575862
-0.01039797934324267
-0.009820144744467392
-0.00943683792806522
-0.009290770171247022
-0.009521940759618165
-0.009398857381271036
-0.008400877793771327
-0.008211224524620715
-0.009180493734970565
-0.007991999471306497
-0.008109346543045931
-0.008000137349290453
-0.008420235750117319
-0.007449153591939503
-0.007186161988210585
-0.007352360994799884
-0.007180741605500854
-0.0072658277000470835
-0.005882391043117159
-0.0068834697075491275
-0.006683587131316081
-0.005760308236299287
-0.005484476639368736
-0.005938035099291586
-0.0059044520424268825
-0.004506813683528303
-0.005659499912323044
-0.004302192579271321
-0.00491322143788254
-0.004188072946551612
-0.004127651451736701
-0.004031229603636086
-0.004401786795281132
-0.00329391410578828
-0.003976114392097688
-0.0031893728091182206
-0.0037238666493014023
-0.003518654449870751
-0.0031441051093989984
-0.0026327573943569836
-0.0029519947059790342
-0.0026338359234921063
-0.0018954409777717299
-0.0018528418850663555
-0.0014705049793288497
-0.0015257300464659594
-0.0013014421308903733
-0.0008465560581860925
-0.001009055694288581
-6.807518888121065e-05
-0.0003959169645897949
0.0004573143997638385
-1.815859899149155e-05
-0.0003795852773993427
0.0008357299353266084
6.436213608807997e-06
0.0006988157137764086
0.0009499863896708467
0.00113825752571179
0.0019627716892879283
0.002160547586828082
0.0020915684940693915
0.0023498074486298652
0.0016303225873495145
0.002227116189778532
0.002535723677625054
0.003238790655352722
0.0030838770561051328
0.003009942642927258
0.002968066294952914
0.003168094781222248
0.0033969131731603945
0.003271625771436998
0.003513643647691797
0.0047550688677156965
0.004487777994872111
0.005247533676773541
0.0042794493775915295
0.005091015509635821
0.004489679321796677
0.005265361657407579
0.0052487375806199365
0.005695073272267518
0.006032414699855669
0.006003725609693397
0.00627893615024497
0.006471527870972935
0.006188929196418605
0.006465162270248071
0.006400507021402708
0.007878657633977939
0.007374282003092063
0.007710976542041406
0.008368315351856575
0.007740043057308582
0.008263871394932624
0.008045425709536626
0.008966126684980506
0.008611902085129238
0.008844445539542447
0.008655592240248436
0.009243428143416063
0.01000853591324467
0.010379321679746431
0.01029710308832137
0.009646840236268012
0.01034554103265825
0.010935308970080913
0.010681471818626586
0.010856280836932101
0.010877190532591436
0.01073858495375612
0.011030199437756391
0.011362912010631184
0.011902525295426396
0.011838570103817015
0.011611791284023619
0.012896223880148055
0.012070537179769488
0.01343548002146408
0.01343872144246858
0.013000234847883705
0.012767376375309942
0.013682099279978668
0.013573610691574896
0.013617854795897416
0.013340331863733576
0.014290012347004083
0.014691640947294193
0.015126230089882417
0.014853050878157166
0.015573194139121225
0.014894398285671571
0.015555501238529416
0.01587498388004865
0.015588606333414587
0.015147726556949868
0.016425499699190674
0.016064599812179534
0.015764180773733243
0.01708132049851019
0.01728680709735677
0.016884656601705822
0.01777225197114982
0.016996653860346597
0.01718953715873307
0.017310632496695164
0.01718808779599431
0.018312883703521583
0.01788732866081778
0.01896575350249074
0.017673479878517317
0.019215404856474577
0.018082441121748886
0.01892344125098474
0.018593454178153064
0.019215356490089278
0.019264885116311508
0.019455027066714366
0.019248411653482338
0.019736985763835826
0.019704536924446334
0.020081835775990035
0.020933473132075595
0.02121835477890904
0.02034878816240497
0.021146465919891062
0.02142778245383267
0.021379379221160295
0.020617742845044508
0.021847054807430266
0.021964868357157198
0.021566604532835987
0.02192849988473132
0.02210140995771665
0.021540029699943477
0.022660517606824918
0.023152798027550048
0.02346644215759113
0.023485598412507677
0.022776062998332867
0.023040571407986647
0.02358452987541821
0.023512037908462437
0.02358923743582396
0.0236932964049364
0.023952444627222753
0.02448473881572676
0.0245993607783658
0.02410919758534317
0.025078183501739317
0.02425754749902353
0.025116604656892305
0.024266868370127353
0.025203126477439806
0.02548789784535978
0.02523763933874619
0.025404000770921847
0.02619524662688811
0.026046780750561962
0.026577278279049144
0.02612700405658208
0.026584480699670118
0.026625781424235728
0.026763268561146483
0.027253166479500667
0.027181465887853012
0.02641754904247317
0.02719708891776295
0.027755528152640294
0.026771506289725317
0.027535388228069304
0.028157340440290984
0.02752730482840359
0.02708970643967285
0.028101650446738836
0.02774730431959654
0.02856523747864698
0.027541290647988097
0.027863976742114906
0.02812471794900371
0.02827556681288901
0.029040426966293956
0.028911390983571657
0.029494032895223135
0.02972689846363457
0.028583607489301447
0.029752458110020995
0.029638306414868493
0.029619335656131156
0.02958680046605261
0.02991123150773313
0.029658186520148455
0.029984629487064277
0.029830905851459758
0.030452299419148992
0.0301947038688052
0.02997875172956723
0.03038083481154111
0.03119785124396308
0.03135021112026274
0.03043520480423511
0.030797552065938413
0.031713970274058687
0.031276416504365745
0.030603459696137644
0.031060065300435778
0.03078614520519792
0.030902564810433058
0.032301064423386455
0.032256893904120655
0.03185859205496186
0.03135830579017041
0.03133929455310195
0.0323901904104603
0.03287566204831735
0.03252178079317423
0.032913244049402594
0.032506289819005316
0.03240505974129901
0.03231962578528277
0.03266163491431598
0.03220916317983081
0.033487632706956164
0.03363564431761866
0.03353369014551343
0.03389537869889604
0.03327991523674084
0.033259046272457286
0.033491424415075556
0.03399320432217964
0.03328230370006447
0.033223242952765346
0.034050696214689875
0.033418727106327206
0.03432412750220971
0.03419228285849609
0.03465901124207408
0.03389625407693063
0.03464500805575265
0.03414517576803911
0.03512641455720544
0.034221234901275495
0.03473831695042582
0.03437653637232987
0.035040879205915254
0.03423774845617077
0.03433413867312204
0.034699472776337066
0.034557777691601635
0.034625879035772605
0.03520848284345064
0.03551623965932043
0.03537927550607986
0.03570401511833983
0.03568001801117095
0.03572210963257983
0.0356262023290439
0.0348914879530123
0.03584248936473187
0.03571520139931423
0.036361723577311475
0.03532649836500999
0.03552392170658542
0.03627620430160619
0.035660244758597304
0.03589027762753314
0.03649720912848506
0.036337580527842854
0.03577936725382983
0.03582008749985054
0.0354308435712699
0.03575176065446016
0.03677795972311136
0.03635424697227646
0.03570190146564714
0.036228635016069446
0.035984771212107074
0.036054430364565924
0.03609727819184028
0.035763129512103704
0.03649019302716758
0.03610684491800823
0.037100684015340876
0.03736496026823585
0.03729045141353185
0.03634107920890745
0.036162959513872536
0.036530949694682735
0.03638498024253425
0.0364665228841582
0.036221271839677424
0.03742256789095771
0.0367819870008199
0.03622342644213173
0.03726221140163072
0.03735016090301999
0.036855939481561885
0.03709117691216264
0.03778285908956689
0.03705553450637406
0.03757925729900122
0.03667614983079716
0.0372083459256152
0.03662736927364991
0.037309696926105244
0.037601629196955456
0.03744184427457137
0.03754848958980965
0.0364620661765166
0.037203514277287714
0.03711888933160999
0.03752880930400154
0.037882607845552016
0.03714974418108118
0.037279190718806
0.037748055415359305
0.037410342442875694
0.0371495536916075
0.0369242400705882
0.03771342095298527
0.036619926729282826
0.036821245679591275
0.0377172869869278
0.036933469265492846
0.03658003787245097
0.03664515919509844
0.03663330640535601
0.03753962714227731
0.03768481587598013
0.0371407202228289
0.03673954809659187
0.036597970562542645
0.03745930803229635
0.03740985000301581
0.037348549500425356
0.037331371441855714
0.03764481919325159
0.0377175459912095
0.03791857569148476
0.03715234523008678
0.03733226096441098
0.03717499294179159
0.03681078716771779
0.037844693757643946
0.03650931426481675
0.03786956962003373
0.03692091763212272
0.037631507875902546
0.0377266106467245
0.03679222306421073
0.03726419092192808
0.036613765498920224
0.03701286916769034
0.0371385194969904
0.037124464209065025
0.03667704832167287
0.03717696516284061
0.037635871477373836
0.0365091513408927
0.03669460952299066
0.03703770167811665
0.03623639783631384
0.03625758852118248
0.03719697805558835
0.03627539697085808
0.0362087762686969
0.036180152158598246
0.03633703969002278
0.03673876727076632
0.037021981047176494
0.036081215526543975
0.03577250356672869
0.03687753663955612
0.036501805929317635
0.03607298022912367
0.03587932400851969
0.036650408049571086
0.036459482430428895
0.03690030310728268
0.03569082639874056
0.03563774452363155
0.03620497104147057
0.03633910913642131
0.03673924307062484
0.035630584398443646
0.03614886963324497
0.03640628933084725
0.035921979769846867
0.03660512890901902
0.03556409078239108
0.03532962047491287
0.03533604029610835
0.03571706429606382
0.03608392016005682
0.03521098865940441
0.03621922766853963
0.03562611563182798
0.035152152643126724
0.03616784747139293
0.03513089046942521
0.0351867890396633
0.03520648184970009
0.03570403837759253
0.034745678889519495
0.03448667177140012
0.035642240341027843
0.034291267951989605
0.034722859579573474
0.03444947881279552
0.0342919135867804
0.034062300556706344
0.03509040902625651
0.03398812108936922
0.03470860670716384
0.034706065125937755
0.035171041424977165
0.0345915081836488
0.034028300893185044
0.03399402437608527
0.03505486183864663
0.03368472037029722
0.033959137863970056
0.0343030413488656
0.03337266892292754
0.034489516670774954
0.03367578450513498
0.033426066795603476
0.03316879848439054
0.03307048578849868
0.034067023471132614
0.03388278399481699
0.0340867047758853
0.03403631851524979
0.03323038943101743
0.03263168605917004
0.03324868052149462
0.03358333767840074
0.03351231303124729
0.03301481842933085
0.03297282063995068
0.033392936077169096
0.03289406843855798
0.03330599900215071
0.03309274645104982
0.032196177030572405
0.032295910395601896
0.033306696036855564
0.03216966614098481
0.03237294002869047
0.031805653938442986
0.03225350082261424
0.031533670081974836
0.03216522974746069
0.032567766550634175
0.032010244007780755
0.03191272233268564
0.03188295443670555
0.031365691393483545
0.032005785290694186
0.03231268251112811
0.03197099206024573
0.03154114823428914
0.03146900775429103
0.03174482304960566
0.030684452464013006
0.0304974785337426
0.031469498215445216
0.030410133856302164
0.03159578502879519
0.03149204325671324
0.03057689626636177
0.031153701085157776
0.030957786645580573
0.029922365751336596
0.030981275632664798
0.030624553706927213
0.030251331357261393
0.029732145059443025
0.030660470557109677
0.029860667480518847
0.03076281131483608
0.029793134265136176
0.030064114773079277
0.02940817842023453
0.029785570461594836
0.029198672322294388
0.029941323469684446
0.029240769924808334
0.029882882697017474
0.028735091058056113
0.029335150066598065
0.029197681394479206
0.02852680384564449
0.029089155463097968
0.029512896322428362
0.02955175245648257
0.029285896152776856
0.028454282896044507
0.028060580531111334
0.02872741503005871
0.02842429745171006
0.02906165229197265
0.02889044057050186
0.028773021374494487
0.027541275166740216
0.028049746819454033
0.02782266935356543
0.02778946094901212
0.028118225145066837
0.028201065068051347
0.027986856131417055
0.026941323976563892
0.027292741500863905
0.027007523530666974
0.027556115852404986
0.026980360969182698
0.026324509350638254
0.02658925170793449
0.02744996114297658
0.027213812426463774
0.026612470627601054
0.026685196328187243
0.02654276057860325
0.026407438247082988
0.02647046611876015
0.026604176869115356
0.02665614136150897
0.025944468789968162
0.02538303786263344
0.025994419039805598
0.025558494035448263
0.025448997799926147
0.025654669366791755
0.025381000786265952
0.025695841706309997
0.02574319245496944
0.025463941266871275
0.02570232900648667
0.025628747993078946
0.02546863255890778
0.024378964132515765
0.025298902635349764
0.024489302688825362
0.025008783700432573
0.024209009568359037
0.024364996213531897
0.025053512214830962
0.024436063458088655
0.02365355924272781
0.023845050308554615
0.02349894225193386
0.023566153903185737
0.024447061126558395
0.023207424990770723
0.02393685966513002
0.023147171606946303
0.023110727815420104
0.023676517274709704
0.023484763255084792
0.022843366027626558
0.02371353110834013
0.022927080569643255
0.023334377200475268
0.02337022499500137
0.023617549078961606
0.023332526869251444
0.022714034191863682
0.022240381703981963
0.02220155873036268
0.022341284333306406
0.02200829032894704
0.022769674304306445
0.022244161085101414
0.021461380906090823
0.02253400757489353
0.021362350556974503
0.022349901224613413
0.021447789064609663
0.021635250045266147
0.022098990165006004
0.022235086471545644
0.02133024459857213
0.021305713002895927
0.020528143949535536
0.021672378284069708
0.02168204084233123
0.02108544502777653
0.021374349447547885
0.0212185273612789
0.021372209347390127
0.020689919938386595
0.02033924735718972
0.019903431765793327
0.02035013505320874
0.02081423808381493
0.01984944697663934
0.02006164250369729
0.020220097342037405
0.01996514811954734
0.020523474490189004
0.019988949050008194
0.01970651983719787
0.019590277641828788
0.019812572489489096
0.019212004117070764
0.019112203537649423
0.01965647211364287
0.019321662325512034
0.01980152993890084
0.01919181521738978
0.019143756060652967
0.018515953113828875
0.018322997591844536
0.018006568795250217
0.018456860874479036
0.01902692092658559
0.018951149506755825
0.018939426233625087
0.01831682928979961
0.01764159618518296
0.018762548215829764
0.018286398458922513
0.01802112481761081
0.017612977013023248
0.017377457727345284
0.017057666599430248
0.018220733459116786
0.017789437535266992
0.017484960418907833
0.01805500327760942
0.017121001707068904
0.017787406028420934
0.01700440258340974
0.017331143375568757
0.01750418223760598
0.01684794339916137
0.017150215721718723
0.016321770923840045
0.01747156528434783
0.01678743112732528
0.01688455450025689
0.016614402621068603
0.016081757022457198
0.016850265342526552
0.016977523529948784
0.01602340431323889
0.016770243973291774
0.015996863410212694
0.015380597630552738
0.016571138526270093
0.016381776545452604
0.015347202505123815
0.015725697314470218
0.01614269174338258
0.01531703753715538
0.01615376604564699
0.014636249835602015
0.014830416700560765
0.014790299105096901
0.014946324826614366
0.014537102290612386
0.01550931068207759
0.014559855040459022
0.015197146071026178
0.015178682850434538
0.01418812238247845
0.015139869249843412
0.01473163760129358
0.014369870526525755
0.014985761943672118
0.013872900953780614
0.014050975808426791
0.014309792040021614
0.013938389992296582
0.013816763694503588
0.013461913581361706
0.014055549118980307
0.014368476393079371
0.013994980776573634
0.01401645013273948
0.012928250531123524
0.013058875798230387
0.013303932319750723
0.013990978651697085
0.012912156731443065
0.012738414495421348
0.013894265679655736
0.013376182971050268
0.012810339029407718
0.012782609969104623
0.012862345595938443
0.012226150661700871
0.012436580399481678
0.012304206533761929
0.012080897581985729
0.012776338258666031
0.01300938656050605
0.011868178492928547
0.011908289829189221
0.012544118630221757
0.012624604332937562
0.0114558925580779
0.011681883325542186
0.012744670606976845
0.012391786040646594
0.011683624550946582
0.012251437450907458
0.011436212694329102
0.011074884605192077
0.011764340899532311
0.011032640930203034
0.01140230106473381
0.011498410656733122
0.01124905033476282
0.011850544463832057
0.0115997276927968
0.011734860482454675
0.011530958212434795
0.011585983574700972
0.01161002428793346
0.011514927987953328
0.01108129411564655
0.010422042742205193
0.011282810571446913
0.011485291140804425
0.011372123031154525
0.010152729527972859
0.011056122130703911
0.010883179390346744
0.009842161697954953
0.010397692311677004
0.009666789905533235
0.01077910916854181
0.010758978506885359
0.01087522876630542
0.00975482082600062
0.010166207182424093
0.010451660657738077
0.009725869289289573
0.010402151676207816
0.010301758780392243
0.01048881293843482
0.009863960308958558
0.009450513551112589
0.009384365617309359
0.009371688776712768
0.009951103547795005
0.009336759341039539
0.008734259979884328
0.009176345512445772
0.009615653427877372
0.008932570974021146
0.008977569882573528
0.008704893352049993
0.009769600215429494
0.00973500765491469
0.009052073199403427
0.008398269612253153
0.008486820305186263
0.008217496782992587
0.009153991235812885
0.009212981507691778
0.00914029400470277
0.008230497891434003
0.008024475480252976
0.008630211843547158
0.008589761457330012
0.008405224969997621
0.008575415014742066
0.007754219217128842
0.00822558538597723
0.0083677867132479
0.008828185534704224
0.007460726864998214
0.008562754761032118
0.007488514172171085
0.0085792244827345
0.007523905603192454
0.008106197892902576
0.007450366125815616
0.008271142103831147
0.007203915319333411
0.00764010510306675
0.007663297386877957
0.007241580628447419
0.008120531018123739
0.006942674514519841
0.007771072181674341
0.008161373016026721
0.007896399707944429
0.006894429429106471
0.007695001393809917
0.00765902025988348
0.006677944828718425
0.007154431551393222
0.006798508559745562
0.006394587734652913
0.006994359643069028
0.00691469457134039
0.007437226462001839
0.0066303022039334745
0.007597900712410599
0.006207426847120448
0.007201472593322691
0.0059713482687637235
0.006175244781912138
0.006182976075283037
0.00617038654006021
0.007087425913531391
0.005996446659019026
0.006522254964702043
0.0062293661284719476
0.006320152115844444
0.006786672137601029
0.005762569194950338
0.006154829424536895
0.005598621738622229
0.005764960138119655
0.005769480695316674
0.006614601202069093
0.005483721057263515
0.006618599698350141
0.006307057425244066
0.00661285327860679
0.006581044011874644
0.006484196345625868
0.005158953587497516
0.005840142653269403
0.005181814371200134
0.005432070570011108
0.005270051399020426
0.005177689201257212
0.005695725134275078
0.005758583048582036
0.006258071911583591
0.00534044293095142
0.005077772484636808
0.006079652329436818
0.00498957403646305
0.005348190265831935
0.005139883569490001
0.005493094221692662
0.005011048768040717
0.005132075285893916
0.005462563060380532
0.0056630937128956255
0.005206270135578877
0.004642499188974079
0.005150856981229469
0.00563790545213375
0.004299543039282707
0.0050624845653098535
0.004403838578553607
0.004219347420651589
0.005625449939087998
0.004716931701110406
0.004501173805549339
0.004714212260869103
0.004820256618975317
0.00475655114044477
0.0040827271939183766
0.004551720613928871
0.004364102539688456
0.0047336176730548496
0.004527837411578449
0.0038248188109151074
0.005124512243500385
0.004134785398461101
0.0041468222728547844
0.004377081516451973
0.0048743454361638615
0.0038628966361221257
0.00468392272053795
0.003975434110953114
0.0039029298704140974
0.00462693867687947
0.0036048256917763626
0.0042865437410476385
0.004433219239314677
0.003423722606843999
0.004360485287110488
0.0035230477472460754
0.004723660324315044
0.004099999532520642
0.003657837559850897
0.004200707473305088
0.003468844265740674
0.0037944629328207683
0.0042274378448018965
0.00441924071225563
0.004536729029563689
0.003742305971126284
0.003970673875080954
0.0034771320845546133
0.00412766312488683
0.003245517231053712
0.004294465875191938
0.004402210461483262
0.004153691498015463
0.004314151126726364
0.003266840014581647
0.003040161488029237
0.004098671519095593
0.0033230118425757295
0.003757859903307076
0.002821141055231046
0.0029213186957124278
0.004093955941846958
0.0030360314404359384
0.004089972027300649
0.0041335168864751895
0.003076600149000589
0.00386749104475894
0.003505779809614985
0.003698805328540284
0.0027211276497917645
0.0034797809312617656
0.0030092823727737843
0.002894474194111346
0.003255457611201132
0.00312530713496373
0.003078311422394782
0.003695950390425376
0.003596058579294825
0.0036433998372452318
0.0026633929874777065
0.0024630987316540966
