-0.0008937529561581368
-0.0012365168370237324
-0.0014113470874569044
-0.0018558985052760085
-0.0014997289927966432
-0.0013389572958459346
-0.0019294128895684878
-0.002201956703453307
-0.0016612880883199721
-0.001789341241739713
-0.0018218359782053882
-0.0010657988216073394
-0.00217248629925176
-0.001620007596325375
-0.0012796126030753794
-0.0013866902944900381
-0.001306806747909674
-0.0014656197663477568
-0.002294396494805646
-0.001875231062227691
-0.0017320621892824267
-0.0025463087911936216
-0.0023190071121654363
-0.0021769529229116076
-0.0026913002416647375
-0.0017140622014476868
-0.0015624031763204138
-0.0015367899456503712
-0.002301401536404208
-0.0022121023126214193
-0.0028517272453116734
-0.0025744379556655226
-0.0028274441044536416
-0.00250790260602956
-0.0024655039195759123
-0.002688597706837416
-0.0026734911992438333
-0.0017146734240607862
-0.0029210090782329115
-0.001868476626429967
-0.002364242121761448
-0.003116175495140946
-0.002452819066536122
-0.003035620037699825
-0.0018759146940673513
-0.0024402342363509153
-0.0024900042947330592
-0.0032328007591741676
-0.002921007015127849
-0.00282107875588624
-0.0024222712391530205
-0.0035091655488230697
-0.0034897042282825406
-0.0023938917721331196
-0.0034116422586242755
-0.0036395880737492684
-0.0036058284124862025
-0.002413737039134377
-0.003090928469002136
-0.002991007825670166
-0.0023258050225648946
-0.0023069167035201
-0.002393831979405686
-0.0035273431323161724
-0.0035209088599638043
-0.0024894653817502973
-0.0028651690944039646
-0.0030288354793323465
-0.003402165272477676
-0.0033057103925380467
-0.002628906263986044
-0.003429291065162499
-0.003375821402308998
-0.0035624097834387023
-0.002932985662234568
-0.0034241929624067484
-0.0037775741772198414
-0.003958556147719508
-0.003490946680019712
-0.0028689671974796217
-0.0040778573571671715
-0.004120470156479033
-0.00413980065980681
-0.0040109011536278395
-0.004102845200410405
-0.004551129055188115
-0.003889334566794031
-0.0037593271506501844
-0.004598031494853586
-0.00429713562664982
-0.00377259237840506
-0.004423613356287629
-0.004625784426977397
-0.004073769875085445
-0.004018937818461667
-0.004134914671273051
-0.0048500234176350404
-0.0036900406084926464
-0.004960833983497986
-0.0042560947691826735
-0.0037195398108777465
-0.004043608540949537
-0.003954221840730437
-0.004925004020048646
-0.004107466802707225
-0.00524324170171934
-0.00416388864157713
-0.0038936364265016307
-0.00453730258840292
-0.005370186111588313
-0.005206495531405946
-0.005378001144323199
-0.0045114159513561375
-0.004245227836814048
-0.004975550352470668
-0.004963638093340507
-0.005316036705973405
-0.0046098619185038865
-0.005771148403823634
-0.005724953339095457
-0.004571604527874296
-0.0058500767615638155
-0.005753530595854637
-0.005117966096847864
-0.005227033016543883
-0.004899845207248214
-0.005245480222453961
-0.005786255625249545
-0.006131212748165749
-0.00517467260727259
-0.005862878271291622
-0.005915284287373986
-0.005161989323511659
-0.006153359500209861
-0.0058531892657857024
-0.005027180275270498
-0.005777086725747482
-0.006606204643549249
-0.005279679737276658
-0.006552924627998323
-0.0066419164343218115
-0.006731684999199463
-0.005915676288660625
-0.005964709970991756
-0.006243424869664824
-0.006139218948905067
-0.006368109813189858
-0.0063042044168381516
-0.006347263781865616
-0.005867677316984347
-0.006680668662684365
-0.005830851340999556
-0.007196997269448652
-0.006463574901087206
-0.007011720048131732
-0.006985821108966718
-0.006730064410302157
-0.007540279701019931
-0.0073910229191487715
-0.006663613705479636
-0.006290612122509296
-0.007685287332602754
-0.00734080074652386
-0.006760494489195885
-0.007064195918692779
-0.007640280677746275
-0.006695649071234661
-0.00698393869976871
-0.008072322847246382
-0.008161108133700653
-0.007294751144306235
-0.007777978913932448
-0.006981022285449944
-0.008213116479801583
-0.008165922237337633
-0.007288337477437434
-0.00758233551721344
-0.007674177359550153
-0.008612938123391244
-0.008321539903822449
-0.007284486919448845
-0.007581937631871334
-0.008780000276796396
-0.00814387521856236
-0.00758404998409193
-0.008646872314790034
-0.008871540105968415
-0.008519531141603594
-0.00846890176807967
-0.008995006080457403
-0.008804655588379172
-0.008627582190533441
-0.008460874263932671
-0.008479838973401162
-0.00924430241482312
-0.009225878155224475
-0.009123590900305371
-0.008505631467784039
-0.009615276166167258
-0.00908544385330163
-0.008809231313639932
-0.008724384421724558
-0.00912529179891212
-0.010072743412638094
-0.009452539881600849
-0.009735141658490884
-0.009928986695622949
-0.009386400243155768
-0.009468223733228713
-0.009262495210243728
-0.010333608388475496
-0.01024101067366179
-0.009554282381917481
-0.009660008292150829
-0.009412003278897409
-0.009442816070596246
-0.010287359898833077
-0.010347451797546202
-0.01021226757312006
-0.010864580296109254
-0.010162338207324706
-0.010368951982954355
-0.011072478910548153
-0.009857492436391977
-0.01046735008896782
-0.011162794810482999
-0.011372631824103035
-0.011484942136487262
-0.011503610187839679
-0.010525982595840781
-0.01089376413084601
-0.011584783645336142
-0.01120364917551805
-0.011618641223198053
-0.010983004056544813
-0.0109902376536218
-0.012041932468419664
-0.011074095066887573
-0.011560580936291167
-0.011701468707678889
-0.011741272014000294
-0.011781818140424822
-0.011846871256074462
-0.01129156408708545
-0.011856912441362229
-0.01132879994670713
-0.011387581532862526
-0.012642661849103417
-0.012452400720589517
-0.012296898698146451
-0.011795682561978008
-0.012382443032670241
-0.012207956553589649
-0.013323594965929688
-0.012224945321262266
-0.012418988882374572
-0.012307862787019704
-0.012207726786310873
-0.013517804036152643
-0.012382059132399658
-0.01357388125545212
-0.013759222174117807
-0.013662904427945507
-0.012764800071757301
-0.01413060582414051
-0.014199416799977695
-0.013648321243273557
-0.014354219018015132
-0.013466053118913291
-0.013361008011209638
-0.01420542386499189
-0.014093757394493063
-0.014230859283208696
-0.01397004607226518
-0.01425220146161012
-0.013915895678637102
-0.014747406377660643
-0.014763018074804677
-0.014162581913926468
-0.014836542266379494
-0.014188107891907541
-0.014529009072789516
-0.014475574245456438
-0.015103330798838126
-0.01425942216157619
-0.015434497267134676
-0.015387283538489066
-0.014657146714366269
-0.015079166284763572
-0.014778526445270522
-0.014724601654017316
-0.015371067713077056
-0.015365160637238147
-0.015368453723613638
-0.01586392971093076
-0.016222834900135236
-0.015483336195028494
-0.01668661241245497
-0.015357751799116796
-0.016277310634458714
-0.016836364398011908
-0.01677463750998051
-0.016711960546228546
-0.016735910576291483
-0.016623765366558782
-0.016675338725404228
-0.01665038474014605
-0.0165570893209976
-0.016281150533804065
-0.016382032813050184
-0.01716427547926497
-0.016400467094803473
-0.01686855424861126
-0.01758613565818386
-0.018068595369359872
-0.018126844184422557
-0.016794655759298227
-0.017357400936010098
-0.017737633177695288
-0.018289711506902694
-0.017404819176483892
-0.01857073646090826
-0.01848910658283456
-0.018403831137492454
-0.01856103391316934
-0.017964093714352168
-0.018099175779062695
-0.017738399646280042
-0.018734137557081643
-0.019329103953846575
-0.018703363640205188
-0.019522211110576393
-0.019569812044689366
-0.018447167166905313
-0.01943940568533428
-0.018766526357992343
-0.019531646393048753
-0.018818159896316782
-0.019393420824891216
-0.01914930434502576
-0.01923827077254461
-0.019661587158550885
-0.019641565909696596
-0.020152949478508254
-0.02004955127016355
-0.019928634151711574
-0.01936454530472176
-0.019404430882324044
-0.02072306095188335
-0.021052124841727488
-0.0202130957054674
-0.01989286530911377
-0.01989364479926687
-0.020894054585478418
-0.0213245330891926
-0.020503624482091944
-0.021674910481239592
-0.020562442029993366
-0.02092155529632254
-0.020447499249185094
-0.02103686511965741
-0.021255528985583
-0.022173662633705883
-0.021133559684827996
-0.02206583880539374
-0.022216032598877337
-0.022341921589175355
-0.021616125589022612
-0.02249178973422424
-0.021379120907210097
-0.022278000589134535
-0.02202547822754054
-0.022091129625265382
-0.022250897616992598
-0.023122435314503396
-0.022363540882146576
-0.022914238166111323
-0.023039874987880106
-0.02317182837837699
-0.023403484275122143
-0.022806075613736872
-0.022958184695959203
-0.023880943206191513
-0.023999123048600683
-0.022900540618534717
-0.02272704512671144
-0.02376062117995037
-0.023955862137347354
-0.0234529748082164
-0.024137618701600114
-0.024064234933866165
-0.02462513331772897
-0.02461519658046301
-0.024562938516734013
-0.023747755393187256
-0.024259507305788037
-0.02473331024305985
-0.024585553795106165
-0.025246699062497678
-0.024352985261898875
-0.024245941980955532
-0.024589149547342752
-0.02507846704980804
-0.024709285187013593
-0.02491681236099597
-0.02589995171166238
-0.02534441826726745
-0.025856491559776755
-0.025499066360675747
-0.024997002596030698
-0.025077705298190776
-0.025321178333258948
-0.02587468793316701
-0.025179039801195572
-0.025580928843206625
-0.026442903817897698
-0.026064055593078707
-0.026346976649362787
-0.026840884257492776
-0.02612750716156948
-0.02639362492701171
-0.027011503030523378
-0.02617957009475575
-0.027349886003261808
-0.026244099692302906
-0.026726365915884544
-0.027355535258666144
-0.027129435857190257
-0.026664112042130917
-0.02788420001602038
-0.02805542552432374
-0.027313217220118268
-0.027927899824071165
-0.028009548181515527
-0.028310806719572208
-0.028127622151352314
-0.028210865949996396
-0.027809009681844424
-0.02750539931902654
-0.02736277821469584
-0.02752716173295146
-0.028143504639516568
-0.028482970162094744
-0.028038614352211378
-0.028434385985822607
-0.02792884184996493
-0.02900429976129259
-0.02941739915128144
-0.028589436789698785
-0.028333649529930012
-0.02939378001527445
-0.029267601802062684
-0.028730744739028546
-0.029161729276427965
-0.029963235924534315
-0.02915861902213457
-0.028835647044796374
-0.02895297577408979
-0.029282065107684323
-0.029071652579983245
-0.02931533987453787
-0.029528582317890496
-0.029565026722059337
-0.029657973798043902
-0.03006884570535765
-0.03077428392456329
-0.030429039844260822
-0.02981819847140064
-0.031044280261223696
-0.03097003803606568
-0.030696284053650914
-0.030365154342815878
-0.03017889411645988
-0.030677745658498623
-0.031141310718607648
-0.03129549436953484
-0.03055706958773562
-0.030761028411219082
-0.03076103599736671
-0.03058795811130845
-0.030449957467481706
-0.030917957973752744
-0.030648555039774067
-0.03142134927228
-0.030885940698769297
-0.031302653797662526
-0.03174178556625687
-0.03203556695369837
-0.03214153660616562
-0.031891946394484894
-0.031617368403835576
-0.03196467375530603
-0.03232701910754966
-0.03148057348339817
-0.03147143795000482
-0.03242832102501764
-0.0320514489913081
-0.032562784263116665
-0.03168421067632291
-0.0323672485220968
-0.03233710994394814
-0.033196437938394614
-0.0325644314478457
-0.03320003634967244
-0.033064036691131705
-0.03306880225029277
-0.03310829451608544
-0.032153021118080057
-0.03306036059954357
-0.033585937082160414
-0.03292520535779541
-0.03354617381318175
-0.03370957946341522
-0.033257205551766644
-0.0332269243125327
-0.033753448383034304
-0.03415113867956543
-0.032923683964093196
-0.03422043751425145
-0.03329400819386098
-0.03292618397814256
-0.03332995854758922
-0.032991860141662055
-0.03306318234582263
-0.034355247855689885
-0.03450857233416284
-0.03347490879374777
-0.03327677471382605
-0.03328673670411863
-0.03445563674678257
-0.03412215930484324
-0.03380379481977064
-0.03464795238790356
-0.034989784152531435
-0.034296627762944745
-0.03402540887742744
-0.0341330658468603
-0.034494871930446196
-0.03438641181905257
-0.03392827804273703
-0.03469412900805365
-0.034919671933498035
-0.035091766983720706
-0.035252478315575805
-0.034121199129825266
-0.034030780054995866
-0.0346828695633864
-0.035367353119977414
-0.03543633345269273
-0.03480474097728053
-0.03525214829773172
-0.03514655212677978
-0.03462576828394966
-0.0354010706442021
-0.034999312125098964
-0.03520166370541413
-0.035517834502828374
-0.03468823258104342
-0.034624812875601936
-0.034728848066142556
-0.034683038386887584
-0.03459884164974033
-0.03576036263245275
-0.0359602306742002
-0.03495079681235552
-0.035206968423339736
-0.03531383185745339
-0.03504068511153857
-0.03552491369739504
-0.03620988596763435
-0.03533955406588034
-0.03597256409282971
-0.03559353132333924
-0.03584931937440244
-0.035730912859472753
-0.03628958445264678
-0.035029466565452284
-0.03602872861001961
-0.03577561275906659
-0.035500827401846895
-0.03501316558673938
-0.035407951750526585
-0.03562068394168976
-0.03573172006372123
-0.03597431984838052
-0.03576050237525711
-0.03606899121137283
-0.03644967340491679
-0.03627437753002986
-0.0358176811686323
-0.03512899558435983
-0.03607940836379176
-0.03515761977852543
-0.03647616586548158
-0.03620118812662223
-0.036417555103779135
-0.03533145950046866
-0.0359108704534765
-0.035249226018309834
-0.03587414399773994
-0.03607866430697283
-0.03653357588151808
-0.03521553399097577
-0.03621155702938082
-0.03591126074455417
-0.03597703187291506
-0.03562864545778707
-0.036084161225237964
-0.03529654516942524
-0.03582935961812378
-0.03548455227271135
-0.03575903750997364
-0.03529767265468228
-0.03583311267246437
-0.03563691172811449
-0.03610969263375967
-0.03630834507589676
-0.036128444275379666
-0.036387766485337314
-0.036055464337438906
-0.03509899465734099
-0.03596060165347903
-0.03640544002511643
-0.035404861756300976
-0.03605424778591449
-0.035986324993180524
-0.03577676215399212
-0.03558841812109582
-0.03520026897066053
-0.03523553426535472
-0.03575043943513781
-0.035410716127637985
-0.03547424869635569
-0.03610127804458677
-0.03622107700834999
-0.035925795650977685
-0.03570882138664627
-0.03477736264297139
-0.03526875348334774
-0.03538924402623499
-0.03571493437352824
-0.03567521711206208
-0.03538500686003596
-0.03463968954596291
-0.035980219786804386
-0.03585930426205867
-0.03543242808183878
-0.03538274370676439
-0.034615549522405684
-0.03432700515950398
-0.03508276232960508
-0.035347755907815165
-0.03479892453303133
-0.03448514804023465
-0.03412851287483308
-0.03478694076257026
-0.03504081565596323
-0.03423097727746
-0.03399658134497521
-0.03402052959733758
-0.033827697017630214
-0.03417090909256359
-0.03394073109090485
-0.03388605605099239
-0.03381378381317985
-0.03430397242671586
-0.033611518135372616
-0.03464333030970485
-0.03407436079500652
-0.033550850214114976
-0.03372132232203853
-0.034402076420997796
-0.033652721352438235
-0.03415305928074141
-0.034281976536230524
-0.03433147657736722
-0.03375380637352736
-0.03378496570726052
-0.03337110242488183
-0.03324124957897241
-0.03379146316101733
-0.03398295245298463
-0.03257340719401561
-0.03265983808238604
-0.03281501705103652
-0.033153632458977275
-0.03254369562828333
-0.03303671656219086
-0.0327692504145862
-0.033400855012235935
-0.03341922886602506
-0.032996264720487806
-0.03231280319389379
-0.03328626743457985
-0.03293635261642359
-0.0327493954809865
-0.032527059178214635
-0.03255706623643422
-0.03174651497233859
-0.03145399903127566
-0.032610895604899694
-0.03250991373472599
-0.03142812619304475
-0.03219363554743972
-0.031092186061397662
-0.03176939456534779
-0.03211208994250635
-0.03136249085733639
-0.031974035715489124
-0.031083584344806663
-0.03066751544599556
-0.03163189544287513
-0.030861489929212307
-0.031146838712890458
-0.030884611485844125
-0.030832291055628694
-0.030104825926529525
-0.02982902967392494
-0.030039007136489996
-0.0297548199449496
-0.030324502371736416
-0.030498939608428408
-0.029589445045827962
-0.02965997301912824
-0.030046555285123504
-0.029803572072547208
-0.0292319481821984
-0.030016589632736276
-0.029033746093842714
-0.02916426046580311
-0.02986087927386848
-0.02977608394884256
-0.029197918306835113
-0.029456836749139296
-0.028687215125872304
-0.028570950518136316
-0.027807832876534266
-0.028185781963364798
-0.027756774491311895
-0.028646194703006778
-0.027287912555316093
-0.027280494350977635
-0.028395132381159902
-0.027378495778057274
-0.027246065795922113
-0.028109750213707436
-0.027767400724405915
-0.027168451104710827
-0.02737613379195726
-0.026241775860237078
-0.026913684808257538
-0.026370425274919722
-0.026508629271423417
-0.026144561105283716
-0.02588431785087114
-0.025457820563294733
-0.02550406315833039
-0.026408036340116237
-0.0255522223363637
-0.0250523974126391
-0.025708089172984325
-0.025393010591111598
-0.025528081167069457
-0.024590320630536823
-0.024865579693529472
-0.024513011168563227
-0.024365969465151616
-0.024355603209045274
-0.02500539188433643
-0.02385515743867894
-0.024675722289129627
-0.024180682111352138
-0.02346412414780668
-0.024208898926180777
-0.024269173751096537
-0.024079678746295533
-0.024091997043709956
-0.02379381171870994
-0.022970240673558264
-0.0233541664134286
-0.02314501376948517
-0.023345112882885755
-0.021939593365790638
-0.022150898709826457
-0.021828747177696596
-0.021881803118358776
-0.02203970418084819
-0.02125633612953011
-0.021359485082658367
-0.021981765930614974
-0.020909552525429472
-0.02047461390872778
-0.020754529430178227
-0.021053531185517144
-0.020871991022800736
-0.019773217772687382
-0.01979329397819698
-0.020404480807248885
-0.019687722747711026
-0.02046403760840372
-0.020048521619676355
-0.018958052471522602
-0.019524887655239243
-0.019554652853055136
-0.018376462655550232
-0.018678787148792574
-0.01942521582413376
-0.018627995295517247
-0.01906050836206272
-0.018432288203833132
-0.017968262731178575
-0.017747389639750043
-0.017652089974624228
-0.017429686972891496
-0.017321106133027696
-0.01673890952711979
-0.017214426768544133
-0.016884502345593685
-0.01654188097310118
-0.01669112609572756
-0.01693361326499872
-0.016892598045054646
-0.016439949361853667
-0.015327506647767428
-0.015693806921158338
-0.015408525472614685
-0.014828065862815128
-0.014947660971213967
-0.014863248495446393
-0.014520569593726674
-0.014837958039075923
-0.014006062967446763
-0.014191788658185276
-0.013810515566902291
-0.013951459194964162
-0.013911027225249237
-0.013963896201277836
-0.013892696356713679
-0.013988928763664074
-0.012485141622519095
-0.013220291728617677
-0.012610600797891336
-0.011981509572796152
-0.011688114929295218
-0.012243152099980182
-0.01141962274190718
-0.011292057642498571
-0.011562556831501515
-0.01110550233814547
-0.011996668983798501
-0.010959301740686253
-0.010832467986296826
-0.01062245077818739
-0.010528314569093974
-0.010885817897856451
-0.010488827504155971
-0.010184120769721158
-0.010454062466172708
-0.009827001870373398
-0.00898669176598526
-0.0097804663248483
-0.009708249183470312
-0.009487787580516917
-0.009389294008764537
-0.008353418062077317
-0.008579471119001932
-0.008252269599077891
-0.007590079319519238
-0.007138675227293028
-0.0072863971809974375
-0.007526640633189351
-0.007191774304893562
-0.006298251117147186
-0.006705653961502778
-0.005941601934421184
-0.005856829995976023
-0.005917290439539832
-0.006522921314228226
-0.005192752867376228
-0.005733167374205967
-0.005859039216043
-0.004747833916472784
-0.004865283391822642
-0.004222503831088066
-0.004213654637063558
-0.004375596010828633
-0.004766609329042384
-0.004748706447410552
-0.0032796604267116268
-0.0031026666605806644
-0.00393551277013101
-0.0026362501025784914
-0.0024174513248084524
-0.002620251174491064
-0.002079650632951108
-0.0027188061977461617
-0.001698192278589503
-0.0021455009649397833
-0.001640129900488442
-0.001406639763675047
-0.0022962902697140973
-0.0021067061397024756
-0.0018428678934757153
-0.000956297878023796
-0.0012195824625539826
-0.0012760104548601256
-0.000673885908144073
-0.0006543238381883295
0.0006377710504406901
-0.00048094620819066967
-0.00032466539522411626
0.00022428053208635248
0.001008362493631335
0.0010769198172112476
0.0011788655385671077
0.002028676088791561
0.0010819231109278548
0.001282201173835772
0.002630148265668979
0.002741569333270329
0.002763938574907917
0.0031079135612058304
0.0022145368115302514
0.0026426245197499892
0.0028742834043136967
0.003750486209857388
0.003850652158673201
0.003224439003666056
0.0031456970937036102
0.004768251927039127
0.003550758342215632
0.004073781849732196
0.00510223890895969
0.0048634202442427825
0.0053776154214875945
0.004520099082768645
0.005988029738828537
0.006347022229176272
0.006538185695238188
0.006294132987111507
0.006888060526149493
0.006408153705352528
0.0066971383621098664
0.007226805348836247
0.0070088363558571416
0.007167049816409071
0.007845450655612412
0.006833557371941942
0.007692442129108191
0.0074782845205792065
0.00787604815367423
0.008207354018441368
0.008581867471057866
0.00920476925904077
0.009556807478836646
0.00869393123814529
0.008807650971489703
0.009166621527208756
0.010041498598347976
0.009847588681086483
0.009311332029639989
0.01037058838395232
0.010214113501583548
0.010217451778293576
0.010477262290484079
0.010383575543673747
0.010470511481461395
0.011626498213917034
0.01130685424972371
0.011215985251247562
0.011871772313984261
0.011529745186536936
0.012408520908849285
0.012834826061564822
0.01253328865954394
0.012425408821854698
0.012716201450273577
0.013059106729668438
0.01288749096374665
0.013569746411642663
0.014318526689701318
0.014100505945284704
0.013726323840836514
0.013984664369739682
0.014335986873864113
0.014434377007025179
0.01458620235372746
0.01536739298057458
0.014466734183977611
0.014937029855022741
0.015998004649337736
0.015051246380509824
0.015507257262432647
0.015455706392265931
0.0158587181238069
0.016054752920186828
0.01648276899104505
0.01745199843846952
0.01692413363941576
0.016500855863236675
0.01728747341327521
0.01767361274046487
0.017205467440801106
0.017537359533333796
0.018186161800348682
0.017598964806000456
0.017702671207407192
0.019084131747029366
0.017876751347151488
0.01902739518156398
0.018460450783818996
0.019084534408859193
0.018887612251758425
0.019865017414665072
0.01918395881499812
0.020190542722794635
0.01997376701153214
0.020755267890546297
0.019981662424817144
0.020772112041535895
0.019813022983826492
0.02005085861593768
0.02040669003082328
0.021455666754367855
0.020821272412468877
0.02115589726906508
0.02107947416744817
0.02128105842279969
0.021723245082563153
0.021279039305171034
0.022141748979776266
0.02275123404046069
0.021990114431938903
0.02282413064508978
0.023498948648439818
0.02342470313656174
0.022960979471914396
0.023474696778543525
0.02340921305383812
0.02338897594988975
0.023437278028430944
0.023667306215906018
0.023560323999097934
0.023571387386676777
0.024327044074184033
0.024758333240675934
0.025260518062321425
0.02491418450866868
0.02409564414921687
0.02508144864112489
0.02571465865246385
0.02473125325228177
0.02526516090744302
0.025354413377368986
0.026026385377317156
0.025597269392981452
0.025211174219931392
0.025443410524403198
0.026323340947273458
0.02692351069690077
0.02580139030689969
0.02687111146963499
0.026504673834985375
0.026618060757829694
0.027227388145588526
0.026446398965705827
0.027361543640057228
0.026911886622752304
0.02696554689051558
0.02794104926480726
0.027980293026855584
0.027652999784338543
0.028489724510105688
0.027677343193956247
0.028120971840279736
0.02785524960616433
0.027818981659191295
0.028002446999203543
0.028639706568814323
0.02823833732705333
0.029684275741488905
0.028981640241696666
0.02960549863559659
0.02902604868397965
0.02958370296179161
0.02928790311549648
0.030174015112525453
0.0305032933743078
0.02946615287412449
0.030221326419928425
0.029872061747853517
0.03021011017613577
0.03068294377080482
0.03018142513347068
0.031114126059011836
0.030660081005629638
0.031517075215494975
0.031022800293636164
0.030658056287101113
0.03180946699385356
0.031637562801834516
0.03127337303524852
0.03121639699445575
0.031798037587606416
0.032197240278659056
0.03097310216547333
0.03193693722706495
0.031558815819548114
0.0317871027447887
0.032531084382944886
0.03251993746322031
0.03177200911880524
0.033133758633967184
0.03223575038114267
0.032199844307381036
0.033355448253625776
0.033059401970834346
0.03222715370756362
0.03229547713812413
0.03324826411360335
0.03339087217566446
0.0327354104180534
0.03296082675289374
0.03406998201654162
0.03290844936967401
0.0336098047367968
0.03373192445247494
0.03428990922439302
0.033954804551634354
0.03327407135461871
0.03465520222848921
0.03326028022853043
0.03380443163831689
0.034192270907153016
0.033978759290718856
0.03474051678218519
0.03406742924038312
0.0344496936834935
0.033939796257837676
0.034665114629257594
0.034957877829251645
0.03400620397036055
0.03440977880188267
0.034898774104096
0.034749262383163074
0.03456699475123577
0.0342611929686125
0.03573906935866818
0.03481112325367422
0.035568395229428
0.03583770356909342
0.03606528925584209
0.03605574787517381
0.0349843577823103
0.03527334150009726
0.03493182045929247
0.03583058554811705
0.035460066444474005
0.03628387620028822
0.03603333742229655
0.03555539056671623
0.036301367610220736
0.036225568473300496
0.0353420370063138
0.0363473937761878
0.03568915014296732
0.035371798669624414
0.03680547489977461
0.03589416206442027
0.03604756420029085
0.03680504903715911
0.03623292701185097
0.03595589609659458
0.036000295873012546
0.03613800155956363
0.03696519526505326
0.03587858778915834
0.03584275265973005
0.03599297865435239
0.037004109399218214
0.03675375507256086
0.035940338713254735
0.03684149843475894
0.036879091310887166
0.036142199267611336
0.037220968944746365
0.03710818163096855
0.03686653318309814
0.03649157560500563
0.03649746607309494
0.0362334589432825
0.037060556392380546
0.03703431014278862
0.036434714467514916
0.03741138534235113
0.03728516766473812
0.03780722395621271
0.03763810350839639
0.03760273347223458
0.03712562335690988
0.03673549374338509
0.037680090393349734
0.037045284098939146
0.03683590837421438
0.037576499353350945
0.037963961449030345
0.036589327420810926
0.037075755197287626
0.03694890879545227
0.03745158034690185
0.03754425419643349
0.03729288232259209
0.03769004645180192
0.038051910910844824
0.0378721372267087
0.03750959773825735
0.03760263466666909
0.037942503063057936
0.03787928017026974
0.03791900388121217
0.03728446013862037
0.03737437518278072
0.03704690735076683
0.03703414740097101
0.036735232638020164
0.03675024767146162
0.03705261290171699
0.03681288257315442
0.03743296746640883
0.03713596015505386
0.037275557969412156
0.0374807674305828
0.037898026328617135
0.03778159200526208
0.03657595124041599
0.036756925453881935
0.036502046885192964
0.03795809704748394
0.03731840433500822
0.037298281972694886
0.03764394255144698
0.03691170278421408
0.03697443808459442
0.03718125197730501
0.0376184006660527
0.037775032718689996
0.03721842917093306
0.03648650260617623
0.03647115716903776
0.03776553184477228
0.03770831948574128
0.037320317394256904
0.03727968647031601
0.03735580214683249
0.037512875572772296
0.03730754524195806
0.03695448641903322
0.03664078071245454
0.03660107393838138
0.03695504424202711
0.03719176805627458
0.0365079154316351
0.03599117571004856
0.03711212659368961
0.03637582837136699
0.03617052602588685
0.037142293082799434
0.03629426985239814
0.03708822131131017
0.03609393806513826
0.03605376236458893
0.03677815437132307
0.03638135886886691
0.036304409247081414
0.03607959734536152
0.035992555017482414
0.03636232663795165
0.036013552370108864
0.03622137639117908
0.03644257193070951
0.03566601485306079
0.03547283287305804
0.03549997043465015
0.03544223219502171
0.035315872043410766
0.03653022795396158
0.03523222090550392
0.03552678194804998
0.03517583134542669
0.035522584854239495
0.03618480513262871
0.03599460258919816
0.03485249171526166
0.03591355549563641
0.03571317182000323
0.03559364294679278
0.03562786490670395
0.03502969689206503
0.0357184822843745
0.03492131922555418
0.03469302700341535
0.03483617340703468
0.03567115664018517
0.03430302914370846
0.03556831003157033
0.034287100176827436
0.03418527046828671
0.03496506856175706
0.034248014744868535
0.034801840472619194
0.03448274922949361
0.035308365829956764
0.0340813903672578
0.03486298152953691
0.03508608081299405
0.03398152080554671
0.033619040822142336
0.03448087451433235
0.03357620997607587
0.03411713236406769
0.03370747939962978
0.0333153999593138
0.034554085059664716
0.03381194706167898
0.03386755587222205
0.034317469982986654
0.03310655365322591
0.033382167599133344
0.03429978078544259
0.033076619123583416
0.033941492747331395
0.03335373008530024
0.032723982843496174
0.03369996998912746
0.03365853706538047
0.03337310850354283
0.033013422313785366
0.032906248971788676
0.033386179559874156
0.033127725056232016
0.03208307392899121
0.03230838803315067
0.032975763427802604
0.03188219760331959
0.03311211888236624
0.03263911089276793
0.031868532046546404
0.03232505326389403
0.032079154677459545
0.032137424939747444
0.03190601933953079
0.032522667013548084
0.0312153444094102
0.03200078917487762
0.03131406670451781
0.031079669786177454
0.032305133719981935
0.030909254676405384
0.030971812913014058
0.031107694433220614
0.030763374836571662
0.031005647408157973
0.03195622356436092
0.031553034649463026
0.03141931705569975
0.031111455430385668
0.031248351518492506
0.030854110673482062
0.030473015568893477
0.030017465758987456
0.031115813597569042
0.029945365670558107
0.030245432500729225
0.031087868175973924
0.029896627807914196
0.02949982780036492
0.029798773196275132
0.03068871054065208
0.029602651905225083
0.029724549716820328
0.029591278736344782
0.029950940950401173
0.029185083396982753
0.030268645600934882
0.029563372726407213
0.030149943240723245
0.029078580601044218
0.029725152616638564
0.029711677294783693
0.02935034895525748
0.029060610560156235
0.0291358956102718
0.029319241728902535
0.028440005345739695
0.028340140721796504
0.028074722608013497
0.02840228733040263
0.02771518039857593
0.028606154215139585
0.028784786151029737
0.02852902682153597
0.028352953653540878
0.028307047075973833
0.027444814402683333
0.027406251579458963
0.02737815079328111
0.02831579048276861
0.02722286324687541
0.02725478752628748
0.028012280556719282
0.02702026133318719
0.027590468488933786
0.02694409194006393
0.027051147619292386
0.026417352552787546
0.026445900389423273
0.027170841054677423
0.026181363604847904
0.026084549801876935
0.027271777068776277
0.027188734671311186
0.026482848210351437
0.0260886456808136
0.026652326123409103
0.026240490293866915
0.025750039829017083
0.026524868169608546
0.0256970607901835
0.02601946752811519
0.025870708686026454
0.025054148180251035
0.025441762001563336
0.02493759308490731
0.024737187269770096
0.02562489351400696
0.02445725106054762
0.02465015053204624
0.025589320118142175
0.02442252681759416
0.02439550002574096
0.024794934622319128
0.025077240683969767
0.024036659555782745
0.024049613019566263
0.02441780158894045
0.024840619655288075
0.02361728252264053
0.02342124800839431
0.023411883107438723
0.02445605742878705
0.024410944873762136
0.023123895115344555
0.023270823694732507
0.02353351595016949
0.022960067458182867
0.023415403770125433
0.02278749730382107
0.02347474991422589
0.023104287063814722
0.0226295969964007
0.022860044050980452
0.022301719012590638
0.022464727713570075
0.023266716411611873
0.022668073450188876
0.02194040666952728
0.02201770741644111
0.022902614212789645
0.021631751908750215
0.02260837276155601
0.021503553867377567
0.02215910091957199
0.02222743495540241
0.02186402661726727
0.02241443437241892
0.021137633184358542
0.022028159048586772
0.021626526285509016
0.021096004106335844
0.021469424699407682
0.021273974114154527
0.020951817591339177
0.021181954794364022
0.020848930466336374
0.021021269175394364
0.020955982159922205
0.020409948140699394
0.020247076976030395
0.020752244899625134
0.020131030259444026
0.020372311664489114
0.020459773709089905
0.020049729299330472
0.020920550869208163
0.01961060393249993
0.020260480393173214
0.019915174847920027
0.020004453843680242
0.019434440419694953
0.02006292422549143
0.019387902104858933
0.019337277839347
0.019633235074237296
0.01954668909707225
0.01925109133893449
0.018464026050051943
0.019803578305076095
0.01926233143155296
0.01845916950570317
0.019332272831983334
0.018815006163277085
0.01923164777507563
0.019040211881409412
0.017793476172040936
0.019172204097011526
0.01784320374834387
0.017956457148408378
0.01772860871587126
0.018600183124405287
0.017537844335513707
0.018613117051310153
0.018376358217221576
0.017369896044398994
0.017599714822910124
0.017695017318793364
0.017444256867930014
0.017633211094393288
0.01681355625546594
0.016899586539955085
0.01743609099399464
0.016973855039594178
0.01778846831787059
0.016615051487464234
0.01758974542503704
0.017174905899723154
0.016590635509524963
0.016350902276424474
0.0164311137705309
0.017099865586345065
0.016701170947573268
0.016113478471000375
0.0160209136461693
0.01606465053521479
0.015653747233878492
0.01629101702674619
0.015325556997677604
0.015908657487415514
0.015772911414374313
0.01573927637049534
0.015680563046994268
0.015454411683988853
0.0154471314286897
0.015954562818561356
0.014821617448682043
0.015106838414813353
0.014828787222860003
0.015634914601384692
0.014748640896454113
0.015199555388739468
0.014587329416156427
0.01545050086517035
0.015347758381117661
0.014115780186124142
0.015049217452695916
0.015310781499053756
0.014825268571205155
0.014278181583265449
0.014377847743449178
0.014386957486809121
0.014281535053428116
0.01372261104496214
0.013476568735156855
0.013474553388483254
0.014387087322583047
0.014465286937318097
0.014251745446553376
0.013436587578100422
0.014214756954441425
0.014298288542339938
0.013656898733918241
0.01270348471700665
0.013207956038081059
0.012715589835271183
0.013924795212572618
0.01276042145319669
0.01346616220487298
0.013028863213057662
0.01228761633285994
0.013131328206673487
0.013126271057905455
0.012609521438189513
0.012059077125551656
0.01318120023032851
0.013215181144196113
0.01269523232659549
0.012507621016291399
0.011870241826840102
0.011656785992433224
0.012366426742196752
0.011553655968082563
0.012258282374247174
0.011410570166275393
0.011513854320272576
0.01204909144492881
0.011135654915842641
0.012420741682312912
0.012225170973636007
0.01198777904488932
0.011910452356186275
0.010826023479102337
0.011195351191469442
0.011827926302193825
0.011905198943317286
0.010933380551904164
0.01178929358850003
0.010625668814864646
0.011190877580868923
0.011768524217881174
0.01065968437250012
0.011229086608427766
0.010373019260907832
0.011517656772784745
0.009969702142932486
0.010776515474932188
0.010243212749001274
0.01105884218096979
0.010165493868700536
0.009661894711097003
0.010722894248930524
0.011050998157914918
0.009525117120899512
0.00973613446369145
0.010216930146946114
0.00932061733750098
0.009531598645191448
0.010115540252380713
0.009354213225139338
0.009143565398330458
0.009379231873727313
0.010095673834330047
0.009434693783645883
0.010026753140679471
0.010173150703042722
0.009415006915809978
0.009496690264295577
0.009577253368172629
0.008604036630124356
0.009172776300256747
0.009521031274181276
0.009611195798059777
0.009315665253427965
0.009378742644974314
0.008983308421643157
0.008967224082546738
0.009465335891281615
0.009544789542913937
0.008065254229761726
0.00810345558777048
0.009466195586989586
0.009312063863195557
0.009293223123716157
0.008952531049836607
0.008851061973562344
0.008233989540909656
0.008666160980340464
0.008086266881438564
0.008212481103953303
0.0078488088240707
0.0081495847534557
0.008678483420800683
0.007398559598230965
0.007806235245783941
0.00842787929696563
0.00827655444379416
0.008354474454150777
0.007904763938157996
0.007801837159953018
0.007181447350122965
0.0072860800221785016
0.006941153124531858
0.008336538361668297
0.007106782747909754
0.008107654702934406
0.006984735769260802
0.008146235173245784
0.00718893644505948
0.007488911176498816
0.007782772528170592
0.007866931556678438
0.006668658961123932
0.007292590825746088
0.006896998087491347
0.006804465088833609
0.007443415212222307
0.007008960610444491
0.006954931428952752
0.007594997395636772
0.007119135150288884
0.006223669648281961
0.007454587814620233
0.007426991989630217
0.006479674437780194
0.00715544022170333
0.006539947801031352
0.007302530150762028
0.006973754138524614
0.005995524057578066
0.006324615395057
0.0063303080926325
0.006900229989582269
0.005756519008257737
0.006577380251359665
0.005822599802478986
0.0054814448409054245
0.005780463947998383
0.005586896907003852
0.005665971497935219
0.005472153846794339
0.006167504467236451
0.0058956279429345365
0.006223794124840794
0.006671407200854289
0.005672597417623454
0.006267314944341733
0.006497526351851769
0.006539703734175837
0.005962831377521876
0.005775441036628341
0.005833492933592777
0.006038418390872038
0.006055786320298212
0.005108812494751786
0.006286230614786493
0.006013402769516187
0.005293490600071343
0.005949658636940916
0.004707483076711257
0.004928715307196005
0.0058524541142120825
0.005364324335375446
0.005364456609877674
0.005233592256185326
0.004946404867480128
0.005275109485962687
0.005354900437708398
0.005796695708639887
0.004844023652990979
0.005370682251947972
0.005317925238828593
0.004813509945753838
0.005148015469960311
0.005450596092617665
0.004146933859238049
0.0053935161948489
0.005231086488730486
0.0049633353312923
0.005404473314048139
0.004151897813603758
0.004532546686700195
0.004308702564242272
0.004095835264877213
0.004928962448670192
0.003812657832708257
0.004789130403146758
0.005027886871546945
0.0049987498689212
0.0037303620208194487
0.004777208609639262
0.0046347864544137845
0.004891076228495796
0.004535024349514287
0.004438304083918387
0.003789676387157631
0.004996658172735167
0.004436493790132527
0.004538971271711059
0.004121845640140332
0.003748215238184297
0.0045175975778475866
0.003695171592929775
0.003983636975651516
0.004215086361898784
0.0036697807891977155
0.00471153097028969
0.0036978542705638664
0.003935642607809746
0.0037502076644875693
0.004409690524995599
0.003600235135228855
0.004416616813408839
0.004472548381482933
0.0031914115026272683
0.00413739688852974
0.004399201287289928
0.00350317390376048
0.0031406941096424335
0.0031998509531804232
0.0038203165339632866
0.003844807447758534
0.0031230796152524757
0.003922735401265702
0.003531395718769901
0.003050251701019198
0.002822774002055432
0.003169839109754995
0.003386707305807617
0.0039927634287826525
0.004034419373711003
0.004150447875299771
0.0034191075852744858
0.0030162687132043653
0.002650638044215006
0.003300220059507133
0.003208660708992662
0.002647480930419983
0.003062422730755096
0.002813689994631998
0.002688085246005659
0.003323667733134189
0.0031369849655810715
0.0029852781821869457
0.0031089343962752993
0.002737913858806397
0.0028513267886117032
