-0.0009449211738900705
-0.0017448784306981276
-0.002121625608434342
-0.0010978896903271053
-0.0010668668060883652
-0.0012231970738952524
-0.0012412393244285846
-0.0010570886104211959
-0.002303673302743001
-0.0010412746194558955
-0.002274689568027623
-0.0020534981066473268
-0.002257673175254387
-0.001724127626218692
-0.0013614140696448392
-0.002160322400355101
-0.0016863408030490185
-0.0018254162816152709
-0.002590254596317126
-0.0016809182688095061
-0.002038741182873365
-0.0026569925474544225
-0.0014835140925226664
-0.0015838698710514104
-0.0017960296494518235
-0.0019264424221721909
-0.0021444644563557436
-0.0022015042548258713
-0.0022006813939076217
-0.0022530048686957346
-0.0019344213883791793
-0.0025539818326147353
-0.00165657752328646
-0.0020311760166276177
-0.0030404274183633596
-0.002856830283568408
-0.00256965221778344
-0.0030204915675675803
-0.0021186151627236587
-0.0021469174345480927
-0.003184029511761114
-0.0022102645607962306
-0.0031120038880221128
-0.00328613728790857
-0.0027560557786579782
-0.0022575122291540613
-0.0028713207203374326
-0.0034060041145607734
-0.0019440782879400567
-0.002792077455057192
-0.0024054596013104675
-0.0029867249366176836
-0.0029725769703679125
-0.0029481771612690456
-0.0034717364092817136
-0.0031807549647086025
-0.0035650738484397934
-0.0026212711108124314
-0.0032599111706210337
-0.0022942701599398397
-0.0035105015054153516
-0.00258594609176513
-0.0030168832406665927
-0.0029252374693241635
-0.003724689975785451
-0.0028066894092620754
-0.003871853363267215
-0.003897350987831287
-0.003471681946213947
-0.003725693745725771
-0.002789579640491936
-0.0035403844629812243
-0.0031631931506451794
-0.0028008010991977654
-0.003693928602101408
-0.0027349195200434546
-0.004162990548379846
-0.004107876932446531
-0.0029598351550227135
-0.003916966851313385
-0.003944969894464943
-0.003026216265188837
-0.0029594857062396887
-0.003255896522651274
-0.0034133755158384147
-0.0031460448523029367
-0.004116998157523448
-0.004573184144352672
-0.003594383462588564
-0.0037322330852109695
-0.0037398166291202767
-0.003364958460200488
-0.003415867209519102
-0.004089625470935578
-0.0035982094458474785
-0.004178517045409931
-0.004408398993777304
-0.003764391543524687
-0.0036471994952419536
-0.0036781848350980633
-0.004294592818633827
-0.004176609515651572
-0.004633103878282429
-0.004648554620766337
-0.0051892039100643285
-0.004167617871498874
-0.003934527835020096
-0.0050689459677632775
-0.004406261774550367
-0.00490943519451505
-0.0053843811897060275
-0.005478595935395377
-0.005131848351503291
-0.005125097480998595
-0.004286934729626091
-0.00422510710437609
-0.0051822123779245305
-0.004323446892956263
-0.004954515042951378
-0.004712347871776285
-0.005399262391064417
-0.005305257474783545
-0.005696766092038674
-0.004862880663501034
-0.005315313919886488
-0.004902199064114618
-0.005348820918133763
-0.004816242442475533
-0.0056052271278348815
-0.0062146097110520665
-0.005604559518773664
-0.005290052832209926
-0.005869987976888877
-0.005481343649228225
-0.005510611654296103
-0.005874202508779836
-0.006534141758091945
-0.00571795200838045
-0.005218920609256259
-0.005342362532913288
-0.005636079749198784
-0.0055500332458685
-0.006419669677199627
-0.00670167568887362
-0.00613431633496822
-0.006342723488196436
-0.006762846627709308
-0.005610142493938396
-0.006291151817895566
-0.006857552632646499
-0.007071597657988152
-0.006276240817137782
-0.006920910728426844
-0.007173175972026364
-0.006670853971125606
-0.006356987806759256
-0.007082868364890657
-0.006708950849619581
-0.006720023437426406
-0.006232260875954934
-0.006379644527889301
-0.00683287175691234
-0.006872515857205534
-0.007566778820783905
-0.007347935871920171
-0.007838067480845926
-0.007082306704536825
-0.00753528769200325
-0.006723370999408187
-0.007748807418031252
-0.007162927538518924
-0.008017013791206605
-0.00700616948787648
-0.007931600435687178
-0.00751725605108672
-0.007903142439464867
-0.007341736852523683
-0.00787374059570137
-0.007439943575801886
-0.008488437979863962
-0.008651948227603552
-0.007624366193177934
-0.008398384870765998
-0.007494483343710975
-0.007740574072859481
-0.007973419467814583
-0.008603979307025214
-0.008153490875495452
-0.008134049364107323
-0.008060815208804894
-0.007860422692857442
-0.00913181381043012
-0.008758239983599684
-0.009439047727545469
-0.00910399101433816
-0.008286175764741551
-0.00897052784619204
-0.009689510733611165
-0.009253140648103945
-0.00862377337743957
-0.008680464330527753
-0.009275827680028093
-0.009210734519333548
-0.009868564273542083
-0.00914506496461616
-0.010142770118888358
-0.010067505216812715
-0.008936518818285546
-0.009906547492315834
-0.009009417121262924
-0.01030730197596129
-0.009194382680734694
-0.01053870358857813
-0.009872557197737103
-0.010272719856767483
-0.010253532148373032
-0.009865304174954185
-0.010105521299844936
-0.010224712640503487
-0.010207058984951434
-0.009665843224528983
-0.0098947331433838
-0.010855664411631313
-0.010182913635995815
-0.01042641422812256
-0.011012103484200179
-0.010494471827240653
-0.010533242035876906
-0.010188734370096333
-0.011666876493313168
-0.010599991356348993
-0.011040856919984628
-0.010697124727341606
-0.011959187984700888
-0.01148197283646518
-0.011051067564655256
-0.011342129578509264
-0.011157767126407255
-0.011174877335866234
-0.012100346585328055
-0.011720555404028377
-0.012476031789117015
-0.012116163920099052
-0.012283037981966166
-0.012487344596767666
-0.011303987608466277
-0.011933704122710049
-0.011950782980127365
-0.01218624748643687
-0.0129715918833941
-0.012283038188302826
-0.01215725190402939
-0.01255338598610737
-0.013235801542991211
-0.012854519992852932
-0.012565990551340007
-0.013123831945189582
-0.012467521558954808
-0.01332375709716267
-0.01328320167740244
-0.01346638574162135
-0.01336836898515697
-0.013929587024717138
-0.012674024845902703
-0.014010248982695728
-0.013299782101301186
-0.012916031257978479
-0.013512025403207627
-0.01434365617484921
-0.014112967685219571
-0.013312717705930533
-0.013906846960744974
-0.013798707701220918
-0.01347932843434408
-0.014248163739707557
-0.013904780811468231
-0.013620595873510055
-0.014450668384075388
-0.014392647613438982
-0.013844681382627847
-0.014321247247515205
-0.015041828917247216
-0.015497976617114741
-0.014351488490005634
-0.015379449571805466
-0.01523040217271266
-0.015488566558783624
-0.015700754314069434
-0.01599969034225632
-0.015293800164281187
-0.016094731309548544
-0.015743700543396563
-0.015116054001863083
-0.015293829934532292
-0.015627715728879298
-0.016263964921217414
-0.015586769280243848
-0.01664623687710031
-0.016716657504746452
-0.01643330858617391
-0.015859957404639264
-0.016001484831109504
-0.016275001323865817
-0.016381894199437187
-0.017026184372722943
-0.016578585733828265
-0.016604636269145392
-0.01678568112735156
-0.016346894678066236
-0.016364734112166678
-0.016304851705246953
-0.016473672923459266
-0.017030783077327943
-0.017238759598791346
-0.018031828642214365
-0.01806235263573237
-0.0171704203061618
-0.017910616159076062
-0.01816031021804408
-0.0178890202000097
-0.01816533217336191
-0.017601766267486194
-0.01796994885126857
-0.018377973196284814
-0.018310034155153435
-0.01823605674388962
-0.01870090107859774
-0.018554883691780735
-0.01900608366711925
-0.018541296487330796
-0.018398019004317482
-0.018719163217890813
-0.01844934568196263
-0.019540832718081234
-0.01856532615748944
-0.0190428947907437
-0.018780135759175403
-0.019379221980959357
-0.019555171379478865
-0.019731842680488648
-0.01945740483101862
-0.020212506026180622
-0.019453147762477994
-0.01927593598491831
-0.019235103330524056
-0.02013182228691387
-0.020206975731484462
-0.02059648881985647
-0.020140744866847998
-0.019621527171240064
-0.019931760114623453
-0.02008921289839956
-0.02065067768072094
-0.020422661101175237
-0.020432159590083734
-0.020535762642235625
-0.020613399546071807
-0.021207836098950123
-0.021788745757875167
-0.021282551616861385
-0.0220120289499118
-0.020682771331156553
-0.02131647481651412
-0.021521788929931025
-0.021595159528425868
-0.021901690042793933
-0.02188198739040793
-0.021613942245044846
-0.021498740148759913
-0.02155491551848667
-0.021710675078295136
-0.02289972630298071
-0.0216075403906325
-0.022737832726406643
-0.023145193653855454
-0.02271654755000827
-0.023293095925024366
-0.02240700624925238
-0.022371169053012823
-0.022864371932796352
-0.02326879589039907
-0.023005067160428733
-0.023498337834995813
-0.023343001407847837
-0.02321178794355147
-0.023376964460847586
-0.022878658193427992
-0.024101726930075763
-0.02403714216418482
-0.023717686231725394
-0.02425232320320229
-0.023237894624385587
-0.02408736267155354
-0.02357682490892245
-0.02372212054651897
-0.024592431889337244
-0.02384475703302446
-0.024655088628460387
-0.02388376649261415
-0.024535324278782304
-0.02531797940502661
-0.02417976916861706
-0.02444676243214047
-0.025462014657309014
-0.02482769273081349
-0.024934159093309944
-0.0251490120379974
-0.02590915511190185
-0.025423223071637368
-0.025891977788142395
-0.025029057946478042
-0.025016441143093923
-0.02555886108598382
-0.025990474479516554
-0.025340388271255017
-0.026108337441142555
-0.026009131846994486
-0.026915235875668728
-0.025822241802482916
-0.0265707873287373
-0.02647942652766996
-0.02691510290658266
-0.026222275027945576
-0.026665470775195144
-0.02734646115222344
-0.02733857097922062
-0.02705366665720534
-0.02760190670887688
-0.026820871422892648
-0.02685998890869592
-0.027888107420323733
-0.02691524185619683
-0.02744634877650368
-0.026822941330169974
-0.02705367829652024
-0.02791297462664742
-0.02724932717021178
-0.027405863833461788
-0.02805010238422159
-0.02841266845834485
-0.027536628141106825
-0.027755854237790627
-0.028806849764834146
-0.028451156704416992
-0.028888241972120515
-0.02813118033995345
-0.028136868307380974
-0.02898990132412395
-0.028766799505408475
-0.028306441609855622
-0.028725473269474805
-0.029507512558182455
-0.02935910406111826
-0.028825724020745503
-0.02892371093671674
-0.028706485915932962
-0.030099068237883345
-0.030114911077331646
-0.028997226984086202
-0.02921677426369478
-0.029589732068632826
-0.029029353051997844
-0.02974975276914255
-0.030166610745076476
-0.03052019970626732
-0.03046561361932953
-0.030805966638459952
-0.03040188929464218
-0.03069810527085739
-0.030442447642290368
-0.031073082474255772
-0.029731104324762715
-0.029978225936549415
-0.030281075383512046
-0.030003663169843618
-0.03043784591132437
-0.031511388955148226
-0.03091873063886497
-0.03160837209216367
-0.03178862796774405
-0.031129651625992287
-0.031204937846247522
-0.03057578956205563
-0.031818180930010806
-0.03209599084710994
-0.03189665223850481
-0.03215705072888828
-0.031912738319339086
-0.032152373698166314
-0.031120543986809485
-0.032283231749025955
-0.03151029452286154
-0.032055703348917185
-0.032378066479062446
-0.031679562747345735
-0.03169068295123349
-0.03291101402551818
-0.03266035207593478
-0.03253264065966731
-0.03295644893001219
-0.03229422741390358
-0.03272423373399054
-0.03237825693874395
-0.03336620430117244
-0.03201081564037381
-0.03254938256623904
-0.033494774961882426
-0.03214912990190909
-0.03260948809249031
-0.0332713898275446
-0.03294515521721059
-0.032905390853990094
-0.03354181704834223
-0.0331247826008938
-0.033241047310622884
-0.033459163485430134
-0.03363221138688222
-0.033730981254598474
-0.032976421625235446
-0.033265669264272234
-0.033584988205939935
-0.033491017431309264
-0.03373702746688938
-0.03358862232255177
-0.0342697541928331
-0.033414677112375384
-0.034401254169550026
-0.03320590523956443
-0.03461313421896026
-0.033551523308025515
-0.03395552197577687
-0.03401209189460174
-0.033561358850305076
-0.033805943952816386
-0.03375666470101234
-0.03369234977901386
-0.034743850234569794
-0.03371901989810783
-0.03466642002506798
-0.03446764742182084
-0.03503219798092001
-0.033929538328356205
-0.03451442258836073
-0.03502853053113553
-0.0343810599098658
-0.03451664760110497
-0.034851535289160025
-0.03517389080252288
-0.034309368975828806
-0.03478747455714876
-0.03499965511103551
-0.03485080520151828
-0.03552734478828136
-0.03443895214962191
-0.03572259110602134
-0.03487837325338139
-0.03491842026370573
-0.03520234373704515
-0.035766537338065216
-0.03564253152510901
-0.03543883977143885
-0.03506997207232808
-0.03483054342193445
-0.035496324998105
-0.03486358732643892
-0.03519940656240388
-0.035960218069937634
-0.034904473959210564
-0.034856635618193826
-0.03541795220200989
-0.03487757311313217
-0.03535572959282743
-0.03505472187280988
-0.03600749983285187
-0.035679539812943355
-0.035644580032355135
-0.036003201858268
-0.03517326389966295
-0.035866598591057106
-0.03518556698841055
-0.03625499440760511
-0.035615501423372206
-0.03618428364400437
-0.03590253566577368
-0.03513151913568848
-0.036392671362063984
-0.03512546579662173
-0.03622822951144805
-0.03525477908719481
-0.03634015596063528
-0.03541311159620954
-0.03604502173320574
-0.03612681566847605
-0.0351140399040163
-0.03542493691872279
-0.035127149361244815
-0.0365665383911438
-0.03542833503061222
-0.0365272808331273
-0.035831479544002696
-0.0363815614688158
-0.036181811768154236
-0.0353710149369954
-0.036515652000680125
-0.035780685147784166
-0.03524877763103757
-0.03617988011596824
-0.03660228322864003
-0.03630937453583503
-0.03624325909646098
-0.03571328856596933
-0.03599906552352189
-0.035191163204949805
-0.03614244790065131
-0.035871940514853685
-0.03638783428830074
-0.03526421903666844
-0.036000574437487054
-0.03605811016793791
-0.035676883647506596
-0.035300327509239185
-0.035055347206221554
-0.036193633903414256
-0.03526306751088262
-0.0360338763953406
-0.035710850338641485
-0.03526620936435657
-0.03584904931472449
-0.03619370815475744
-0.035176727864842286
-0.035811240486135466
-0.035474551308022066
-0.03520602115037775
-0.036115265335075065
-0.03609897556747807
-0.03524093099774317
-0.03596400033518918
-0.03519333528877936
-0.03609055141492792
-0.035663166456452344
-0.0355638954470681
-0.035865420643695384
-0.0357602698392694
-0.03591749338659923
-0.03578799974962163
-0.034861998337552526
-0.03492202846450764
-0.03435546953363792
-0.03534787960355384
-0.03430658228163895
-0.03493193515417889
-0.03514544985327619
-0.034599190394063756
-0.03478549672845671
-0.03461193780268793
-0.03407873770876635
-0.03404363635879622
-0.034865055220991766
-0.03401375312982124
-0.03532908590571874
-0.03419020389793146
-0.03516968297346293
-0.03439243379198594
-0.03470390471723086
-0.033683787605882684
-0.034783979379002405
-0.03495019474389208
-0.03370062735962072
-0.03439398283862732
-0.03351901118284523
-0.03343664405516373
-0.03342043544078108
-0.03414783689627999
-0.03318314735085886
-0.033059105109925026
-0.03367382222978339
-0.033507965456137115
-0.03389929745920424
-0.03423713040058022
-0.03420435436707965
-0.033921829562300304
-0.033028405366524245
-0.0326744974395222
-0.033256949574653215
-0.032512271808761796
-0.03330543210651689
-0.033493252680052016
-0.03337530538888233
-0.03303499816447873
-0.03279777873540443
-0.03332853935576662
-0.03195852406531341
-0.0326080694572193
-0.03213046710922018
-0.033113019496229
-0.03184347661818331
-0.03261222416372491
-0.03207814348047901
-0.03240631006758615
-0.031491787756924794
-0.03229018003712686
-0.031243742896938487
-0.031276028404299015
-0.03126052905228057
-0.031104671696627072
-0.030862863524438202
-0.03182500699020455
-0.031983268163529636
-0.031543978887672734
-0.0313405260679276
-0.030818578203674916
-0.030945185050088052
-0.030756836234075227
-0.03103148568941688
-0.03140039927177847
-0.029979594946693316
-0.031015058191632906
-0.030558230410560633
-0.02983733311085438
-0.030881585865996916
-0.030624692876553533
-0.029420641160981077
-0.02947050431857948
-0.03018307984544274
-0.029972204980106967
-0.029969607137076287
-0.030023497034717142
-0.030033433095290326
-0.028629581785647402
-0.02904606328206078
-0.02888407229625714
-0.02839169930929154
-0.02923832101467976
-0.029183042767519752
-0.029227934371947855
-0.028629039904691324
-0.028251674243796734
-0.028963618941667733
-0.028863296882584523
-0.028071953709970975
-0.028339790531930045
-0.0280308281154025
-0.027938059633388374
-0.028195385746616435
-0.028068921779124314
-0.02724828271667164
-0.026742209520052077
-0.027059158067204273
-0.02628732896336197
-0.026607527932344447
-0.027265716921208397
-0.026009000863202708
-0.026069859724853595
-0.02601004683822479
-0.026951858225267602
-0.026190225927954506
-0.026257075030003872
-0.026623913416130393
-0.025777340560068848
-0.025696007573261907
-0.02594018297185889
-0.026040593336013832
-0.02489362798757903
-0.025055434273066775
-0.025557575144831878
-0.024783722405615907
-0.024209542508256538
-0.024973022047837357
-0.024233826531764566
-0.02357604197875542
-0.023957749368817352
-0.02454652124642302
-0.02424082349886727
-0.023424424570898536
-0.024333726904704738
-0.022926707248148204
-0.023524620965810785
-0.022449420776254753
-0.023507689813950627
-0.0224188792711625
-0.02230259211546388
-0.02266001160253274
-0.02276052452246836
-0.02170726787100815
-0.021828321876513665
-0.02208885991791799
-0.022249343031818445
-0.02187143049285582
-0.021169230308733373
-0.021077476385981526
-0.021355097788576468
-0.021789151949140294
-0.02081868282690917
-0.02131371910997455
-0.020784240470175054
-0.020505575954157317
-0.020602452952404354
-0.019743052221149922
-0.020266031711741257
-0.02003841318825372
-0.0190677081651265
-0.02024875086676099
-0.01884204393136559
-0.019887142702401512
-0.018723298790686894
-0.018298325620246143
-0.018642214361849718
-0.01784966241197322
-0.01892547098466287
-0.01789622222444969
-0.01828136110265214
-0.01817996284855971
-0.017835943856880716
-0.018281368845063022
-0.017381340460047596
-0.017109961565887948
-0.017549845418853408
-0.01663501086919562
-0.01662904334531934
-0.017271438817866525
-0.016309680583419178
-0.015865494280515736
-0.01621788442929714
-0.015969996232036987
-0.015418819812510622
-0.015551439626728239
-0.01564835470982397
-0.014542071206812363
-0.015617013581302444
-0.014755671384695267
-0.014788542990081458
-0.015035822913706788
-0.013614585608253904
-0.013456804749144463
-0.014541726266267346
-0.014546813977337354
-0.014208193100734203
-0.012713850990487515
-0.01368173501956637
-0.013654301291815012
-0.013059093067325516
-0.012341243190888519
-0.011989893510980261
-0.013018021194168245
-0.01286468014438984
-0.011334074020651484
-0.01165576378028479
-0.01190252403586935
-0.010836678692106465
-0.011714734327223513
-0.010484542659741532
-0.010846295439061982
-0.010545642266588313
-0.010681185153479213
-0.010966959508012112
-0.010484285751095916
-0.009745070296018723
-0.010545521492436783
-0.01034344178970473
-0.008932661025711866
-0.009427999275443206
-0.008949089154293124
-0.009033082742410487
-0.009132613269674097
-0.007980961921524322
-0.007630196105702967
-0.008295283434565605
-0.007627237405383125
-0.007331898086868901
-0.007681143403280074
-0.00748552852389829
-0.0076254262429167495
-0.006426850347099206
-0.006762013442589888
-0.007209553593878896
-0.0060457079018729236
-0.005744181332882673
-0.00633010375187646
-0.00585589899565253
-0.005291744745020549
-0.004788109524235172
-0.00501767708245334
-0.004618296269047772
-0.004366847267438033
-0.004445564433296459
-0.0040412723486524076
-0.004418193229304806
-0.0034277548776621867
-0.004420259119287975
-0.0033403964500985507
-0.0032246551350280195
-0.0034154473624185763
-0.0028121490702578728
-0.0025105269418222486
-0.003394943040182569
-0.0020229620173188747
-0.0018916356583748941
-0.0025446314479192697
-0.0017502885371649464
-0.0010328178679324179
-0.0012946044609389309
-0.001841577211613485
-0.0016816678125109992
-0.0007769804452680875
-0.000693478088399554
-0.00078184573487267
-0.0005449404950081287
-0.0005346156468679361
-0.0004248849137145848
0.00022225322925083064
-0.0003839935939719627
0.00015598106504210492
0.001277118799978056
0.0007524492131116141
0.0013871327127998614
0.0013830430775470266
0.0016605289934267494
0.001596265875479775
0.002578113361185549
0.002075159625226144
0.002907398089950884
0.0017931795389059813
0.0026817253937257064
0.0028147907058457284
0.0037595596806059496
0.0025510543263044887
0.0034823102142074874
0.0029655161118718664
0.0040166826499366025
0.004517100887111398
0.0038712155093280146
0.005069688141005624
0.0039699735897268966
0.005470828528290971
0.0053338640489042554
0.005096854128734793
0.0049346579529499284
0.00511927457231735
0.0062127535920509305
0.00612047683834496
0.006601416744971291
0.0065592907639750574
0.006873074324181766
0.006191641911296054
0.00622970730373468
0.006638954965400577
0.007115872811562361
0.007167931983479549
0.00808197008913775
0.007519302833316575
0.008144986607679485
0.008375879321229173
0.008072654398208697
0.0083529811892142
0.009056545474354251
0.00899441347447917
0.008742395779389888
0.009841515912734796
0.009372259173395727
0.010292447080793807
0.01014220883064258
0.010479232885463085
0.009669321313859423
0.010529173245316836
0.01065386333819842
0.01094021874417888
0.011388567608352378
0.011037849720420273
0.011842526612735499
0.012370580239352428
0.01259488316670121
0.01160622585258432
0.012385768111481042
0.012181221816020143
0.011964353500133135
0.013523154194676458
0.012223361320935645
0.01339415090760244
0.013722156849182784
0.013323512044247664
0.014257629029901336
0.013735351598172836
0.013455275967622818
0.01415691730692453
0.0145985028577994
0.014200201424379713
0.014288232672948502
0.01436258387436837
0.014485157815902785
0.015891970340659034
0.016031757537774936
0.015878838024958188
0.015181273686832102
0.015588185572054809
0.016277214946861823
0.01657496543068401
0.01609504453492022
0.01614436649208596
0.017435898474099033
0.01725837607946444
0.017360639254984347
0.018035815478765958
0.017173599739700635
0.017408494193695015
0.01805912682675966
0.018045591488753978
0.018728755518924254
0.01769902192053263
0.018956025066320863
0.01937574818924094
0.019151009490688358
0.019392920322346626
0.019242254105596386
0.02008004725760284
0.019921781663698235
0.01967109007893833
0.01976717873273731
0.02063261099521474
0.0197547290267263
0.019738291615301898
0.020886463193546846
0.021215335794010803
0.021102816486736488
0.02156918084528343
0.02160890504625626
0.021667217396664603
0.021787332957903006
0.021548585184557944
0.022009413206733268
0.022276247153376772
0.021730638046595092
0.02252212912227873
0.02316027056284358
0.022535146238330837
0.022273009957611733
0.0231671341051284
0.023081421325368754
0.022517911939214083
0.023648208410901882
0.023613102943036427
0.024272245520643203
0.02330458652931085
0.02395257894745733
0.02461489960598441
0.023582020589072977
0.023972970811034392
0.02378476076694455
0.024319777036667937
0.02453680117346682
0.024728222071683653
0.025000773220018223
0.025165231982178744
0.024630067846534733
0.0252328148548837
0.02521498398778909
0.026498560907888474
0.026368127986248508
0.02672864755598153
0.025453414285828185
0.026621396779521033
0.026222822461620113
0.02727973652981614
0.026221549998257626
0.026998646536866212
0.02650932963086519
0.0272585931387653
0.027161373542474887
0.027031905984358253
0.02799436470871736
0.028348751227274746
0.02738367954079426
0.027326198668579608
0.02857076852187732
0.02846771152017875
0.027945766268716917
0.028211826155979808
0.027930899599177376
0.029199118859346774
0.02926269028062811
0.029341589600200155
0.028333467313336212
0.02837975502195787
0.02937678075998579
0.029238245688469718
0.029776853999893983
0.029776755823296867
0.029541872280740646
0.030285016351081967
0.030403948118153654
0.029763751445639797
0.029906598860811782
0.030963176223760033
0.030411543464255286
0.02989244552456053
0.030952903451397534
0.030426562122637214
0.03082931929430848
0.031234824406363743
0.031709467038325966
0.03176894186709477
0.03128913004256986
0.031171304778289936
0.03154909696178754
0.031260871986051646
0.03133839394332141
0.031648146867136615
0.032490527231970205
0.031167034069424466
0.0322185164505974
0.03277035070025926
0.03163882290081317
0.0320146790308921
0.03191045734613077
0.032016580820644
0.032851185717118286
0.03233254542952451
0.03279140781973497
0.03240360087847043
0.032427306120210136
0.033653266745409416
0.03305225639779047
0.03381586017288304
0.03363516066703668
0.033695675988183835
0.03360191581877003
0.03423368471409118
0.033831328117748784
0.034215670429271275
0.03301120104021803
0.033739233631702094
0.03445011290616762
0.033423163602199844
0.033954618589462277
0.03473025690139694
0.0343073537645826
0.033835218923832996
0.03367908687636079
0.035076245936022175
0.034973036975942846
0.034909534135436814
0.0339713988867681
0.03434893363235257
0.034054376333136134
0.035530874157441064
0.03539050000309701
0.034710773460699826
0.03486970897497389
0.0356524604093753
0.03444950649122706
0.034739774282431954
0.03457092315669072
0.035028705846428115
0.034607537135751335
0.034919760835056324
0.035435908205706294
0.03532550902282568
0.03589736746628964
0.03518111061424776
0.03633211821768589
0.03505151217246745
0.03577701861143685
0.03559688869392436
0.03578790314060287
0.036206345270501976
0.036061299469197616
0.035935871423595944
0.03583499828953619
0.03562460853205034
0.036899575930151134
0.03643480376021829
0.03595590538014247
0.03555401078814018
0.03556766712801124
0.035718172934027514
0.03680770833063345
0.035996651192795034
0.03619236402018937
0.03601735242431816
0.03605872182664335
0.03631681846065186
0.03696196142191443
0.03714695683242587
0.037366412167341115
0.03744144100350263
0.036407373596706295
0.03719403117794265
0.036568990627750736
0.037348605994649536
0.03684366010732377
0.03763287131106846
0.03617862780315809
0.03689886764371276
0.03757659837700246
0.03713475120635262
0.03669293553841306
0.03645760037579342
0.036700372251584665
0.03741682445617192
0.036597377444553686
0.037192330197172975
0.037798948419305825
0.03653358434029407
0.03697584221354105
0.036688965614353426
0.037749533358535155
0.03682149883265498
0.037130285573696714
0.037640166726572805
0.03786084196788876
0.037674093647459356
0.037181443133048164
0.03757613415529878
0.03787169152206705
0.036666303182764606
0.036932049445420105
0.036964845882057035
0.036936200945305
0.037933078825344996
0.03747734597763786
0.037831875488570914
0.037771485287477556
0.03785294704951802
0.03666779804588295
0.0376293271271251
0.03730830762641504
0.037387848813164655
0.03787786392141557
0.03698149301877537
0.03669593208882807
0.03712005872962381
0.037406706182411584
0.03768895194404415
0.03709742668202334
0.036664580291062523
0.03687397653524812
0.03786022905176809
0.03663977199040113
0.03696165255980796
0.03661563087363586
0.03740944121509109
0.03783212327338597
0.037617139672952146
0.03718273808049652
0.036639508185259496
0.036353429464430195
0.03652594057673444
0.03645588595331749
0.036798937668844116
0.03670935438768471
0.03712538078799878
0.03761501343399975
0.03641776542501814
0.03655949949460186
0.036605478610212495
0.03712429752426486
0.03722518601488258
0.03758639362078882
0.036662519632173304
0.03677397795194722
0.03612692069769625
0.036908438293281796
0.03691290360092522
0.03664098845979428
0.03732516850860689
0.037341631819119946
0.03676740127064953
0.03668382446222897
0.03729336967499927
0.036775373557265574
0.03630847743859408
0.03706938701666785
0.0366998979032357
0.036877916482777974
0.036029394856713165
0.03555461431665849
0.03556999952225138
0.036344488999764835
0.03575029703774682
0.035484487998764476
0.035481722606547694
0.03618747877138412
0.035709874688436054
0.03616083602680591
0.03566152302654802
0.03521951134693134
0.03632331930739871
0.03604307947917786
0.03507297617506339
0.035663584818299565
0.036399358461633446
0.03514198204682545
0.03514050925050135
0.03535814836155586
0.036069659905145955
0.035320425123100484
0.03534107335216242
0.035252100956196214
0.03541529492715745
0.03587437068203395
0.03446862669289754
0.035547335401883616
0.034390902755802547
0.035692022020782734
0.03548788631051704
0.03475496837837803
0.03471612419616195
0.03432450809232101
0.034534006164846705
0.0348935792095549
0.03495375694214759
0.0345822261583039
0.03480038897667375
0.03418275028152377
0.03450861783780759
0.03472587570607549
0.03488627538017009
0.03407086295827869
0.034955252732233086
0.033932714893182205
0.0340324550796569
0.0347464691672743
0.033582825377902525
0.03460307712552058
0.03418205393816417
0.033456708307065715
0.034303910044091286
0.03420903598120649
0.03422130535842939
0.033722418094148124
0.03340811400812313
0.03388942857191638
0.033725645151683
0.033505959407384454
0.03292137808487539
0.03322639208161736
0.03323849253529503
0.032454077171505016
0.03227311738878328
0.03237973276979799
0.032204835228649135
0.03282038811445626
0.03215818682681056
0.03282978626848448
0.03269061966116194
0.033182127300058366
0.033092366606397826
0.03263459878640175
0.03245132236809832
0.03156641017763376
0.03235330994012067
0.031886274788809815
0.032431566701454015
0.032400023311450636
0.0312795326063487
0.0312898178428247
0.03242226882066096
0.0313278863911443
0.03136303649480773
0.03136483315385279
0.03169084744362393
0.03131851588659513
0.0305555440175662
0.03095946589400662
0.030855408511955403
0.03091876670049479
0.030472270798484743
0.030323712320551525
0.030182789551839895
0.030375634762346955
0.030640478026888556
0.029864875375245948
0.03072138969441037
0.030189098712431205
0.03036617871758307
0.0303965344243395
0.03017125723162157
0.029768128557087985
0.029987207703480196
0.030607748590958567
0.03022948422315864
0.029512980158690073
0.029185097895808827
0.029514140309546955
0.029815410938084007
0.029931587529653088
0.029878992066007828
0.029031539300574796
0.029033260143962677
0.029476879835826822
0.028843854107286505
0.029311047535933575
0.028880772312559352
0.02848043715888738
0.02891920169792875
0.029004893019881992
0.028708329130539636
0.02812192878481311
0.02901698536319585
0.02834444962162057
0.02889176435067385
0.027874914758118922
0.02770266712006301
0.028377910732999872
0.027501819699516147
0.028526513827871476
0.02813441968101477
0.028085650454812174
0.02736424858929718
0.02678959101188124
0.02814641136113389
0.02732330852416221
0.026903347172544032
0.027024681996577076
0.027271495231350487
0.027405425463710924
0.026684966132465678
0.02748371034667193
0.027364246773443183
0.026692413383666354
0.027249597694843856
0.026150785120089344
0.02700381735819531
0.026089955729224127
0.02637633003938307
0.0255063715892122
0.02610476784874379
0.025313347686787804
0.026296588337765055
0.02642069630983969
0.026306844291034616
0.025801504247419848
0.026234275196781124
0.025111673077201805
0.025551189867188066
0.024649665820274835
0.025164855715919175
0.024324980817225055
0.02439224096157038
0.02417798022212228
0.024159509049506273
0.02399658891179708
0.02439181696313837
0.025110309272960294
0.025192056979012212
0.024643662862162408
0.0235486084110807
0.024816081064867174
0.024196708236983486
0.023428442614848388
0.02418870496054793
0.023667202749603045
0.023538370920979643
0.023822102994951324
0.023818879930803175
0.023984785833988696
0.023150876565875615
0.023716492936363708
0.023563302851772366
0.022700132957328988
0.022926270634780456
0.02310577451938491
0.02304120384650304
0.02288265636419789
0.02298214540127304
0.02319911700617467
0.022395913515618177
0.022119919671691392
0.02286317922350011
0.022149801502637404
0.021834207106151648
0.02199593612873674
0.022319123350311356
0.021842549106734093
0.02201999412376612
0.021469113270832275
0.02225751805873687
0.02186950405215526
0.020937211911596424
0.02194231164972319
0.02132852224369195
0.021316680896426632
0.02102615076561878
0.02182950977963052
0.021220466731671404
0.020634496555886412
0.02141208302836352
0.020550628957643743
0.020724354677774014
0.020923114740835958
0.020972938134727847
0.020436074007777475
0.020326506724414536
0.020671864408741893
0.019586560711358995
0.020492287493564715
0.019764156853166077
0.01954277252791631
0.020404981747830828
0.020306421290372485
0.019646596324493122
0.02004677657999945
0.0199894812008598
0.019715413954785523
0.019722123640317234
0.019348973929902306
0.018977531763495363
0.01854888602623302
0.01969716019217499
0.018551766732274863
0.01890313265841049
0.019376339533906037
0.019222578512973213
0.01813188059112775
0.018756320767029246
0.01899302272345987
0.018600734309851652
0.018019904591639407
0.018578990072692744
0.017569214863966374
0.018671344529197352
0.01773783190212694
0.018302896756494953
0.018312278040201798
0.01827095359055028
0.017354979059121742
0.017965978403984985
0.0171767011011078
0.01749532893900485
0.016944951883902402
0.017392232228765563
0.017089067398706772
0.01711979035404619
0.016440561956746667
0.016436551113435272
0.01648961584424002
0.017251150903632134
0.017351352265183886
0.016306693811211106
0.01648532410858448
0.01608814769492057
0.016921554624298465
0.015651921051480198
0.01622387762393518
0.015958005820175578
0.015424723980651624
0.01567969634432125
0.016436877891306965
0.0152085853484436
0.015748153892628285
0.015202172942690705
0.01603606743287212
0.01574606792652434
0.015121576027769524
0.015905999881553036
0.01462553396287598
0.014878612098667771
0.015749276958590075
0.01578870763659234
0.014248346392526243
0.014661924196292798
0.014521871969228372
0.014599885426320803
0.014778022798171985
0.01451303500817703
0.015249575064044896
0.014722899112216886
0.01368336483110419
0.014650972377545663
0.01445548898197701
0.014807430240067393
0.013832897473722043
0.014209333678839753
0.014418715870390323
0.013795179730993116
0.01329888020561275
0.013562755187212876
0.014110587325079825
0.014057280204390074
0.013323845239659165
0.014152025836981245
0.013662986538406054
0.013876696383118165
0.013466780406726726
0.013641091821633613
0.013684045449610297
0.012587753582082518
0.01307438353069712
0.01327456169510896
0.012969502955410788
0.01331413407322718
0.012832402254398653
0.013308382703712261
0.012503095527782533
0.011973148903741411
0.011769950701224038
0.012790999618496578
0.012502060281765624
0.012565401878897105
0.012706353757756248
0.012745662051962337
0.011978619988885232
0.011362250669583856
0.01194911336049906
0.012386808613097218
0.011058877161360376
0.011877190661817486
0.011257361777075507
0.012035078507539107
0.01177479810872772
0.011852521131846578
0.011919705476258752
0.011070733298632921
0.011699400746027811
0.011094569902638445
0.011493354346045832
0.011723828592679814
0.010801199241731492
0.01075770780076484
0.011523873189717242
0.010943339725196333
0.0101337210220596
0.010678060105953686
0.01130054967404003
0.010186570169398721
0.011324852972772404
0.00991597413732184
0.010381662956472424
0.011015905975858784
0.009983515439619372
0.010955203357231547
0.009806786093357478
0.010167470903776647
0.010798914277308641
0.010430643532859387
0.00974604732357539
0.010236070744566785
0.009303870795385976
0.010397732177696998
0.009069523007753563
0.00944960337586696
0.010125000574881254
0.009476834443517405
0.009223472667541147
0.009800106382117584
0.00966120240694801
0.009740494304967947
0.009900288647405131
0.009578146703506409
0.009671915619161158
0.008806957876327123
0.00941821406149119
0.009733343422100306
0.008311013132625111
0.008502909030443607
0.008639292121901919
0.00893330452441158
0.009301655711644548
0.008976228197338358
0.009078204484133694
0.008971066733363495
0.008057017285601615
0.008775143826280371
0.009066315160309715
0.008258568408870333
0.008460501023799883
0.0089729662265259
0.007756371783097471
0.007911783639496222
0.007475108630217966
0.007480908210109609
0.008100252942164219
0.007766887464979204
0.008137979923074525
0.008457955702302981
0.007457565776835849
0.007990765432287689
0.007490614872169613
0.007172546810769513
0.007539423020970235
0.008069910525246497
0.008355284346118213
0.007257446537370612
0.007463469876462469
0.007513805152493294
0.007634850385556352
0.007390513811562773
0.0069080022175014655
0.007199689893979255
0.007122869713044999
0.006789437939258039
0.007508442771464176
0.006893292896046399
0.007705010722256068
0.006599979791630647
0.006766211457513793
0.006972956039451448
0.0062238201556774515
0.0062400267102896015
0.006864311551093701
0.007296377537447865
0.006754416398054955
0.006107908452704507
0.006990052317098525
0.007263838818793288
0.007261179468365704
0.006889427909493659
0.006680870318911431
0.006347548418949228
0.005810778768439838
0.006757680763250178
0.005936347728205125
0.0061755010019718445
0.006356307897223596
0.00623122425309745
0.005611998768208473
0.005894346755875816
0.006482680986289631
0.006124251043016271
0.005742553797928722
0.006561577234993757
0.0054670406674166205
0.006347777719832617
0.005864666797473753
0.005766793378388415
0.0051278462129058094
0.00519843692845125
0.005683341818378597
0.005110305557301277
0.005934111585795846
0.0062403520915828865
0.005687546149075127
0.005977754195723995
0.004948756024472928
0.005601997045413644
0.004825505735616272
0.00544307291069331
0.005930425738445068
0.005316768031054522
0.005207136184964546
0.00512831157413167
0.005061902427525807
0.005362591640133013
0.005804144763362683
0.0047027739938334265
0.005729795624620303
0.005398662608825987
0.004877211998397764
0.0055041712168088
0.004685324690174628
0.005386548812292738
0.005319901096340094
0.0045070089946227946
0.004382242765136356
0.004285711793610257
0.005030717459443832
0.0052474622179437625
0.005348177029643813
0.004469800656066224
0.0050711681166965145
0.005125003695029482
0.003941047498455459
0.0043453110988839905
0.004023365673552299
0.00486068921421181
0.0051400324994302984
0.004134728862964993
0.004159001986759074
0.004295245936247501
0.0037741668151964895
0.0041366373698036
0.0043424941611881086
0.004144361283104425
0.004113581441895882
0.0036417359742992915
0.0037139737141874186
0.004233131661713317
0.00450965207024248
0.0034852365671438584
0.003584528546911586
0.0035871870612365496
0.003909330164223203
0.0040827580654746185
0.00411804363528626
0.0036461015701594397
0.0040926362423049124
0.00451189154854314
0.0035467164719656186
0.004595292927677877
0.0033419596971548653
0.004579423057752099
0.004281660441453683
0.003718253907509083
0.004404095719600698
0.0032920645889571707
0.00380260005957286
0.003513659017436816
0.003112371475537246
0.003000845952168593
0.0035924914077085394
0.004340582143178874
0.004200014232214336
0.0030497069905760605
0.0036440536334056187
0.00387352440116161
0.0035992333635550705
0.003439127670327678
0.003899111312055387
0.0028806953485446
0.0039244677215671915
0.002671570680836477
0.003192187381039057
0.0035551597456555486
0.0032434657398042357
0.0038739185304047224
0.0026452856616692067
0.002684793632619742
0.0025064813653910088
0.002647431899222286
0.002983986774661664
0.0033148306841070878
0.003367487470811532
0.0029283554209747218
0.0025069337073242715
0.0032491942905701066
