-0.00223943875425926
-0.002226363279213801
-0.0009576909843969393
-0.0013452158484528007
-0.0014568042993269308
-0.0019265677132978424
-0.0013217214389685023
-0.0018436716042984963
-0.0014496460460397247
-0.0021639166820465443
-0.002276310406024587
-0.001365509886387926
-0.002552331259507594
-0.0017691045166908766
-0.002537993858618099
-0.0016663984597325284
-0.002435359415770456
-0.002102461155871227
-0.0021658888263027666
-0.0021254963987226197
-0.0021096840651846256
-0.0024063941523720335
-0.0026411255818474732
-0.001418802470151734
-0.001641812015786446
-0.0017843372314774268
-0.002199330542216284
-0.0017651926332273597
-0.0018201977156175224
-0.002038338874115859
-0.0018275555205442252
-0.0019154207269562917
-0.0030236671080586495
-0.0028102881279464943
-0.0018363786159025137
-0.0023403152242713475
-0.001669993392554175
-0.0026541492763392134
-0.0017778434542185225
-0.002032948611099248
-0.0030451430838276928
-0.0030050594855344837
-0.002728869260523078
-0.0022194053363323554
-0.0022332604528292454
-0.002173658141638211
-0.003036558191425188
-0.0022934075325572304
-0.002045009501271408
-0.0021007304028944004
-0.0028772543826210465
-0.002745946404018697
-0.002797203322006022
-0.0031989930997960337
-0.0025734428544449137
-0.0028425044790869234
-0.002346869143138794
-0.0024911813934258282
-0.002719633290227909
-0.0024059395907232548
-0.002863127153080761
-0.0025469001841198244
-0.0029764713376410753
-0.002365068191946083
-0.002624150281375177
-0.003379275938234505
-0.002925768954772392
-0.003968713517392073
-0.003967427632875387
-0.003722116260699385
-0.0033955531692411835
-0.003989246898510367
-0.0030977709837419947
-0.0036226022053424656
-0.003777523393109718
-0.004238010476247037
-0.003538830644540932
-0.0031198964203478165
-0.004302496776581796
-0.0028698959010558735
-0.003285026730626708
-0.0033998748054682583
-0.0035523586548186483
-0.0030028374891364535
-0.003585678216206479
-0.0034862906182342676
-0.004319219362587086
-0.004034403644588076
-0.00416544788295131
-0.004499330438702371
-0.003406817658042613
-0.004742249131893136
-0.004072522842252813
-0.0040359059439378404
-0.003376503142978614
-0.004079074428907468
-0.004868456208500859
-0.0036164153906970173
-0.004662124593391877
-0.004197764935463344
-0.0039210392365146614
-0.004970909516178166
-0.00385391988135426
-0.004258291649971086
-0.004003307069106089
-0.005235786366076744
-0.004708857565368823
-0.004027868807695616
-0.003965101636235475
-0.005000785706281537
-0.004836766362830915
-0.004784908350938292
-0.005424437640699162
-0.005042847587719263
-0.00518200209527042
-0.005297076237892794
-0.004539035771247096
-0.004633892330683916
-0.00569626743186024
-0.004515673952106199
-0.005573064310287653
-0.005729376126941987
-0.004949430742401605
-0.004725176284171825
-0.005293950942449624
-0.0056728785021230455
-0.004821987653172074
-0.005176741992608019
-0.005007904099316689
-0.005196592367046735
-0.006228631052976803
-0.005917736169020025
-0.005668242163422254
-0.0052723649128598666
-0.00634920343976563
-0.005057133719864684
-0.006380661826697244
-0.005445130109453102
-0.005621036626462244
-0.00526637957944098
-0.006412315171418431
-0.005326068889111207
-0.006634415484955807
-0.0068251966140693895
-0.006718348786545602
-0.006888455882911043
-0.00667047199390745
-0.006376917512915798
-0.0066505262802415595
-0.006068586266312111
-0.006669570112720039
-0.006555787619483036
-0.006416695699217646
-0.006220415207497703
-0.005967226203729537
-0.0072809352073951224
-0.006191015118874215
-0.006607284830198275
-0.00755006200119224
-0.007433733597866162
-0.0062431816360839455
-0.007522569160336363
-0.007358206152437226
-0.00696474037980675
-0.007264856740109123
-0.006657666160433433
-0.0074076019547624295
-0.006813491844036315
-0.007485489875367287
-0.007707287412196135
-0.007392916337592608
-0.007109812670069673
-0.007514742955961443
-0.007541037187623804
-0.00834110497557402
-0.008441398970848977
-0.007762545440288743
-0.008110185875494277
-0.007734644616929027
-0.00799603703377651
-0.0077156144444069374
-0.008147189531134545
-0.0077942379238603995
-0.007985802777111063
-0.007857396868837055
-0.007946109993660674
-0.008080784350908197
-0.008313869686088817
-0.008815058496257593
-0.007869745220609561
-0.00847698266008667
-0.008312475677908418
-0.008435525217045024
-0.00828020220515798
-0.008530778555068326
-0.008482914598285487
-0.00826740783319702
-0.009642184354082175
-0.009127677211475371
-0.009153159780291562
-0.008841744027631576
-0.009285796923019129
-0.008786728510065981
-0.010041105617489695
-0.009091620608740464
-0.00968283371961307
-0.008822819469575227
-0.009453431637854861
-0.009470888954749694
-0.009630048898358647
-0.010145217519869859
-0.010144707844779326
-0.009864767499374637
-0.010157333558112646
-0.009435340125622948
-0.010188272989655262
-0.010034555138314829
-0.010911915562842179
-0.01040264816172994
-0.009820348832296363
-0.010827213391189194
-0.01088881981257106
-0.011025504089909165
-0.011176473303888759
-0.010963195725435792
-0.010627879330215494
-0.011252499410586857
-0.010887337443553304
-0.01155728172311491
-0.01131716922963091
-0.010702401827259646
-0.0117363349519457
-0.011665048694361578
-0.010677445519712404
-0.011438933834058349
-0.011933935117048405
-0.011418536132902767
-0.011583512938326436
-0.011007734844985767
-0.011956279975207509
-0.011049898689642627
-0.011728057291432132
-0.012204097033315616
-0.012144311220573425
-0.012748543863144425
-0.012641812178667592
-0.011619904158084303
-0.012251797584186262
-0.012213047488689953
-0.013099646822797606
-0.01203170094416859
-0.012950428754196807
-0.012114721524521498
-0.012046043919457025
-0.012993126806739776
-0.013418028550466572
-0.013049365153387985
-0.013237207595591416
-0.012487678441851455
-0.013421722649940649
-0.013791172109792235
-0.013737109091293455
-0.013044612375147025
-0.012773150476869959
-0.013768590634993517
-0.013624347876668545
-0.01359723402133699
-0.013428181754984045
-0.013276872379410533
-0.013410765920649804
-0.014433097236910924
-0.01440126310738471
-0.01466105678809152
-0.014694599535211498
-0.014402330930352526
-0.013783892351786477
-0.01371851636846465
-0.014837820871161438
-0.01436770464753986
-0.014846831869259183
-0.015112872986628457
-0.014412287392758356
-0.015005611011085683
-0.015571813578701214
-0.015319343691849998
-0.015531874646248034
-0.015148755295952663
-0.015792679332830552
-0.015821019462796012
-0.01573094423480955
-0.015353656284797484
-0.015296086340040402
-0.015278427032028054
-0.01566680476486758
-0.015517765090473163
-0.016445228767467897
-0.015223554177876625
-0.01575373370254524
-0.016749222132908203
-0.0164174550953732
-0.015758381462839463
-0.015580740517351666
-0.01580716527211792
-0.01677100770892559
-0.01682871508524012
-0.017323632287659596
-0.016082794263970093
-0.016668278652935305
-0.017166265871751327
-0.017550369854372784
-0.016341145767874665
-0.016992935346414013
-0.016719326140493766
-0.017223797695220297
-0.01749071512583369
-0.01794539553431926
-0.01826115131189421
-0.017491134969141113
-0.018286057825042897
-0.017327559005138046
-0.017290716414315458
-0.018517289815653135
-0.018154224018046033
-0.01801764455415983
-0.018095832534128258
-0.01879911179622992
-0.018018246257179113
-0.019122795880328294
-0.017965475218411173
-0.018301782743950657
-0.0186935742617696
-0.018098989129528037
-0.01905790207156612
-0.018706641749322354
-0.01966665115664597
-0.019651549082616387
-0.019096481771856074
-0.019516771105853623
-0.019558006323560292
-0.019598576102148064
-0.020176116518800604
-0.020253692966339602
-0.019242338572164196
-0.020522974959000947
-0.01985900796215476
-0.019445409410561644
-0.019387902197546186
-0.020267104458580962
-0.020451721143138358
-0.020075494761861015
-0.019964990247752976
-0.02119675391844619
-0.0198924663689354
-0.021010006558287997
-0.020518243768375882
-0.021337916368024436
-0.021138250068774372
-0.0204123563973788
-0.02098163408849377
-0.02094105716495919
-0.020628688264902672
-0.022067579059633628
-0.022129576491796383
-0.022196045278265346
-0.02122427977425327
-0.02166978529927215
-0.02234385210307728
-0.022489705062601482
-0.022299682682706063
-0.02204836475366241
-0.02224080728555624
-0.021570684152503662
-0.022082345192219088
-0.022317335040869395
-0.022682868025839666
-0.021917950979931836
-0.02282185296399369
-0.023206511169904676
-0.022323264684153136
-0.02235775400083833
-0.022327598852047055
-0.02288498393049721
-0.022674199997941225
-0.023010494371302946
-0.0232110023123443
-0.023999948419026192
-0.022868851138088325
-0.023979549697655714
-0.023720380759995763
-0.02424687794892425
-0.024382704016646328
-0.023936712835374404
-0.02382296701687239
-0.02458815362621056
-0.02460334031672781
-0.0240302687660787
-0.02399637560945563
-0.024676373561265546
-0.024885203544289726
-0.025152703061917983
-0.024551347593256685
-0.024647924641854318
-0.024447425002427716
-0.02563896278316845
-0.02480300707040738
-0.025864089317532937
-0.025516540096842413
-0.024861850445246775
-0.02510350435472902
-0.025422808731374293
-0.025905595302830233
-0.02611476774405312
-0.02598594142410564
-0.025700047221377698
-0.026329786761456916
-0.025460814863315237
-0.02592971968161484
-0.025996000709528108
-0.02598718513597846
-0.02623865126760204
-0.026545262259490048
-0.026609550231153033
-0.02718351955869517
-0.02701672897556703
-0.027103627037706413
-0.027505892368734037
-0.02652768837208186
-0.02709200045927653
-0.02761610247707039
-0.026845441329100935
-0.026917067259832464
-0.027348934694134103
-0.027928017030085895
-0.026971454216434678
-0.027097067806158365
-0.027937809342340008
-0.02811513409181114
-0.028480027316645368
-0.02732452354714754
-0.028115875412346482
-0.027804820777107754
-0.02855942365921652
-0.028350602147939906
-0.027858540401802287
-0.028424856963352445
-0.02812481392201452
-0.028706510127013984
-0.02819041573022273
-0.029112923053153952
-0.028270766735535136
-0.028418031629346578
-0.028934931095533856
-0.02901116044328113
-0.02948993190561745
-0.02926699534842529
-0.029307419253434656
-0.029718791311599147
-0.02924972033610815
-0.028998383752779792
-0.02917930294451082
-0.02957945960438907
-0.030069335307441405
-0.030024788250891898
-0.029808387567091716
-0.029538322808191977
-0.029760489328015886
-0.029690192676730124
-0.029553965529258572
-0.02972023341061037
-0.03108390872571004
-0.03106766319417801
-0.030323615169950163
-0.03133097419013265
-0.030856892546984996
-0.030063951690052087
-0.03041126792415732
-0.031489735494598596
-0.03110523708616018
-0.031581191106371274
-0.03124765902924068
-0.03145973659798028
-0.030822506010644356
-0.031689395375859394
-0.03156955316584157
-0.030913755611236517
-0.030807606553938216
-0.031050780139274533
-0.031165827872972417
-0.03233162914023611
-0.03226895638830352
-0.03207090611976312
-0.03197530398757909
-0.03201156511623727
-0.0323029046688144
-0.032710072411183545
-0.03176151424882207
-0.032691648876353285
-0.03185674530673155
-0.03165828799872373
-0.03169307897600783
-0.03201609344299061
-0.032211101177695746
-0.03279028447908792
-0.03261074702778961
-0.03234777815288018
-0.032728839324357835
-0.03288925212874672
-0.0327727784764533
-0.032368268835502444
-0.032949499525211395
-0.0333663837524155
-0.033699041023695045
-0.03251072725878637
-0.03350129541340144
-0.03309402136008509
-0.03324294573428647
-0.0330595398170775
-0.033229851513042634
-0.034133307346218084
-0.03375458212346449
-0.032917133947902855
-0.03343851529647038
-0.03376702252162495
-0.033354230492171934
-0.03385942737129899
-0.03420072610183778
-0.033461819984171415
-0.03468121448438086
-0.03446160601484882
-0.03395577704391515
-0.034492156900083844
-0.034007236291448514
-0.033860131578028384
-0.0347481138318394
-0.03489119613113858
-0.03444738396526356
-0.03372185314703872
-0.03400722772199278
-0.03522383310748413
-0.03389520668097267
-0.035146153034539315
-0.03430121870949037
-0.034983955037435566
-0.03534281486059591
-0.034912309796988866
-0.0345593978786029
-0.03446881903134196
-0.03497110372012465
-0.03435079390869628
-0.03545056465601836
-0.03453206310277599
-0.03450730384461066
-0.03471095508697356
-0.03524197862538411
-0.03443994634658111
-0.035529722402221846
-0.03532567041562759
-0.035789786158223445
-0.03569029489069853
-0.03497148717669504
-0.035684110873099
-0.035098225772596796
-0.03460978587962842
-0.03529591381262881
-0.03508007886445505
-0.03531232665355899
-0.03478481734422725
-0.03607072849468162
-0.036061757988089395
-0.03488256425634074
-0.036004374986354094
-0.03538569526407549
-0.03552229259178873
-0.035531500679392716
-0.03494404431137845
-0.035131201395155964
-0.035960879604834586
-0.03626598027236932
-0.03640326506367154
-0.03643269430291945
-0.03582551153989371
-0.03535306180064619
-0.03652731159211366
-0.03543405936424041
-0.035903157712228545
-0.035122211875693775
-0.03508355417059544
-0.03594783130661859
-0.0362538967768733
-0.035227937695114404
-0.03620367304507337
-0.036161736493764696
-0.0356049941678561
-0.03570600829087362
-0.03652318274948387
-0.035468810685508737
-0.03521375537475788
-0.035207225361175
-0.036150001536664964
-0.03523531076489196
-0.0354845115619462
-0.03617551196310133
-0.03613326965230521
-0.03567930696977533
-0.03618721695366571
-0.03541039106657161
-0.03614772231502968
-0.03548477399606891
-0.03525940323143826
-0.03619944975998162
-0.03532234143780233
-0.035292244642012346
-0.035619522166900605
-0.03550598255045203
-0.03659826820585252
-0.03658576246709226
-0.03569066411712452
-0.0353111315497675
-0.035228113662617036
-0.035345627769114166
-0.03570558079881251
-0.03555758492318702
-0.03570200216212479
-0.03620062244456308
-0.035558073796969396
-0.035611516213205734
-0.035030986530034
-0.036317080852144135
-0.035179931896760566
-0.03604258104960238
-0.0351970638153696
-0.03630250998391665
-0.03530604912669613
-0.03523307736892564
-0.03548752476818093
-0.03596692689023463
-0.03594002730565109
-0.03553510775964997
-0.03559077065413651
-0.03479768721583477
-0.035750403766988015
-0.0358313038043
-0.03599669148603931
-0.03524764857102978
-0.034532054675535884
-0.03459372838567784
-0.03553577927626185
-0.034909095060320375
-0.03447251830244255
-0.03493262018298844
-0.03451795716081093
-0.035656481322687165
-0.03525308096371886
-0.03476372221804251
-0.03520087671488835
-0.03430902231997934
-0.0340752181283403
-0.03493488687486965
-0.034658121772040335
-0.034850039074516
-0.03522224193218985
-0.03463281856090183
-0.034110154321576915
-0.03415607697123073
-0.033675432034637576
-0.03394837016955903
-0.033741698233815835
-0.034648505175322405
-0.03364979779632678
-0.03338075846449434
-0.033492284853284524
-0.03369913947206726
-0.03330051507219931
-0.03448559859121441
-0.033164093642714776
-0.034448245951342826
-0.034117919490371885
-0.03369678213677211
-0.033009199988680786
-0.03301540042171538
-0.033513251916354424
-0.03270511097837667
-0.03387312180198136
-0.03281767132935448
-0.03343444740532595
-0.032766762311918926
-0.03313789146690436
-0.032726349679511955
-0.032995926900273295
-0.03248369208801791
-0.03333974460325663
-0.032835474439297595
-0.03228886920714932
-0.03187389861669645
-0.03273093588915172
-0.033062807204448576
-0.03217362708952888
-0.032386629094911884
-0.032730220996747245
-0.031894231466722454
-0.03141720684655897
-0.032290988375962525
-0.032473477258095906
-0.03175655492142048
-0.031345941524621244
-0.030843373785529413
-0.031131836331737366
-0.03134256959089847
-0.03178658455318194
-0.0316615673911374
-0.030537389173399303
-0.03141175343229109
-0.030674012990141945
-0.030209028203339552
-0.030847112691495808
-0.030141445967873763
-0.030977865672747566
-0.030848849838451323
-0.03100625282255142
-0.03000993250016075
-0.030585396990043964
-0.02934338027213365
-0.02928024536918619
-0.030480588246981872
-0.029612440672970416
-0.029812093689663446
-0.029045788307641252
-0.02879362543702423
-0.029751856125945123
-0.02881131072653457
-0.02970118700786924
-0.028698611445589398
-0.02882436647248688
-0.0293427168074635
-0.02841287417445502
-0.02805782945697887
-0.028607871003840254
-0.028783344233837355
-0.02753371529215246
-0.0280488762462823
-0.02782426452769602
-0.027719370593812433
-0.028280156388190408
-0.027542302956275834
-0.02805069064201947
-0.026774185482297475
-0.027794371290508393
-0.02671557862448842
-0.027426462351001043
-0.0272662839215322
-0.02658609627990133
-0.025989407872569287
-0.026104621398925207
-0.026328658390889697
-0.026052735654302123
-0.026225282593930668
-0.026456496913655685
-0.025419908584387432
-0.02599148739185211
-0.025505300539870206
-0.024894187337074
-0.02589301691773083
-0.024757994418112394
-0.025504459310592354
-0.024710985414267514
-0.025536667348090708
-0.02486476808413672
-0.025020913069764925
-0.02448361418173306
-0.023929865732145294
-0.024844737027483223
-0.02471118867421177
-0.023843345015912242
-0.023674180443947986
-0.024351058278453686
-0.02324105015946692
-0.0240637835789334
-0.022981336362484533
-0.022553881820207157
-0.023636549803942287
-0.022346290247569435
-0.023073713588558854
-0.021793519573206785
-0.02169239930278357
-0.021818377342109625
-0.022380245168917224
-0.022460355335574438
-0.022267374282012115
-0.021251206357213323
-0.020724763319971105
-0.021471040473298304
-0.02168817379611709
-0.021679157086563226
-0.021067933524511476
-0.019924763360561936
-0.020138137878483484
-0.019869097969078323
-0.019745593565303792
-0.019771549370933072
-0.020065100751290005
-0.019587229312212042
-0.01943801665688489
-0.019053805971918917
-0.01936434433234022
-0.01938344016983668
-0.018639913582470437
-0.019059294803831454
-0.018491689431220766
-0.018016838059615212
-0.017639761778718493
-0.017897588226637416
-0.018050153698884224
-0.01835723267237404
-0.017740395410074085
-0.017337934867219258
-0.016671712285927176
-0.017423401178295786
-0.016757674464745173
-0.017098291799163466
-0.01631489390192533
-0.01610500461473273
-0.01670757710252476
-0.016445746633872407
-0.01615991846493062
-0.015973834097732374
-0.01586369845572262
-0.014737441912816472
-0.014961231284143374
-0.014727084966509674
-0.014122867936724268
-0.014935373701656618
-0.014143900822857415
-0.014192145927211137
-0.013975659387900227
-0.013284509814070389
-0.01331600326316613
-0.013758419576901569
-0.014196934410915256
-0.01385182227845339
-0.013091485031811801
-0.012215762204372765
-0.012241327906690164
-0.012740700482857208
-0.013093817657242959
-0.011993759683027613
-0.01276656661826669
-0.012312917838502633
-0.011203439483078986
-0.010751053960436099
-0.01056058481126458
-0.01051946752387647
-0.010325738267339011
-0.010963485232302504
-0.010609698121535623
-0.009766042537781218
-0.00994589019771006
-0.010439229590216701
-0.00988750589707953
-0.009464776765220128
-0.009601597779999884
-0.008620002363907569
-0.00934297839579466
-0.008854307725466071
-0.0089972571580207
-0.008865335907239546
-0.008148000263123324
-0.007825940922290069
-0.007807391172478147
-0.007123324850803638
-0.007809556936332149
-0.006722553381968617
-0.006811062378619163
-0.007230138100983131
-0.006676057259681466
-0.006124632962093664
-0.006941028616614558
-0.00653803651884137
-0.005705217103955451
-0.005926404420886999
-0.0054818371061501545
-0.004751475336052499
-0.005631165817532046
-0.004967658696658548
-0.004614035656095312
-0.0053003635596185475
-0.004831431749811577
-0.004922733174597793
-0.004667330141838809
-0.0036205676999672303
-0.00408802904075949
-0.003924659640740412
-0.0028284941281583585
-0.0028835614860788458
-0.0031084121971225423
-0.0033501504190403507
-0.0031260644474176585
-0.0021355468335095135
-0.0016938057464346628
-0.0013613825759483315
-0.001456273484574548
-0.0018879942658606985
-0.0015162309356437829
-0.0006666916993179954
-0.0006964991551078212
-0.00010927619083847552
-0.0006540837377168082
0.00016251156783620512
0.0003893902591663809
-0.00019930183318378356
0.0003986634181932647
0.0008540123385296842
-0.00016934451073357082
0.0004267997013159606
0.0007182686438313514
0.001019099121025241
0.001250189579818531
0.0022759939554052597
0.0020259338324459383
0.0022186016668770537
0.002332173453047196
0.001963529711321402
0.002020745120709846
0.0026944615471187097
0.00336541657285483
0.0037226812386808644
0.0035679518999573697
0.003783422442738862
0.0032512712640874494
0.003755912722606118
0.0042101703926822375
0.004877830807549526
0.004863709377460017
0.005053350156666737
0.004135296303082817
0.0046525242880555324
0.00537202590689272
0.0058841824637575766
0.005788571172314987
0.005346367096225594
0.00648740059944016
0.006859443985927698
0.006355693853535793
0.006917808781152954
0.006017404442456165
0.007490140385555944
0.007725332144897648
0.007211043779723718
0.00731043012162914
0.00789322971747106
0.008613192996810192
0.007604694564215611
0.00837940086655
0.00887520291492448
0.008488657151158367
0.009362568857583421
0.008791567667475561
0.008946049161241483
0.009877772361853169
0.009707122281841722
0.009795289604857751
0.010152639585188177
0.009496945180200238
0.010296989709660661
0.010619391104737771
0.01135824569495531
0.010979066510294991
0.010553538093148214
0.011454696340096056
0.012087924189574252
0.01176004959326426
0.012022207508212908
0.012246204183586119
0.01200231692882611
0.012320101005125723
0.013003120322943434
0.013184097239309233
0.013458374713827492
0.012491262370724114
0.01297199776859287
0.014218248297547701
0.013405535747305372
0.014272484346726818
0.01411110972075296
0.014306030628248648
0.014529281003569736
0.015050929484882316
0.014541519122663252
0.01474609414283843
0.015104266777372928
0.015324172427499493
0.015016963548666936
0.016331971349114176
0.015976073335632387
0.015643891933165472
0.016204237781577802
0.015961334267542798
0.016153219841186135
0.01650550268021749
0.01669591874083407
0.016720601381758595
0.01774289361326322
0.01803295535600349
0.017232460165652184
0.01830064748417696
0.017418926045265872
0.01771806264077174
0.018440349418000317
0.01896664033785622
0.018656015791447572
0.018972494467007304
0.018343061786400175
0.01865462731501396
0.019758209396733315
0.01901161332623655
0.019987311085363182
0.019717871280524983
0.019549416744722384
0.02000232321868671
0.020529562595413206
0.01965649412292071
0.02004977483730448
0.02125508488913414
0.021122551841688746
0.02141793834661475
0.02069168211641462
0.02110435944536381
0.02223235869709505
0.02140735949416075
0.02216656890886311
0.022310089764425993
0.02253518315293578
0.022526189834041706
0.022430047479509985
0.022333136129824998
0.02285408734549935
0.02314583961618812
0.023532362995717322
0.023914748275370785
0.02379685503475472
0.023659704457485622
0.0243174125196029
0.02336352309127161
0.024223076487117374
0.02475744965258716
0.02452361352197671
0.024706667512989597
0.025263464693863362
0.025422477948200822
0.02428967826763285
0.024841297842343655
0.025735236415504386
0.025135883602432286
0.025658784477976804
0.025234439659788693
0.026355335168695815
0.026409320525950717
0.025753117568696252
0.02562381748612717
0.02613968572202547
0.026367466293522945
0.026039386072469705
0.027014475190703283
0.027455221211750536
0.026659679856160468
0.026338666311234726
0.027468213463712185
0.02652039782524031
0.02689198208350817
0.027266234241413743
0.028081897118296874
0.02822658130975228
0.027998230493348562
0.02819127840370958
0.028185638179192063
0.02786771522863186
0.028885181581469094
0.02912791628318114
0.028142636630741846
0.02924121204204514
0.029536835238422925
0.029712442495685235
0.02909034475247647
0.028831542608732084
0.028854398987443915
0.029691817909420326
0.030268090921560513
0.029294144401892454
0.02982995797107087
0.030326763509550658
0.029844917256068713
0.03068510503475194
0.029746681905635425
0.029789906899158423
0.03032836782728176
0.030858732120153717
0.03066770772639402
0.030649543795416564
0.030198128667017696
0.03087325031022122
0.031036121551613557
0.030635406839849787
0.03175126673046472
0.03202666961484312
0.03210378247548059
0.032353716434028304
0.031341256658135745
0.031412659752523685
0.03173513440205368
0.03179258929664656
0.03250378478324566
0.032006567730377425
0.03211763856254239
0.032210018901528116
0.032419243789950446
0.033257674770342374
0.03242684279869522
0.0320771034893532
0.03289249896183558
0.03221740936472942
0.03340553544519398
0.032992912077790544
0.03308478729821783
0.032540301731587756
0.03308993536305115
0.03408796833876249
0.033467071724200145
0.034000404140474054
0.03338561333653551
0.03380377313300318
0.03307437145162237
0.03385715713358467
0.03436749101675844
0.033425303437273485
0.03457724965888768
0.03475087817707033
0.034161332461985446
0.03432282148660218
0.03502527340336239
0.034941291866100545
0.03396284770260386
0.03536983892186046
0.034900958581506054
0.03453535070373716
0.03412979721706978
0.03446661376269372
0.034753189554207926
0.03548261431168089
0.035335257540248764
0.034542994150142226
0.03499808069079068
0.03465106625570856
0.035001084696176264
0.03479293958228904
0.03500340515558569
0.035427601659430014
0.03504866478977653
0.03585072155044054
0.03514585931743877
0.03499147655397101
0.03535525628151004
0.03652464099491273
0.03645735323266936
0.03554745377853595
0.03545399888423121
0.036278562903781904
0.03607668229500341
0.036112196618518
0.03643929751994631
0.036798745683774156
0.0366150664303885
0.03638865025601162
0.03678841898358893
0.03688410299873087
0.036821250688718936
0.035726552126461066
0.036413454850597056
0.03608531105554183
0.03593975767874043
0.03719526914683124
0.03592114011460287
0.03684652126586408
0.03709447452166391
0.03729838963423537
0.03644861800842559
0.03731274702810438
0.03669514642942725
0.03640687331106161
0.03748201650316106
0.03695519823699003
0.036747807614979686
0.03659667883819667
0.036295459585957174
0.036385172276954224
0.0362793319565223
0.03667993604211817
0.03680468968578563
0.037079681062462976
0.03656254884388683
0.037034914564946994
0.03770861004011056
0.03762506182589384
0.036710140655657975
0.036977227157840555
0.03702026991083886
0.03746418955573237
0.03777742087179779
0.03678047721032171
0.03769554809488334
0.03665465649186812
0.037140367065995133
0.03781636572491989
0.037283768368405745
0.03723313023872511
0.036625221203988416
0.036854556248745916
0.037577909727787094
0.03698181437285901
0.03760221229793882
0.03775397439295785
0.03764801928449527
0.03745092088202867
0.03745698010138157
0.037462112654219906
0.037552623550095025
0.037737644924258684
0.03707505681449528
0.03678306449480235
0.03674838282102549
0.03740943788976829
0.037972142605226765
0.03751792234741127
0.0370344912274291
0.03794446153615126
0.03729845053654303
0.03653745096094564
0.03741046353872408
0.036616815830498764
0.037427789801883236
0.03762323061357801
0.03700309822078683
0.036743551160560786
0.03696569361766645
0.037079712015070605
0.03658859724991513
0.03783037708080896
0.03746889174702142
0.03710708669506367
0.03741796244067152
0.037694309890307434
0.03707500011577195
0.037386126329111175
0.03650233084354291
0.03739997577081508
0.03723645620815088
0.03710163268974498
0.03650016634792463
0.036832347198470484
0.03665988434957992
0.03663957757434294
0.03656782810131394
0.03654847206636082
0.03716249853057421
0.037325564367351224
0.03657189092287343
0.03664416779141461
0.03640185425436787
0.036529074413037994
0.03666683290221699
0.037090514594033716
0.03584710378429533
0.0363732529295433
0.03580415798644663
0.036531985185543514
0.03580974757858713
0.03590487193327261
0.03557720077615714
0.03595557106180643
0.03588633790798367
0.03671436240448539
0.03579373187553337
0.03543350415111794
0.03666857860099024
0.03661787631972235
0.03674075176757778
0.036343108430936154
0.035772038219320276
0.03625222252550472
0.03607710016786261
0.03542679314255022
0.03585905060774877
0.03553990650304915
0.03522301580944259
0.035621440963075596
0.03603691811887079
0.035113312184299646
0.0361159628824286
0.03467164687529008
0.03591597137079955
0.03455226786584139
0.03548783801516262
0.03494873445463656
0.034729571101542886
0.03453457999043514
0.0350703251438194
0.034746186620432
0.03474709517206515
0.03500844214863571
0.03493881460170133
0.03543270449295753
0.03446375916064442
0.03403025369412204
0.03398613736420798
0.03506697089100059
0.034665404991680616
0.03481794542799456
0.03376078157200301
0.03359369857876746
0.034903538841303906
0.033684184524161914
0.03394138901026498
0.03452798812274486
0.0336028377514568
0.03376054526720465
0.03351339201498135
0.033723463101515125
0.03441931666623876
0.033022770892083164
0.03378604032589732
0.03377391932735664
0.032828597528548546
0.034010022915076925
0.03380876064070197
0.03356673332085535
0.032792082399844914
0.033772894699116686
0.03298123411412105
0.033536485440061554
0.03311228625428778
0.0335797807087906
0.03231452441266763
0.032991294831355565
0.0331153351156885
0.03212337987203958
0.03280922660285959
0.03195456449966825
0.03183207275329052
0.03169436387796465
0.03195269477643694
0.03287834411709286
0.03191551605991776
0.03242894838042708
0.032063262160179434
0.03244404219761042
0.031831945748733693
0.03174804516751787
0.031025900251719744
0.03210047087768118
0.03175490996943978
0.031042879216429
0.03198598719884336
0.0315435941908714
0.031148878923355577
0.030604439211500044
0.030741834259641835
0.03096041346339209
0.030688146946077438
0.03137321646546621
0.031426877367492126
0.03018326169472939
0.030077923637656163
0.02995155455950452
0.03087478763726387
0.030443313211632978
0.030151817754231248
0.030612908157315204
0.03052404347035904
0.029949092276781247
0.030211358602004617
0.029542184118845922
0.030565272445017447
0.030551219607878197
0.029766110767649116
0.030303054475610276
0.029147609390075286
0.029836018820760642
0.03013802582284765
0.029671912789696976
0.029155550277752802
0.028834015964845063
0.02880608704036718
0.029701324934791398
0.028897034823719213
0.028209367920141917
0.02940824311146794
0.028865702400003426
0.028475556349354204
0.02780372889567246
0.02875373108926891
0.028387236379113327
0.02766918649443332
0.028041940547281163
0.027713267681354795
0.02771752581136127
0.027729898198962922
0.02848199869973944
0.02757767120058867
0.027033774729974418
0.027517624721332724
0.02678828902150612
0.02668967358346734
0.027847092845408098
0.026698018429522245
0.027484761852410527
0.02736673994684034
0.0271367257715184
0.027196440835911485
0.026125705391439102
0.026555969150087552
0.026346402068407243
0.02656284108130829
0.026426673804738558
0.02705393502888958
0.025635886394009454
0.026931744908196102
0.02665677587425219
0.02635515890108381
0.02659100211372668
0.026539570120470365
0.026473703522285248
0.025806774563500643
0.02546483290404312
0.025793555077377912
0.024744480074360083
0.026087332703344582
0.0256048618487304
0.024906882451006234
0.024535919243759776
0.025236859106510568
0.02464378553812405
0.025360243354370142
0.02450577419309439
0.02517152125631131
0.025145644262762498
0.024036029813073553
0.02375437361342508
0.023662253543851233
0.024837868427474444
0.024222252917535884
0.02419376820646617
0.02338848855903248
0.023536510039060463
0.02392302731905511
0.02423925239624788
0.023537504328967628
0.023845338719726605
0.022755042955177374
0.023634026465180518
0.022852239970600593
0.02368382790478321
0.022943961219684676
0.022416534900403167
0.023677255933962006
0.022791555912851497
0.023264813349014982
0.02302190553735966
0.02280491232710274
0.0231659988686728
0.021796748585911657
0.022479333189143236
0.022230648306632902
0.021958888029386135
0.02130963517671772
0.022140222281920013
0.021237749106589685
0.02177441580908743
0.022472454144731722
0.021218049954226503
0.020803944891543896
0.021670903553231202
0.021712436534722112
0.0220004603211815
0.02196044102110821
0.020804073288565747
0.02172412479117413
0.020613981409358727
0.021578833711022972
0.020391508522586834
0.021203335775161408
0.020356091820180534
0.02043790970452982
0.020325927990733274
0.02029784575790119
0.019735456098974778
0.019974980361256597
0.01995637370930612
0.01944407559937563
0.019380648454924324
0.019660899248311308
0.02020939179210928
0.019170022794071092
0.02034504758628221
0.01886710500462279
0.019092013677736955
0.01924257862947134
0.018707780855884974
0.019620190811672978
0.018411386903864135
0.018649271472766817
0.019663360909189995
0.018494970943154797
0.019308145038463405
0.018058050359702177
0.019343398040891583
0.019069986064609204
0.017760551259678774
0.017665841827846793
0.017539880342534633
0.018817953120534428
0.017432922235178394
0.018439741279637156
0.018564442399862227
0.01753871631568393
0.018141323017688896
0.017442728040475617
0.01724659105711594
0.018029704644863864
0.01731756031333385
0.017479230045715773
0.01798025653687734
0.01664505978988739
0.016520510287009665
0.016826108458142353
0.016259025971115077
0.016274012880227808
0.01706910707228319
0.017276751670816822
0.01598539740630796
0.01669559556582155
0.01582196879737809
0.016700034358716698
0.017018005651055827
0.01583099539007782
0.0162123114647748
0.01549067034228808
0.01569096101776952
0.015943162618575677
0.015409472691851512
0.015317254438704343
0.016393310146728443
0.016181226779819258
0.016245984632081746
0.01614579587322701
0.01543054420275042
0.015643719160021524
0.014994432361410456
0.014856859222649009
0.014655853864215437
0.014363809743005733
0.014631543930278166
0.015685020275452703
0.014902603420993732
0.014177518015292842
0.01487083216638095
0.015103361419161448
0.014461727225896528
0.013755144997897203
0.013820518338990048
0.01423017760244672
0.014939829186988112
0.014803780935986558
0.014398983830414106
0.013433594947673773
0.01473736634188633
0.013282308012602367
0.013949715447743904
0.014309839089034267
0.013849227211590036
0.013966667171904031
0.012889935811236486
0.013389790909503785
0.012916540629234013
0.013777875183835943
0.013354518579178364
0.013140751897807515
0.013001782335053554
0.013726043097473656
0.013156128927742662
0.012707985123348446
0.012892529214143019
0.012532656008823546
0.0130550234134694
0.012634508336048905
0.012969696176957765
0.01255848325406147
0.012279215124826806
0.012612811198232201
0.012823718412560157
0.0119606723941943
0.012270517644100372
0.011524421586177542
0.012575453458795105
0.012593024997189466
0.011896834367517949
0.0116468036440807
0.012160435984197011
0.01109880437790654
0.011007525176883078
0.011241532442119529
0.01220466508363601
0.011298831695047962
0.011181303808604734
0.011319195686999746
0.012070708343271364
0.010979916650279215
0.011357972737427915
0.010406368017210647
0.011673634758791938
0.011726731757799026
0.011164164992278002
0.011382007652658168
0.010142297389706465
0.010384508864096455
0.011088575386731206
0.01131309837438705
0.010477016272101179
0.011003903267508898
0.009950397275934084
0.01092045539161945
0.010076664917472396
0.01104432394595774
0.009605943621583053
0.009651433989912408
0.010508299531705453
0.00936758780578486
0.01042583629726723
0.00966858298643244
0.00935546653920821
0.00983123750668274
0.00910397627217801
0.009379438795565135
0.00977777611250601
0.010318417200390624
0.009068493965643949
0.01008330061058769
0.009035823750201014
0.010015897111983437
0.008906585916239365
0.008866575772353518
0.009611716081984625
0.008815692201531082
0.009650711853803841
0.009771514265357033
0.009681448901508922
0.008650480859818312
0.00868745537170061
0.009543554660264967
0.008880827248623725
0.009491897607509948
0.008911285752063987
0.00825496581051972
0.007956452959487059
0.008717071785053442
0.009083280789719029
0.008178903105428568
0.009101203039860123
0.008958002389336622
0.00772300548894461
0.008156123546730292
0.007633471793019428
0.008415877221836583
0.007603187354544373
0.008016478939562463
0.007518538032720319
0.008128322645525958
0.008267542744850242
0.007210936338307848
0.008449595416436513
0.008118875655390363
0.007439508244750648
0.007402346542690171
0.007948432487106584
0.0074226341787151755
0.007355890257971527
0.00740137687159909
0.007007311236348072
0.007386953025810697
0.0072841387263540445
0.006940142099646592
0.006844636216876873
0.007553985098551367
0.006847762037701059
0.0075941943041642245
0.007403117413807227
0.006479255952817468
0.007661501426993861
0.00674542582986792
0.006433685153420786
0.007582744531620808
0.006410573231753806
0.006347128777435416
0.007359991919411368
0.007046903083398182
0.006539070769970986
0.006495442764914266
0.006207027828388062
0.0059280769445695875
0.007029384529815895
0.0057958057867215414
0.007183933088673997
0.006029328528952075
0.00577503157654062
0.0063247284583519015
0.006323877636777997
0.0066998985092417895
0.005475455786723582
0.005956023223486356
0.005629489988846043
0.005619837291246287
0.006367857135928176
0.005476363009450535
0.005302029052705534
0.006655815559035665
0.006329732341939722
0.005855355031417285
0.005271803844207284
0.0061369873825117055
0.005356601563529843
0.004984471408628505
0.005578269146775433
0.004952948396704879
0.004976191971511657
0.00631871781830474
0.005846462923393693
0.005259417697609912
0.0052901081565794005
0.005636767897302257
0.005467808377748198
0.005939446828770477
0.005842588322864971
0.0048358344184590615
0.00463683151431192
0.004592878872555667
0.004902260173951482
0.004573286903577453
0.005085622446150825
0.005553234738477765
0.005119671151183128
0.004695995415911436
0.004395635661556763
0.004865842108650172
0.005035499784228054
0.004546814770002122
0.005480357769597645
0.004478248673421862
0.0054329241840788516
0.0052929891218004765
0.005031184988305961
0.00515782490009189
0.0046509261695937484
0.004595185805102639
0.005195539744303363
0.0049831417877895315
0.0051230406043304
0.004431136368711765
0.0038227885707936087
0.003968743760965332
0.0051935454311845914
0.0038318525415788987
0.004822987556889792
0.004865422479475391
0.004261964260223946
0.0044817909965789845
0.004210711653753902
0.004427638582708295
0.0038902776719227637
0.004203313187635673
0.0035038441198246093
0.0038669897532308717
0.004576402639691601
0.003603155047031861
0.004658456973347592
0.003796609058881204
0.0038978694820666444
0.003580661033842202
0.004491319604958732
0.003466817329941544
0.004189948396541084
0.004325040433149908
0.003966996636474735
0.00441026305077775
0.004232605337584383
0.004225110203961041
0.0037942580411476144
0.0036020740012830186
0.0036047445947923495
0.003141499162689963
0.0036559983960093535
0.003385297976997322
0.004040858697772735
0.004355846156689863
0.004232371199985159
0.0036822609135255726
0.002828958017542829
0.0029668733853380957
0.0031713531179633505
0.00352517900779404
0.0030446410618738327
0.003854864662318199
0.0035052811312359404
0.00329375292811006
0.003130349774353317
0.002598425259900121
0.003391759676722081
0.00338814334275072
0.003372838103878221
0.003790799966018047
0.002744691748736829
0.0030643253155177665
0.00282596104656062
0.002593470946150189
0.0026311610173264284
0.0031976641994430834
0.0035737383911978175
0.0026490821958201362
