0
0.036408486193062466
0.08384757719730127
0.07412355462548542
0.0663663997915328
0.07087093379791014
0.012091204120239583
0.027808834298408462
-0.005813887911833153
0.009272304218331404
-0.000628436699577916
0.04983125683863387
0.0812305924998112
-0.006561734977549163
0.0532937741379671
0.05031765562489557
0.0742820690680305
0.015100626427270905
0.06553904396782706
0.0038509936428570354
0.04577654750742398
0.05143227672802337
-0.0015969002683173944
0.029492755632100184
0.06584037116087985
0.03869317343317874
0.06582432122401913
0.07543292574297131
0.03434633739987025
0.07740706068126041
0.07217759348930554
0.01804364886557841
-0.016535422201120514
0.038791528564807456
0.06498377057837673
-0.010692237867900387
0.0633015662459579
0.04831940100242356
0.013191466829831747
0.06249955515352737
-0.014597433328484673
0.07733429108763343
0.04746915801879374
0.00777400262009767
0.021556188854471043
-0.016712557125330364
-0.010466263760096614
0.06378143099920731
0.0008584347979186391
0.0029983170700646766
0.034765575738074816
-0.008025067153721276
0.041899142207924636
0.010774021191009318
-0.005593002415686509
-0.011802207304868643
0.04907158214883976
0.040301567683096104
0.009782015512358935
0.00869823178135774
0.03752651018033647
-0.02501813958452631
-0.0016068566549386869
-0.0004953314105531036
0.026727814978126204
0.044020946995199
0.014797177138966118
0.055704195069815235
0.03958728729209629
0.0515410874102582
0.05970061918031735
0.022028322344998883
0.06893398084968688
0.010456717925701936
0.021140483853895574
0.02003678629099522
-0.019221545130913058
0.060590882537817636
-0.015579539874032575
-0.012021984525912691
0.00513830692442652
0.0558700023301919
0.01373934465040115
0.01083312316266738
0.057496843164596065
0.023118000858353752
0.06366703030496176
0.024990184467470488
0.024387422756132794
0.05627797215507344
-0.022955398439788076
0.03396126470954678
0.002130477899267451
0.0010805871109608178
0.06132374925619265
0.043167077426882236
0.0088195241023407
-0.032052487607190316
0.036951521331590874
0.02523421734555533
-0.022164908671585055
0.046314621628686624
0.061947593303708325
0.036157257041658245
0.0018130553751344591
0.009125450146922807
0.023877227982856908
0.045127940551059974
-0.03389184686326663
-0.021097719280466703
7.87320005123382e-05
-0.03076502866202654
-0.013063220298844554
0.003466672187382447
0.020531029105844263
-0.03638137734328484
0.00895289119495956
0.036702840994399355
0.010222015134294798
-0.03141672300165216
-0.0233250249622321
-0.007334073246668779
-0.001113405941094027
-0.0036377226097535284
0.008710840823735286
-0.007388701717314816
0.0017406319429109016
-0.027245408849000854
0.020530740592188103
-0.01347432139480681
-0.04136554917241058
0.01694078949705114
-0.040390687625562444
0.027233459327285
0.041214685467057
0.01739854145047206
-0.007305452605702499
0.04541472184151474
-0.026967609416496268
0.03307868867387733
-0.03902827558730947
-0.03612979675018848
-0.03540551821577654
0.013313732502490856
0.03235145439343972
-0.01647051793843957
-0.03072584919755416
0.0201183879988883
-0.03656976062845775
0.0012197630835531978
0.03217110082534105
0.02388817621466135
-0.003064984028804993
-0.03700085014345077
-0.04465248043880366
-0.04141279588439659
-0.028637621472084242
0.02788648396163331
-0.023944486592668172
-0.023630118948947648
0.017833384166102195
0.02723630711217606
-0.024507602951355865
0.04635942625778854
-0.024944027458267105
0.019617962923423236
-0.038872594469859835
0.027603726731811266
0.027227550851633496
-0.010998831792921493
-0.03286589247069935
-0.0019660693100809618
-0.03982037627016177
0.012667196007814865
0.004230082989789302
-0.017949614007002464
0.006184233080137075
-0.027847639054054678
-0.01237822291390707
-0.02855957615997308
0.0024749309051120133
-0.04248753919697612
0.041051109902654113
0.0015846012180628921
-0.04752821273203669
-0.006844415192985759
-0.009429756019193929
-0.03948377192741709
0.003744547808082921
0.02209079196179413
0.02695267606927952
-0.0034101494260490584
-0.026911889691176513
-0.057893003380556037
-0.009824855204866409
-0.05128457202904468
0.03545204666389584
-0.05608722979519009
0.022804058251677736
0.009957884185297597
0.007138269083451693
0.0028575196695211774
-0.01619232937925221
-0.014929209664772985
-0.037604404420871665
0.01568389511707248
-0.060611545223201786
0.019930969312062508
0.015174347773595859
0.02016191892069534
-0.03538250894252864
-0.06382325732152218
0.02382443336824154
-0.02986825948522792
-0.00707436755050686
-0.03593456821377549
-0.05486213001330946
-0.06045391928771254
0.0201108941695258
0.01960619281354556
-0.03317043551558241
-0.016881200249263865
-0.010865817959050034
-0.04224800156207554
-0.06633945170071019
-0.04859589420330584
-0.012482527474108107
0.0037782216891804055
0.018771415275160214
-0.026065503533995567
-0.003248440247857337
-0.02037200365214513
0.013956433083373701
-0.004559544075259103
-0.04420529063503926
0.010690832035166214
-0.007168052660042057
-0.06161461666429173
-0.06725347404019293
-0.00852263801965128
-0.03225205724641965
0.0021373077260572887
0.0001738241686719405
-0.018856928698622044
0.015315476668536235
-0.030149288203942422
-0.0011224302346581755
-0.06046816423411715
-0.04019185520846307
-0.058385821331330655
0.0038610853193562084
-0.06262685273400107
-0.02923558241596709
-0.028578278222618464
-0.00521078062309667
-0.07411687886285666
-0.0005331659250610021
-0.02191184449802913
-0.07401625631901973
-0.015976514645844472
-0.07713674689378061
-0.00010519212028775593
-0.04717598200776579
-0.06492947975139823
0.0020086124554283963
-0.0524847189094365
-0.064856117123454
-0.009742257614750768
-0.08623627394556138
-0.022977486050761747
0.0005328835247913749
-0.013508981735333561
-0.03913338223356309
-0.05175187843631718
-0.02364514857159128
-0.04727379500963368
-0.061119938537197355
-0.013868635551478062
-0.023040318109833507
-0.008552470221878244
-0.008764794670495638
-0.09297528999993074
-0.05419463333193865
-0.08853553707604121
-0.07387552191424414
-0.00490825289927109
-0.10171802696884456
-0.042685006806362946
-0.09207573169290104
-0.07875233989504037
-0.014098726580897836
-0.053430834899818085
-0.04154961846679736
-0.07284263981678483
-0.10605411025922296
-0.0642131704812226
-0.02991551331069084
-0.08166674903865008
-0.03999839151238416
-0.034190648606978416
-0.039316322159628866
-0.01973420272264334
-0.05967723491703438
-0.08069180276160251
-0.10553980388622668
-0.08846035680340089
-0.06490519839534184
-0.1081572817862032
-0.05515715264667196
-0.04360247179141531
-0.08147174858838019
-0.10338835732474617
-0.08527120214463421
-0.07472198530328807
-0.03095934014909764
-0.0596183387829504
-0.03818640948567459
-0.0490887496446088
-0.07998067878044704
-0.07659270158214773
-0.048999194712724736
-0.023506154594185966
-0.04361616842953121
-0.03286409422822516
-0.08700748257388181
-0.07070979420117923
-0.04962129596717768
-0.067219908611128
-0.10675667295118232
-0.12096884154685415
-0.0861687113096275
-0.07040983705632584
-0.0905616304503063
-0.08171705648181767
-0.07257545982730408
-0.050461610284257
-0.03782279393646852
-0.09845995774157064
-0.06794015827429976
-0.09630459302399857
-0.06295399437906571
-0.06290506156487956
-0.12053972461978026
-0.05399870511686025
-0.11039004342122699
-0.07211997027298248
-0.06278372790444606
-0.08804462854695749
-0.10499878478859426
-0.12150182128024342
-0.07048682535837472
-0.09209607291915771
-0.05913937877901515
-0.08082358344074231
-0.0552337039770676
-0.14104778421827777
-0.12375692609541701
-0.11234345938769605
-0.12107233973680416
-0.09035874742199339
-0.13188409747488433
-0.12018311611270685
-0.07284863914419913
-0.10078321418589392
-0.05704774401031401
-0.07405119722107789
-0.13064145031078409
-0.060657154873968014
-0.14350394464964886
-0.06586666624006168
-0.09447208037572712
-0.0759663310275192
-0.12670534726168264
-0.13809998207242072
-0.08811589293664862
-0.09485314515182904
-0.1472558190717396
-0.12563990256205065
-0.14377675234138518
-0.10786198032086308
-0.10522199371137858
-0.15599870075713637
-0.1370296625308583
-0.11647745070440606
-0.1507651215956399
-0.1109676219765594
-0.06937554754508296
-0.10650004534635563
-0.06612371425449147
-0.15791419832643797
-0.15981601541200743
-0.11682513298374994
-0.14957580264624112
-0.11179625453752412
-0.09008950925617473
-0.10580609778685005
-0.16141839106611972
-0.1553645117023599
-0.12965645572334245
-0.06790388437974715
-0.14352299149953002
-0.08071616069908241
-0.08121717720074485
-0.16488037451586982
-0.10991337918229394
-0.14369461308044654
-0.07295076764845414
-0.08557546715198332
-0.124941572777723
-0.1283615414717034
-0.1566588289806557
-0.1389229298081461
-0.17173274626497134
-0.14933236399697175
-0.15451891736318193
-0.15120963502020543
-0.15688156364835648
-0.0993724087565738
-0.15090319217076162
-0.13313974994778652
-0.10450119503267909
-0.1613126609803419
-0.16322265094453428
-0.08947719769643159
-0.14831402379096037
-0.13255466546540223
-0.09833328175478089
-0.104095719949397
-0.15709919111337786
-0.11320299946038212
-0.13538924821219706
-0.10477848579610098
-0.15927990028133537
-0.13348144528268358
-0.17544372543556863
-0.10597312487714967
-0.18568295507567015
-0.11767181659784762
-0.11439063060533615
-0.12411583256706263
-0.17998210205896872
-0.17594338302480095
-0.14949513718293136
-0.18542572786960054
-0.162915858464115
-0.1734472341884007
-0.1261366562786931
-0.15745988667415717
-0.10514241444556645
-0.13822108697198054
-0.192671324584789
-0.13304181988635938
-0.15140693728544008
-0.12769287951044844
-0.139218307097072
-0.17814113877690002
-0.1434591870041177
-0.10978552235111902
-0.12210481760455708
-0.15472511276666573
-0.1025157825467585
-0.13546499496112285
-0.19227844195453783
-0.16294272597772277
-0.17230508693114588
-0.19725702402609346
-0.19161308211319486
-0.15633690151865778
-0.13455064242586373
-0.18400213137779567
-0.13024871684747952
-0.18978063127754755
-0.18904252663842216
-0.1931212848345207
-0.204097251071094
-0.19913675834281128
-0.17138937930751372
-0.17875625715715462
-0.13567355256847058
-0.19979789283032381
-0.19311507911809825
-0.14386982335679388
-0.1882847336334836
-0.1917941385051883
-0.2113456527478383
-0.1721211072199652
-0.19368149616964414
-0.14379152537494805
-0.15798807655812924
-0.13996925134133914
-0.13951700371595405
-0.14765676146817908
-0.1529063206760583
-0.1767111405636595
-0.16833269249069235
-0.2030976935435383
-0.1510148386323082
-0.1904050476965529
-0.1610280400075316
-0.1508343865312693
-0.2112946245012022
-0.21519003527296462
-0.214841372874868
-0.12299364563061461
-0.13262985969995522
-0.17913732113892303
-0.18263845004508605
-0.14969497959295053
-0.13212857151567373
-0.22059042774327314
-0.21715370197592432
-0.20085788472097332
-0.16956995185181648
-0.15768270779770033
-0.21695201273699108
-0.19717586113497634
-0.20529281743780853
-0.17121511474371268
-0.1311323720588886
-0.19163190035413624
-0.21894300479727793
-0.1828293703835372
-0.17773303920337413
-0.20058431554441117
-0.19594551077034222
-0.21396589188622703
-0.14036982791730768
-0.18344573372603604
-0.20218406309645137
-0.14675136177509185
-0.18252486967707765
-0.16384568584693163
-0.16507334733419565
-0.1509256275633874
-0.13306733688264877
-0.14750600590726878
-0.19220596383997576
-0.14556404305879272
-0.2211837824066675
-0.1801395709684363
-0.18151377979716515
-0.16051593844615628
-0.17866442780184594
-0.17423559474527883
-0.14968733481639138
-0.1621219269865798
-0.20405979864194568
-0.1939719335089266
-0.19252960685108345
-0.1631188745731737
-0.20534481882570932
-0.14889690475453676
-0.14352929013042498
-0.17825283896932181
-0.20153749751872438
-0.18797786163884753
-0.20902876789081096
-0.16899809279960193
-0.1379332221059245
-0.15231804072992758
-0.17916661492170272
-0.2026342207342513
-0.19455933213525028
-0.20874689604005583
-0.2088964780627342
-0.19896243078716128
-0.16459657201223554
-0.1411872436621274
-0.2014919773154854
-0.18894793027705162
-0.22725203089229135
-0.23971696894859792
-0.2108885965730443
-0.2087500500884509
-0.1415577338541036
-0.15307139966615943
-0.15477234540213386
-0.22677211536762049
-0.14988227253206865
-0.15659191392075844
-0.23213159880764342
-0.1627457569837151
-0.188673207112263
-0.1850376902681639
-0.194016902401026
-0.1593649414939122
-0.22454517450327333
-0.18383306515249875
-0.16355129267044927
-0.1607069999020847
-0.14631556838289417
-0.20533072342147587
-0.2175244672100317
-0.2059731255737675
-0.15386481225763127
-0.16995447359072646
-0.2400411874985557
-0.23357326103459466
-0.16127710070756357
-0.16416696863529245
-0.20163893131186755
-0.15562805865021667
-0.24063890646656155
-0.15221696628503018
-0.14794780091743767
-0.23447313061695754
-0.16256120074491032
-0.1912004819342981
-0.14309376650131098
-0.22243453366334126
-0.18679236619070044
-0.19561035663293092
-0.1628477193144371
-0.23788172538560007
-0.196581417352835
-0.21083364498577792
-0.20715877377044553
-0.22423772372476358
-0.18019889661093602
-0.17844557773714992
-0.15955347895899824
-0.15313057360706306
-0.17354472205259058
-0.16494561593777293
-0.22067015841305102
-0.15740203509094128
-0.16197037158902028
-0.21093718272524808
-0.17189832843051434
-0.23640421195322298
-0.2125145857406716
-0.23727913059076552
-0.18026490996268907
-0.23338332507179432
-0.21752551008860146
-0.2231452923958772
-0.21383399594894742
-0.17776182715400607
-0.19462704355615223
-0.14385670667792483
-0.1753558080422588
-0.17565130725656614
-0.219999456209042
-0.1484051099297724
-0.16317582196969782
-0.22084219610562647
-0.23037945394904144
-0.20824559502556278
-0.20411495139472693
-0.18878304838116328
-0.18817564643728582
-0.15883392102735544
-0.2185986025410396
-0.19618746099973414
-0.17410082835111568
-0.1737253569714704
-0.15406442598412776
-0.22827568693322636
-0.20186402415162646
-0.16985069530121688
-0.15752143510932168
-0.23175185151784047
-0.19976397681819535
-0.19028201963071503
-0.19518991046352402
-0.15296685820832165
-0.22072589558214742
-0.18950070239258499
-0.17155166454215695
-0.22281878400607852
-0.21999535322547248
-0.18650026653315543
-0.13123556962602767
-0.19345364541221327
-0.17858117173320232
-0.22399679920924226
-0.15067451838392454
-0.13981820427367697
-0.1643236256942423
-0.16994861425453672
-0.17300820644494086
-0.14580887884554405
-0.22080282967207326
-0.21833046634583558
-0.15686923018756438
-0.16919895636825596
-0.2130306673998492
-0.21773138784253723
-0.21034115541231624
-0.20252876551213805
-0.1800929711507809
-0.14381592273149457
-0.17160189942653203
-0.2180346789798771
-0.2168284125928352
-0.15322350586649333
-0.16264425765681603
-0.1427330120461379
-0.17457681580770484
-0.14850754929901772
-0.17496416901218476
-0.17857253435249912
-0.17321375646048998
-0.12413770076508249
-0.16302206778247538
-0.15381682331695073
-0.16234997837811513
-0.17466821335131094
-0.19604010754650117
-0.20362224436312584
-0.19825287777038872
-0.16616543222451466
-0.12954281423967884
-0.16504900987831295
-0.20103792334571158
-0.18706853462407846
-0.20078622556248768
-0.1226395405002351
-0.17944566096175857
-0.15053348279706275
-0.15275714304438603
-0.1888985406037561
-0.11441901243787811
-0.14554986300301964
-0.11538664006471133
-0.10613930212092
-0.11076698162737973
-0.11384744588048928
-0.10634311092946425
-0.15889229025067317
-0.16717748439013658
-0.16125289864649062
-0.13343818029384458
-0.1425810124504699
-0.10048693150654284
-0.11211056068078196
-0.1288994419255263
-0.1801339396620518
-0.10579445573589044
-0.12758510825669508
-0.14994097565718434
-0.09602393761683557
-0.1301992440249398
-0.10513895267060028
-0.13888606760076466
-0.1779481974943403
-0.15574720143174323
-0.16566331837111967
-0.1196111270636133
-0.08593188951171944
-0.13466418096814245
-0.12675143893838878
-0.18059544134001146
-0.17859282446649508
-0.16281645554906826
-0.1386076990925626
-0.0926026217405989
-0.1597429508642522
-0.11237783781717295
-0.11689855919977185
-0.0855475313960542
-0.09539717752535724
-0.10922309862520377
-0.11000573263774727
-0.1089825371041633
-0.14694129538360887
-0.09238155454386573
-0.08445925605369879
-0.08244762921620954
-0.0787542112301073
-0.08259277683351672
-0.15458951105126115
-0.10451587134481859
-0.1538091679810647
-0.10242944011809146
-0.15029319662149324
-0.11802605072302422
-0.1359731792562492
-0.08734431673256078
-0.13521853856205457
-0.12002101428144105
-0.1115439834087609
-0.06502390898959204
-0.07943525862401257
-0.13516914735584173
-0.13371790314102064
-0.14176032379651274
-0.07583575496292153
-0.10510301607840455
-0.07812532939054208
-0.14508105118979742
-0.07856680593142891
-0.14326337918514787
-0.12265256302520332
-0.10000052590670663
-0.06952020894140223
-0.08351641526200346
-0.12581385733783165
-0.042168565365044805
-0.1284721435154994
-0.07428031752398634
-0.07028349950601995
-0.054091308756232484
-0.08234072989470814
-0.11705147281857461
-0.10784014511345864
-0.08650627579450754
-0.12257315255953842
-0.07830611383467818
-0.07617709191816685
-0.09896988482899297
-0.051295491013485045
-0.0775958231393633
-0.03236619107864319
-0.1104389191186621
-0.06811396780589044
-0.021088847971378513
-0.051293209558951336
-0.022634172282195872
-0.06821117386496398
-0.09235852355528315
-0.014999033211216053
-0.04125356362704659
-0.09722556315139269
-0.10552423024935087
-0.009784251376090111
-0.05544992551342812
-0.07540546246458213
-0.08133959997531674
-0.06415883588391144
-0.016082242197806365
-0.05708346917959381
-0.013483035924028886
-0.031084214634461413
-0.07264757608660516
-0.08363769659244369
-0.018659764748906182
-0.06002600559347104
-0.057516258201862715
-0.0752824100140893
-0.03847940351160539
-0.03431624627419189
0.006724612726805204
-0.016605690933822026
-0.07705996236384254
-0.025656637483521413
-0.028338339712053823
0.0033281834972872376
-0.07648035382149312
-0.0482438796953012
-0.020751581656507652
-0.04921433597117389
-0.07476368079010903
-0.03780496898521561
-0.06387993941293127
0.025727991825326688
0.022122055738342347
-0.0673180532097385
0.00989557734080565
-0.030209202144343306
-0.02161107639120219
-0.030268021532677783
0.022111475344110315
0.006441669898608407
-0.056504295579259206
-0.00673371908769399
-0.05008798673552271
-0.055044814872167946
-0.04986090856445602
0.015502413417523071
-0.032782848862447145
0.03882184161179067
0.04281648727927574
-0.009939869032032443
0.03318946763396773
-0.021078894242582236
0.02592864966506126
-0.01738712684000477
-0.03530072825001147
-0.005352485939818824
0.049216188070062936
-0.016296147270176038
0.03487293354188299
0.02663688948529961
0.004577504682521945
0.049316054505207915
-0.021066851383341502
-0.005769094840348363
0.045345490566261484
-0.018643130852682245
0.06932919339585905
0.01946863929909845
0.021205272205849775
0.06257551352352868
0.07527607119712308
0.032406132216455996
0.06687137728084284
0.046599417957403466
0.03350982648316342
-0.0008321147335887159
0.018698341962523134
0.0728824681871244
0.07728921410135774
-0.0004981122305815072
0.05502441056678205
0.038310047311503725
0.050877766024109206
0.09021256096896291
0.03708775912332651
0.05037889093503017
0.039070786132820064
0.03981668939298899
0.02341042002267361
0.08537228520232473
0.026771069448072362
0.03514829456616672
0.04894986584000681
0.07165860251301465
0.09695455514352426
0.02928786093767044
0.014259708264620216
0.08309705167531915
0.0710556498124668
0.06885319998995448
0.11173539592204429
0.09537278502692728
0.04450856814452912
0.09724350092467017
0.02720075380048175
0.04721206199071318
0.0914316767802812
0.06139381959085366
0.11291155507530823
0.09677977485016043
0.09790355474042334
0.10094247725184782
0.08778739394644261
0.11902462525356557
0.035172546269648566
0.12763819588153236
0.050759804400381484
0.062029850011632776
0.09685837381092283
0.13038846347501162
0.11094646850338521
0.08563500803412594
0.10352641511293004
0.0961638135313366
0.10600103119938856
0.13961938757503384
0.05828629696474516
0.056075672103330726
0.07250991184661792
0.12243334573498187
0.0828833560566081
0.0970151839404009
0.07317303480303076
0.14141478792016132
0.07660523776508962
0.0833872358587024
0.07583859071958385
0.07117109365151612
0.143928095201418
0.15970449031219944
0.09230681763766709
0.14367028872132176
0.0879408263457172
0.07176122240792558
0.16933910292039228
0.15766390519980178
0.16946812589663526
0.16104018535705245
0.1485206749885361
0.0887179111269385
0.09232675058913278
0.14012529851392463
0.15415084727210637
0.14819922185518136
0.13790715731726097
0.13319807835895905
0.1216728352894269
0.1380193399724559
0.1657890471691314
0.12040712350441496
0.09031762923114942
0.16944359165938783
0.18550800249355368
0.12576570466557221
0.17868054153934299
0.156779874196735
0.1899801258856959
0.14676810795379497
0.12816333342182273
0.105296124704155
0.19710304835386408
0.11278546098522532
0.1308188062051852
0.1933552680688026
0.20174303238094965
0.1510815050876873
0.12577130516506801
0.1554925041878017
0.19367597821390528
0.13239490439906723
0.1641204009453217
0.18871534250780264
0.14466670370685375
0.17290904676742977
0.18734745025088784
0.20474418049713403
0.14689600155056168
0.1827734316689491
0.19279321130769025
0.21551083520331066
0.19334218826223187
0.19499686946836442
0.17984888069450417
0.1861775144129476
0.21295387600542617
0.18677782636057863
0.1640758940483762
0.21962216996593215
0.18865066150721604
0.16846540012624908
0.17467740966278347
0.21531073565813375
0.16390601150442785
0.20317081716411758
0.15888428304928265
0.22187948774142785
0.1857494099365093
0.20729796730243719
0.18329406134006004
0.21406851016739092
0.16725340655520143
0.21940577819289708
0.24576357677973543
0.1632973860316794
0.23453750156369088
0.16827522510069448
0.23014014484415024
0.2224274344857221
0.15479006146014013
0.24834933736529824
0.20262343962824714
0.2074698346895881
0.218919939231292
0.23178241850310144
0.2416724975049535
0.23472893433591474
0.24634262781174293
0.2439664598346017
0.21461597359538415
0.22184003755906553
0.22350302946249764
0.1809032209935495
0.22931219157825625
0.17622812665952262
0.17731914590241366
0.18045075342053474
0.23268591411589468
0.18906436945394073
0.2085687009410995
0.2575358173718562
0.24307745430456135
0.253555289241265
0.21606566228418966
0.24692573242181792
0.197781557176056
0.18556581933908461
0.25183530228330075
0.2733628407983879
0.22742725865002572
0.27871885531972823
0.19779155642890833
0.24697354932258847
0.2657129100457981
0.1868276114083743
0.26991792511782775
0.22195350227856078
0.27554620535078866
0.2561242693806967
0.20283640848831863
0.2205371631
0.2756086562495874
0.2776013083743393
0.23905966830534892
0.19329808878940016
0.28440365175638654
0.2926394463156768
0.2550072735711496
0.23124285477599454
0.2505823290740904
0.2784806361017978
0.23714993443450255
0.25010615408639264
0.21084380088120253
0.27981086014623413
0.2703225257120077
0.2834195727105947
0.2573864942015026
0.2161497874805886
0.24574708823118158
0.24347820864118425
0.28673610702075875
0.3036656522773201
0.2670935404516012
0.28797790412905244
0.20873763672784332
0.2624054610958657
0.2805831486062204
0.2987353238360215
0.26361172847927306
0.30654355061896327
0.23670142507083747
0.25225409461827386
0.2859233183167482
0.28998702643981733
0.27653955144118814
0.2184926096480002
0.2466607701119835
0.22831715194512467
0.3063857046081399
0.21578955504835448
0.3032774726156594
0.29848608716328595
0.22030792899688148
0.24649828322799253
0.2682505568545076
0.3130096773803489
0.29747386074909443
0.25424652704147527
0.2246871784932756
0.2298095072645686
0.29168387066624857
0.2749993186632872
0.28878533488876984
0.29966034643631495
0.2998414764510354
0.2746292127091889
0.2359735998533187
0.22781380318017766
0.2460855323764246
0.318818471203696
0.23582263162946748
0.2407381916386279
0.26242936692829544
0.2276277271071724
0.23753477550725252
0.313613230137583
0.22818255481374927
0.23248384263887326
0.3157581855708016
0.3165962541591075
0.2878098380371331
0.23689057246868156
0.2641102323494331
0.3073231441103479
0.23678418143496305
0.23315859784544052
0.23510638132522688
0.2796232608548275
0.32348719926143
0.33159495032744446
0.23563455591276827
0.2808010253506609
0.2752165045850489
0.3164797676062928
0.23934359412654024
0.3010552070739999
0.3173607720287358
0.28251866699094436
0.2571489943275916
0.2936567011371523
0.23632906820640612
0.3283332244223801
0.32741920921942025
0.26642612631533824
0.29612399299746806
0.28911384815855595
0.3230866543080745
0.28856895094474544
0.2687292259471696
0.26740673615387006
0.3116083141966853
0.30856220432894943
0.28882266714548427
0.32345253252149214
0.31599523992940914
0.29544111433995274
0.3093130955980189
0.3110405976108459
0.2810964820117603
0.2681269981536292
0.2811173065310976
0.33039802549747616
0.3012277382459947
0.31077352084058407
0.2717116977683371
0.26086606059038553
0.2931356765416966
0.3142255658645172
0.30350180792641535
0.2702746118523279
0.27517956415612077
0.3278750309237135
0.2994364199637879
0.28062918874882836
0.29919124629077676
0.2822050221224235
0.2708698766405868
0.31405801886380214
0.2578056310260276
0.27410141319376846
0.29507591143920053
0.24287572925283998
0.271286425805492
0.33866015351634726
0.25446033298850745
0.31364646355557135
0.2554563709955926
0.2783833179438075
0.2476621568142131
0.308497449490444
0.29678269528399204
0.30683003345753396
0.29380856290440255
0.28787994088461255
0.3364385850353267
0.27778094740804143
0.2664760143765794
0.2687513135559316
0.2841823025952013
0.3231141505548427
0.2599327268818418
0.3217607839798436
0.31899802708378
0.24271144411740941
0.2903472231851021
0.32180943785733823
0.3306306903976688
0.27688903163083656
0.3367492128257016
0.2654478366902986
0.3192531724606258
0.26219572155947607
0.27132956164049343
0.2835122612613138
0.28345028707522274
0.27861457147574903
0.24223141941934476
0.319749296923453
0.2900744604237643
0.25487228100740067
0.3119952717841398
0.26635878148362013
0.26521930814515793
0.2595670253666518
0.3349342978948944
0.2871447694183494
0.3363379979929904
0.2905887526963734
0.24328847447507954
0.2520111182879839
0.2818366460030913
0.2886673276918057
0.31533413250597253
0.30721804421267
0.27941345432853404
0.3019965564699929
0.3151273210947944
0.27003197932333284
0.25330901508094045
0.3108195266414455
0.24220106323728738
0.2982876257276756
0.3164917037261366
0.3278424360722958
0.3113321434451488
0.27823529656540846
0.27618783280019393
0.2806003680566581
0.332233214267468
0.32720304983890597
0.27166987443324053
0.2819701292548373
0.3305500118567849
0.26066277848346536
0.2540580516756351
0.24005389150901288
0.31825958630892015
0.2947435926337521
0.2966752206643716
0.3150150714182678
0.32732470393522495
0.3039509569519171
0.239679318655399
0.29549738602630815
0.233781565048252
0.24615102335223155
0.23322905160639973
0.26481042180854875
0.2984072795649587
0.285371523080109
0.28735483975929077
0.2723203984406747
0.23544352809913982
0.24783525403609202
0.2268032263019654
0.28803051018086856
0.2307561733328301
0.3191165665373423
0.300230272334848
0.31831318527750946
0.30741485044052597
0.2770326654369003
0.22454778271067374
0.31514813448241896
0.2358178448202016
0.23752093033991667
0.2849182482267208
0.31702789722369074
0.2369422457003639
0.2670102329178635
0.2773086497051887
0.2806964277434453
0.31431108227356336
0.24777286980584823
0.29960254561735417
0.22372997686429688
0.2715942907986981
0.2747470728107311
0.24891280796034976
0.27718805035378435
0.22915149448271332
0.2897736578278776
0.30928662115148803
0.29845233645885116
0.2956502271318481
0.22913003288208325
0.21993315367822874
0.2995647130108149
0.24317295044816256
0.2658045351413452
0.2477150652966839
0.28128403109773653
0.2404186117328192
0.2394647789363203
0.2318208366827248
0.2781549917521984
0.2637373496476902
0.24813066752109553
0.21904792366338469
0.3053794231886441
0.2737167533613034
0.3046191083428691
0.2595222957580337
0.2262572352429694
0.21408988083091068
0.2956578473220806
0.21864665734494335
0.21191121213924896
0.2846009707586401
0.23090233869839327
0.2402025514239193
0.29174725561534764
0.26815692903946137
0.2206362027844912
0.2466086210659712
0.2878424886365172
0.24040338651413568
0.2478708353143961
0.19977443595271183
0.2652219096219729
0.27399205789621944
0.24629785984820357
0.2678240099892223
0.2842284062423483
0.2230011234323269
0.29127042680784954
0.23019396687325544
0.2457406874775927
0.22507814970831458
0.21138574564472432
0.2348591146281087
0.2829965153503583
0.26409591188593684
0.26999472957431736
0.26909479065294817
0.2755153525761937
0.19204073302100189
0.269313232554706
0.22047133489823656
0.20681206029852517
0.26271222399440336
0.23491674707543392
0.1896687074378286
0.18955726983175442
0.24447307232918747
0.22683674580311483
0.2376138559825443
0.24132577281386372
0.24104078507693866
0.20151225836268832
0.23107854476660475
0.2591749578547382
0.24416505047594395
0.23109326838451522
0.2339870651706292
0.17940333463154384
0.18332810700987276
0.2341872691813232
0.2481492104834479
0.22724134193661644
0.18420139204350022
0.226731349980414
0.18023800125641928
0.18377520237859268
0.19834902767557389
0.21458480837136312
0.20803073311015247
0.19319341163331605
0.17517911656329746
0.19325883926130444
0.1732723209098596
0.2440114805281144
0.21923376000946343
0.20389931641928002
0.22187198283302373
0.2513335899627167
0.16748990993686538
0.20301291120506773
0.168960946574193
0.23750990007499645
0.19770796168047566
0.23140307063890314
0.24566418414561408
0.24590036566320206
0.16075991101624637
0.19639922836018547
0.17621970874953966
0.24803594541618312
0.18843605362881669
0.17914463894392751
0.2002638085827763
0.23019823108815907
0.16142516970448595
0.24584648126881645
0.18735841600188807
0.2216786757459842
0.25136169094061717
0.15339462860779313
0.16506466691143726
0.20678743738706784
0.22043005551233555
0.20541462332858276
0.24908718830962134
0.18805501669925473
0.2282583636384194
0.24609194917436897
0.16908913746709323
0.17016491806271072
0.17259841189839706
0.19055186605375993
0.15457676092985623
0.15035686574871995
0.20834436665706924
0.15326567281071496
0.23869981822326078
0.2335279245620841
0.23808332240278363
0.17983909825932953
0.1901422725991739
0.19582471615023128
0.19925929007417248
0.1986817987566535
0.21848989504902797
0.1989355160088739
0.22591501545200898
0.14353341009954845
0.2133437721411719
0.19057087356068586
0.17546406240870918
0.1566472774793663
0.1853653002878704
0.20965250813074668
0.18012465745269757
0.13507429292743545
0.1628872107782807
0.21472832614405682
0.17470762147777272
0.16896207300679836
0.17993097397232277
0.13941405532830803
0.19993797626001286
0.17080303416690124
0.20781677192057318
0.1572779297916272
0.19287860498494264
0.17653488405016318
0.21531516175201698
0.14238407581125692
0.21542388818089736
0.17225862722657845
0.1660364509980863
0.1970533262468315
0.17613883964049432
0.12191412432624804
0.16002312250772444
0.19878536233994748
0.15559035934319848
0.12013579900283083
0.14301098780400537
0.1264173971602594
0.1473806232607019
0.18372040612822088
0.14470131893654042
0.20197524655269997
0.12471237560464585
0.16801623226546927
0.18680353856505608
0.18487038443891646
0.19579447155522073
0.17584181266637391
0.18078174820238846
0.1870810008703998
0.17422273230891838
0.1475230311974664
0.1271969753308923
0.13232852319197014
0.12679781644990817
0.14485124390945658
0.13082480342982183
0.18033682435432208
0.1627808351448927
0.14670538546639145
0.19933749700805514
0.12307046255744941
0.19642012207160459
0.13576075924632464
0.12605972402378846
0.20267162271826275
0.1670936347823526
0.20200040447531775
0.14074102806197014
0.18902927777173056
0.10921531733033846
0.10262580021043824
0.17454437397399347
0.1486768641578747
0.16226230073839884
0.19555086950396658
0.13905631209050723
0.18999944597849247
0.12518111307485963
0.12872423703605634
0.12108575171843403
0.10102039612687522
0.10028033539055851
0.17036703738761816
0.10811259940166301
0.1395563659326316
0.16148491795458808
0.1310475837815885
0.18614323555974116
0.129087851842287
0.13928651371542497
0.17535670189918134
0.14310114862604395
0.1312499282659994
0.1581808041414104
0.14561788986409194
0.11077835805990648
0.16596188014726931
0.10512801975426117
0.09489437547736107
0.1812147574731775
0.1813447104144794
0.1686454555358636
0.10156854783382921
0.1045162150112576
0.15805100536197014
0.16026681429464162
0.17936253215553324
0.18002081071226692
0.1049567010361806
0.13820732302802158
0.09260551472350238
0.12430126945799039
0.12075492501047835
0.14555642789062115
0.14250933424801276
0.09292948150588538
0.1734699737926781
0.09632664321659097
0.1573571737575996
0.13191565556407026
0.12289753222873745
0.08179002855672902
0.10265465334249191
0.09835043633940638
0.0809859715740593
0.10777466793189942
0.15273336134255616
0.11642398492448253
0.1311326782306427
0.07844042943857259
0.12789763915252078
0.15956258127948925
0.09051615162221088
0.10905847184551552
0.15517006782659276
0.1375357109180428
0.08052563790260173
0.08493448611184942
0.11495258721711732
0.14643488526517937
0.13509137878858912
0.12551681035201132
0.1589367892598499
0.14286974090526183
0.101440309572075
0.07856621178827645
0.09358432332356505
0.13646997321513604
0.09575194282498584
0.15928934025287156
0.12471856173292195
0.08073841829924755
0.16139268036470839
0.10150261624040566
0.14140526832295636
0.12131592452129125
0.08294916266293387
0.14812078555743613
0.10396087045522184
0.06887165805185938
0.0990105878661876
0.15690491911280638
0.08695865308608491
0.06201721241481954
0.11899281357298344
0.10194694543025695
0.12506736312380792
0.10308372289782619
0.07957283509662368
0.11136364865053738
0.09418150785981877
0.15330901927776777
0.11836689539129411
0.1305980107232535
0.10132228644434829
0.13196925914771176
0.11346142404150505
0.14522017402183396
0.13940503242155172
0.1174251772494844
0.134224653771293
0.13194732470730608
0.13785679406646592
0.1417653007455576
0.05741200519455046
0.05363390355867463
0.12642227148470844
0.06110942584957586
0.1467307057462005
0.13896300807226547
0.1258708496560294
0.057102111265990727
0.07700526644069552
0.1276354804035238
0.06925411491978134
0.05512630713544857
0.0834244512994477
0.0623189425130561
0.12520505435902304
0.10247251929069001
0.11569812139352637
0.12709204288277526
0.10383274681384252
0.11197621678570627
0.14270399217526336
0.06738449159724741
0.04615781084190891
0.09740763500061361
0.11260949281818644
0.14074127515624557
0.1341578149787826
0.11766990246117537
0.12608137214183893
0.051505283913188954
0.044640131502226225
0.09286061385847286
0.11672956285477726
0.09598649108051491
0.13921990119437733
0.054582122745021305
0.07148872147264598
0.049652768830808436
0.1191854482966759
0.13469877219022275
0.12285994154932645
0.13144635270604588
0.1154141259150907
0.12130070849929536
0.1121888733674272
0.06615189624341511
0.07975885712581292
0.1316097643805908
0.08720850079338605
0.07771820988941616
0.09364197300194227
0.09595267725953967
0.06421620989606258
0.059602353688316456
0.09808607720317067
0.048150242473504794
0.047481952021900406
0.04354948330267203
0.12154971275041648
0.058469148600779564
0.11190254375480527
0.04348307250847774
0.10054766111406621
0.03863212953282279
0.1331408094627463
0.1032547972816536
0.13120217406058995
0.12480739725196074
0.04169745617923982
0.07417002152445576
0.060658436202601404
0.05471569785245903
0.09749387781359288
0.035930097412537165
0.11686786750585908
0.1075830280494316
0.08357472420035139
0.04917351443801749
0.07189236473511851
0.03353800211426968
0.06324081361168078
0.1288051395044438
0.0559669722821292
0.05025660906437027
0.11989713646461089
0.1191588876701937
0.09082769724586676
0.09011679514080338
0.057748564928927756
0.11118635737448612
0.11427587379675747
0.04273924196126171
0.04682217436553348
0.12425937414614088
0.1038024943050649
0.12283542535622154
0.07251562350269891
0.04038811102381064
0.056999469784532325
0.028119093516974662
0.09043931706256553
0.06659063975319812
0.09553394459810319
0.04897269866281982
0.02967076703244393
0.07330028753028969
0.0365539496324669
0.06427114302294953
0.1031550528473374
0.036154637929996035
0.0771065231047233
0.0908191122717587
0.06047774042769606
0.10703416557315645
0.05142175723445105
0.10232788415265992
0.03182765633379626
0.07793720591145176
0.058361702806024304
0.0814287144419281
0.1087952567848063
0.10610682110322017
0.06997663263130179
0.05908014444004026
0.11904821849586907
0.11911828099845734
0.02724809493208416
0.07612020153595939
0.03775285655096789
0.034389151200787345
0.11150705222576164
0.07371133683710376
0.05018944391161241
0.10201188927191271
0.048063504614021785
0.11575205757838382
0.0632865655297438
0.08348203595958979
0.033403939896505266
0.10263806828531771
0.11144800678677547
0.10454059988312381
0.07725905193566096
0.03783336770694357
0.10592116187452034
0.0629556724999687
0.06643851869838961
0.10197757997594939
0.03931460370991033
0.03622331256103213
0.10692882286076175
0.07688121480306256
0.08878029397413975
0.10238390478144344
0.10563241315942297
0.04166627449198371
0.057772795907739566
0.048287715834618765
0.04276658071288705
0.03771099607501739
0.059727357462396685
0.021032285742088774
0.022846089790001238
0.09456398460217896
