0
0.08179858569969428
0.04334328109910962
-0.012021160959948046
0.04308317623166112
-0.011231928841279862
0.08212085712493743
0.056615995544047074
0.020211464384614228
0.06951976635878299
0.05364346926107065
0.008243316695100637
0.06063516475490646
0.011588776483625229
0.026780488986811356
-0.0009226777440840862
0.02425047926482602
0.03577259620143748
0.0392985750620117
0.05988778477468615
-0.014990488919204632
0.06626215494239801
0.05500427640328953
-0.0037908384654867875
0.046682530112876555
0.0006963873826272074
0.06703155937385832
0.03323754423024741
0.05430324858903435
0.010810499436670392
0.01106201059322304
0.013836305046395013
0.057232426041625345
0.026081497843845027
0.013809633316985818
0.025066745499065183
0.07409310375276584
-0.006320271860218487
-0.004456610267719329
-0.014110555932775201
0.04977853863344525
0.0027313462289184597
0.042026365242799554
0.03428493784864955
0.05934487006801825
0.03656645779203203
0.01917199345227672
0.06639450262689929
0.01634429677316722
-0.021481026605747508
-0.0028595497971963327
0.031397772754415736
-0.018963913217852263
0.02432506266611396
0.018967549038157967
0.058740571055781954
-0.018199885827343998
0.06870547978075847
-0.01465863125992185
0.06878210652601868
0.05538529758096465
-0.0032192270537407808
0.05494473397731739
-0.013070265327198217
0.05092606358798332
-0.002400367318837752
0.025008393069932362
0.036549542667993526
0.05107559809609134
0.05067200925625673
0.0029532753877164683
0.019142503704399672
-0.018021481148613197
-0.010643081935433972
-0.025626811885482405
0.05992215906134339
0.008891161992726816
0.017259723979394067
0.04557398152824692
-0.015808699403055265
0.03785883557709396
0.04345320170562599
0.014270290178975839
0.03465433429066296
0.04965636378697062
0.006356331022602236
0.015458338319397497
0.038392058488069494
0.043546297616257716
0.03145552488870305
-0.014494302927194013
0.010383868493198986
0.06769737572742829
0.037909101369542134
-0.00945166656787215
0.02576058576094678
0.015783428999703385
0.009998362120143565
0.035581604930369
0.016054182289418573
0.05979463198077002
-0.0027624596107466773
-0.024610066542122656
-0.006705097839247734
-0.002289021850221902
-0.03214422426233839
0.018107107992853068
-0.008643650241858425
0.027263430718085492
-0.017134026566723297
-0.02063787688050095
-0.011324714165650274
-0.008539971328913848
0.009129607291279575
0.011520780640693493
0.0602483078794472
0.03959475154004774
-0.011446601319461968
-0.004333185698003714
0.012862911305816065
-0.030641360181816325
0.04586853202534796
0.0324700829019353
-0.02622229251024346
-0.015630598260812548
-0.036268030230249236
-0.010339499654299183
-0.022594058515973216
-0.01830004556539687
0.012125488234683506
0.04853356081935505
-0.0392924523045693
-0.012941138942841695
-0.0031308670151508483
-0.02866542336212987
-0.0307259693101768
0.033469229364516226
-0.027790645492497063
0.03876183674848524
0.05379681496063663
-0.019293616041943344
0.03844044272499235
0.05379739058441775
0.04204460216902991
-0.01774897125207416
-0.04346245860956541
-0.044950622981963374
0.05263261377466171
-0.04263448162759403
0.0033945526373829055
0.043416915594245604
-0.04476288229702378
0.020541540758411803
-0.00029011179387958275
0.008513706854922518
-0.04098237874477261
0.003683526684849156
0.040716744547109905
0.02920539656940046
-0.02580306239285818
0.023046867258179907
-0.02103178320629713
0.04452886170146724
0.004335104318974971
-0.003433267440798027
-0.026625287606945353
0.0189878328129326
-0.00579277840729947
-0.031000496738686732
0.03250947734344675
0.005214166166280218
0.027205481416009557
-0.005611696153966353
-0.010017598892524807
0.033390106661010756
-0.02343157333508218
-0.005830069118250562
-0.03304073802428151
-0.04107938537037058
-0.021010752932812203
-0.03132381432210568
0.037228461896475204
-0.040594992091092505
-0.05861954037455542
-0.05005004700968484
-0.05472692706042057
-0.052489185966135554
-0.03179798882425785
0.018570593356769277
0.0007852999317314591
0.005602830791907862
-0.01693663218804685
-0.05926178946902325
-0.009895017814490308
-0.04085595706407977
-0.023879114829447823
-0.06302931412385498
-0.022988873009142145
-0.011554110482342735
-0.04445326042032807
-0.02224930794901568
0.007196426891366778
-0.02640796390918193
-7.947375480681085e-05
-0.021954657404924374
-0.024984189228681397
-0.05394534766146172
-0.04637729537007503
0.024528030577744414
0.016995392649808413
0.006330307182510125
-0.013197832634823221
-0.04413804109225658
0.009559035718689143
-0.03629867731670603
0.003924770675175271
-0.007834632055787799
0.0091063390290569
-0.0008283983686295654
-0.07059848288725866
-0.006051842761025883
-0.05236664684590453
0.003534603714953302
-0.048790139603294605
-0.05616574086757058
-0.0352590699908303
0.006405379680062787
-0.04557483389278125
-0.024048718789363793
0.003770253845048699
0.020404379999104993
-0.06109865626230315
-0.06459242443748808
-0.025225576482322272
-0.021531676502712933
-0.018149087962570726
-0.06339353017708835
0.008166889611362874
-0.029417616511515365
-0.02064803547109368
-0.03370283657815497
-0.08107719176470424
0.012932717474931535
-0.08039196361890497
-0.07721270873934237
-0.049750935191270024
-0.07558054145319067
-0.002076455914547068
-0.08055089425980455
-0.06066152733695915
-0.024883144668938803
-0.07949161585610193
-0.008593015077789312
-0.04505892832206346
0.002144259722382469
-0.022558447275445107
-0.017823953975396628
-0.06837424745706469
-0.053631573015511996
-0.025774875596486196
-0.025646870494956397
-0.018039090902146865
-0.027886486665178442
-0.007531939367647469
-0.09178338098947611
-0.04319432105795898
-0.055285483296939573
-0.03326616287240563
-0.07451236839235054
-0.05682381372754937
0.0020826583039440377
-0.0939800460998709
-0.009595283210700717
-0.07202514474173954
-0.057268201161180615
-0.06327461516681898
-0.09686133346185605
-0.00905973164552315
-0.010845527435269176
-0.04224886460048222
-0.05317262544075537
-0.017763003660887955
-0.07954911036242449
-0.06105415420346906
-0.03342374756558214
-0.06567861394145541
-0.009074505094600671
-0.036356550837919485
-0.08606547243107956
-0.015230309566806183
-0.07743528476094334
-0.07374850046129211
-0.10619725623940858
-0.07571951905252683
-0.09428910445935522
-0.030245448067617323
-0.013708187554949736
-0.06493120861331797
-0.06880738779010519
-0.03709861555408646
-0.05393426727003711
-0.04035888768729129
-0.06769341466394695
-0.01849901194080701
-0.06126572165591855
-0.015623784555453435
-0.061237584016332766
-0.033711140165618755
-0.07850251342257875
-0.07382319082359882
-0.01798519666479631
-0.07244303469446621
-0.10643455242045137
-0.021630363225175933
-0.033647414875509415
-0.10884118839070436
-0.09001176504320374
-0.046458392323914396
-0.11622182918529789
-0.03896261587353253
-0.039457324433566116
-0.07526133688217615
-0.04460804845349385
-0.08124130681691183
-0.029362686627774054
-0.07059507536146303
-0.09755671908337901
-0.10512187538565168
-0.03322200282961105
-0.11480002605179698
-0.11117218020461606
-0.060394942783636746
-0.11941459311648607
-0.11413880502305249
-0.10014057551599066
-0.11625316223087866
-0.09864437012830704
-0.05411594450444045
-0.03487519754480785
-0.10304902827553458
-0.10254147997396477
-0.10922979180517274
-0.13300398985464487
-0.09748185459544136
-0.07747905233240424
-0.13468037277320347
-0.0876637244101377
-0.049853293656798484
-0.08990328864245867
-0.10239407868774941
-0.05348006715432492
-0.08359017048481632
-0.05672518189471189
-0.07154405112528264
-0.06950294415085254
-0.08348636889756525
-0.11831685250157262
-0.0683991528491612
-0.07977312255391159
-0.12507680219042105
-0.09673868108151658
-0.048057679916121615
-0.10853181963733385
-0.13984939110379777
-0.12146355615737574
-0.12258979424777197
-0.07563612836118748
-0.09382024240608375
-0.12003240281756794
-0.12192373698401791
-0.11633131555759149
-0.11588253771882234
-0.0630467982635246
-0.14569371887153162
-0.12142945728420557
-0.1349612067478284
-0.12726781063578357
-0.13068245384361296
-0.12542296189032506
-0.14915819363884156
-0.06770989969070032
-0.14746503090014387
-0.09720357082554676
-0.12994575655706112
-0.08217127464254412
-0.08818478777992693
-0.06886557613152937
-0.13860683360113782
-0.12882466523116648
-0.09558106263270337
-0.15052506337594015
-0.1317508082306152
-0.0770307561824372
-0.11316883891421665
-0.1313495250610684
-0.11160527716823371
-0.10610586798407456
-0.097460530683838
-0.13389843340586904
-0.1233509105388991
-0.15815253320954098
-0.13548156302385655
-0.10648688226074927
-0.0809679135961881
-0.11351856595491028
-0.12132425933917224
-0.09885518980089324
-0.0894347617367708
-0.17177415601094878
-0.16801748384683124
-0.08187838472237348
-0.1566282196330605
-0.11625301289349296
-0.17345976366886054
-0.0890000517569964
-0.08886090874610592
-0.10568086241142967
-0.16897962846637662
-0.14466536618983786
-0.12024678228285288
-0.1724345786720423
-0.1313454398900618
-0.11118451209350748
-0.08125762700495567
-0.12411997383327875
-0.1498563368893186
-0.1013080117573227
-0.14860199775425872
-0.12103125279878732
-0.15586432075969286
-0.10907335721140879
-0.16402586745562117
-0.09689783370197375
-0.0899474540173219
-0.13820095156229442
-0.09035499980203393
-0.1779220846422519
-0.10243176682682005
-0.09090975252361107
-0.1777283317622491
-0.1582457462067114
-0.1409535896179929
-0.11896324064804685
-0.1906538230078698
-0.1542795969059822
-0.12967980015734792
-0.16333664848724924
-0.18444898473559057
-0.19237702966712544
-0.09906161395566374
-0.1109263585795754
-0.10961579112384502
-0.15766222423654783
-0.12161682655691143
-0.11987060264815755
-0.13456396058204378
-0.10955829778559684
-0.12689204235997725
-0.19333713807862982
-0.1049976980866236
-0.1631004591430223
-0.14550711590808213
-0.16208393118465925
-0.14124206156227193
-0.15018242050351233
-0.13016760025151725
-0.14900086082088876
-0.15894440103351448
-0.18615810861676246
-0.11227726230066444
-0.19142505512847124
-0.1888704257342263
-0.19439211183070457
-0.19911242214467964
-0.14483181476785392
-0.17919035679772694
-0.15068173840340532
-0.17128953059938365
-0.13245219925326934
-0.1308806346083559
-0.1927479917788277
-0.16715854098257785
-0.1220010155627778
-0.15582268457458082
-0.2050886743796323
-0.17987985481967084
-0.1749463335773606
-0.1915589433960384
-0.15203302958768694
-0.1546229085595315
-0.15911911144526408
-0.1332056001741711
-0.15560476817711277
-0.1599805423862543
-0.13207507833867924
-0.16175506820796193
-0.13497372996374274
-0.19512742356347176
-0.19752313970546767
-0.13776220449278911
-0.1450280767006158
-0.18524489957660126
-0.2027720878649775
-0.1647710194153963
-0.1667655481473407
-0.13425475661837763
-0.2080251406168008
-0.2058202413231348
-0.1420767907995233
-0.13688515986500685
-0.2199013447571403
-0.18118446304650895
-0.18722702574925743
-0.19065238697255216
-0.21805860446734593
-0.22424278334077133
-0.1824279173354275
-0.17392873142209556
-0.17592594832813363
-0.20659728159657284
-0.18263948654004233
-0.13538689752205518
-0.1598450798961817
-0.12962096568657994
-0.16846615931356812
-0.1399786521836467
-0.2138681083849165
-0.18764094773026377
-0.14407763810850927
-0.13511406910467988
-0.2109651402892041
-0.19244911612361898
-0.1750905522167292
-0.19356726557557255
-0.16264286460553495
-0.2077951563758442
-0.18569219323661101
-0.228455481732507
-0.20265238809725974
-0.19961580246631455
-0.15612309623798223
-0.17692630630308326
-0.1659194677856194
-0.17403385021592532
-0.20468533911704345
-0.21789647626099456
-0.2279661542987508
-0.2233081924542024
-0.17656932736420206
-0.1859430082915153
-0.16672410815591
-0.21556298960061562
-0.1606802240049011
-0.1722192870793599
-0.20501751599596854
-0.19779801732208332
-0.13979760145080766
-0.14028645194184616
-0.19878714982436269
-0.16551353381752626
-0.2167157087308015
-0.17200132712605867
-0.2090549769686037
-0.23368190289091523
-0.23681030557443375
-0.1450337135930775
-0.14714231829987712
-0.19154837761693652
-0.18803262974466212
-0.17499377384661607
-0.15036790879945652
-0.23181249019957575
-0.15976253113673072
-0.21445268858155112
-0.1814847154454878
-0.2300568450910976
-0.23595312796233336
-0.20661615558258584
-0.17200576470160095
-0.15909255662794985
-0.20968462561091175
-0.16554010725662802
-0.1870466393612404
-0.22999952939672313
-0.19574690765933805
-0.18075554678716907
-0.15349307541507445
-0.16241500811330345
-0.1613177134304569
-0.218445448230082
-0.15414774892472788
-0.21236705490383895
-0.17813258062397602
-0.20437974227714686
-0.1865183204517857
-0.15407404446606807
-0.18752279750433126
-0.17295794116441537
-0.15763966037271263
-0.18397257005304082
-0.20848833762091065
-0.19699799848399158
-0.15230714756625102
-0.184329861440806
-0.2412085306721091
-0.17096308830071483
-0.17853053839687055
-0.2327685522209142
-0.22921908195102336
-0.19519337489168193
-0.16328725096858285
-0.17573725452363553
-0.1946785181943978
-0.199072440706609
-0.19860632656422977
-0.20387889197992498
-0.14419847794797577
-0.16904902417763124
-0.1518865059647243
-0.1846379510461425
-0.19377102538594265
-0.17951353951891824
-0.23869647823802462
-0.22890623695849974
-0.1705942277875654
-0.2229580611541593
-0.1580083544827836
-0.19239975202260914
-0.2151737658478664
-0.23177988219383253
-0.14431217242657363
-0.18876533642198098
-0.21562123413474243
-0.2265319835211912
-0.1637416411473014
-0.19833154571886716
-0.20820898022599438
-0.17516915096663227
-0.22536609145640496
-0.14241580248541058
-0.18226263414033012
-0.21042756689399528
-0.18526340200939784
-0.20780097390439456
-0.1658443333740831
-0.2255904281771137
-0.20953642158615865
-0.23336796302730986
-0.19763941955852637
-0.17337096539995503
-0.22626655175229657
-0.19819667286748405
-0.1412399606684666
-0.13944150748323572
-0.22201450457959723
-0.14749401829465458
-0.17646843751689054
-0.1762923810283094
-0.21487416046638128
-0.19072312235235928
-0.14278813174603422
-0.17064298238560316
-0.19831767416849466
-0.18412251431102925
-0.1674737657776568
-0.15708464764792568
-0.2192408108408372
-0.15379437799962184
-0.1711398089369909
-0.21098132517327542
-0.20325717078395186
-0.19970945624340333
-0.1456616444413829
-0.20080489486156652
-0.1821661152859293
-0.1301881766141672
-0.20000053792041902
-0.20495635780882981
-0.21031079569307792
-0.13446645401692675
-0.22368604446186213
-0.2177181217328879
-0.21027542307175598
-0.18187698385398698
-0.22269085883399045
-0.16919011894792704
-0.144180562421892
-0.1673336394063063
-0.1662363119333108
-0.15252464488527992
-0.22076319027166616
-0.2175620905608268
-0.15988268869357491
-0.21899302418693392
-0.15573333250653787
-0.1752668438438396
-0.16764645165767217
-0.13416551167262103
-0.21271142751098918
-0.18988183142505177
-0.20038903362585983
-0.11895434548319195
-0.13922483147199802
-0.13719913395463
-0.1325638448925704
-0.13373606908755017
-0.1899440531819395
-0.19660587494689769
-0.11362812000655934
-0.1381154397747606
-0.11689910134667451
-0.1363335699633485
-0.18725137045388765
-0.20388958777732685
-0.188872770861637
-0.15511037558520835
-0.15245429274162103
-0.149840941655764
-0.1351334044929557
-0.19443046307382708
-0.15251895521986222
-0.1935879901666773
-0.2036355537136548
-0.19896678858886646
-0.10279920732425057
-0.16706695137831185
-0.13179747499142236
-0.16938174117047305
-0.18656297066818925
-0.13617388126021096
-0.13863210171782891
-0.12175217715601881
-0.1790274671203788
-0.17966436299132157
-0.1687543130031445
-0.15266349733510245
-0.13960555484382953
-0.10929333279934839
-0.11349307239199188
-0.1795667788105367
-0.14553670146376713
-0.09116951297872478
-0.11742237050178071
-0.11422329954185337
-0.18022681284618708
-0.1577861911893802
-0.1516092205447449
-0.16899449753937543
-0.11983093784973091
-0.1607460860504359
-0.10533532466304804
-0.14836097820223468
-0.09190142815696134
-0.11592279568917371
-0.13711019162795537
-0.11146483743469522
-0.13819099584636563
-0.13598838254841655
-0.10742591873638584
-0.1442598187088594
-0.08056139523148587
-0.08811843668765988
-0.07992199964810912
-0.10603179113177819
-0.11788695835614815
-0.10709674296824297
-0.13297586875588857
-0.0758746351756456
-0.11633388002798209
-0.08499510195663171
-0.08541257876416286
-0.15433577160458814
-0.11395606709718828
-0.07786639956200493
-0.11600533351804948
-0.1475121889253278
-0.12446239857221414
-0.15730559330450938
-0.0707100239245265
-0.08730738929123925
-0.11969075775905157
-0.0902045611875641
-0.11688703740129419
-0.13110635715452054
-0.08042614767515491
-0.12119345589031078
-0.08396936631803342
-0.143535642147196
-0.14140500814418844
-0.06901923071386502
-0.11992294527955694
-0.05465491765257921
-0.09717012278901507
-0.06543097170639929
-0.06047620385819667
-0.11274494436188218
-0.13508896943408902
-0.04745823764704911
-0.048597632066225804
-0.045028139763543404
-0.0558069372800515
-0.09939855386073981
-0.07791078202540509
-0.11446102975298607
-0.1146606273927259
-0.04365651323425787
-0.061747894429803746
-0.038322803686836465
-0.07274801642327529
-0.12054164284073886
-0.07007873645422574
-0.031007679766118637
-0.04892740331748391
-0.07301975437889524
-0.02670489064165389
-0.10644431723440831
-0.052555987259735815
-0.0578587205710771
-0.03500933301277795
-0.029941632256181988
-0.03583756091137645
-0.0762899662169454
-0.08158217138711221
-0.09622320561596692
-0.04572566088758585
-0.04087465337265622
-0.020106642308300435
-0.09948919857623194
-0.061825901702565036
-0.012564182083105446
-0.09349112840060492
-0.033958205740232575
-0.09601936939564867
-0.08140972565393216
-0.09557443616973871
-0.0874310154124666
-0.022278745150623808
-0.06857938030767284
-0.09367949674494246
-0.06296223461544831
-0.05004046534595419
-0.06510142746889291
-0.00014605247228859086
-0.022583004782202862
-0.053633641431804296
-0.03275618791613522
0.007302895004297427
-0.07236728790556432
-0.07214742388160848
-0.028667506316649487
0.005457226187593617
0.0009392199590731037
-0.04475777096762696
-0.019283199515693697
-0.0473510952521584
-0.028226554745164473
-0.03359911950374003
0.004486364180437991
-0.0014317925848375962
-0.012280595678762413
-0.04103462655062991
0.028958650552452475
-0.029373327957913697
-0.05795989322461943
-0.012336744684468923
-0.013335463508430803
-0.01621420466839623
0.0025122301880566994
-0.05036433299222365
0.006138170033986617
-0.0009233323709201477
-0.01684015218593552
0.0324962585749497
0.011744960158000646
0.021470068874262317
-0.0034313699827784316
-0.023362485255914122
0.03773640005532867
-0.03821789623422702
-0.016435839279836856
-0.032550944673511883
-0.024856002929400597
0.031543695633025864
0.04060120665705786
0.018183077827749278
0.020591612341941054
0.032716172428162445
-0.01836803302416118
0.04577553686086433
0.06823347566414362
0.00925615776881248
0.0006929637051825213
0.009770303428731992
0.0562963320502288
0.03330582116668046
0.07075055378766104
0.0537802527364198
0.06509154282255018
0.040303515614720425
0.06576907075063496
0.03749738886443563
0.007010098431151496
0.07192602720950635
0.06066402795578342
0.026169015714118043
0.04455297888531813
0.012840981462568892
0.07263730383649135
0.03993816474211303
0.07935308345271157
0.042931440326442055
0.07096353388351749
0.0005752181603723753
0.08346498254485415
0.08266136194916386
0.012974498913040746
0.019728138401610588
0.008641518073510684
0.09760244302353117
0.09287243245317785
0.018402544865536715
0.10427031952372347
0.10222026176682067
0.1059619076445206
0.017658748607835
0.04582648526598237
0.041610254045896085
0.05349144988888066
0.08176483086314694
0.10151387082071156
0.06815350453884676
0.062225819163315384
0.04114130972605531
0.035889248905871585
0.10805157041173552
0.054864248928715546
0.12800822093839742
0.0943102564646607
0.07079646323004149
0.08011981391003833
0.07892547424678005
0.07892630907442236
0.08429447433069889
0.08295931156970093
0.10063672102271344
0.10406996470325373
0.1297201222344948
0.11925796038549201
0.1440650798401818
0.10196055460964637
0.1266030611677533
0.09409064435616346
0.12730535653894645
0.10340064074327592
0.10109890366671356
0.10133041094281856
0.15242605301845003
0.13715157324964694
0.15718574763598941
0.07442585040749704
0.08437318192043647
0.11932813296464602
0.09937121898271276
0.09963869187176508
0.06873895193702198
0.07985594894402402
0.13001102884464133
0.08369402472114887
0.07873545616491442
0.10758579656865558
0.12533506658913346
0.10647544395208508
0.08306280613768238
0.10466176901424235
0.10854355445716882
0.12531531732853501
0.09138933091484124
0.08913465766424794
0.10670035494829565
0.157722384965006
0.15504774472744565
0.1374624965011714
0.182506033211583
0.1547685622938199
0.15592569815764407
0.13236610189715065
0.1443966949117762
0.10910456508851074
0.12676333245247
0.134323841005498
0.13239036255353775
0.1150057477208151
0.1047453549593095
0.14579969868218567
0.18231814930374232
0.17611628144856967
0.12649954990480355
0.13826287883160024
0.11501097621319711
0.11230324944424606
0.12657737223326096
0.17541638377286123
0.11657952910015325
0.14064545042702595
0.1643092565173252
0.11453949932636674
0.14807393893162166
0.1265869559640549
0.14453890373088157
0.19254737293919932
0.20270022344023148
0.1845580420807713
0.19103892830839347
0.15202952843657552
0.1492733462286594
0.19590151986508214
0.15321473516190082
0.21104185721771168
0.1528872401611049
0.21106931549032004
0.1768306459757461
0.14472828689674017
0.16759620400730474
0.15247767464109827
0.212664373857203
0.19619989862417495
0.17904968459829676
0.21023232646238318
0.16142983177318818
0.15942509003307337
0.1753850967708148
0.17233814447548818
0.22147866624328832
0.23829032803270755
0.19861565342435242
0.1462586772303618
0.15109944887832727
0.24452093399623737
0.15422887058669196
0.17493290331127384
0.21579281948647774
0.17714565163481255
0.2242244153346284
0.1730444090424337
0.2294516214736324
0.22207312157216247
0.21817105961105074
0.2503592481449142
0.234601535748799
0.20688574271233323
0.19795553051105896
0.24448672496674273
0.22629695149698748
0.2532293168665265
0.1905681481671006
0.1678431312271761
0.16869538635162054
0.24852416899892185
0.17721174657051053
0.18733352758048705
0.19911507104956788
0.22073893210516823
0.24765137969832096
0.23011713383028368
0.18646758103742023
0.24762550037258962
0.2386066000301525
0.24115685442610973
0.21821918251393296
0.2417315119607915
0.18080613087153002
0.23798585127487534
0.21190250949458
0.21289405554920407
0.19532310865692756
0.2610761305785978
0.22592011487965688
0.25443977820596797
0.26244933043840946
0.1946508248462341
0.20621958724022074
0.20768552677236096
0.20061063003205803
0.28555582072947167
0.2483010548139476
0.25942907547739724
0.2803175138535398
0.26953145833337755
0.2680805445827686
0.28582905434594064
0.2914005590850797
0.26933518821208985
0.24038892454549898
0.2859331381691093
0.23279420676683005
0.21262412749658868
0.2931476796411901
0.2552112459008059
0.21290411943242246
0.2354861184470584
0.28341789434129316
0.20745526019218463
0.28769814870656796
0.23394696563002773
0.2328309361424475
0.2052121601450498
0.21970383770098123
0.293468606868084
0.2719503350545074
0.29561114507177294
0.21252081884671098
0.30030557910431144
0.2700791687039861
0.2436070512494335
0.29692011121334794
0.2222428726944466
0.29524926097716336
0.28591270180573963
0.30992880884531127
0.23076962778583757
0.26542193587908935
0.2405419681879703
0.2965232841674392
0.24380461691741795
0.2288286769248073
0.2499541289068864
0.22725659553073885
0.2294007347175784
0.2681261468677327
0.2681938733093938
0.2568588181925678
0.26516767229539184
0.2902208865058408
0.30897306964274346
0.3000598630325799
0.23853480015416614
0.22457502141264768
0.26500030435015864
0.258030146014318
0.26464025935208
0.2731177917382694
0.31501244067118295
0.30514393418325736
0.23910726609471897
0.26563336036876833
0.3061041341820514
0.3181072173803128
0.2869807559794438
0.2897034677133399
0.3220757131305836
0.269849274758684
0.25357805788553905
0.31867245324724325
0.24737646752418577
0.323169102807189
0.24364602331594343
0.31473447169236524
0.281803553289679
0.30256580796373816
0.3260552733462537
0.29981878488733604
0.26527962073207056
0.2701002342555035
0.2796672862368842
0.28444035214893615
0.28137674100783544
0.299584948092839
0.2657206135360596
0.23962417156108184
0.2794480831692565
0.2759111038535797
0.2747779009845811
0.3033664513924335
0.26881415153004273
0.2422159135759292
0.2580107780767514
0.2631062106249777
0.31194616290583205
0.27249668802800253
0.3261366564173827
0.28978298818757287
0.24182128002245992
0.3362597091604669
0.27795698314284617
0.2522530550563872
0.29928639339966445
0.28880565390045637
0.3289168381442146
0.30921293782739023
0.27099363041442426
0.2936909976595642
0.2647729814985077
0.28518316441230757
0.32023209866425906
0.2893822043901685
0.3280170881056444
0.3116023459904066
0.3229850363291289
0.328541044957761
0.2704056820198652
0.281954383959057
0.2908088973474029
0.3240375054827371
0.30080454995254763
0.33246600614170824
0.32461836011513096
0.32485862357390644
0.25252738104084455
0.3373058211643873
0.3285818974369252
0.316204558259708
0.28477688437995946
0.2654741475307153
0.26808762342612447
0.3049007349203955
0.26072089181989233
0.32356901388736276
0.3098860491093178
0.26392658487294907
0.2887088226230672
0.27003995240264056
0.31283258790371316
0.29383146949985883
0.32038658453812663
0.30193398098169877
0.3087499435555794
0.24801259148714647
0.2431823181035764
0.3027234617313378
0.3235017143060386
0.3336654645742909
0.3374299296725476
0.2488172512716334
0.3086345269688575
0.2840659669132904
0.3151464482402985
0.2815042516014
0.2533868779179895
0.3046381643892616
0.2921862668149197
0.32782316961783076
0.24246416500582385
0.28148993382055304
0.32940345019120165
0.3027283985448066
0.2900905665093218
0.33591525790836135
0.28315638769596485
0.31257772379153204
0.314685874651028
0.30304034843690386
0.2879921835718499
0.32274845808750624
0.24420046867264225
0.32845622046040934
0.26662359522574003
0.25043549079866756
0.30514316751847836
0.316632879868293
0.24978841134055163
0.3236102407101721
0.3065754204522112
0.25605246841450885
0.24541619581662627
0.24726743136105156
0.2872700107379151
0.24688750612422436
0.33365824753406614
0.23991509928517735
0.2679912227487225
0.25706021781680155
0.28942471473901965
0.2373982157829066
0.2599996648815556
0.2669443447509562
0.31403991349953464
0.2544778424135816
0.32339741205683664
0.23974116372363893
0.27866651309924195
0.29094581338819725
0.26785108829537374
0.2888602545687755
0.27733044240897087
0.29615400327510844
0.26006564398874926
0.26900474845587885
0.30588799596225835
0.272066465516753
0.2587240403360623
0.3210916925343076
0.31269497849548833
0.30042691203183325
0.2556012226308066
0.29431372399404043
0.27668961119776136
0.258576584611343
0.23155505298171825
0.2607851093664251
0.2993819109152318
0.24711823124543744
0.24157459524971922
0.279701671732379
0.2786173188126111
0.23522176362238312
0.2982017056549881
0.29770466617029184
0.2985293646034361
0.2654275974313207
0.22885041612641743
0.2904656441221448
0.2813831759862543
0.22825908894173416
0.22652718838403388
0.25941199460011305
0.2713938656237172
0.28419834724770243
0.24764612622553805
0.3204860699557219
0.2411813289528101
0.29882874159969625
0.24251755405508757
0.2709777136520087
0.25592773945663294
0.27652778650178933
0.2963306997902994
0.2707695537575171
0.2932203488976499
0.316842272091977
0.22981884450793055
0.27300940288815906
0.26977290959604017
0.29205501379165033
0.22295050048160214
0.3031469084300794
0.2344303147671727
0.24982928788293773
0.2792596325406837
0.22258581349343165
0.253167209480996
0.2983362952698805
0.2640734377582606
0.23895244201157853
0.26819578921884996
0.22797889864409843
0.2431704381439852
0.2411467060830143
0.2525338469205577
0.2838893794442575
0.3060350764199222
0.3028106735160693
0.2430745398612159
0.2643310914662654
0.2614877648535619
0.2741352251444331
0.2919051085670039
0.24721276038179957
0.23294919844581222
0.23332291551420026
0.21165820198705965
0.22938686827662233
0.22606692744878762
0.23604232687913104
0.2668188929371963
0.24957209408790515
0.21465004071959948
0.23415964070241627
0.2389006325996321
0.21715657194066834
0.29042842035225375
0.2743817666726719
0.20726329174877828
0.2564471970937236
0.20613252620928282
0.2597441193135152
0.1968603419424535
0.25827215871778536
0.2072725243266549
0.2342056660405852
0.21746741147607052
0.2015544466546599
0.2584735044355071
0.28799591664908003
0.2191918626988057
0.22885351388288025
0.2717627791836291
0.23911053923766076
0.20741717665961637
0.2542253791717999
0.2071112911360115
0.25864965050123156
0.20092191833480696
0.19918308157043402
0.1971235786740094
0.19007072856331308
0.20543016267966727
0.206325995298307
0.26831844348386175
0.2402217573703343
0.18572905741584977
0.18313827101647884
0.2652512089229068
0.2704244574250614
0.19863611839926923
0.26577492566650274
0.2107218207344956
0.192100129508302
0.23084451333826528
0.18614869744698667
0.18400907526207821
0.2641920407632732
0.17702696356838882
0.23938412442675422
0.2296427890524772
0.266153693893773
0.24124703116584556
0.21724427224385529
0.19859891602686197
0.22297565333572558
0.20350229510059203
0.18246997932283468
0.26217385411749206
0.23297182496447
0.23191349994323984
0.22511880705631424
0.17476435636626528
0.26134763258276084
0.22299033044908312
0.20095946040206483
0.2612371898754898
0.25504700789102475
0.16593587443638372
0.23544768247412706
0.18258173898397007
0.1723519245818716
0.24317065426172546
0.21857229856976323
0.24023076372120322
0.2570384836128311
0.1816395780388227
0.17612306902891756
0.246418981605889
0.2244126721952457
0.1991615148349857
0.16277635202099075
0.1845243077859942
0.21466366320257416
0.2515670824555648
0.17377870195134015
0.21172997817619763
0.22755297645872896
0.1741390684621993
0.18282333441708862
0.16718294853476143
0.2466862846335358
0.21156292208145805
0.17890759687250668
0.21322714126761258
0.18628928284768048
0.1888512747475242
0.20860318832664848
0.206752211178157
0.17823219415583139
0.14917854043490375
0.24507951801754563
0.21823551386470408
0.21143127437040993
0.18418969746900535
0.1545245939211937
0.21270740660574877
0.2361974564569468
0.14802366931584643
0.1545589126991245
0.15411969248023907
0.15295759993916835
0.18524864474731276
0.20324540197585197
0.2053174475302189
0.23612643231632052
0.19394877362174198
0.1703395723715889
0.15593049920249377
0.15489912663173958
0.17179293183441977
0.18075145702642265
0.13976597738055965
0.13661056455527004
0.17950753829654487
0.167543722463827
0.16247132911736062
0.1684196466396962
0.1522706458171195
0.20265702992386275
0.1861015227051227
0.21810952527235378
0.14457583591406134
0.22396725456026442
0.2265019507449876
0.21198424291425705
0.21489183759496328
0.16804450976802143
0.16001856228142378
0.17242667034896086
0.12883623309773845
0.21678112543310774
0.14627949424201805
0.21779845194215514
0.18440644423624775
0.2100011226734131
0.21719666705719773
0.14955122017421366
0.19364250591209542
0.21311996528765337
0.11800657120533968
0.14677300546733868
0.18517338305329317
0.1452570197998383
0.19764442836261406
0.13399967683178787
0.14444925403657638
0.21215754000282006
0.20734511709148373
0.1273304329488927
0.12234354216146873
0.182103441339587
0.20027459569950695
0.19223844845430982
0.12820079272899784
0.12038182863175129
0.15961952912813612
0.15918196090606443
0.14149349630735159
0.17376341231407466
0.19085369901550925
0.2040300998050308
0.17835543063368833
0.1975123226840883
0.19549343886239218
0.17004009376850635
0.11799503126785119
0.1345447401164379
0.10366052974580085
0.12611868060447115
0.11541380140005601
0.1031437067285184
0.10925224881408493
0.15206792103905953
0.12862509654806167
0.13022570550067997
0.19560924698136647
0.14181454532328258
0.10194177922149779
0.15716188691110472
0.1082521177227943
0.1549435330505948
0.10076213121430726
0.13361517441076687
0.12353074458940079
0.157070693483138
0.09538245706211877
0.17984119737316756
0.10122573306980862
0.17315622654859664
0.14087972595839937
0.15976117428310088
0.09132266080608446
0.11711443647309602
0.12070464550296858
0.10593272055898327
0.13752205662391478
0.16456308531514555
0.09099943300731236
0.14237211241677145
0.18659595575164356
0.1676837831215351
0.10635850056026111
0.1611930758412828
0.09665528641502374
0.18467083967535
0.17898587413188904
0.09596028719312176
0.0849379166077095
0.14256400960108745
0.1522807924706607
0.16567793615505985
0.13873911200325276
0.09764862871862841
0.15831142131655646
0.17060802688953758
0.1423131449212452
0.14685361668871733
0.1505970629936356
0.10182680155126711
0.17425849271195243
0.15241130018082177
0.10920053779561048
0.11429875656427263
0.089031865248957
0.09615380606818177
0.146792647569877
0.08389087416935351
0.16281716435113663
0.08313164303793785
0.1397227653688411
0.09300886339777412
0.15943105630050758
0.16939680230052226
0.16512950386043135
0.15006589385962593
0.13780615728268078
0.15246666723548663
0.07499441403175311
0.10386822104147686
0.11144667550366305
0.15722240524889494
0.16621498696408527
0.12415988816352103
0.1512242580026227
0.08677521112243658
0.11474383631673929
0.12629788776230133
0.15997026065434872
0.15121244046868126
0.09659435652921107
0.16267767028992575
0.08898022070525276
0.1162066581254877
0.07708402772135915
0.13943752308941254
0.13851454613596126
0.09308985858995789
0.08782859900337615
0.07657023299168841
0.15881474775432786
0.13427893099433802
0.06220092986211393
0.1529091302649745
0.09552484633028097
0.08532655511031309
0.08346888216440437
0.11127771010354898
0.08808863452290741
0.1390256014805239
0.0861311777593567
0.07173727876745165
0.07526556703550223
0.10534671943392981
0.14844093033572606
0.08311585539040456
0.08763328920340883
0.14121635413711464
0.10963976084343113
0.06665969941817258
0.062201677364310856
0.06986907531198315
0.11577238875238116
0.08425486619125329
0.10533086997623184
0.07295281713175213
0.11899102601360231
0.13574140636237772
0.09418327634227969
0.06949000139773683
0.14370806620524454
0.1059828439999762
0.07473925421232008
0.09588517422270657
0.12458816382860699
0.06091700878964444
0.12556716180942964
0.14664774221478974
0.05886135893444916
0.07675670937424031
0.08153564644850031
0.12271871243581789
0.07563345777500066
0.05203905153679904
0.11577027919488887
0.0826659792044458
0.07451622182166406
0.08313310775620569
0.13514156147778378
0.10523496810317873
0.08248330694149901
0.051226753767370806
0.07214210465962143
0.10036784831164602
0.10807805229658811
0.07780953872542463
0.13522410501857865
0.045643624838111935
0.09568000051148155
0.10591898569105393
0.1349890874691821
0.13081746148326864
0.09755959844318522
0.08782749610707861
0.06451384582269597
0.07864453851018567
0.08652873116916979
0.09307413078736995
0.08494074453862999
0.12043543281606071
0.062138800291241775
0.09535640716772034
0.04589984002171179
0.09790413800888767
0.08994213889847724
0.07466134440893099
0.09090855870721651
0.09558455204796046
0.11630474233580873
0.13021964123467186
0.135121758318867
0.07818805621393507
0.09569898510331534
0.04831118525871905
0.04913591703193048
0.08575823391110374
0.09871705463653527
0.10718938442391115
0.11408295058155213
0.08789409254681348
0.03542746108889532
0.0660043172828859
0.04837778903401463
0.10836188529910715
0.07958443168814537
0.05124804569133287
0.05264584591475852
0.09401566316850048
0.10594026718598441
0.03556117412845554
0.07598065455752642
0.12444447827852023
0.12551880816541933
0.10703999011682404
0.09801773138793735
0.047228336714866384
0.106664979068187
0.08360050184351031
0.03861271125065144
0.09848411376643032
0.11416227727869477
0.08409030875561595
0.10065517424294519
0.07938138774090127
0.08780619610398946
0.04952854333828844
0.1127203478913921
0.05375273424604067
0.04474849104209294
0.07013747404770732
0.08109686039312425
0.0967142514028432
0.029983188031541482
0.07450717680392709
0.06588607914741512
0.10937471036869709
0.04942029200755344
0.09307554836823484
0.0732803321811728
0.034935820358742
0.10874022743314479
0.02855287167340114
0.1095767114489032
0.03131239260578106
0.074328147099923
0.10867098805238722
0.02693883985263054
0.0879161445257953
0.06559524205025098
0.028374733680560184
0.05785379330188675
0.02832795696749183
0.052344681478101326
0.11175858139650775
0.03856181713214066
0.06720751663388741
0.04775615077837829
0.09971268919294768
0.022762818355248113
0.07108255762408582
0.02185050909080817
0.042944698255362866
0.09919731920551138
0.02372232220304601
0.02452538316733262
0.020913910724847322
0.052311757138070625
0.10223097446070839
0.07775639126533945
0.053838273601368086
0.10052871082350712
0.11301405669993785
0.05180831609360649
0.06711333082283005
0.04907694267677315
0.11628349872850942
0.11118863138817182
0.05391918765422638
0.02798745696720254
0.04750013951789433
0.11471481900165147
0.04399453782765765
0.06256660780650092
0.08666527430637666
0.023126848364059992
0.03510648741943721
0.11574470640212133
0.049235967892908544
0.07753271507181494
0.11636699365761406
0.041280441907683534
0.09887374052140391
0.08870097669743715
0.04053993162762763
0.06489245670690458
0.049675870763936536
0.08657215202538054
0.0918274011411143
0.04393144440418583
0.08568324852165063
0.06629096253538497
0.11020855727212545
