-0.00225238591636125
-0.001325470908501992
-0.0013864512474715707
-0.002311664812919301
-0.0013460977059934981
-0.001194365871975307
-0.0022213931063534494
-0.0021278795013672676
-0.0016902407636924046
-0.0020083469480475908
-0.002310180070673037
-0.00252689396695754
-0.0013440081557071421
-0.0024184394177116297
-0.0013510294219584243
-0.0015376941599532137
-0.0024077027766687582
-0.0025822952442233122
-0.0016585797470105856
-0.0023869434683074535
-0.0023621398104458117
-0.001268134194765712
-0.0013918562898359254
-0.0027186340429455596
-0.0016168990773375736
-0.00275345845770029
-0.0023941271968614597
-0.0017295649959625234
-0.001801955849126997
-0.002192830383737865
-0.0028496528866868817
-0.00235650050969618
-0.0027265681410656847
-0.0017369182863777146
-0.0025535270915115794
-0.002072779775333772
-0.001732850151935354
-0.0029361412144557827
-0.0017246898483513028
-0.0022173353913665823
-0.0026933936524720795
-0.0021905792102906822
-0.0018356877909232767
-0.003177193964584305
-0.0031779914324659977
-0.002321637649106663
-0.003181447063289484
-0.0022722812944483716
-0.003141411466110057
-0.00272801981163881
-0.003365874077905524
-0.0035007077025623287
-0.0025183088191260026
-0.0023519450134760348
-0.002270851168592135
-0.0031991150057604526
-0.0025737084240220545
-0.0035675314286612836
-0.0035410657588592132
-0.002886754347335502
-0.003006586209065648
-0.002875839367275036
-0.003375825374161755
-0.002973854685289241
-0.0037413378977036327
-0.002584463041742306
-0.0033335869471657407
-0.002878538737017023
-0.0030099994110864437
-0.0030734036850977487
-0.003982253341616397
-0.002779534393330641
-0.0027460753711309053
-0.0032976557240503557
-0.0031765063672234833
-0.0036478283761967015
-0.00387170588332982
-0.0029718969439293504
-0.002842903283340095
-0.004357093747397873
-0.004303127140907345
-0.003171421105562739
-0.004251441402165472
-0.004438070918714266
-0.003417440344635907
-0.0036918962024626214
-0.004189515048383239
-0.003710330424681963
-0.004233873491670921
-0.003491132091105614
-0.003347729946819068
-0.003314196751482419
-0.0044117855152553285
-0.0037184845325934908
-0.00451556658592403
-0.00456714957871318
-0.003665982631372403
-0.004252753088926647
-0.004149280243231303
-0.0035726448168722316
-0.003945343736167221
-0.004689261634424556
-0.00430797200579462
-0.00406801448094438
-0.0041194842723507276
-0.005008916868625741
-0.004725739902726624
-0.00520119006415169
-0.004689879386168883
-0.0051692433428506684
-0.004101550697535355
-0.005003957881319384
-0.004990634628056125
-0.0050384121889362875
-0.004998913851052999
-0.005402925016405174
-0.00503336700717284
-0.004999925152428326
-0.005372134804438984
-0.005521562400057832
-0.00515810655683096
-0.004815607553319284
-0.005318014675080184
-0.005517691168527066
-0.005816619175605465
-0.005610892073652383
-0.005852964912851874
-0.00505107058634334
-0.006199673389311023
-0.006254443079860168
-0.005828508837699564
-0.004854681710164957
-0.005309561700809701
-0.005452687171809578
-0.005175892859058758
-0.005913240671591695
-0.005917626725705648
-0.006130770410138702
-0.005680630564730576
-0.0063906094206995995
-0.006618629728170946
-0.005839432130439015
-0.006781893408984855
-0.006647537702972068
-0.006856133895691191
-0.006920748905564046
-0.006410873473495123
-0.005688244217682335
-0.0064637175727738794
-0.007094270728499878
-0.006879902217129692
-0.006302411094739059
-0.006146163527576338
-0.006598603455284498
-0.006824000337296754
-0.006186149636545842
-0.0066888832217148145
-0.007178125910106376
-0.006092763279374683
-0.0069814908308472165
-0.006563863064992476
-0.007119165263253422
-0.007105540492861662
-0.00634372509814943
-0.006830896245470703
-0.006775817871703779
-0.006735510070216804
-0.006574337637017399
-0.006857956506969007
-0.007943108915904325
-0.008072552090987539
-0.007784131348897813
-0.007749388234704993
-0.008346205489823764
-0.007999798130082834
-0.008301151983126986
-0.00832492703472555
-0.007111477627860316
-0.0077427509065895045
-0.008456992137282938
-0.008435430781860908
-0.008128539066526974
-0.007618452972051041
-0.008253461507791939
-0.008184278258055734
-0.007686747580063434
-0.00803269639565649
-0.008282902485524614
-0.007897222349710787
-0.009181204784692774
-0.008791524517249063
-0.008559292126805746
-0.008455090561053761
-0.00870403353248948
-0.008084326675040878
-0.008322619674737056
-0.008960431107453082
-0.008215244783531384
-0.008286797404567276
-0.008354131479639485
-0.008514444428729845
-0.00967627766884662
-0.009370469462430241
-0.008963794866178963
-0.009512016876386104
-0.008751768326322866
-0.00949709711670358
-0.009300404616647018
-0.008880587764268326
-0.00897443979122294
-0.009684149883413049
-0.01052118277372669
-0.009651346668013346
-0.010372202538491006
-0.010451250732092259
-0.010164232279046915
-0.00952970979786988
-0.010553174836652962
-0.010604182186347105
-0.010254167237638346
-0.009820666797623756
-0.010830753983239788
-0.01009825807721647
-0.01099706502664844
-0.010082108468237289
-0.011133902333859854
-0.011406891409138458
-0.011340716474463889
-0.010611866740784515
-0.011472849863624485
-0.011221137305099814
-0.011013374388057271
-0.011729086996862884
-0.010900956911553558
-0.010652895949586886
-0.01176186135088904
-0.01126222982026272
-0.011181280017221382
-0.01219849431704073
-0.011679012148875286
-0.011798519066399017
-0.012349982198249865
-0.012224391538443787
-0.011329212864318958
-0.011624051148034251
-0.011450551867076626
-0.011857588126917949
-0.012424415524465503
-0.011763909892089579
-0.012509838103953832
-0.01260940211469351
-0.011744599218533016
-0.01313174363931927
-0.01300799991480147
-0.013315548860692576
-0.012849789223538664
-0.013455247931093907
-0.013369823251825622
-0.01287485150369473
-0.0130915146921709
-0.013740066876032958
-0.013636010700893092
-0.012813210327249752
-0.013130585444178056
-0.013454976384703464
-0.01362794652692269
-0.013652069304707293
-0.013793458206745917
-0.013654810419448523
-0.013856693364575096
-0.013942520912174591
-0.01362150520620851
-0.013955831374295152
-0.014471892279169726
-0.013437926762219946
-0.014790621779094095
-0.014314758929998965
-0.014094017527963005
-0.014540754255644748
-0.015090295982520258
-0.01496079420320654
-0.01523659578018252
-0.015314262218457735
-0.015562067938773818
-0.014581499051464539
-0.014494059142578746
-0.015435491037433436
-0.015762807564044974
-0.014987509767401012
-0.014926469905333245
-0.015532577068622294
-0.0157451081830077
-0.015734265127168454
-0.01518044376289012
-0.015550495046745596
-0.016323432180534305
-0.016470142371901978
-0.01588914104593931
-0.015556445063496117
-0.01605762443662227
-0.01673548632733665
-0.015615873455720353
-0.01674734867376887
-0.016351195098650708
-0.016403397868372256
-0.017233938876448838
-0.01695529575637848
-0.017287220242538003
-0.016941598556596046
-0.017105048399847837
-0.017596912291125213
-0.017833824987870974
-0.01685424728806982
-0.017000402078417385
-0.01787788743891907
-0.016668062449236236
-0.017175050498147777
-0.017267955629328938
-0.017162760290946707
-0.01727055867783664
-0.018449888682297248
-0.017913916769360546
-0.01787258135772702
-0.01877585377337188
-0.018049020675323005
-0.018828026145827417
-0.0177375083281406
-0.018320572978933417
-0.018264478144399944
-0.01904580756095226
-0.019087333633113945
-0.01921725973046817
-0.018776920038980335
-0.018730415225118018
-0.01932817965301943
-0.018825810156342722
-0.018490153377372108
-0.019832338705489696
-0.019203755144941836
-0.019754093528182696
-0.020185557140087386
-0.01896115048306958
-0.020079940182718144
-0.019860185391371372
-0.01995474066711044
-0.02000916694548814
-0.019417547443706808
-0.019369033805033926
-0.020362436361704737
-0.020558136383895916
-0.020098692613272375
-0.0208564752396781
-0.020579650079950548
-0.021137228730997496
-0.020683381020702135
-0.021270112137538492
-0.02018905672664149
-0.020504916655121053
-0.020513354193453306
-0.02053915481837336
-0.021989055483140514
-0.020892869824998272
-0.02183821594483707
-0.021927330539148204
-0.02122938109491226
-0.021561316410281816
-0.021190256780549758
-0.021685935316806876
-0.02205356933581681
-0.02216875611954332
-0.021992215852806182
-0.02151600024813246
-0.021791751563503034
-0.022490377195884186
-0.02258964720960675
-0.02256208286411334
-0.02214174646463505
-0.023060685490968742
-0.02314945772864619
-0.023040799175729806
-0.022281056507569945
-0.02339682973924587
-0.02370908036452849
-0.02371600596456433
-0.02345125502576284
-0.023728570668189217
-0.023273216597487687
-0.023401577754658127
-0.02322025244308601
-0.023425923174795756
-0.024454345315244288
-0.023465441124292153
-0.024586294633323
-0.0236122160505864
-0.024835269047020627
-0.024725575597644985
-0.025060760599576088
-0.0241675651975636
-0.02424922306464534
-0.024380145008884423
-0.024446678428945396
-0.02445638850397654
-0.025296184267725848
-0.024935959930665223
-0.02480553068680009
-0.02454865612863729
-0.02560537109429938
-0.024963847042644344
-0.024833033003086827
-0.025033985954396282
-0.025324908606802973
-0.02550855723372144
-0.025502633807344043
-0.025417208999650893
-0.026378169131868228
-0.026471171073129518
-0.02658678725410836
-0.025506029596248668
-0.026464417321655963
-0.026318860464750835
-0.026438697962347525
-0.02622307949848972
-0.026643520094482214
-0.025975454554967674
-0.027445129100951888
-0.02741283437616166
-0.02638997245958184
-0.026518827174431013
-0.026374030046687452
-0.027301324697794255
-0.027497986815423363
-0.027918875274501192
-0.028047828168561682
-0.026905231085578078
-0.028222444157260784
-0.028034102596947674
-0.02701822754253033
-0.028439279318571237
-0.027575772588920675
-0.027359448723412314
-0.027411654072559587
-0.028456212837473262
-0.028889572859754912
-0.028212558288553916
-0.029076989150863413
-0.028230491683434257
-0.028519547122852783
-0.028994457620884585
-0.028811334975338936
-0.029013323006319952
-0.02907346245130002
-0.028246232322948765
-0.029702424578469274
-0.028885913512471634
-0.029788930863547093
-0.02941950302604485
-0.029781481201670623
-0.030001661255975705
-0.029891622784009864
-0.029140489530678687
-0.03035269829724539
-0.029612819198125244
-0.030402230307580845
-0.029276284168588244
-0.030012608476342312
-0.029568540071699068
-0.030161920828304767
-0.030760190900007225
-0.030938097104533102
-0.03017891768572545
-0.030406890307321716
-0.029863673991298547
-0.03093550105770347
-0.030599370849765797
-0.029932688568778076
-0.031010399021108467
-0.030320709586762116
-0.030533520574571975
-0.031051145321690496
-0.03138387729185464
-0.030833751678921096
-0.031009321567910763
-0.030967747416362507
-0.031345673841048596
-0.031830060632549326
-0.031337684279760754
-0.03168178385143201
-0.03187648383721429
-0.031552755719768295
-0.030966179307250742
-0.03247648444581719
-0.031962499147596954
-0.032136964303016886
-0.0324724894111218
-0.03259100123458783
-0.032712612959860776
-0.03201813712935511
-0.03162631410269866
-0.032983229020433075
-0.032222713003299853
-0.0325663206994149
-0.032508086425105484
-0.03219576228354963
-0.032339640267146544
-0.03312297165436228
-0.03245331565344183
-0.03244759443802436
-0.03340469752604531
-0.033155184828393525
-0.03346689702839374
-0.03365736383757804
-0.03354320321276505
-0.033103664851877934
-0.03337276715617385
-0.03337774471473352
-0.033313668028118346
-0.03305952550278965
-0.03410846359636896
-0.03314508486367561
-0.033508834631753213
-0.03357894742865576
-0.03311699633774415
-0.033716484067642716
-0.03379335516209008
-0.03397815288476954
-0.03364316694754466
-0.03427805236630457
-0.033910284051713535
-0.0341862411048639
-0.03341719377113469
-0.03477031036331574
-0.033863136042279515
-0.03482582509688576
-0.034071238408706794
-0.03350216802690336
-0.03361801949960125
-0.03435682891511076
-0.0343757684285551
-0.03407378607597271
-0.034395179448312406
-0.03522407713389572
-0.03476945980717467
-0.034877827577228335
-0.03458767156711498
-0.0352475406561548
-0.03421683356351875
-0.03415237532301504
-0.03531719936520125
-0.035259266776809996
-0.03525852329423792
-0.03558000216821988
-0.03557903446946658
-0.03559149635831905
-0.035723788959443545
-0.03522799399901393
-0.03514150160133087
-0.034851042023608926
-0.035231825388609465
-0.034624419916273776
-0.03575515152552314
-0.03557187637285687
-0.03510848843543828
-0.034865526861447206
-0.03591435112842343
-0.035479904894240515
-0.03610789405551453
-0.03596572925174923
-0.0353325092923251
-0.03548630688723148
-0.035256687858620364
-0.03524315717784511
-0.03551506944790072
-0.03597438158673168
-0.035456841316453526
-0.035822274442363
-0.03517118864372743
-0.03493781219340996
-0.03510587631761827
-0.03608992806872516
-0.03547452646160329
-0.036231347707132884
-0.035974145314423916
-0.035377050683991045
-0.035098891697279644
-0.03616674789655722
-0.035370350602326975
-0.03504148983292267
-0.035926324052408955
-0.03622520222524058
-0.035647369231705854
-0.03601100376340757
-0.03541909696729236
-0.03508901579237817
-0.03584134922373592
-0.03635138786791227
-0.036250015879345766
-0.0361519026199647
-0.03649711265296991
-0.03518908067682934
-0.03590837438964024
-0.03587589568305375
-0.035315301066492465
-0.035531970921543886
-0.03523810362145171
-0.03657459871677127
-0.03621517080857104
-0.035473318038520205
-0.03617892804355184
-0.035338184423441624
-0.03633725658278975
-0.03581856297500906
-0.035266470463360594
-0.035832925484368235
-0.0362313012391472
-0.0361614065266592
-0.035846988401461735
-0.03586800407673639
-0.03645165721414106
-0.036073588449713756
-0.035813526431390616
-0.03557204184495545
-0.03560069256619532
-0.03531608181006982
-0.03549601138627531
-0.03502482510381799
-0.03515091759883637
-0.03631781464109411
-0.03625105459680347
-0.03623831913585786
-0.03556551002476136
-0.03487172407062004
-0.036031266557494994
-0.03547634946996831
-0.03568538677023654
-0.03606990636898817
-0.035497422845348514
-0.03484328080543365
-0.03549170741736646
-0.03558937328737091
-0.035185437563586115
-0.03454599798583909
-0.03590693266038057
-0.035827526209237494
-0.03455758671761225
-0.034544918809124206
-0.03509248056764423
-0.03564571160666579
-0.03518662220392963
-0.03568633104963538
-0.03573118514813007
-0.035232047008459326
-0.035179485051964256
-0.03477720264638232
-0.03527618079531937
-0.03507983467530658
-0.0349968085959914
-0.03477107619417137
-0.035174415408512585
-0.034108339452027944
-0.03523989703630212
-0.03495669269902558
-0.034167926848995445
-0.0349384170635285
-0.03443147557556357
-0.0350557511703804
-0.034874412590710085
-0.033552473808890385
-0.03357486938069975
-0.034831083815323335
-0.03422467910410268
-0.03474189531834966
-0.03425064231181268
-0.033135727919784023
-0.03310030577017845
-0.03400060314472564
-0.0329590680703966
-0.03328364061886186
-0.033167502964076126
-0.03350244703522398
-0.0332708112573271
-0.033894479200872615
-0.03397074881852159
-0.03341458726745422
-0.03357894469719241
-0.03375995880326597
-0.03238049131199004
-0.033608624860798644
-0.03297913467455711
-0.033307098158691616
-0.03310179052475452
-0.033350187383816704
-0.03321236466603779
-0.033038475517514584
-0.03175536588174807
-0.03201644993663884
-0.0320319143969713
-0.0320772113247478
-0.032610713791653784
-0.03216013329449784
-0.032690774908012143
-0.03166483010858751
-0.032215113807043734
-0.03191037054588351
-0.03195547689199172
-0.031757423653556945
-0.03220497560138028
-0.03085465752663857
-0.0319847211070005
-0.03151972400502169
-0.031469958663780495
-0.030378082270776704
-0.03109586677194676
-0.03083682334936366
-0.030186158921805078
-0.03040683533430331
-0.031156166667657983
-0.030282193276679664
-0.02999516260145448
-0.030556201493814047
-0.030631889392415346
-0.030515130082906145
-0.03073351586986376
-0.02931917781671335
-0.029933498196335097
-0.029265794114686692
-0.02991981189781242
-0.029233391563785224
-0.029342011612388013
-0.028655308717235373
-0.02899988460089924
-0.029693766347996118
-0.029193955224354654
-0.02924320009568861
-0.028120765574040422
-0.02910933716412689
-0.028014941254689892
-0.028839920040946567
-0.02797124812251992
-0.028586079758807826
-0.028142104705551292
-0.02840117463707106
-0.027956580895099524
-0.02763017147732499
-0.027287675213541064
-0.02803900667992218
-0.027830734546006448
-0.027964144148858307
-0.02664767024506445
-0.026323016961249446
-0.026645791102611376
-0.02747238959795091
-0.0263129806406071
-0.026576036495293654
-0.026054425616804575
-0.02587503859905783
-0.026428334481800025
-0.02589135146397101
-0.02559700007911777
-0.025675047473040623
-0.02569844167881167
-0.025654006270032764
-0.025172051462696802
-0.024940084240193217
-0.025682572241148345
-0.02481461495231933
-0.02466871474218128
-0.024157000866192116
-0.02513730221174144
-0.024614104996417516
-0.024421493218814542
-0.024272326812761563
-0.023324785332354974
-0.023339912504058553
-0.023170742343218566
-0.023946341869256694
-0.023899110498526797
-0.02396439955615688
-0.023085725878242775
-0.023099258677348345
-0.02289706240544236
-0.023347619249737772
-0.02267713416502982
-0.023067813559253705
-0.021959168818504134
-0.022149643900115677
-0.022386463022940492
-0.02216934294475815
-0.02232186689925788
-0.021364821405521747
-0.021695098024282808
-0.021429916153832697
-0.020944820837493702
-0.021210640034542275
-0.021280052799314754
-0.020429780737765316
-0.020835067979617528
-0.019746491789801923
-0.019802679202019023
-0.02029681176058893
-0.020337905014925935
-0.01904058313055752
-0.019476167630335516
-0.018626614703258798
-0.01951211205509283
-0.018322891757462153
-0.019327324632912528
-0.019063113364966768
-0.018823722528151732
-0.01849836268346915
-0.018879894458829902
-0.017411327441882864
-0.017402674873390513
-0.01814175276896115
-0.01762555985401153
-0.017499232364883974
-0.017742720400386637
-0.016797207780253436
-0.01696768926903558
-0.01689914302852378
-0.01634992958577328
-0.017116799095469638
-0.015885596746732497
-0.016590963363313102
-0.015574153609257863
-0.014958370756729475
-0.015392967708476382
-0.01555730588649142
-0.014952538626453888
-0.01521026336527436
-0.014259266983719293
-0.015094775643057464
-0.01465265764339625
-0.014106621549100197
-0.013636103239316287
-0.013407685385372703
-0.013765315048545706
-0.013789732529300215
-0.0126937148924786
-0.013743492126527335
-0.012445004550446843
-0.013542350264593802
-0.012008727083357458
-0.013278217691037696
-0.01164016083828667
-0.012630824534761833
-0.012715036047638543
-0.011568535637772239
-0.012319681818042598
-0.011261481332357895
-0.011685070463874889
-0.010616394669144193
-0.010381165955217259
-0.01062604611354095
-0.010499811427190652
-0.009928932228630147
-0.009803210979287361
-0.01006577235628504
-0.010375678665221417
-0.009699579572464763
-0.009079254716141792
-0.009120714642160948
-0.009352763668624576
-0.00929971940711369
-0.009321688434821222
-0.008122552034198127
-0.00794734774470812
-0.008489639254988936
-0.00821438647042384
-0.007416311598408805
-0.007377231643055802
-0.00753424192216631
-0.0072983762416839225
-0.007052870075774411
-0.00724736612210695
-0.006904487405378193
-0.005653512209200058
-0.006146521822982377
-0.00537333183054656
-0.005665654333527462
-0.005707581744811682
-0.005245516469902623
-0.005897783757169745
-0.005810321117137395
-0.004623367713783731
-0.004685955653753155
-0.0049412772560283
-0.003690743143552868
-0.0036473948439339357
-0.003614132335229887
-0.003604050851695685
-0.0033522795351875615
-0.0028340951792277997
-0.003468700541221999
-0.00343340388952563
-0.003233193745634953
-0.0020034154513747945
-0.0018580973237643183
-0.001649859051365496
-0.00266595344854428
-0.001754713716997584
-0.0021526028028183704
-0.0011348527849019939
-0.0017924082748411363
-0.0014572940256724776
-0.0010858517589048594
-0.00045041057331286636
-0.00042757673187240376
-4.712349074543603e-05
0.00037543443339250294
0.00021391254204863535
0.0002227010203717658
0.0012520786500509265
0.0004926110421551961
0.001602016145556781
0.0018156339062824572
0.001875145342709337
0.0018670350405422336
0.0019358179515049328
0.0014114129969345565
0.0021985245266581926
0.0018522638707382368
0.0024241624483460626
0.002810587229321406
0.0023080169317145527
0.0026764383969978133
0.003875246702998813
0.003951599598904263
0.0032337606542903875
0.00409708175070212
0.003677052622484845
0.00467736938137118
0.003723287718656256
0.004217608323810941
0.004493436346984405
0.005666357094134474
0.00538714087007619
0.00596246240888521
0.0050827562939045915
0.0060153422913343255
0.00571901136701168
0.006608264114658608
0.0060733115708841035
0.006359017151160758
0.006611919073983991
0.00731091588634503
0.0074300164947918934
0.00781508105322803
0.007312044054019272
0.0069755734679979335
0.007257295447843223
0.00826091789115736
0.00784854812562512
0.008121125448851968
0.008327261130964476
0.008690567794975816
0.009399504440533614
0.008878169510343587
0.009490882365610485
0.009636872512936854
0.010487932832327077
0.010573871260749502
0.01020096890939589
0.010875078794377005
0.011245468018932437
0.010918159790003289
0.01124735866639337
0.01142264374409626
0.010769931801219195
0.011948817346959751
0.011355226471035726
0.011140937993356418
0.011743701873215466
0.01248984083660158
0.012070900423532939
0.012572790618839537
0.01209325285668354
0.012448766954851025
0.012933249186683978
0.013945089045926439
0.013261031477076071
0.013579956531162543
0.013582327443549086
0.014479286350970724
0.01496203529709201
0.014018916383240071
0.01448448369340645
0.014510709430664057
0.015389614655053958
0.015468558246754142
0.014584798190045515
0.015709565815710765
0.01528835967920894
0.015908978387824634
0.015623948180202879
0.016285896702710582
0.016087827726447672
0.017229214698437068
0.01674237711412937
0.01687200629614558
0.017507023942578824
0.017646024439528667
0.017055861417586873
0.01688757931710967
0.017804813254432516
0.01773647269999202
0.017414106443681847
0.017690795465083488
0.018324945189362576
0.018200690953618967
0.01918749182388355
0.019502145277584544
0.01852537691499726
0.019197415902155145
0.01988739589009357
0.0192771760193987
0.020170584964499104
0.019623274117751326
0.01943362651990228
0.020106344239043922
0.0198300668502883
0.020333561513566602
0.0213150170439142
0.020350066222384423
0.02106904098130513
0.021597764364782033
0.02176562673683447
0.021166980308567358
0.021241914990982
0.021421872538520587
0.021337415147681837
0.02219347528355952
0.022030381131961464
0.02285743100717256
0.02260658046745712
0.022248893962341205
0.023092384533348432
0.023095933434925105
0.023858435485536955
0.023550374040027154
0.0240486297098952
0.023042257679879736
0.0242739551923471
0.023853589619256963
0.02366472401076237
0.024154441106972242
0.023960188357175765
0.024418479631481305
0.02485644433096769
0.024417935282359717
0.024741221552161158
0.024852360883706178
0.02487960334564739
0.02520971833856435
0.02552490866050182
0.025937458646063335
0.02540210606153113
0.0264247623841724
0.025650029532222923
0.02626700105996197
0.026735704950258662
0.02673914591266753
0.026968353834168565
0.026007397104188576
0.026671059878883744
0.026731317400610743
0.027242211610414277
0.02746540929265387
0.026617648420345117
0.027812920323399506
0.027593885411043916
0.027928163860030417
0.027834546630832405
0.028546544464059503
0.028043311696725685
0.028297223468576122
0.02852985176907471
0.028784773003866917
0.02800225813068802
0.028298045430910065
0.02815296978444448
0.029577939117436804
0.029368865488170498
0.029074955904744043
0.028733468591638278
0.029460435815852053
0.029215475389157117
0.029572403528370886
0.029989601447286938
0.030132655712315815
0.02962970403551629
0.030722732596620825
0.02947500462788259
0.029667535962294402
0.030942280477870076
0.031218166363817045
0.030910919677076303
0.0307138898961119
0.03084736130485252
0.03160451757552574
0.030392687464862435
0.031514706673291655
0.03168907743311683
0.031161121876246856
0.03148025893458988
0.030910721294482094
0.031866533771703946
0.03212954046176576
0.031832623320574883
0.03264594691776519
0.0321978911262483
0.032147932861057125
0.0317873914378774
0.032833686961135415
0.03233664381067426
0.031962891087254953
0.03198960539257516
0.033340873001352175
0.032744282593976944
0.0328999871364284
0.03310296446892601
0.03316478798855446
0.032625465947944056
0.03309750361076374
0.03283582828334976
0.03329744830017057
0.033976173904591386
0.03397933118380806
0.03332158330405262
0.03389584263864852
0.03445789093075613
0.03370894286970933
0.03441579866706619
0.03443326483636888
0.03372342185537478
0.033960065389129344
0.0336330500534896
0.03434952777141563
0.03508230560094887
0.03388665601881338
0.03444147161742623
0.034073183844914694
0.03450551900440245
0.03516535379174129
0.03537540967965162
0.03489101393654306
0.03489940394136082
0.034613401294127724
0.03440944965597615
0.03566324698165261
0.03524777975354696
0.034612159544637394
0.03459991287008161
0.035739476548003885
0.0359838532718033
0.03466408756478572
0.03519057058717614
0.03597930749170385
0.03541822147256477
0.03615745182813005
0.036017608859162574
0.035823003709435884
0.03596792670461298
0.03572814330913996
0.03547038452063826
0.03554051222796973
0.0358782373810762
0.035532028454581914
0.035393041253742916
0.03612003491867909
0.03577934083722529
0.03663214171162618
0.036356513531532436
0.03637598484253904
0.0367820149690748
0.03589151472211769
0.03624554616096045
0.03703584484651329
0.03588133361526915
0.036885506134643475
0.0363576028473001
0.03649773460387626
0.036883327643580904
0.036753797611394294
0.03682411862738438
0.03596403507242349
0.03652605355999671
0.03721363695650343
0.036979421202882966
0.03728920965753694
0.03751876742141963
0.037011918297943515
0.03719637016939662
0.036820801795339676
0.03733676287552771
0.037531784148517634
0.036540950342770474
0.03706678624278457
0.03716717040342789
0.03734369765489625
0.037600249215462775
0.03749157665383912
0.03677226225377161
0.03654090350686319
0.03712099192685537
0.03781468227640432
0.03760676245974604
0.036594746682454715
0.03770126290409175
0.037146156468770994
0.03778798689481397
0.03670823656691965
0.03672669872182057
0.037487566591708855
0.0370702809319567
0.03724224215882631
0.03723383950207828
0.03765013302143995
0.037772319247745
0.03769625806082647
0.0372035037496953
0.03691209083450642
0.03737898400881244
0.03752068206104818
0.03737898865295272
0.03684811549515129
0.03699253966310742
0.03732708657341069
0.0373965465000136
0.03709429168396297
0.03766681820896092
0.03773265484719567
0.03721474645312962
0.03715590915837639
0.03714298803208622
0.03727419923299399
0.0366226200602405
0.03650583824192449
0.03782699970885929
0.0373305949220392
0.03722185931589419
0.03740048264070488
0.03655313531909064
0.036995436278886136
0.03750341627311988
0.03632824505646924
0.03638685833574669
0.036432829575746783
0.037757591160479144
0.037088472324657194
0.03639674324167483
0.0376017902812954
0.03649117174808655
0.03732696726062001
0.03762541835741071
0.03674573268927196
0.03750934792869883
0.03666950279176878
0.03625217767777597
0.03702681920981042
0.03658750604638483
0.03676092334526941
0.03655655045710585
0.03659840739913574
0.03717445109825465
0.03587241328620701
0.03588819715033418
0.03667730768522085
0.03715347406797354
0.036992670190522936
0.0371880118722734
0.03691470567200503
0.03628774098206127
0.03600788833246389
0.03603689245796049
0.03658934527615522
0.035738110534109226
0.03689022776777418
0.03569967721811126
0.03614021906564856
0.03674865002070407
0.03564283901058851
0.03632874377848136
0.03538577399106774
0.03663295104322666
0.035704187659832104
0.03530824484896034
0.03608552070524742
0.03515221813206082
0.03597875306767908
0.03587521278164284
0.035407268247885586
0.03597211916311576
0.03619047463676766
0.035911855677557475
0.03581807659665923
0.03599012041702001
0.035477594489297375
0.034627106260199936
0.03588941337371644
0.0354200670151101
0.03551329895395845
0.03445380508644929
0.03443717199824823
0.0348453815541793
0.03566324371556514
0.0350457445059442
0.034846749798971635
0.034920104384269256
0.03544269953603557
0.03471482338093106
0.034608678558993196
0.033851154697328904
0.03389631952730722
0.03380980394032509
0.03461032668778419
0.03469941464305639
0.03444739232144685
0.034080114389397904
0.03405347551027113
0.034213779573914915
0.03406857261998407
0.03321088624399926
0.03377134744123424
0.03410276256882545
0.033964207482789076
0.03399855401332783
0.0329988027599448
0.03336643016248382
0.03377217252051931
0.032821340648982324
0.032996296374655495
0.03259725565427647
0.03261436698437341
0.03364959798618232
0.03303647148550002
0.03345204402191406
0.03316412848947185
0.033138379065445485
0.03272156445224346
0.03257823846534892
0.03271530333076278
0.03249803652573975
0.03301940869415435
0.03257039075850594
0.03263832034600848
0.03269140778892441
0.03217143647815305
0.031638751505893965
0.03267799315625163
0.03259778669174421
0.0317248649324969
0.03239463514788879
0.03184782923691852
0.03221854029569486
0.032222546695308725
0.03132299445644542
0.03098627570092545
0.03167037486265228
0.03200581892552042
0.03192507338523381
0.031550562187978
0.031242794859548458
0.030739311114656154
0.031180989055360358
0.031207533035969542
0.030509919490568912
0.030967444275110258
0.03068059350387395
0.03129144681502051
0.030125547825730764
0.03102867243078467
0.029739998755921974
0.03095118115049095
0.03093085306512395
0.030687023544571163
0.030073873003031423
0.02999081187288924
0.029589833307903653
0.02943666500121337
0.030087270240150336
0.029369378752894932
0.030338737431033817
0.030003106969068587
0.029814924160135745
0.030126514199970665
0.02893168609640157
0.029062457322488064
0.02867770090610137
0.029855474255960534
0.02949396972996216
0.029558856847558733
0.029501602476575715
0.02888033803209593
0.028794141887696034
0.02789906198619983
0.029013891061753404
0.028591488401145553
0.028186495280046478
0.028466740572566835
0.027898247930655744
0.02805040882524162
0.027566299514751463
0.027670593574486153
0.02720626967923133
0.027073606079108855
0.02803729755260615
0.027932181213153225
0.02715740898293162
0.02729036504501935
0.027973776007739763
0.027393157732779727
0.02688206537836969
0.026658143389333956
0.026520314037439225
0.02666410908363002
0.027224962272438008
0.027213785101973885
0.026807211979128887
0.027030232542878896
0.026397061671875676
0.02703172258864998
0.026784837672240564
0.02611495230191708
0.02620405607402009
0.026372909420805113
0.026275032438233724
0.026571550858062027
0.02524527889198489
0.025500898823469457
0.02511739659758463
0.024982432371723866
0.025845495585949882
0.02538123931304695
0.025376330729588437
0.025214074170409228
0.025427871676218027
0.024628369274998063
0.024911594615034463
0.02524052185379397
0.024057531669251005
0.025146751709984264
0.02416009997706023
0.024505544713256118
0.02490906255408711
0.025108608865987935
0.023824675002196972
0.02417455406345705
0.02382073438835149
0.024484642618866584
0.02376562503141169
0.024317523500795586
0.023735181581935796
0.024081193480526605
0.024024906936646884
0.023975206556467538
0.023412501000479324
0.02316930928024733
0.02292204234656676
0.022994184927261716
0.02302546837433194
0.022580717285768766
0.02218677706945915
0.022990634554463606
0.02258146798453427
0.023305422356908623
0.022708412894205717
0.02181116656707153
0.021964643616733264
0.02174045331423789
0.021882944995204868
0.022641949013690554
0.02253682647581462
0.022286716561594738
0.02196277012496824
0.021422833344700014
0.02187519351218467
0.0222543796130227
0.020828173769531163
0.021701494344197738
0.021495339935391527
0.020626708940184445
0.020749216537176002
0.02151433739088013
0.020578443809527083
0.020631885572028035
0.02128271325631297
0.020863312671596804
0.020747300544541016
0.020601139921866726
0.021219452989906934
0.019665701172983666
0.019764533834915145
0.019822966242611716
0.02048929554797982
0.020797612570135997
0.019373431917951496
0.019309076129138063
0.0195948117169754
0.019035621564391165
0.02033507647241244
0.01966071046448035
0.018737998625559357
0.019655733670655515
0.019165842017418614
0.019966391853899222
0.0193408586012221
0.019567977413770813
0.018904981257574813
0.018430938321520957
0.019355399872837527
0.019399472528595373
0.01852174476342768
0.018231042986466595
0.018093164544767754
0.018842371264970757
0.019060221371318485
0.018992809852764893
0.017997963555727952
0.018766038825994036
0.018281948630807305
0.017312426583394634
0.017565411610726927
0.018338566422996555
0.017660749917348152
0.017515126955049996
0.017667986742976885
0.01725495543560144
0.01737460272054677
0.017693531668487094
0.01763053078918487
0.016377323942868054
0.01728671730017398
0.017482474831588064
0.016540331901755922
0.016446628041402164
0.01713850487301245
0.016799392833486762
0.016874278386423802
0.016578451675917785
0.01593709624073109
0.01689419743549029
0.01630595872709224
0.016035119295189505
0.016441903696512314
0.015346652750506836
0.015557695732465631
0.015228838315170528
0.0151984849426928
0.01500371113023796
0.016356121255579795
0.0152332786601116
0.01590777840786359
0.016141122035142837
0.015515339380059653
0.0159512156791074
0.015543261954612789
0.01493408836646249
0.014560866663412783
0.015477426492297051
0.015631605364024824
0.01421768597852781
0.015057260827037275
0.014597777549831426
0.01448992650843593
0.014010456992095069
0.014362153338322166
0.014895346696755978
0.014626297223780393
0.01417554927202931
0.01467617731080474
0.0134290206127815
0.013841366170811147
0.014119005111397872
0.01354495825313513
0.014121029503913217
0.01442711252684606
0.014122823103178122
0.014259013190736585
0.013415238819410544
0.01272007141463712
0.013511169545836888
0.012749752545666277
0.01331970492230796
0.012851241829628955
0.013742671733840557
0.012369459643192283
0.01225799600746693
0.013124687243054543
0.012155512078026951
0.01340252841985789
0.012811215808823705
0.013042868438706005
0.012395681137891724
0.012234923089438823
0.013193636087721065
0.012802167392886938
0.011900924768363996
0.012096122783700067
0.011440413854420364
0.011415512868809237
0.012707187935513441
0.012485919079528644
0.01239512865631619
0.011925551474384285
0.011684760657031128
0.01121869681091007
0.011172714756412702
0.01173657211075135
0.010958911797878553
0.011557227062695002
0.011476657973693183
0.011588490094952423
0.011679738125501132
0.011179156099402947
0.011692849467957475
0.011345623184591098
0.011393845639053457
0.010353592804404956
0.010529470559710041
0.01056984371677611
0.010591662921205417
0.011041884288237876
0.01137595264266998
0.009982863192263861
0.010318037573843229
0.01111178294445917
0.010380180314599778
0.009911208659795888
0.010551490374780202
0.010767537641902289
0.010198474523831526
0.010754987540884038
0.010173164877282686
0.01009093501123726
0.010315135193330327
0.009335586856603862
0.010163532035629282
0.00960631790302688
0.00944693622329848
0.009369448728861165
0.009605235193452319
0.009543033458493572
0.009549281378774031
0.00999983563097208
0.008721159789670934
0.009375574547781389
0.008603393829190708
0.009466401039912586
0.009626230038474718
0.009515251168662114
0.009587155708276653
0.008333540362531967
0.008789121854139178
0.009454493269714275
0.008822344328027207
0.00898606383133032
0.00926887126419178
0.008548170125232653
0.008000659378722361
0.008298196251428474
0.009208458997021454
0.008152921606066493
0.007961118736717497
0.008130185418739442
0.008868924728379659
0.007864436833602629
0.00781595875641876
0.008513849108684194
0.0075720927256269005
0.008699520128046232
0.007531763836080639
0.00860240176076962
0.008010330131749926
0.00837019369683746
0.007972796412009651
0.007356898178849849
0.008225664635597494
0.007961544270543703
0.007021360603170666
0.007544887466572404
0.008237837031561574
0.006863460020829355
0.007515401258779559
0.007895418284252357
0.006926035818773533
0.00750559335640768
0.006758717099181799
0.007257862583719451
0.007273333461661605
0.006603072444339275
0.006842692975923539
0.007504681613499305
0.007027383411298531
0.006796057990315482
0.007163868458890939
0.007440554337054292
0.006434368257443717
0.0075367685162830095
0.006855328627831369
0.007013732469435946
0.006240798287023658
0.006382273882030839
0.0068194350363026315
0.007014178201276876
0.007023778301329618
0.0062151058253919825
0.006856253265759794
0.006829302087785065
0.006038906642485354
0.006690151117234526
0.006346719330595257
0.006132070655825124
0.006011286086647349
0.0064879863759506155
0.005983375760007457
0.0058672021511005515
0.005913136493436965
0.006549183918303744
0.006462365175196275
0.0059015380020835916
0.006367916848507169
0.006256683263496878
0.006164098161623723
0.005659974607397447
0.005062122422851918
0.005242100953999166
0.006427167420765398
0.005732255171307048
0.004938578556856273
0.006043473659917251
0.004847105594664513
0.005823722510613943
0.0053250974084724945
0.005765829067805382
0.006125122862231324
0.005350366175980778
0.006057488998823782
0.005451875523522976
0.005999242354833431
0.005037586609699445
0.005550061464313224
0.00507900958325337
0.005725378426339672
0.004530799291317936
0.0056009825954472636
0.004862732446004355
0.0056306357635970165
0.005558669690612785
0.004447875220855251
0.00525295976446472
0.004693332941992104
0.00538639240253594
0.004579290590209728
0.0043449339954174495
0.004540098087239368
0.004297740095465418
0.0049502184557907915
0.00498774118534456
0.0044908476700041555
0.003953951662893363
0.00467925325515169
0.004534147370405146
0.0040873421309565415
0.004327295256802131
0.003932016855574854
0.005107232309354073
0.004017982974195622
0.004096982862870181
0.003771577414086478
0.003724144655784152
0.004529775582140489
0.003949968779092563
0.00447376811195814
0.004516033881704225
0.0035703789481317002
0.004607984788967491
0.003571556615067413
0.004635516726402173
0.003367032019517082
0.004460798705914803
0.003981628344342456
0.0037439155891879476
0.0036238147913344003
0.003725877470639754
0.004474358768595622
0.00406897377183755
0.00379289585890221
0.003877016534003792
0.0034873031932279187
0.0045849241280615455
0.0038194216520338964
0.003901199630332636
0.0035733006060743202
0.0031473513621696875
0.0034306234241721994
0.0033050348483589288
0.0032863806090687557
0.0035775817083693227
0.0031472952891175234
0.004109110763022693
0.003353365074164836
0.003575195022894335
0.0034939972638202256
0.0029969882025124893
0.003629934287249838
0.0036353705827314913
0.002901091315105224
0.0031576822644367284
0.003641676418601377
0.00397206215519262
0.0033247283899760765
0.003718688864262201
0.0032567604695238612
0.003841636956586009
0.00336940681740715
0.003271013969090358
0.0033042275094569877
0.0036079598432249157
0.0036095562740842773
0.003159377050833994
0.0030250646341723154
0.0034974677835191313
0.003660627166913894
0.0027921860968177802
