0
-0.014164928222058188
0.013502724825432057
0.040755479093493016
0.04369480486579251
-0.012452558934860284
-8.354366469279922e-05
0.06142276062467045
0.03324545505990376
0.05584160522645555
0.04221542715334489
-0.008019028131347989
-0.01116192925653985
-0.014439951255738973
0.06449262193960988
0.05194133561318279
0.062176164926163534
0.00011984068566660636
0.018903076239620106
0.06935519787681567
0.055573502374845596
-0.01032693556229524
-0.015433704555423705
0.02932138267861049
-0.010083550273554374
0.026389803773249502
0.029836484685626743
-0.00015165523077322052
0.045220820625453226
0.009034745981187895
0.045667332823094445
0.05829220329822976
0.01833966498237579
-0.01465142053332166
-0.02013700179057847
0.04348394579497386
0.03355268722770133
0.0665067553949617
0.05230485896331345
0.022868544888690615
0.0736268899755082
0.06009025051934001
0.05345408130204139
0.017832923398324478
0.01362597108089331
0.0077240090619666545
0.026694856103822842
0.05377654863862104
-0.014027058088991741
-0.002701123246335941
0.04215000913769244
0.06145620485148195
0.06591011098151024
0.045376627906810976
0.005096862625724719
0.02776051499245912
-0.012226654372180434
0.04413528772040537
0.05674963253071984
0.06037074356609634
0.02171582858037322
-0.0029889016800653118
0.06407187451368174
0.01406852845918851
-0.0017132201875914334
0.0330015636441265
0.0027489179307044233
0.029252951897441204
0.06723916692647683
-0.015842312084315906
0.004208223970656379
0.0666973220755098
0.017175228388010635
0.04096976964129598
0.028962777413567543
0.03306814667697848
-0.002846966874859639
0.025588785001662635
0.04958542594353417
0.008432645926717039
0.024958389070636227
0.06424414687912561
0.02738149557535295
-0.017182059020959976
0.06934825577006765
0.059505501089824595
0.025501509693709595
0.011581052404531323
0.05611367160513917
0.01115670597382045
0.05196189812478011
-0.02959245221315055
0.016801938259309007
0.05897103328905187
-0.014445654307958699
0.052751665502012504
0.046477110962714854
-0.022847664081127664
0.01778708992555348
0.053224355549219615
-0.02484847462826934
0.02847520785796384
-0.028153723320224144
-0.024283368799943608
0.0630228521820041
-0.019559224396201724
0.05782442706792057
-0.017851158821858327
0.03893364294571732
-0.0244965371594326
-0.030557684528971032
0.01814461445130454
0.00037831023760382526
0.0616752660987045
0.030768068002990846
-0.015075128905768887
0.060184775280662586
-0.004853816030253366
0.05363301910860122
0.04332732328437067
0.05031584199227087
0.028837247511843064
0.04757118690694624
-0.006839627444109216
0.0533903053262863
0.031103394871229637
0.01672974857945466
0.05005837794920226
0.00555600825761246
-0.030642614496710196
0.04942823877313338
-0.037812518243464474
-0.039815704826241125
0.01733918821013234
-0.004101475007398735
0.04795402199596435
0.00664437457467483
0.028852003755841807
-0.0016038423697886661
0.003363639285470614
-0.022128954451109697
0.009508725659749709
-0.022801611950902773
0.0048122685304036045
0.0026755778649729944
-0.005795165186137444
0.03989263199003985
-0.01734279215368905
0.03926545619672616
0.027604722332222567
-0.0348134516234667
0.007857462319672395
0.04492390917907202
0.040207591784696115
0.028836007446419162
-0.024469660269903583
-0.023008466862901325
-0.04684092209129651
0.024649484622094243
0.013464110001116927
0.029877749972984077
0.02313109051699959
0.022512950323377752
-0.009846261938160648
-0.00568238489261802
-0.019027231102908673
-0.03180576535641692
-0.023662510332533093
-0.017568284072141248
0.03739704739896706
0.005983665865826826
-0.037371779229646906
-0.0040192478062003115
0.030539803147278527
0.03256881128141358
-0.01170656386390391
-0.04183619086794909
0.03802422372464737
0.032070999397980485
0.029739067895181506
-0.011220267028609981
-0.025327088417563398
-0.038078845473707615
-0.051022874716060325
-0.01418211522802388
0.03436044374497456
0.012054881227743737
0.03529820527902158
0.013001035193207444
-0.030979871721858246
-0.058954681070342435
0.00631334344333509
0.00816772656398352
-0.05315800988213712
0.016786811047524358
-0.04824553650793065
-0.05719275857345705
0.0037173823550803176
-0.020022719271770337
-0.012028359442155329
0.00048681011904233573
-0.05572957371124505
0.0009445346664360421
0.0036485214328362686
-0.015963961347069164
-0.029926827954423883
-0.04245592529128307
-0.04222621275730228
0.009826120616396136
-0.027202514931620993
0.0014018322082430812
0.004598816884636675
0.0035436205021467937
-0.01981958378983597
-0.058211569944582625
0.0016685255601957827
-0.014747720359857122
-0.05481932403598611
0.0036620677972968585
-0.034926896114346184
0.0065734175686820995
-0.015153341259238742
0.0003513019557570135
-0.07004042910294303
-0.0461227446281829
-0.02140737079717414
0.011344825908948822
-0.040447906138206015
-0.06368806045091788
-0.033627089276976684
-0.07246514981298144
-0.008642151067197637
0.01953109393261397
-0.06811083591814827
-0.058215028415107214
-0.06744593965503023
-0.020778742908519734
-0.0369463473574202
-0.05048731834431561
-0.001160889157417161
-0.009467167790881137
0.011362961886342421
-0.007823239647169786
-0.022255747179134956
0.005557724050504476
-0.07234288645335095
-0.0673076982733132
-0.0823681593293896
-0.07507405074831552
-0.012492009280008529
0.009655492270061253
-0.04234850259639088
-0.05042944366219733
0.010856697242004235
-0.07736860172860308
0.010897922724921794
-0.011336363702385166
-0.08698051877673198
0.0006897172987053446
-0.03913191188630997
-0.0009607098463735309
-0.08939910910597507
-0.0402067321448735
-0.04146548081852196
-0.0703072537166711
-0.07008946970023354
-0.07234133565887504
-0.06406314465716452
-0.05123629473299945
-0.05047888771562179
-0.03002318824778817
-0.07388683326200589
-0.016836201868525053
-0.0826953385314281
-0.027019854459223558
-0.06757993831027638
-0.03762588032868706
-0.03103427573676433
-0.07613664024093106
-0.008459667367509402
-0.023950967557716973
-0.010465306349085171
-0.09699138230428399
-0.015141218423851244
-0.0825909855274504
-0.028519209726290698
-0.026226054878591837
-0.05048163516458354
-0.02069650373536859
-0.00936106880477082
-0.06937086394115898
-0.015584156013416103
-0.027066704001185923
-0.06869567643101904
-0.013922724498098227
-0.03158760094099253
-0.09708894768069826
-0.043568989068590774
-0.06811386165123835
-0.0794445569102549
-0.10551385541222177
-0.02990566338946278
-0.06199302212447534
-0.02904848531808993
-0.03864945556314882
-0.1080250750435788
-0.10393238641628655
-0.11474362927115929
-0.10410365238535836
-0.10190731821552657
-0.023610750697037386
-0.08288618921121096
-0.08354821231814442
-0.11051854017171293
-0.11529162898001516
-0.08205798012584466
-0.06640998029100967
-0.030060108248594133
-0.08306993035690025
-0.09072957120699027
-0.10136396920373196
-0.0948536015565236
-0.06784532467236323
-0.030003293057904404
-0.05631932006308271
-0.09388005589535481
-0.04257882813044318
-0.045819533700049625
-0.055579545930208654
-0.09238706296563895
-0.06086237916564051
-0.08933887129208556
-0.03707938700877564
-0.04573808139041549
-0.1064197464909317
-0.0915468981527082
-0.10145775569569139
-0.035200476942818554
-0.033328235130113584
-0.08042581013706018
-0.11485954271195459
-0.12286151757413344
-0.04114723289834066
-0.12208751557146931
-0.04067600292510967
-0.07940215471759667
-0.09056629928897018
-0.1133499444153487
-0.12777130085460922
-0.08958169672369659
-0.09553145601592347
-0.07847385501697268
-0.13425920834917057
-0.1276451257854853
-0.11371669892277356
-0.1311615324200373
-0.08307357399990015
-0.10412121519830418
-0.07272490553520558
-0.12332765270163162
-0.049529609623397655
-0.12520369939341713
-0.0713905749719629
-0.1102668737647727
-0.12522827090968247
-0.06745763441054825
-0.050276504591094756
-0.05807567396334079
-0.1038734166251156
-0.1427505886842664
-0.07062011185814487
-0.1331578679389607
-0.0763842691161656
-0.0812807724632697
-0.07187658603319615
-0.05970467726576789
-0.084685468988309
-0.09026913731720475
-0.07349966255006263
-0.09864982674564432
-0.0595395737937834
-0.08009593153832317
-0.08155640413314252
-0.1489409895484477
-0.07503548993636003
-0.15526291018844066
-0.12142727014593821
-0.0666473254414928
-0.15863646954873714
-0.08181324896995294
-0.10329801327433025
-0.06477397163608442
-0.12698579453278674
-0.0670838485968093
-0.08789744160747591
-0.141097298720117
-0.12419290630942076
-0.09855062868435391
-0.10830733282831198
-0.15546001325278871
-0.07454385993745034
-0.1088876626655375
-0.1636967709390911
-0.07510685993424694
-0.13144958670362722
-0.09803370706338957
-0.10819936716515127
-0.09646775228080405
-0.11287260644204276
-0.15924835049361039
-0.0811580062293462
-0.1413240077146322
-0.12099786917684247
-0.16899298770220034
-0.10301369361537362
-0.16434185772428828
-0.10292436270865023
-0.07812303407104233
-0.12998410337671562
-0.11156418333079172
-0.15203324969586834
-0.13975930664920652
-0.08729704769399692
-0.0902921560425333
-0.1419654750612503
-0.14494234608900572
-0.14111463801857904
-0.15481167658256684
-0.1525264388701926
-0.1470605493186922
-0.16219412604919262
-0.12961483937883217
-0.11149553596134716
-0.17101467879439866
-0.16679022819294886
-0.18243071025615987
-0.13649722357423671
-0.09299164658006727
-0.15043866542837908
-0.16155652516268443
-0.1058303832899265
-0.136962232434715
-0.18496375316521757
-0.1143436532019192
-0.11624387312094121
-0.10120362445888721
-0.11358177090824079
-0.11617162662705796
-0.13318230794211763
-0.12214514320775419
-0.10861666530359447
-0.18236857036136184
-0.1278989293317739
-0.1510479358307472
-0.09932022652828507
-0.147532769186045
-0.12171262394511745
-0.1054384926563616
-0.11747077580900596
-0.16990372688160485
-0.1066891115203163
-0.19318125597088007
-0.17355130176209632
-0.17486412615790395
-0.13100162975689766
-0.1584736395229421
-0.14996780704067544
-0.10537445895772311
-0.16928500960343512
-0.10812848721046693
-0.11679820249298535
-0.18370739778976986
-0.16916750939320763
-0.15641355392025783
-0.13721311159401545
-0.1631682104767108
-0.19651509908420453
-0.1852180095869916
-0.14145622218424825
-0.19435567640954288
-0.18786903438153726
-0.1913780030253679
-0.15380341202992912
-0.1694978033862366
-0.17457478647202263
-0.17593080709616726
-0.15600177952072067
-0.16495056132120714
-0.11591719319053821
-0.1756747788583528
-0.20746576017044202
-0.15351827928425724
-0.12647869510820584
-0.17781066409698343
-0.2018611107968115
-0.16163888086931522
-0.20279980127514355
-0.1353595211812649
-0.17371625060415233
-0.1288828038235849
-0.17003696860451945
-0.18025440109103602
-0.2012664371514117
-0.1577670021946413
-0.15625038690595294
-0.15598254698121033
-0.1606572325128976
-0.16060268041926432
-0.18979211162788492
-0.1285608601072249
-0.12710839118972522
-0.2186043642452013
-0.16701242895585672
-0.1737941957695239
-0.1277554838442826
-0.18824202306613289
-0.16297770785969914
-0.14911085452542844
-0.13401534017601907
-0.14578860391378246
-0.20484229422206918
-0.141862530636584
-0.1901395695201772
-0.19122340038131105
-0.15772810795141162
-0.16636899441455077
-0.22707465557319653
-0.2058688665600821
-0.20313677599082738
-0.16648640501563358
-0.21493806879419317
-0.20174292731075172
-0.1945544332850754
-0.19263315689713223
-0.21304564510083163
-0.14600414352923105
-0.22606467891135662
-0.18106731163448178
-0.14916018835396078
-0.21187168706071213
-0.16954683888987887
-0.16016940558439302
-0.16784414508851825
-0.15477592959699377
-0.1413611531271287
-0.22981080090311282
-0.14439218474069204
-0.1944712275126472
-0.22251577423678703
-0.1976087895477994
-0.2275622816048649
-0.1366166971337039
-0.1431223395826579
-0.22091770995366544
-0.21449069039307908
-0.19296689362530955
-0.2040437864519416
-0.22929246238593143
-0.15274628853702565
-0.21726642448334166
-0.1725215431062938
-0.21371317494477682
-0.1933745070482964
-0.1939864352188982
-0.194339815723653
-0.23276098332551923
-0.23507390704455994
-0.1544375998405617
-0.2022472765128888
-0.18282404603597094
-0.2037976515277675
-0.20576632521121901
-0.16748650624851552
-0.16245079427849615
-0.22293959949909165
-0.2115996015746301
-0.22702527602709716
-0.21824604090834468
-0.21421587560465016
-0.22462387976953432
-0.213390630159783
-0.21286950742934102
-0.23493668141065913
-0.21852631846514
-0.21783801145778153
-0.19030478821563168
-0.20282920653725126
-0.15359414594825763
-0.17553467509943657
-0.2252689081299166
-0.20519830602179023
-0.23110514619514358
-0.19329381402069562
-0.1706954578645718
-0.20325222936432646
-0.16922904090482782
-0.14636757457044763
-0.17377590854768177
-0.2382413373552261
-0.21540576953152846
-0.1927365035048237
-0.18829840554032928
-0.22385945769887117
-0.19480063513435555
-0.21753245833658938
-0.18443110695998305
-0.15207537375274816
-0.1699034796703756
-0.1719386176355288
-0.15374387232478326
-0.190725513632772
-0.16718183508010442
-0.1884289310861879
-0.23232174655140922
-0.23427890043203622
-0.17112670005974362
-0.2022237470530507
-0.23918771388752108
-0.20406275434525123
-0.14978457279916285
-0.22709094638941754
-0.202014548678954
-0.21486338180568185
-0.22782776147902775
-0.1955540959766915
-0.18667233133051103
-0.1733518508690216
-0.14964359108257758
-0.20806029991376707
-0.15499187700789394
-0.18566663079717194
-0.1468200615555474
-0.17045545427158976
-0.21223972671044108
-0.14629799979645536
-0.21836049288491793
-0.18607041433830573
-0.21603253943549822
-0.21795713877211703
-0.17604764606210999
-0.22287479044255062
-0.17033866316575386
-0.2263036715079885
-0.1609703300679528
-0.16176830598021902
-0.17091843974612603
-0.20342526601448746
-0.1551901070566032
-0.15167394688611183
-0.18119186473903054
-0.20055376917742396
-0.21731320197810658
-0.1837075701610141
-0.16430012438037433
-0.1406623751665928
-0.19470963085614967
-0.15959684783400224
-0.1690976876659122
-0.20490931266332607
-0.16109236043327813
-0.19596107562145437
-0.2295978366721398
-0.22068592857089586
-0.21876904776486475
-0.19864028297670328
-0.22163145312478502
-0.15494540373983862
-0.15368359470934292
-0.22276132398402584
-0.2180996247241094
-0.15602384155678978
-0.18094221085484477
-0.15837752599436367
-0.19365266507732504
-0.21611830081350142
-0.20906101733875254
-0.13855438210648469
-0.18404427055481962
-0.17699665262897402
-0.20197854979478452
-0.13237465663399087
-0.12709863290759513
-0.13564802693091524
-0.13622773189503262
-0.1265264888478185
-0.14805135009043144
-0.1437534960773524
-0.20382454110423534
-0.1593632062489858
-0.21585084105900074
-0.19607366474557159
-0.19838500639615184
-0.13727764552033106
-0.12082613365819285
-0.13806848822832296
-0.1378663278594537
-0.2012220163775333
-0.2127825933291013
-0.19326550081770072
-0.19124243706865834
-0.19495506016946984
-0.15353695116519944
-0.20048893941817258
-0.2131300638647472
-0.11929211545343131
-0.16316685681291532
-0.20136708357936617
-0.1639628391422975
-0.19201482104960801
-0.1740654995941795
-0.1986234459071481
-0.18011779415099508
-0.15333406440166894
-0.14775923203604616
-0.20564675418610598
-0.1473909574123223
-0.20386539206178766
-0.1714668861692924
-0.20070609522996083
-0.10661204422869636
-0.17134059746104435
-0.15554716595560258
-0.19854022712520222
-0.16819008672963567
-0.14716509852477086
-0.12689198512610256
-0.1562605086449485
-0.12214016446725856
-0.14141857320203788
-0.1654998989292895
-0.10398108910773525
-0.1933617877992298
-0.1420066046269023
-0.10837182030419142
-0.1481495912159553
-0.17865800249387281
-0.1584528353285295
-0.17518520111427954
-0.1625960788037609
-0.18116680064861562
-0.10991233685736938
-0.1246063949557557
-0.17308573458629098
-0.16421215743315828
-0.1692695463023593
-0.1493666990751195
-0.09048228750501297
-0.12905529427583196
-0.1158352914884477
-0.09743134323484244
-0.1410318952058258
-0.16593109435356893
-0.14263478856352277
-0.09285912544457926
-0.1393314911257398
-0.1481292844766293
-0.08151667932545295
-0.15185382615173035
-0.08176932471954251
-0.11884757545231299
-0.09258468083532208
-0.0888476086643847
-0.136735159906561
-0.13750255978473136
-0.11142817591678367
-0.08318886130863727
-0.0791368258244751
-0.08278081027292128
-0.14293320714834393
-0.12513470129868925
-0.1654563472418346
-0.1135797025777961
-0.0757214012821466
-0.15935009347225
-0.098766314936139
-0.124987754785157
-0.1300534454613279
-0.13119602249829354
-0.07460780737642887
-0.15555618896132134
-0.1393445846598111
-0.15088617465736018
-0.15088346276551715
-0.06380224527527778
-0.06080797882319569
-0.089638872484885
-0.09481865760923233
-0.06668624970834836
-0.11660225030869656
-0.14467972028665765
-0.14309351379364207
-0.08187379206908135
-0.1104585252080448
-0.12277578624873602
-0.1044936641058637
-0.12972953697696119
-0.09877607271230066
-0.0825683539566428
-0.08013242155292927
-0.09510499184706761
-0.0946312648131959
-0.07019804727003422
-0.1168821701772379
-0.03857571697778284
-0.05619507440291817
-0.060402009140976
-0.1113664355542144
-0.05179167400296776
-0.04355853064699691
-0.11564742282547195
-0.08962194192635181
-0.029670700841824937
-0.049465701240076154
-0.06459658413728761
-0.08712648038058068
-0.031128019255853068
-0.039998866164268274
-0.038790165003460886
-0.04654924892592846
-0.04122521921544825
-0.017266154116422974
-0.030589878774960305
-0.07717161098269978
-0.017783581445358396
-0.03365277028085392
-0.07109775938578622
-0.013336382447406314
-0.06956339789824997
-0.020117405871390284
-0.03318942984221804
-0.06184002066991466
-0.097001813794581
-0.047116275962770016
-0.039301110151870794
-0.0034388232071937558
-0.08260389605115723
-0.07928971571593812
-0.07144762967138152
-0.022343345252491334
0.005062731505474413
-0.006574540125237435
-0.005512454006938228
-0.03241722776292271
0.00019978724849077645
-0.03981334941411613
-0.017749111929522984
-0.05914239656939321
-0.017521524588145168
-0.012354708762163671
-0.004354766500912405
-0.06646181972252296
7.31496488633604e-05
0.006796183585353166
0.016371227231074717
-0.008494554477958965
-0.00017162087947729388
-0.05835909506596565
-0.06950555269388564
0.008807021085414452
0.0007483871701696454
-0.0405098981212461
-0.02419822199141787
-0.03357000574260072
-0.05567832852585652
0.03026925941998397
-0.0464786601870948
-0.03951035847591121
-0.041844699347227586
0.004786768513674107
0.010922832128237157
-0.028838020428599332
0.04322481194881447
-0.03139911764628554
0.035523761266914484
0.04402328553559485
0.014506300610187269
-0.016395655745989855
-0.004125513099503479
-0.04375496349007239
-0.004310676299662114
0.05355294024083447
0.013094800420737643
-0.018091935243892864
-0.001806890883241312
0.008924936881500783
0.04923414074654217
0.012738964711529487
0.03175140402667951
-0.02878689731923222
-0.012035139669800677
-0.004695357428240666
0.06825323634429234
0.03034998407018739
-0.022697973930139687
0.013079461605480739
0.031171354594723442
0.07520951899273491
0.06120959752162096
0.024833949737991193
0.07117236856897326
0.02596924753033397
0.040857466947437956
0.05289946112997869
0.027960252134530704
-0.0009225979583315138
0.0884462175775908
0.06389218193768555
0.014415114138424561
0.09289475809653865
0.03654542524371763
0.02875938428500854
0.01061082495808979
0.0693401332861997
0.057783748820234584
0.0936081706964642
0.05698163916138597
0.06968668899705538
0.06544015152955258
0.06591645050761887
0.03112899369625576
0.04722796680409534
0.061548733179393744
0.025965326447212823
0.047151994902496504
0.06597717940865282
0.11544228411828956
0.045636641337778144
0.06879390147685555
0.10628196986464761
0.06888101580489077
0.032336393333281976
0.023160622482543275
0.12057572699929842
0.03631700324973118
0.08585678610681993
0.05434188111155962
0.06270899248725943
0.06070269874878105
0.04514819670457418
0.10075136558154724
0.07523146830000361
0.11036391367316845
0.11010303327460941
0.07869091228858452
0.08389792419085325
0.10648750959506087
0.06756098503233476
0.06216925553124271
0.09967298854408074
0.09389785707402136
0.13487536013221668
0.1227594725238481
0.09298103933063198
0.12727969150035862
0.12834563229946344
0.0562189230575559
0.10650367221240531
0.09657463272025775
0.11556684911038186
0.05956742291753026
0.14670830001517285
0.13319790280635174
0.09799504060111908
0.1485368570627246
0.12264441221456786
0.1129357362985202
0.1575907728092047
0.09466441001511881
0.10381587935785029
0.15534092886085427
0.12632916762478585
0.16416640709193214
0.13618947150006905
0.09092815387398778
0.08128670503959629
0.12467306875150755
0.08359854518295155
0.17209686953180767
0.16234378662859075
0.1828787583995906
0.18330604216038887
0.15419273686073875
0.1195123950291477
0.10069022994249943
0.11722069392037876
0.13562454433710075
0.18910211067205657
0.10049021832855504
0.14557360140778777
0.13095117475144288
0.16779385861483073
0.13442072866573887
0.09853504933827631
0.177404720567017
0.13620616045999928
0.1406239054491013
0.1487468717075618
0.1398370910047979
0.18375268997212277
0.14135929145059328
0.17890962028023874
0.18396974601753857
0.11307046522277538
0.1550333454789123
0.19844636070016053
0.13645768873191372
0.19227082014835914
0.16629231554508958
0.19537291078500535
0.2176795044164735
0.14170264101881935
0.1752383147190108
0.15929902719548425
0.2010362684071329
0.12363260310455396
0.18761011585473367
0.14901753706891127
0.14425216277631162
0.20392515540794715
0.22458141093987521
0.13204793740494053
0.13519475236693512
0.22509231343637598
0.1379558754841184
0.1441778805926577
0.22800910015725295
0.13932136303598452
0.14800540676436652
0.23355232223464412
0.2203919537705415
0.1868536893774016
0.15221060804493905
0.2399747591212118
0.18615183920385006
0.18397805929063837
0.2164682340249085
0.2254967473959374
0.22560818774763602
0.15571903617316865
0.1958300447837484
0.15780084205710093
0.1885387415006909
0.2161790137702373
0.2013970245297773
0.17891130764696192
0.2431584190887907
0.2540180080835281
0.18968331137148303
0.25023716301292037
0.23077672817604858
0.22796522627158947
0.2476842575912101
0.23639163589416157
0.2174652771749638
0.17827684423472862
0.21139639191965384
0.2603717032582258
0.2143633744012232
0.19951803451427255
0.23970401591192547
0.17565284816771326
0.21208014166863948
0.19140340754195428
0.19336647190979725
0.22371144053707298
0.18560076283550284
0.22065592830732766
0.20548713726101156
0.2707027564822682
0.2298083304335931
0.23148451541217968
0.20699781460496952
0.2684013815354131
0.21417142518975668
0.20935961972040346
0.2780439054522658
0.26922607647045593
0.23782016116168864
0.2328667298583091
0.27729873588362675
0.21451299757660766
0.24674628337532453
0.26421553725701513
0.21211544098172128
0.28597555853432727
0.24683013446298135
0.20991653234229718
0.23101505283183404
0.2672025850085282
0.2689927634980817
0.22461383451936007
0.21788444980011504
0.26931216910632044
0.2871820390489097
0.20424453669298925
0.225161780882412
0.2329185970646046
0.28498928049250083
0.29579484617442875
0.26112748801643804
0.30027740291345584
0.27728499217628805
0.22955587389139118
0.2381491443161409
0.2531011820106915
0.27647924073654495
0.21359383368891874
0.23103559963923628
0.23718061282111594
0.24555878789899294
0.2072050282817238
0.30398312059689814
0.21645921731264403
0.2710520315357351
0.21897767728070558
0.21944946298496962
0.21930207765258145
0.2742377060108336
0.2672897592821903
0.2674463885981495
0.22564373719247616
0.24425939131068006
0.23566784416099507
0.2849627099062521
0.3083163592158002
0.2914200501267579
0.22198113601683034
0.28012087175247624
0.30774539196152145
0.2600973807838334
0.22399543573168051
0.22371308495873019
0.25985184183372284
0.22643707427169762
0.2337545195051731
0.31483048855437923
0.3177190655385644
0.22316537470439057
0.23198297144913793
0.24659336697607
0.27268666744872005
0.2897559352225306
0.2268490901767245
0.2503718990355617
0.2855832541689689
0.2441588208728403
0.29949677310055334
0.2882756639168634
0.29166872941527383
0.2778766775541628
0.2593426038736429
0.2772254797352388
0.29527610205003096
0.3071392620043758
0.29709952313836574
0.2989152751407533
0.2925581829315007
0.24182975323855085
0.24656779248704655
0.24281213025717946
0.28370321006650423
0.2520443146303189
0.3269666513751006
0.2855455959019942
0.2671101990390385
0.24915276508545264
0.2614944290862652
0.27042143094231796
0.2739846162615883
0.2890129147347851
0.2883989932790905
0.26885527476611504
0.2713619854293042
0.25450896600538336
0.28168402697413675
0.32563340271507474
0.24454491915375512
0.24942233489752152
0.30595518726549265
0.31452325056583647
0.26281491811391006
0.3370304288890223
0.3366095613974982
0.27517665430700683
0.24362792900379235
0.2962249180105052
0.32912709642863053
0.280172563829024
0.29544418181823956
0.26541146688428674
0.31318054045245525
0.2576358273682207
0.304797961047163
0.3239105574548071
0.33765807794092595
0.24679931965846683
0.2777633509161251
0.31291796502659536
0.33870340729696535
0.29346191592080223
0.2908840019520726
0.3166735113539854
0.2547970567879312
0.2849889056331409
0.3324779318407122
0.32116359636687375
0.2811556714874802
0.2934024039917929
0.3008922974519799
0.32968529351897136
0.24952683214746613
0.33895970660287195
0.32046351831206377
0.27716168008737113
0.31821605688347304
0.27100213431329834
0.3072996594245549
0.31723190752520875
0.32766638096419387
0.2439366078352342
0.30110266488888654
0.301667144268426
0.25276650282091245
0.2562216854136231
0.3043137239582617
0.3399373744613866
0.30293664749242055
0.33589401252537265
0.2481300957360502
0.26074235884583474
0.29060506583157736
0.3086326877439902
0.2903556861599793
0.2941406681503687
0.3191289592122969
0.3218935900952519
0.2554663876862181
0.3360587773913943
0.2916103170375137
0.3239571566427215
0.2844988700368073
0.2507043998093271
0.2689570501988007
0.2886044787915746
0.26551521636269265
0.2694672977682284
0.3335237806477531
0.31814889155800957
0.31187989564572166
0.3025109781873185
0.26818772414918557
0.2720080104329715
0.2530100654283695
0.30292112152916073
0.2718100618689406
0.33069598084961227
0.27849629563658274
0.28736249454321344
0.2804650717266867
0.33807296138512677
0.24700683714903368
0.23956767083677208
0.31095977835521654
0.2758386338973119
0.30063950290528174
0.3170760144491374
0.3332839871879373
0.31083072940732753
0.27715377651583856
0.25593550188093633
0.31192935104736086
0.32622225119156584
0.24968478516060305
0.24021893486586024
0.31792643513142194
0.2500064575690582
0.31710817742606145
0.3132957451074373
0.2800556704882656
0.28886534496000804
0.28416633826316157
0.25858575360037545
0.25136270620762674
0.23740583644506116
0.24778890747328558
0.28145039908160185
0.2992503260142557
0.3272947507404224
0.25249684622981977
0.32331542288026155
0.2316510301470207
0.235033316893668
0.32762138632866744
0.23951486103777278
0.2958613533896306
0.3240288784938079
0.26333472350966897
0.2939641689643962
0.3220074099221512
0.23753465691836562
0.29045440779462034
0.2649115903518994
0.26759825785966845
0.2979078848460519
0.326024111974363
0.2681756607902753
0.2439512752251568
0.24027377054545376
0.3155215754404756
0.2843540018850102
0.2720609312210311
0.2624065285726258
0.23184277703614156
0.24138032237829693
0.25195873480935366
0.31399320157129196
0.3069595767705563
0.3147281664349871
0.27338928922578154
0.24747528599221214
0.27566183486742274
0.29039228372878345
0.22200800469269025
0.2629161109347359
0.2195649524811037
0.312393210134721
0.29778764296311167
0.308112661489581
0.23551049042147978
0.21772730765646536
0.28969728204866385
0.31382922278715064
0.2867834100103125
0.315000967291304
0.25998652705791025
0.25599695773922304
0.23050029822266216
0.255037166064127
0.2429251337600491
0.30957109849537623
0.2533665011863519
0.21195110759233787
0.27638975312465003
0.3036067533747858
0.24909486660005373
0.2622740830770084
0.21357414888362936
0.2793612510211013
0.30460628170703136
0.2137200912145139
0.23014440614750312
0.23019544681360132
0.2854940208935013
0.2502925374468435
0.2598019945530566
0.2423371423407208
0.29105417091403396
0.28178504302706275
0.208628788500027
0.22842409805889652
0.2505854261753167
0.20464852012223014
0.2983646588755997
0.29035349463793425
0.23433735655591909
0.29573829841461696
0.24878549027861055
0.28872281821307316
0.26997663952104817
0.20540573133430431
0.2000570765895268
0.27238743615715555
0.2786450611806788
0.23297999917628037
0.23722351715629428
0.25213369225685245
0.2653076822448982
0.24718305902102097
0.28656843671494214
0.2927051486290788
0.278377780257722
0.25366458520254725
0.20169293617790254
0.22124307105808172
0.233841669222623
0.19633606938941475
0.21512538895019845
0.27100562040448395
0.2407494836488476
0.2093943364187064
0.2209761480156976
0.21243254830165148
0.25092612582443957
0.27632861432959516
0.19539208619841905
0.20801934291566118
0.2781878110344377
0.18981712236216725
0.22795157350324535
0.26072744247108576
0.23875013832795328
0.24621259876674526
0.2139255969791315
0.2626996098282355
0.1968621978776467
0.2577070759393434
0.19974953392501923
0.2712760333602252
0.22694143731210978
0.18944502827672827
0.22642682746331047
0.2392150214392057
0.24531544735857183
0.2327258936925522
0.24632586410427287
0.19151878595947458
0.23500616822743733
0.26879728741970166
0.21616056065905762
0.26521911565755674
0.20004537685926765
0.23694664390694137
0.17562895588318028
0.198375116122949
0.23609087816641125
0.2504712762520498
0.2653814594461411
0.20251165922243414
0.22162268700847332
0.2627424108066983
0.19248929660257091
0.22785247767461958
0.18573825105720404
0.19998178752395607
0.1893890400705882
0.24806587865048194
0.2236143713791534
0.22850093926377602
0.24926643046431557
0.21057391249055502
0.1962666720542829
0.1995870812427691
0.24405859147787495
0.24723282316612905
0.21323348549234833
0.16437620459474062
0.22989683731080368
0.22565922062562005
0.2186383971830046
0.210773596805072
0.2305765475677888
0.1592014607973189
0.2322575281617591
0.19721094273599143
0.18671201919972302
0.19170143340287557
0.17887477971909083
0.18827718931793888
0.17534283896638497
0.20652075663192748
0.21250185442185804
0.17447318795484618
0.22576848250649506
0.22952286438641073
0.2022405952513317
0.23137564252408999
0.23524699116934472
0.1851188212299675
0.17340203824019518
0.17796826645889494
0.2294596806877379
0.20352787335617226
0.17697574507967484
0.15388175723489086
0.15234961842147546
0.23186942939002075
0.1882466066752913
0.16424086803613866
0.18786169182703796
0.16930674426427011
0.21514315612331547
0.22242215180039598
0.14239020841077668
0.13590060330410333
0.1340296830957223
0.17534537108644524
0.22782931064408068
0.18689882925951265
0.21136407834214832
0.1411935640641476
0.15445721678994342
0.1351514711626128
0.18821556529984532
0.22787388817316204
0.1293628126089094
0.2106923026103412
0.1571787889242863
0.1461056084510482
0.18813805640593928
0.14329552737865817
0.1393909486667118
0.17350433166578666
0.18829099509690064
0.18176575033617207
0.142943740722305
0.1534903620851972
0.19591890785666988
0.17676463473116388
0.16216407740598923
0.21035239400705846
0.19953846247668405
0.1690894018472002
0.21037973872268811
0.2103913893887092
0.18564306865617802
0.13484794203824668
0.13516363687052307
0.18707133668418408
0.17276163601808897
0.1470331469756952
0.16942316777002733
0.15016552493402147
0.154631378277518
0.13521909454517536
0.1532266773289922
0.1522346990055232
0.19691973907126709
0.1411377821667149
0.145008242902849
0.1972233123555016
0.12572596870994707
0.17640082430746684
0.1993728040580412
0.1082775253162894
0.18947829397070876
0.16546621427559438
0.15224878862814994
0.1968412889595183
0.2011590752682726
0.16019495102751927
0.1846192961485883
0.16835710434514645
0.1801223544115205
0.1783259861804667
0.17927283402000543
0.16428696869345374
0.15779552308979167
0.12386603930651278
0.11454873814269655
0.1618466952147789
0.12499209923999537
0.14915011189778327
0.18528584784594798
0.13104977861427164
0.15534590227649459
0.17079905284896868
0.1650966057954221
0.12268367842042924
0.13971111462573563
0.1783990960488993
0.1444930375966247
0.1073826992266094
0.1461662422515158
0.12825003846545074
0.11046176405842403
0.13615299954246235
0.1505623841782162
0.09542869521823849
0.12225873659364592
0.1856737838270492
0.12929286518824656
0.11325523538122498
0.147429830136244
0.17110106619605875
0.1811311508236258
0.16094824776392708
0.14214782344254517
0.14596281265402902
0.15425708329223886
0.12501188955135362
0.17889148112632228
0.08916083064711328
0.14286083821261955
0.117127898348829
0.08697646743091779
0.12041446299128598
0.08451137052006777
0.14483066157713653
0.1149578004464753
0.14138194047832747
0.13667101078188187
0.11994223252970054
0.1769438676354998
0.09258248140828812
0.12280115624391652
0.10551147585552012
0.16055219188869244
0.11267839289319956
0.08980787752463278
0.08217007087317275
0.12878971809228024
0.15264326298880154
0.16161655260869534
0.16427115672473136
0.1326743350453681
0.15009300521639796
0.08457919009418824
0.15601480448791955
0.09201140223742285
0.08865394202318544
0.14214233425255124
0.14422066159866986
0.12073639286969863
0.1178102677372399
0.13666841607985225
0.10278825389757014
0.1324189071460985
0.1541550598690355
0.12609651521130405
0.166196267933373
0.08572765623121371
0.1445321412752423
0.07047841530378145
0.06638966261113342
0.09338344227352957
0.10048667360360547
0.07998147687201441
0.14506155501699747
0.13043651432185738
0.10750356175950826
0.11528848240194244
0.12670950840315132
0.12253309448162668
0.159726394245086
0.11979968318551025
0.15086946649828759
0.1299068365148224
0.15068991820114702
0.12238829510576926
0.13514640283546567
0.15393913067367418
0.10340329711048263
0.15630437178500445
0.1051964649112326
0.10491743577045101
0.09339144705992633
0.10255952823122613
0.13048801493675163
0.13769171299095279
0.0730666525630247
0.07758064899617695
0.07392618372204265
0.09503828332078398
0.12492026792037245
0.08655842034259356
0.14693212769123215
0.07525364749560896
0.05482316121562701
0.11824055129392626
0.08021653882344212
0.08708715018608335
0.07205589471377127
0.08777936795421007
0.05650966384451017
0.08678859401251762
0.10994169213788253
0.053632228585466755
0.08140403922591849
0.07648400103788128
0.06851639183247955
0.1038563867930814
0.11298602615813066
0.12210213918265837
0.10449991438742495
0.09653590984301308
0.10821977774862943
0.11931819150362931
0.11855019809163057
0.14506165064325705
0.07262141905263658
0.10785104365057072
0.10333678222055401
0.07117058266409537
0.13884587698594367
0.07588880386991702
0.12542487008187886
0.13609374008327751
0.10801936955585847
0.07235469507251407
0.13932475385017892
0.1331630180857057
0.09575039227475728
0.0901235267570608
0.08276340898647003
0.09520148163177514
0.13514776237582926
0.13474128367643534
0.08768519829421582
0.1244826568167678
0.04962506236499079
0.11386185327183006
0.11649478318518164
0.10517795904778543
0.09024050781510466
0.05547963521586928
0.04618339975083265
0.12953874595405088
0.050469515796397774
0.08597365468173729
0.06806279035619636
0.07338269828797478
0.0727304146047899
0.04819932313426614
0.06355386411090265
0.0978411755049955
0.0425108737191121
0.13231104183565007
0.10073201643932592
0.10465699753366058
0.10683775641160223
0.04628528266019896
0.12251998300641803
0.035306518637616024
0.11584424547881786
0.07565952490248234
0.06698600435008378
0.09529079872165896
0.12093982072678303
0.07907593641733056
0.09353293139439928
0.04817239370403298
0.038588416407925055
0.10883274258649861
0.06570387166503439
0.0765387452406004
0.08980041324453948
0.08640054012247547
0.09622429849804823
0.03311089020936213
0.07382433808646313
0.04482574115386906
0.11625630158228453
0.09066888903691263
0.11277257965437892
0.10850795878638614
0.09899926691405468
0.09747430332775757
0.07262718985814574
0.08316803504496907
0.08616211546821526
0.042288860106985286
0.051329247793817936
0.06144038170171092
0.12681481676252765
0.053042633443761034
0.10890750101034616
0.04082870652850601
0.09567104830634689
0.1181870926264036
0.09729894460386365
0.10401184635958172
0.05557829602907354
0.12118126205639557
0.06660434490095501
0.07740843244683654
0.11101039760116935
0.05187143831663732
0.04150785200411795
0.0692645299551521
0.10668768062571767
0.10480172385773218
0.03188398595027988
0.10858121328570372
0.05522766012224857
0.03650843718690229
0.07296181420391082
0.03823173116985739
0.062081832897640486
0.0851433666827964
0.07659257120654175
0.030054914402478875
0.0787435021181974
0.04787801365683082
0.08443129664241807
0.03926407606993336
0.0370162605010774
0.0759437265487999
0.11471517154168683
0.06347581792750706
0.0662573754562602
0.06362780463517353
0.03182662515845397
0.023784843011239152
0.03959732129960555
0.03261635506337947
0.1028373120714709
0.04682862899473732
0.09189258726383787
0.026047169922224344
0.041294435781365504
0.11278763438874366
0.02015389223991654
0.1163159102963433
0.05131350570456546
0.024157952213484307
0.0857577727014374
0.116501588583328
0.09353491471483401
0.04134843117741526
0.0595428636377016
0.03195104004921279
0.10035914464448989
0.0728820768459
0.06791030806653126
0.11271407246256995
0.11470216652419124
0.025569336902581636
0.024341761651195653
0.09862797653219679
0.06260431522100632
0.028796991666944605
0.04511882540574769
0.09283920864516954
0.07726778078044537
0.03636002641831886
