0
0.057410416318816694
0.062059461926008974
0.0030492922272404924
0.08291174650831765
0.03792601742087723
-0.00995438131071276
0.06030794507121977
0.07096880230969188
-0.006044294991482763
0.020385139949054457
0.041926729135193984
-0.016493817781936895
0.06523524758579849
0.002069950375445863
0.0552823361935363
-0.0058826714516064475
-0.010384138996102365
0.06744168929996461
-0.0020422597702266405
-0.006710169897712044
0.01019946055860109
0.004348786228991659
0.06064548580140247
0.01906676400634037
0.005284173493707224
0.003928002842097621
0.03833257787906619
0.06198604580732127
0.01492050183023369
0.04200794036084256
-0.019542069868370204
0.07077426599403223
0.02829374033861329
0.07393803139422085
-0.01124551977732211
0.07754775208132247
-0.007819964125881821
0.05321801787144054
0.021738337099582467
0.07391258473581576
0.04731487232633538
-0.007512604745222137
0.020584173652878575
0.029728672989515686
0.021669888436024257
-0.0019378441024322478
0.0323056749217403
-0.004852361509987416
0.040654527694586794
-0.0007262062630644488
-0.013538154787403976
0.05654140426476888
0.05499654737242146
0.07395175961450276
-0.023353748099692588
-0.004236610289226016
0.05433478348663691
0.06567358661051072
0.05841081089708476
0.06940716542919488
0.04898557336289057
-0.02505069758555188
0.017062965647797926
0.0018099684659521748
-0.022870927695926618
0.0069566565696062635
0.04165108057937615
0.061793910119673515
0.00806897431235662
-0.018865443246515668
-0.006999726693436195
0.051584996383851486
0.02390227990919004
0.046752962198057454
-0.002444684923631219
0.04436401641950727
0.03636214951544364
0.00941898274461998
0.01831852614755608
0.04369842614948968
0.06312540145617856
-0.00987414207296328
0.025576733560902065
-0.019502239305509483
0.012691119804977415
-0.00010000709945175504
0.06462240247216597
-0.015086218360238646
0.06809471297538258
0.02303771776907742
0.05712047209278203
0.012860228056333543
0.030008915669123427
0.0488833041590733
-0.00988568797544713
-0.0035772566889619856
-0.022740173220415827
0.05005216287803823
-0.028935231726173762
0.05655986107360926
-0.0007028219442084746
0.006108146972705501
0.0511416890351199
0.05191250788989766
0.04876291892024632
-0.01543717548015745
0.004550211502508832
0.005354750008085635
0.04518253310161632
0.04184243231990799
0.03588645107696352
0.055230248386973206
0.013437040081688681
-0.03094455589349899
-0.00198254496337337
0.028539366822523615
-0.015858834406108455
0.03685889765883885
0.05956808227175733
-0.028377242138470305
-0.03230545196371791
-0.034529407196075765
0.05945312616772737
0.004231680058748966
-0.02797473316156566
-0.038916511369522615
0.022792644627071965
-0.007571527816615055
-0.017533137264615983
0.05399365552397244
-0.01564729209794848
-0.04006657875456338
0.02852449400086122
-0.005131524482678625
0.05663296645400162
-0.03655958868711411
-0.0421112306460703
-0.02098526121874728
-0.017599618519692245
-0.020670545976041624
0.02599813732116757
0.02256609855007917
0.02363995618240005
0.03935671710791632
0.006368773040488662
-0.0137960320578836
0.03351900908876331
-0.0144836861832233
0.02840987978247486
0.018221238841663358
-0.012315592818908504
0.04603110931335609
-0.03805655254008905
-0.010254375949979085
0.04094520326325301
0.020287146810437834
-0.03564252363429356
-0.024937673429649924
-0.021945519427657094
0.02284831867561439
-0.03127847178624521
-0.04706065220043696
0.04207637550726124
-0.04603915936010835
0.0272717776747012
0.023380135025344882
0.022348660711107395
0.018455477264740595
0.00011419858856646231
0.04372957339075461
0.044508959932917765
-0.004864296853636485
0.020345004536365036
-0.038545399763239514
0.040233728310272714
0.003317411316205894
-0.013609936591937183
-0.029239296312166138
-0.006570021290035456
0.03585955234781488
-0.018717162981997243
-0.05472360144950954
0.0006101423518674876
-0.04719914428717979
0.0008404131776666712
0.028771299624594522
0.013665561296592785
-0.04523043807749178
0.022888087868852394
0.012918700791689844
0.02992935527289925
0.0053478776529780545
-0.00060617224541442
0.012769117986294487
-0.03401124923179179
-0.008970707201010321
0.005491834313115354
-0.010243016638051966
-0.020270387916686568
-0.04913278129952998
-0.015814564431292796
0.004619462897059404
-0.03290105351017209
-0.005327512140796041
-0.05295722501814583
-0.033326097082174835
-0.06310185723709112
0.024803789460527498
0.014565274695435365
0.003691308271705787
0.019825309095948568
-0.054323438691355086
-0.038990721405868345
0.0029166395801681205
-0.0395414253815191
-0.013209806902677299
-0.04730020102524736
0.02658331290348999
-0.02574006237030866
0.003969619784271794
-0.05911374676953186
-0.07101074276970407
0.0025133879784548785
-0.0034479597775489007
0.015782023542170454
-0.029941567950555775
-0.016092853046815486
-0.053435559747462585
0.005045448158325361
-0.06609243483709878
-0.060389142550580824
-0.05325475852014997
0.014026278105593731
-0.0030882029066022915
-0.013045206431761047
-0.012089666253564946
-0.04792650621855291
-0.06010969242360961
-0.0015931277862572674
-0.006304097636765482
-0.06532168391908016
0.0009131264342919637
-0.004433891158397235
0.013001980215689088
-0.024731930005623744
-0.027494454958656225
-0.04669589352311732
-0.07634149774250698
0.01249722747121633
-0.01748811806252437
-0.07635996518427832
-0.022057272867826244
-0.052783560357044144
-0.05729242476650455
-0.08358156922771323
-0.04772075401291318
-0.007394966925950583
-0.001529566059598475
-0.07197737975923603
-0.025378246307025287
-0.0698253221475578
-0.0027300643858164803
-0.03664547084634062
-0.0491020815800064
-0.013456411183815159
-0.038405626502998294
-0.0031547707922124635
-0.052684142857492344
0.0005394513575919246
-0.04317110540488687
0.0027392702485374704
-0.0692251923619545
-0.001109673226273894
-0.0329886871353363
-0.03650225118627318
-0.03521586591649761
-0.005953739685527898
-0.046766106565328674
-0.07493253111856991
-0.030458914101716444
-0.04981287154338692
-0.020727053889705208
-0.062102059816331115
-0.07957171211755124
-0.0476886744200835
-0.005631040748998603
-0.07049958244007222
-0.08283605493981076
-0.026264640421201815
-0.05909959506684678
-0.10385918869424487
-0.09721080968194487
-0.03318923514557626
-0.08761432825716992
-0.09198437076199023
-0.10046415761791112
-0.010360491434673963
-0.09432789919682569
-0.10782256401991704
-0.10776839085770404
-0.08419154404741933
-0.033162615955903293
-0.03318227446344971
-0.0942552272571774
-0.06052813245301822
-0.07934614169366426
-0.02225004563119619
-0.10354240810525368
-0.08342672681278474
-0.08013630553101533
-0.05854247751580161
-0.063236963827652
-0.1173630256711682
-0.06596679688510042
-0.0918766353635697
-0.09153893894660893
-0.11059170744295702
-0.04034388808726541
-0.05510278547911163
-0.04077371823631379
-0.04148745219150461
-0.11827945247774241
-0.08315755293543199
-0.06527000429389353
-0.11941000769153678
-0.08510055257973612
-0.06325409957854732
-0.02821360830206654
-0.08360936741842578
-0.05687578543310799
-0.06177082866978008
-0.12041209461714919
-0.04568283095601865
-0.10036395066928322
-0.06814354076056557
-0.06116664481351901
-0.08813592037974766
-0.11071314809906627
-0.12691764117697538
-0.07512686712716451
-0.042739485547304806
-0.053185738342829844
-0.07400410831453247
-0.0972757357926157
-0.03983761045999666
-0.10918759878310771
-0.09252756712473323
-0.0457917155568521
-0.08377724457787704
-0.08855666817140302
-0.10182075379356224
-0.04975722018431433
-0.12446447547361696
-0.10262321406805831
-0.1177142558253435
-0.1206684502668707
-0.10811228998141431
-0.09821044115541708
-0.06851790844296027
-0.06499254509084958
-0.14049049169929415
-0.07689229999132298
-0.05760081223760591
-0.12322653038171166
-0.06379414048715726
-0.08179668202173089
-0.11437316102819683
-0.09118588146491463
-0.12662628775519708
-0.0581471176006224
-0.13043433116998493
-0.12388647981700177
-0.1045099388849896
-0.11849366993003489
-0.150335303371485
-0.10372393913008052
-0.0906792651196586
-0.1223379464159308
-0.0657688642262384
-0.1322436358846936
-0.10551428058294957
-0.07082534216931519
-0.13550058997825512
-0.0694553668570203
-0.154539196782312
-0.13372241805922952
-0.08019369040834239
-0.12236910151443503
-0.11493543906366444
-0.13206923323537034
-0.06558232626622573
-0.15875098898792495
-0.08691308816894025
-0.1210497998357116
-0.13211335534605595
-0.08569008069081908
-0.16191261128461534
-0.09512522549407244
-0.07897298046860488
-0.15386516538657796
-0.13441926533207524
-0.13480269184663612
-0.14973516462514283
-0.1541706955334404
-0.13937590960061724
-0.16318552560236865
-0.16195844065904336
-0.1142984383718168
-0.1720023516435088
-0.1407416749858793
-0.1112082865140395
-0.15896467066183034
-0.1137679168180118
-0.14066492368869132
-0.09863989527338243
-0.14214039276601603
-0.11878555567104912
-0.14169999159158086
-0.10818905758535279
-0.16650795313819491
-0.08846325391303943
-0.14438041772864552
-0.15170919638688218
-0.17800428440423569
-0.13109337030110257
-0.15988290320661758
-0.11087533142892349
-0.18026727712948187
-0.11609701093041376
-0.1061237244888429
-0.16615380414405362
-0.17315310312272494
-0.13057520224352193
-0.13565939283455972
-0.15740959652036315
-0.15048519361922139
-0.13152049761438162
-0.1579987589993993
-0.17839879958591953
-0.15884521520508493
-0.1119177028001624
-0.1437864801112747
-0.17205907038383705
-0.10818069917822719
-0.10538000523280788
-0.1897859329269255
-0.13674378845688262
-0.1090340942284003
-0.1400444305922413
-0.16675021857577477
-0.1289998135777694
-0.18857881578668292
-0.13108379882690868
-0.10705673363578246
-0.160687434899911
-0.1410831261857514
-0.10168165000200836
-0.12031705703302162
-0.15332360362129
-0.17654572536648122
-0.16560803221513634
-0.11546730657489795
-0.14450288190237773
-0.15253417396053115
-0.12557083153095155
-0.16069556334301627
-0.1339559796331718
-0.17921413374164957
-0.11747258490275005
-0.1897888017672527
-0.14341148348020338
-0.10760405765668268
-0.13263448659814947
-0.19806741922939294
-0.15081367444293312
-0.14334848828129243
-0.11447820459970799
-0.1378305469422298
-0.20203224442564396
-0.1833642414881031
-0.18003133435836938
-0.16396803097265022
-0.13187142745298058
-0.1797914209058132
-0.20610375724366412
-0.20838271228480285
-0.1516767394751739
-0.17500052148671746
-0.20613683344685635
-0.12677596201550295
-0.13967287410290552
-0.2105757317375455
-0.1388018437542065
-0.15124384085873555
-0.16671380344758763
-0.1933990047840127
-0.2025373499617358
-0.19857317912743325
-0.18739402625078744
-0.1967025918679881
-0.12027563577196705
-0.18547300870555727
-0.20329757044731533
-0.14727161187022716
-0.12936105453294688
-0.18840973999773564
-0.16779333130628224
-0.18644397806156848
-0.14238667778142577
-0.18043563265751142
-0.21804154763866188
-0.15647668988950642
-0.20871491813139864
-0.20124482713578015
-0.22068874311017023
-0.19433880671522458
-0.1659514762384406
-0.2192238761414735
-0.21482296373019805
-0.18251694226888218
-0.17897507852903843
-0.19978500788251685
-0.1766987478631984
-0.21470353915336152
-0.1351928067728071
-0.21528812217027424
-0.224579001891489
-0.1905382708609877
-0.15282833710788535
-0.15790355474242584
-0.22702705584270783
-0.16900704018721788
-0.1872016447279755
-0.1647326929700614
-0.2139342252177499
-0.2224057119537066
-0.19811200157722514
-0.23157991651555387
-0.13923825845769056
-0.18030935535328013
-0.21359999674323737
-0.13752134576009525
-0.20666674025951803
-0.19799000031824648
-0.21854487409608728
-0.2140660816934224
-0.20098243880842917
-0.19966972097560237
-0.21807125398340826
-0.19981255800657835
-0.1761151675959322
-0.1649508986727901
-0.14622116211336866
-0.1685225045336895
-0.1860692405268077
-0.1983682186394554
-0.18956635447698017
-0.18422620050131686
-0.22921435152223973
-0.16235785172956063
-0.20561604951459392
-0.1651649403881581
-0.21102576822772834
-0.2243721736399146
-0.1922611149967339
-0.17412282488269792
-0.1413739991037639
-0.1967480295392622
-0.14910829404657325
-0.16640820545705165
-0.2377284750321628
-0.18035230288448925
-0.15936984000515078
-0.2103332919649073
-0.18369318055911926
-0.16794968656185105
-0.14488847761060128
-0.23729338295706454
-0.1447627459524679
-0.2106142408438959
-0.2356084757832323
-0.23259431320795507
-0.19876458007812448
-0.16369312097498168
-0.174178308387304
-0.21010992201182457
-0.1441690631972812
-0.15073871505588882
-0.21915765258795306
-0.14806648827597407
-0.1753673149068386
-0.20929697096023525
-0.18078907137139583
-0.2021520898983368
-0.15782308627114677
-0.19325244030995237
-0.163459844957547
-0.20978644063650842
-0.17629297914745778
-0.15813826260164365
-0.19691063207904244
-0.1581665566436958
-0.2279613636954944
-0.14888905437401348
-0.19146542269973243
-0.2349095258286769
-0.1533623280575414
-0.20977020035021676
-0.1956085082257235
-0.21621282888888968
-0.1987067328877484
-0.19017122112875354
-0.17579781310054188
-0.15809340388938825
-0.19004667569144046
-0.1800577232582928
-0.2178478026573976
-0.1897431613286629
-0.1928384602087828
-0.1652992279591457
-0.1870921605764682
-0.14848024064713838
-0.2099466906523843
-0.18960732380698206
-0.21500490340484857
-0.23099463910578644
-0.16507862283100339
-0.16467365684906163
-0.2281036958005175
-0.21822040215072963
-0.19915300450604365
-0.16361909038624745
-0.15223456819614067
-0.15446929977015844
-0.2123254828454353
-0.15664315021149655
-0.16464220872254884
-0.1969602533088214
-0.1751022894054005
-0.20644149383072868
-0.1729539306639271
-0.1637197118186182
-0.2300148417388567
-0.18627040363356334
-0.22843351234340556
-0.1760799908354193
-0.22361774774276566
-0.14217913045573705
-0.227832940599034
-0.14845750678481512
-0.21607567543476433
-0.19167239370581407
-0.1479627796556164
-0.16919568797865805
-0.16615438635258442
-0.14175697154505534
-0.20259701184804513
-0.16068848327423674
-0.2198815624430025
-0.21785640066462814
-0.1985187065851524
-0.22670981404140828
-0.2180061001626066
-0.1713910028385986
-0.19120498041229952
-0.15439649416015128
-0.16853813745493945
-0.17510088858568634
-0.20585114999123505
-0.20177823750349824
-0.18930426948138518
-0.21443418916185125
-0.19291103979740296
-0.1810988557851438
-0.16306623726876596
-0.18368170048245216
-0.13322883935623533
-0.13957946684931882
-0.18001333244123136
-0.19089587639524835
-0.12927832376459986
-0.1485508203240269
-0.1846854469180918
-0.1264290142098159
-0.15963470795596316
-0.16094789386696534
-0.1455768124721371
-0.14819176946316487
-0.1577441418433895
-0.12207417161377022
-0.19627887765988372
-0.1516643390290937
-0.13546183270884476
-0.12066159054962994
-0.1666718192761096
-0.2075095490358948
-0.1917675155007917
-0.15162548215078586
-0.17467352324212593
-0.14402653495898537
-0.19175574746831645
-0.16517118662662716
-0.1958292883149284
-0.1944944383395157
-0.12754043781530516
-0.16722357644042501
-0.1300786867599723
-0.1222825074846846
-0.18207978206298014
-0.1827534684168281
-0.11624213966314667
-0.20068021369621714
-0.13875370436192724
-0.20651443469180006
-0.19053328923033122
-0.14267616863342902
-0.12004338929673553
-0.11513833359872164
-0.11499319353199333
-0.12037555600268962
-0.2030044075900493
-0.1963506785560989
-0.13370600483082412
-0.12240301140753035
-0.11077142022258624
-0.10804368651861967
-0.17304835944787397
-0.18557532620039172
-0.12173250211470993
-0.12413407733978828
-0.16366820743708488
-0.16794708593626073
-0.15883478529566203
-0.10701432150456411
-0.10797972552892583
-0.18033389799179333
-0.12591693619006955
-0.14817462425164576
-0.1317722138263654
-0.1579512872701709
-0.13563567675892135
-0.13222153470595496
-0.18098531008163118
-0.1778034822260968
-0.10813851675021491
-0.14148503877190965
-0.17744690191762982
-0.14434412152652645
-0.119669704415116
-0.13362233018824524
-0.16438387429212456
-0.16219586495924085
-0.14345432027328586
-0.17323617073442188
-0.10028508225263626
-0.16404159853356284
-0.11821228373044473
-0.11075250960659215
-0.11351750636344893
-0.14813211188672004
-0.163815573618389
-0.17157934820903714
-0.1439352327048022
-0.1318121192595246
-0.08413241148296831
-0.09479129074727942
-0.14840050802975327
-0.15236099981488724
-0.13904473250168922
-0.13022688780608005
-0.10383836266326546
-0.09566456509604021
-0.06545415158709736
-0.11654045076283275
-0.1285095401242709
-0.09929560800189693
-0.1359250680752637
-0.1532074116910702
-0.07455332115235894
-0.08762895874659259
-0.12210190930474793
-0.05482459347834226
-0.15051450008923548
-0.07946318135556135
-0.05584674355909461
-0.13218834253619388
-0.051938346470032704
-0.10479788159116393
-0.06250255642322318
-0.12306081980666196
-0.12752502925234704
-0.09280849102067992
-0.04957645310962208
-0.10925326027974265
-0.10633952219954632
-0.09458438776882647
-0.06809105370094824
-0.12721628603270635
-0.09666776232583373
-0.0417010948782883
-0.05358746954541406
-0.06477671424341988
-0.04145605887165879
-0.04352381807526523
-0.0387136958938106
-0.05855870382993782
-0.12126619201973775
-0.06153817305103822
-0.036898220271188886
-0.11227683429996055
-0.039255299288199874
-0.1038007598769588
-0.03963818935614283
-0.11124090684283033
-0.09547528892133943
-0.1108670923153637
-0.044577118925418324
-0.07741889087348928
-0.032326544153273046
-0.10436612994719215
-0.030496526688261277
-0.035176370715361754
-0.09191518460041752
-0.09146847899080851
-0.09368916169072042
-0.07189349283454108
-0.013985535157942708
-0.06422104353837733
-0.07956822675539485
-0.06594037106587583
-0.02966426969477491
-0.011386012313690685
-0.01097927021251209
-0.04931205490752253
-0.05200165911029012
0.0009436038546285636
-0.07337859762831019
-0.022531962300257558
-0.02387054272091582
-0.08087761197818313
-0.025134390258150063
-0.017189703664988634
-0.015532895659547089
-0.05129147226170497
0.014269558615059769
-0.08108875048826394
-0.07084131185512206
-0.04451611501858949
0.004868217159061633
-0.03535328936408509
0.008661750610399546
-0.053756873919233866
0.013607317259268406
-0.023233167171173186
-0.02971089082287224
0.007222076957788454
-0.029971364105722396
-0.02359183699668528
0.00442740684642795
-0.012935574487391369
-0.037729925560188324
-0.0041241013132667995
0.009551713110663523
-0.022202598585515043
0.0052766594308602255
-0.008858682610797398
-0.05641129154504252
-0.025255341583170034
0.018351338211106218
-0.033943820524104364
-0.04656012916471241
0.0003196915340731299
0.007191060495709778
-0.0350502888946927
0.01768201335970291
-0.03165383673001719
-0.011509123525472092
0.0019707104148976168
0.028184978879933063
-0.004877331007618814
0.03561297985209867
-0.025479375108559833
0.005078536442072144
-0.009958115611129362
0.02453051693892972
0.05186849236605618
0.03533446116724829
0.04989768085584814
0.03666563163772887
0.05067998537941001
-0.007036412683878196
-0.004182937934530447
-0.02522810266129944
0.003609763085989027
-0.020439453789174056
0.0652269789831708
0.034375859544645566
0.012686691986125532
-0.0006885295652843647
0.047657785303953995
0.02520433588852771
0.024026409135619486
0.023382486670142172
0.010730996265277484
-0.0034177915929941476
0.05092514654861662
0.0888573053167238
0.018489368258708692
0.05209289473166642
0.06497811838664266
0.0644297305347456
0.08887972375198575
0.05868968354218412
0.049200535697479474
0.07339978374247927
0.05304419747663455
0.036745356928452
0.0490498183352304
0.033668096717220194
0.06890511094835297
0.04093104520726157
0.06499735822385613
0.05025421411214246
0.08866819195628425
0.022104851165425453
0.09999471152716988
0.0546334356231197
0.030039155035704694
0.09105740304117639
0.0468618499956933
0.05551973669391391
0.04573375462771649
0.03711321826507627
0.036234624583609695
0.12602719024357406
0.08187709107891603
0.03551828262989438
0.1298550078451556
0.07040067120881435
0.11727547525945728
0.04458813145766391
0.12511453906564743
0.05254398874392592
0.0906312998632618
0.08731636521943231
0.04572468253662926
0.08049935481100973
0.058220151848302835
0.1109575617527728
0.08025050085413495
0.09672970181641856
0.14608252245449668
0.05823890736058675
0.05765819810211578
0.11533420293068139
0.13415013111837507
0.06767319232101454
0.060599153327577295
0.12714797887301643
0.07757031582183095
0.10023939656140636
0.13424865987594875
0.11339296948614008
0.1105240897262706
0.1110812531429904
0.122644420287371
0.11087808852757831
0.1274055078945171
0.1655895010742594
0.08296276855142055
0.13688608074120387
0.11674237750762331
0.0788613779901715
0.08752319098811112
0.0848775542759221
0.1663028932818595
0.09988995072439771
0.14828882524139925
0.15117275489847626
0.13042432831462247
0.15250292196786064
0.15107769461204434
0.12923735217534643
0.11344452760944435
0.15106125936536272
0.11523885593839613
0.1818240708877577
0.14175870000510393
0.14466095350684047
0.0969744482109103
0.19692868510399258
0.1556137218107908
0.10837290531194921
0.1217676042040801
0.16931497671845208
0.11581325921945301
0.12787332145794095
0.11923731842456362
0.10899028091345574
0.20431073922519044
0.14621995437507102
0.14328627406647304
0.15054494825803869
0.19010023479160193
0.1446235538719047
0.14249234161552934
0.17891816632499366
0.18098115187273778
0.14229580193825905
0.20147373785354344
0.177251812740685
0.1785516283368631
0.20283742081599393
0.18393727597554635
0.19857655236256602
0.1897121872355189
0.2121824757511674
0.16618394091855537
0.16678523227424422
0.16726210160595364
0.22013999779256538
0.20032934708195418
0.2086513611052783
0.14789762021179287
0.22307406109675265
0.18211763260661687
0.1516164927755404
0.1756589920208541
0.14075606178774414
0.17736099963012664
0.17511055766304331
0.2095710050215553
0.21499458020885576
0.1804071788112243
0.16432795447255602
0.1694937357289646
0.19686696833367526
0.1949464006870517
0.18645022406775882
0.24442777121464432
0.1706325042533785
0.19543182855651073
0.1538009418323868
0.22302435549993505
0.20774110607658408
0.22939801025164466
0.18325728049815887
0.21414425729840558
0.2267397658021919
0.23156249477970736
0.20651992577751352
0.24005228477076884
0.18175918900129248
0.23740770274392903
0.21849630323697894
0.2606623861911466
0.24420322886464835
0.19888505930333245
0.2519543072426117
0.26616104043542416
0.22193062194466562
0.22253675373709694
0.1839559898633235
0.17464053799494
0.2026919461476971
0.20052070443221365
0.21475499233807802
0.17725996618701137
0.21580263471130462
0.19202507013582248
0.18244817409084318
0.21968321076858685
0.185884830683912
0.24846732078186917
0.26812679911296133
0.19519555958568233
0.27968958130091764
0.26025484426123446
0.20607530313624517
0.19153409253239534
0.27661877019070885
0.1918977871002869
0.2477344812331483
0.25521238488464904
0.2605508856344946
0.2569798685375596
0.22598270787012584
0.2794157700674277
0.2170658978744659
0.2799136826915173
0.2556453846966661
0.2057056546932622
0.21487680564724573
0.27831632202647705
0.20070630454495333
0.2745690386474563
0.20737391320028634
0.2970127029675982
0.24820193298423066
0.27314410913768694
0.29432697084898357
0.295583663819881
0.2607866815986505
0.23129996161215105
0.2581665408498624
0.23422510454558876
0.26557465382620055
0.2074731587436982
0.2371273195589335
0.3021939864484331
0.27340894851958325
0.27252367094954844
0.2601255157872968
0.2275347852389941
0.2722713277483685
0.2250991346864038
0.2118276889001662
0.2713740765343959
0.28563308202112775
0.27187696371046877
0.2864039459835289
0.3040777637842167
0.3140138164285333
0.22038723436193985
0.22142371949728204
0.22145293244185985
0.23479842520389752
0.24698458083087174
0.30357545212817505
0.2625151806090988
0.2837568528142243
0.22079061691136656
0.2561238673160433
0.2704467457541113
0.27041711180302813
0.2649456466157827
0.2764144891446111
0.29818126218747065
0.3200682795689049
0.22562296468419318
0.2567843871050016
0.26984805126517647
0.2548883877463446
0.25587329775870216
0.29978138111571534
0.31262057168558566
0.3223520405411297
0.29303089373790747
0.24680660478821292
0.3185049226529383
0.29196832525363836
0.2980096063732561
0.2627161589992564
0.24029090521372803
0.29215717519189804
0.2327771277043861
0.3019468314485745
0.2667791461531124
0.3170937150930215
0.2831280264904735
0.239082102013925
0.30671623042640367
0.2444308171951975
0.2505761081535925
0.28197331597421615
0.250485178072726
0.29446242648001314
0.27081922817972537
0.30083052318744696
0.24446382248436208
0.27634730975724614
0.2977810240168324
0.2622675841050965
0.29803618146576216
0.3233774459818999
0.3260897802258841
0.32507074308598943
0.29076215404271466
0.2690955894838831
0.2806432314099956
0.30847668807838813
0.24942940031426256
0.32970260224380327
0.25076787994031013
0.24555581249240524
0.2989399112068597
0.2535409644431078
0.2631060655193573
0.3081582556701571
0.2886840144235794
0.26572204478411204
0.27778505853417235
0.337505969501874
0.24141564067970717
0.32109837037973876
0.3127574274520504
0.26328851623837535
0.2515575043024795
0.2993923489869773
0.30033843242289915
0.29292849943461974
0.28290756359606173
0.27210080868417097
0.3332345966785113
0.3366082935502326
0.3104952936362508
0.2442950676767842
0.333025793257959
0.280079347102645
0.3088365993510083
0.33175026408933356
0.33865856147182566
0.2598872954807959
0.34110239705770884
0.3037467743804058
0.32867717977719535
0.28526196296268097
0.2816567557115307
0.2914228717200081
0.25789113245038303
0.27536679085400634
0.3257333023072203
0.25059724203995065
0.28315243436330206
0.3408217807904759
0.24429421368857732
0.32286656210270426
0.30166002202449715
0.3271973845673166
0.2908879656279605
0.25633125462044615
0.3124719872869365
0.2802562113798731
0.3275171107691851
0.2551200274947245
0.2845214939107261
0.2717411492591097
0.2621952288463097
0.32409341031975436
0.33297266881120996
0.25419055581789995
0.267964229033217
0.26868880276454354
0.33742571495065476
0.29690585447998574
0.2552693250806384
0.2434285137569218
0.3124212250660149
0.3105647443372737
0.31810208088855074
0.2509284941811256
0.29433126396701786
0.33109413186061365
0.33606771837223015
0.29371903413997613
0.3202984786212083
0.33273692243481334
0.32308994422241144
0.32284053528454126
0.33310210748998825
0.24021754969752515
0.285843066982334
0.2533374051969666
0.3259788632106884
0.33655336900417004
0.24067953067583742
0.2533078840144569
0.291084601271648
0.2600861738159325
0.30697555730424125
0.3345832019561841
0.2799314467753431
0.2912145955259908
0.25856239312619095
0.3049122796023742
0.2751400091257563
0.26477768353768993
0.31398558100667306
0.3094119955059581
0.3249725230110881
0.2910653317064125
0.26245986726963394
0.23551954970099237
0.3146446870840976
0.2808325426818171
0.28039996491803076
0.31842082044835757
0.2530600586476421
0.3170214247296318
0.2405680266786244
0.26419896403720716
0.2891572594768032
0.23335576839027009
0.263536953918018
0.31141979526822305
0.25038926645837845
0.2777199686482062
0.23087565702699123
0.2637345933728722
0.24642948929024203
0.2650000639124202
0.2787086635784431
0.3057068225665672
0.2667846774686759
0.2853834461988379
0.28510365524978365
0.3246343930899577
0.2586924519584009
0.2649294754404946
0.271496033208478
0.27617719093255755
0.29013426752677535
0.26244682384285967
0.2514450429612523
0.2939925894975839
0.28004947942700664
0.3088153784368609
0.28494712618516993
0.24180404194666683
0.2252392044377981
0.2871545319822008
0.30632174526774425
0.23121343677135528
0.3033690411203414
0.23208359782980528
0.30634767465717777
0.22333590444736154
0.23292484396386828
0.25110120712279527
0.2767457778553169
0.30975810994894326
0.3147491181014471
0.2551478757383438
0.3084028900135148
0.3009262975354665
0.3108236630404624
0.28360368415872916
0.274818523271377
0.2817986718343082
0.23927134357383417
0.2971521217886879
0.3037183494624141
0.25506936300598676
0.2749579455220615
0.2817955898403096
0.2856202109988897
0.21640675497283243
0.2526973340040477
0.21148170912505856
0.21427557967444155
0.2588936677116602
0.24636407714246722
0.24525093712815058
0.2969473434685295
0.259529148383496
0.27189811016135035
0.28768212009428396
0.27966101002696314
0.2698252567695331
0.23613313990604365
0.2833556226903863
0.22975639484720042
0.2255582783221604
0.24965434050380378
0.2023170035289067
0.2166034640319559
0.29512555527228307
0.21747628091849683
0.22239615107515529
0.2510109870356744
0.2534229292756287
0.2353049972598564
0.24116672952528412
0.20201349529111695
0.21554043852719734
0.25201874827683945
0.22374918724580825
0.2850849752052831
0.21035227845574717
0.2860399401341306
0.25593702550447206
0.2808412953197951
0.2894292823326817
0.22737697993025738
0.24657916076639194
0.25218873405391307
0.28236961714563713
0.27054959697491104
0.22756652438430036
0.2018561843429061
0.18950733824484176
0.20698423529432536
0.18600137692283908
0.22630887331381982
0.2546504005257276
0.24982216854941997
0.28120146952689584
0.22558803138520672
0.25778172309155023
0.25066758646966936
0.24848246144712272
0.18777281454844497
0.23613132710533832
0.2208364385580356
0.2506997491469781
0.23438204995269857
0.2750502224335068
0.2570522011145667
0.20472072557094717
0.1804820012925313
0.206581927432308
0.18303169877476358
0.17630127085027145
0.2539626549910209
0.2126572942135754
0.2363379877298325
0.2437817111779617
0.22501156387497487
0.17376686138083314
0.24377443995332992
0.23259741637791848
0.24428313079806446
0.17162106785127904
0.2309483051955118
0.20109181964651818
0.24459663411463384
0.18759605025884865
0.17500386400800744
0.2157492972364696
0.17060162075477608
0.23779471274061437
0.21203073384257518
0.21843657620996734
0.238238765542984
0.16693914819352973
0.19148234951790022
0.21900891440578332
0.20288195775519471
0.2510003797627772
0.18230218684416094
0.24272438244554573
0.1609185100770626
0.17356541035765793
0.2013800467894931
0.20713654271742546
0.174473167919067
0.21266679621852627
0.15712211002009996
0.2248474214325435
0.2260856770614295
0.18493838242312582
0.18069466571707296
0.23834878179047303
0.20879094044465152
0.19619106121086777
0.15476263257209724
0.1625089648233389
0.22926071853609886
0.16749223776634653
0.20474507095783792
0.24355778619505236
0.22066315979313428
0.14635349011239113
0.23863728493530129
0.24424547711832043
0.2229346693250168
0.21425060590938783
0.1511541838218049
0.14868345996111867
0.21793808270862103
0.23962103359120338
0.17626456402743604
0.20290959521896745
0.13994565906262255
0.18236741929674374
0.23310157803169848
0.15541099712709472
0.18479855068531398
0.17262884860008795
0.18025064306735702
0.1429608053285707
0.17020380612653227
0.17978738148327864
0.1791724489213386
0.13775730771573955
0.2117280846612697
0.14103521043024997
0.2225060075855677
0.17645656836858162
0.13240866047631986
0.20889036854514945
0.22636594311033525
0.15501239705076178
0.15613896648906483
0.14326121165312405
0.20269497927408486
0.17627827984182085
0.20932377119840767
0.17101619387967582
0.2050320982855301
0.18566399610050666
0.15265363440294838
0.21078675148757936
0.12493206180995384
0.16120898822566082
0.16878250142306117
0.2042093644863443
0.12291932890505444
0.16219378428826517
0.16465592507020116
0.2049401708279458
0.17836049156199704
0.20594238457850664
0.21596386123172884
0.15780441312038346
0.12407552657109643
0.1883900053405746
0.15384763813530616
0.15504393968957286
0.1199210773478409
0.16417306121075909
0.12488324946061484
0.11651216702901558
0.16567762514994788
0.19319505129325665
0.1406131532569779
0.13000439919799062
0.17920718670074598
0.20440318734414104
0.20481875176790595
0.13099522042812814
0.1685370391786456
0.12100840942568529
0.11633677288012084
0.1670478824828194
0.12041827128960236
0.13211325198019586
0.11286368819453718
0.10998209242960584
0.13981548861716994
0.17402308008187795
0.12403604273733629
0.1878751907083857
0.16401392179820212
0.17799766514971388
0.12354224413418481
0.15990376512145557
0.13138302825375975
0.138695197345754
0.1539455657879492
0.10162233019253246
0.17994483983098972
0.14373254266883836
0.16547502951744286
0.16659542115494114
0.1556432515238088
0.13927243191956531
0.11618958714893941
0.15573974700416582
0.11157251546915384
0.1558264588081974
0.1708676885896882
0.1304500581232398
0.15451298151091547
0.11372182635183735
0.09871159401434783
0.13512191330410167
0.09741665958759352
0.1513790675747932
0.13529257256415086
0.09910072418951754
0.10352159684299511
0.18407717600857404
0.13408365018428314
0.0881061461779586
0.13860881327993477
0.12403832073239257
0.10461781775400904
0.14102894510046315
0.17647169578680783
0.15343520307079384
0.17986619954200664
0.14245596181419573
0.11464757454180931
0.1781305972554787
0.16801735776728816
0.1490407118487228
0.15766973035117277
0.12778285504276565
0.09626195258621359
0.1371586506911798
0.17779736193702345
0.1597243787467517
0.1429166290003115
0.174024145623213
0.10274522086828025
0.09110040994746159
0.15661320792719646
0.14220740684683686
0.1541018761570785
0.1630406968174718
0.15310150669868977
0.10502109198485712
0.13509678991974178
0.10002503198203351
0.13744997311898594
0.08306058163895004
0.1527903681063667
0.11902009487203813
0.1306347187241707
0.16161472117393283
0.14422714664940126
0.08869424349676358
0.08876682822783452
0.08245356655068678
0.14798094519466426
0.16380628082006152
0.07902495454233253
0.14457437429839542
0.0927503506368845
0.08288534517036511
0.12529247103124241
0.12625631457011663
0.0734088708626902
0.10710831525156228
0.15393061754906645
0.1030051411992588
0.1590110313760098
0.10748014475319581
0.08271216712434326
0.0840111788359551
0.12204934044208562
0.10251979275080554
0.06598388844134051
0.06436510561989416
0.10550867276126387
0.13109286606516304
0.08846292058775163
0.07335395009903352
0.07691425736169395
0.1322553324004871
0.11654306411318731
0.07782395185537208
0.12501657502873212
0.062187467143739995
0.12668953541401623
0.13560715630066666
0.07227064790137516
0.08900446839325105
0.10288869164423634
0.10055766161144943
0.14673083428442993
0.08463777444210452
0.0978413336469567
0.1361875138194542
0.05455427608741389
0.0738802202515421
0.09435321788487933
0.15059708900684177
0.09440704699804106
0.10533042002903883
0.1427820573794823
0.09136176170045365
0.12489035061779559
0.12228881337412939
0.09898327219645957
0.13558999007745678
0.0821336505617931
0.12258600024508565
0.09272967795896492
0.12420021579973842
0.04877571609576986
0.10387912455461833
0.1247390281841079
0.0990884407270318
0.0653084463075832
0.13938943251541422
0.07271174175741024
0.09349998372361576
0.1280660904562229
0.11092866313889148
0.14502212878597054
0.1422110542788736
0.06729328760252731
0.11459808465776733
0.07713269689864796
0.12029381189079674
0.04860389915573339
0.08130956937187965
0.09007344510497958
0.09951089703804963
0.1208261594205012
0.048602354095053056
0.10268866755979353
0.04899162757650828
0.0971882485647
0.04210130532049005
0.07863246528807641
0.08544180539480407
0.11444795536485339
0.11568961564517734
0.06576100003629884
0.12995667993612925
0.060756287831367065
0.08128013079948929
0.09732011100882737
0.05783691214154773
0.11016602157224614
0.11679107419407056
0.038660031504004676
0.09712171661832597
0.1321932329889703
0.061967546433503974
0.09897799400943641
0.12251668608001695
0.06283364128170844
0.057894472591602804
0.05144332363461299
0.04880266418041829
0.08013367260019408
0.12170543520706573
0.08600930031490095
0.07778316301570003
0.037032889059312846
0.102466941829972
0.11488547148449843
0.10131095788224684
0.12056491285110775
0.06877267120343238
0.06380961624510265
0.09624039238913311
0.04041517718681471
0.047058100709170374
0.11113813885193086
0.08327292446277318
0.05526225744210038
0.038785436257472085
0.06247897418018824
0.06862775503190155
0.04611124339166757
0.10115590741302152
0.03466055501198572
0.09024660374135254
0.09420839401948561
0.061754336366640336
0.12012648495573602
0.06757296469892601
0.07945065351637963
0.06328646148990616
0.05180263813084575
0.09931366346406013
0.11183777484705154
0.06987254505869374
0.10101405694332527
0.11942623623211109
0.0917349277342613
0.04989412369408274
0.09264148786803578
0.12406170322557897
0.1111830959858412
0.090294840406394
0.030375748924822907
0.05698206040687877
0.04996327673345574
0.07303119668097781
0.0875479809710259
0.05227392811386545
0.08089109562675902
0.046424456751809
0.08626792562425198
0.08362119159017918
0.10082852215780182
0.10336338248608118
0.0420434174936292
0.056814568240721564
0.05743851141417655
0.026559377533609083
0.0891234115180782
0.10734320336665153
0.09312854741530632
0.07882282656677973
0.05230937269983694
0.03758601461723822
0.11516795562493551
0.10638227090453166
0.04941019021281521
0.09102349329214263
0.0819152339083829
0.0567414115231174
0.027498023535625846
0.04128965597727603
0.06871853247996
0.024350809668867438
0.05416320575034218
0.04328202325022084
0.07482778328169293
0.03967013913971397
0.10659241074509702
0.04231399245542516
0.09049565458543858
0.04178318639443245
0.05477081358624707
0.10422986740677576
0.10938308861867065
0.04044403348270535
0.060350046040366825
0.018477255513834178
0.03772271803526754
0.021636211654758118
0.045578593915972555
0.029810661644147703
0.051864195908573545
0.040497021864672036
0.05964535129199717
0.08827926997794322
0.057193205324651455
0.09451422182770619
0.054359232044932704
0.10018211855027188
0.04782448046685912
0.09011262380284407
0.10829298960390979
0.02413421108845059
0.053026397385961974
