-0.001169006399023138
-0.0015956511537152792
-0.0015595428293061168
-0.0010652876573957921
-0.0012039350804914826
-0.0012036994121147095
-0.002300770074828835
-0.001234657641077772
-0.0022132559954148685
-0.002404657171065828
-0.0017103300774784567
-0.002017178975836218
-0.0020691425966293097
-0.001819112457731148
-0.001601276314573009
-0.0011661835886330595
-0.0015365469930205937
-0.0021338264103003884
-0.002232152561080357
-0.002394777928063511
-0.0025283120470339982
-0.0025801178389856998
-0.0024561453937972325
-0.0023598183606756617
-0.0018639844821903622
-0.002656264816726256
-0.0027947759440040756
-0.002286967087215628
-0.0023439943881063325
-0.0018984944747660146
-0.002040202025934529
-0.0030019843857017102
-0.0029567763026648515
-0.001655486475621517
-0.0029887248572137283
-0.0016441907548242086
-0.0018386622002815583
-0.0019302158827494778
-0.002956949170388796
-0.0024992340679197995
-0.0025634215589094953
-0.0025464934340834384
-0.0029830091179413277
-0.002740458489530092
-0.0022442947582706563
-0.0028379502134273957
-0.0028210849768621395
-0.0023294087646059886
-0.0022723839405416014
-0.0031029282918189774
-0.0021671044978670874
-0.003274478009911953
-0.002077742467850734
-0.0022472192586250527
-0.0034739189412089175
-0.0032142550917005686
-0.0035055241951581
-0.003142671648422265
-0.00364034148459728
-0.003571295562293884
-0.003540656100777439
-0.002849067419764531
-0.002948564934334603
-0.00315701736074471
-0.0027700464880167693
-0.00252873941721601
-0.0033588342241956197
-0.0029544889819166603
-0.0036261867396108452
-0.0038027248729627645
-0.003354675464333676
-0.0031959570877093
-0.003145966925266718
-0.0034463725930953164
-0.003512625840834681
-0.003709016458354922
-0.003095663680362797
-0.00394980941642966
-0.003888416819312982
-0.003613289131347103
-0.003132596350955276
-0.0033692002009638477
-0.0034589403949802275
-0.003257049717669832
-0.003487200239723766
-0.004346378351692466
-0.004179178951286308
-0.004255335354201237
-0.0038626772197563877
-0.0038353497384115576
-0.0037836571086911864
-0.004308101625222831
-0.003628275896646749
-0.004137449635725083
-0.004854530250356844
-0.0035418706431151917
-0.00354172709129326
-0.003764866647257529
-0.0035342488629368095
-0.004307004453216723
-0.00416935049647525
-0.004531980022668091
-0.0038351214132060275
-0.00478753934284808
-0.0037877393857736006
-0.0050932195172903845
-0.0045640511160290895
-0.00505617439054187
-0.003912182489882516
-0.004031332711607295
-0.004181845653459382
-0.0054195489307133785
-0.004747016089169452
-0.005530616714495456
-0.005271267025934048
-0.005141379646351238
-0.004779018447752306
-0.004473819322354028
-0.005474597265460939
-0.004518455853744618
-0.004688188136874284
-0.004442527493103331
-0.004619522047878029
-0.005943105024668854
-0.005456290933261367
-0.005119447188681607
-0.004724604382458951
-0.005587227071494657
-0.004947659026222575
-0.006258989914380927
-0.0058477403928345285
-0.005555413022558822
-0.005265438479077793
-0.005242565865203639
-0.005129926566410844
-0.00535854199143292
-0.005981667029565054
-0.0059657554612443705
-0.005439771493890599
-0.006402408286949105
-0.005293784659244444
-0.005653057370697294
-0.005842039543314453
-0.006735707853865327
-0.006006225758166683
-0.006908287692585211
-0.006899691849825168
-0.005990699054539262
-0.005723956512593942
-0.007062465261649602
-0.006368398942682363
-0.005874488584050413
-0.007288688842315785
-0.007188523841555991
-0.006158676706036474
-0.007312166154825203
-0.006172049884802455
-0.006064381695277884
-0.006813856447406954
-0.00668374987175391
-0.007182057305804424
-0.007070672456968438
-0.007737778540396628
-0.007274768332390026
-0.006415606411323028
-0.007445934652691065
-0.006922576351680458
-0.007745795758722277
-0.007004388732404313
-0.007841273245530354
-0.007881712233965577
-0.007596634107040393
-0.007689944435160949
-0.008078897458615689
-0.007979063942952147
-0.007115838878940376
-0.007707848662814585
-0.007207562472742125
-0.007320426199044363
-0.008521275083926605
-0.008385706361859634
-0.007578417332088749
-0.008256508813038665
-0.008575103495678076
-0.008189180724455167
-0.008847266058089097
-0.007742629538219471
-0.009065015057839293
-0.00854168664502868
-0.008723060996862188
-0.008199495705734977
-0.00790570317403471
-0.00850762451938645
-0.00904209450615283
-0.008731714737358107
-0.009330368345180771
-0.008989701877243636
-0.00935141187480321
-0.009159189596302011
-0.009012633271809043
-0.008616565127284674
-0.009869218268927156
-0.009875950189906925
-0.00945675592823738
-0.009346473592598074
-0.008845699800245941
-0.009392397117289961
-0.009470283156250333
-0.009699668996633173
-0.010146806493755572
-0.009516075454573173
-0.009595228733303934
-0.010419899108096107
-0.00992789065854251
-0.009501892896324284
-0.009858567233822493
-0.010171689005749412
-0.010488622786053853
-0.010125526814206075
-0.010917455285818915
-0.010992453452251194
-0.010979792783140443
-0.009915053896223321
-0.01051724620100325
-0.010540024934408058
-0.010842053025203777
-0.01094826591176469
-0.010594050154735404
-0.010882134663018087
-0.010398708961375229
-0.010549328352851387
-0.011058862345049167
-0.01186614304399533
-0.010973617784232845
-0.011117815816633191
-0.011691876029086081
-0.011588303663394145
-0.01087497528573583
-0.011985893736447992
-0.012323927434390959
-0.012341128726412126
-0.011409648804758803
-0.012595331476864624
-0.012491955664045118
-0.011938821494440017
-0.011482078560241103
-0.011871434555559394
-0.01236035614176392
-0.012979871272813193
-0.012037142864949198
-0.012318348174099929
-0.013177076578291216
-0.012500884607315285
-0.012561388066364218
-0.012754846506026362
-0.013522417596376927
-0.012941919248470915
-0.013163974387942855
-0.012915349702797814
-0.013648418415476201
-0.013768193468314711
-0.013739688241019614
-0.013167807007434659
-0.013321229068552166
-0.012694049517241833
-0.01275972009013461
-0.013995431086472294
-0.013998940894941737
-0.013535277822354256
-0.013541163265544
-0.013674032516136275
-0.013358360975668598
-0.013409200712349275
-0.014083129134471992
-0.014813024307733498
-0.013535212397755339
-0.013768708571834107
-0.014639775912013481
-0.014715027166346858
-0.01476541647462999
-0.01408580218665639
-0.014397752206891677
-0.01554343448036661
-0.014577836447844317
-0.015156876026861358
-0.01449696799545148
-0.015662537839137163
-0.015199715363916419
-0.014569376488236235
-0.014703913734672504
-0.015962427307007657
-0.015405651137501862
-0.016031584135252453
-0.014951072136071511
-0.015149332170394004
-0.015528082524000989
-0.015636881970469294
-0.015512209318690738
-0.01666089472512319
-0.016765685749263758
-0.01626813362711414
-0.015623829129083323
-0.01587496212030589
-0.017101208712627734
-0.01621386647119475
-0.0166696224273826
-0.016332796965272477
-0.01696885546945912
-0.01657303879382794
-0.01732121764307979
-0.01709730474008224
-0.016588381984794634
-0.01660209660582472
-0.017115330848351568
-0.017989398688767075
-0.017179404924313857
-0.016831827266375315
-0.01745596870252251
-0.0174387250256306
-0.018023371558370534
-0.017605837582597372
-0.017932611355907194
-0.017945768151824432
-0.01859217149444685
-0.018363772118240577
-0.018491174104606833
-0.018020124700930513
-0.01820750671797523
-0.018065793565575736
-0.018398709525942653
-0.01896101554399045
-0.01861201881022639
-0.01899427111662259
-0.018492563849852445
-0.019126046362212643
-0.019382165351283735
-0.018636336073767818
-0.019292911021646517
-0.018769956154486837
-0.0198491593454115
-0.019049663259921645
-0.019534344925584902
-0.019838075015788704
-0.01906849912609144
-0.020190312683456873
-0.020175477370813637
-0.02037658655836536
-0.019841099538265818
-0.019947475796620845
-0.020546565508925897
-0.0208225894534393
-0.020022531664996755
-0.02081607655178824
-0.020784274737946425
-0.021031359387741876
-0.020951945084996468
-0.02098738782330958
-0.02166692350242805
-0.021140677453567177
-0.02098500479860717
-0.021988657279531622
-0.02174895309732837
-0.021160671997900116
-0.021229638200972935
-0.02128610532864558
-0.022201686623794663
-0.0217592339853544
-0.02179708194084807
-0.021690518531407934
-0.02202881569039441
-0.021503958581723836
-0.022319809997411455
-0.022709984091615933
-0.02269397869728785
-0.022265624230264486
-0.02227322035096169
-0.023172134491849048
-0.02239376547826224
-0.023327390115385115
-0.02312914495449346
-0.02253688121789922
-0.022756353463432938
-0.023333249246262372
-0.02292048477148402
-0.0234687624798602
-0.023391246882815936
-0.023781948162617573
-0.023299131397872996
-0.02430199528606835
-0.02346962774124095
-0.02440627933173314
-0.023424986303138332
-0.02420323306451365
-0.02404135972979772
-0.02425363707320457
-0.02378835475684264
-0.02463298462552138
-0.024101100269270887
-0.02413608902261925
-0.024652916421095867
-0.02540953243479578
-0.025144576276607034
-0.025076944595108577
-0.02482731138276351
-0.024892103879516715
-0.02547921254067071
-0.025392384751784132
-0.025283021129306093
-0.02489875506281422
-0.02528686419676894
-0.026003273314656152
-0.025162624471504063
-0.0263157660049841
-0.025219276859233336
-0.025763336703894673
-0.026577626913120756
-0.02549648644327722
-0.0260269600242661
-0.026747361733452435
-0.027104595993441078
-0.02651969481326222
-0.02681599201824012
-0.02654607653741517
-0.02727976166071153
-0.026599590853829718
-0.027208567153566402
-0.027093188196100265
-0.02673334242002559
-0.02646848308891838
-0.027558764321620407
-0.02751346201936145
-0.027184624026067222
-0.02734280267438384
-0.026782045382243276
-0.026870574167742713
-0.027559014693892096
-0.027018943132862922
-0.028122381733452394
-0.028517395632506184
-0.02872324630931073
-0.028804677149816747
-0.02758791681489673
-0.028187113816741733
-0.027713296986128757
-0.027797271493378566
-0.028974153658368678
-0.02862026119339648
-0.028186545138426108
-0.02880694842665021
-0.028259032679927912
-0.02878843831486367
-0.029209948872432872
-0.029690365094144997
-0.028518911205816344
-0.028457900889606372
-0.02922047699898928
-0.029809240053478785
-0.030097945387901556
-0.029654241863859596
-0.029268822003894572
-0.030252214254741845
-0.030372736168754196
-0.030540212407153485
-0.029844956934380752
-0.029918064266458145
-0.02983895955732121
-0.029625872557113502
-0.03010072329964684
-0.030785510752789878
-0.030899695233003115
-0.029820908095509184
-0.030491771555330564
-0.02981907645988893
-0.030522849444030317
-0.030873365744646088
-0.031124680627227383
-0.03102390302252871
-0.030339988288112175
-0.03158557231529855
-0.030808520646842245
-0.0316693785523017
-0.03118162899605795
-0.03194878071594801
-0.03106894219476458
-0.0318133739054722
-0.03215546164511926
-0.032015326333687276
-0.03126378395370116
-0.032277100463724
-0.031041574064925095
-0.03132432678915057
-0.03164516726799827
-0.03146890244313584
-0.031937734719429685
-0.03148812761548627
-0.03146153397086174
-0.03190939719544237
-0.03177548725738472
-0.03268234007441209
-0.0329176259398124
-0.03266165702466229
-0.03200884096136642
-0.03317776168896747
-0.03323524029214271
-0.03325760722753363
-0.032259505093605256
-0.033486272950510106
-0.03212498944488006
-0.03281140821168269
-0.03355609847599311
-0.032363864464074237
-0.033231781161141366
-0.03325188126880455
-0.03327062225815757
-0.03344843699301845
-0.03323860388679697
-0.033918302514060014
-0.03369906577496596
-0.03393587825542227
-0.03419603505036906
-0.0337043402188036
-0.034028443547792386
-0.03330450923834446
-0.034129935614080384
-0.0334606403645317
-0.03380811832118088
-0.033956676345357956
-0.03370690788042875
-0.03367037201692578
-0.03358516299321444
-0.03428968064820998
-0.03487433282839433
-0.03440405080128485
-0.034417114143993316
-0.033803683119794356
-0.03390338407336898
-0.03506215324692214
-0.03465649435855974
-0.03463678218059774
-0.03448748616453417
-0.03494145654568678
-0.03457664538553309
-0.03504519902800932
-0.0353881579887092
-0.034219519696893325
-0.034373504204122475
-0.03516000093652743
-0.03413629392033904
-0.03486277006209365
-0.034475556527789726
-0.03556960904298202
-0.03559393841207107
-0.03451677320205455
-0.034614521672083544
-0.035108188130669765
-0.034476809971490774
-0.03541510541108024
-0.0344546236055925
-0.03546293838409576
-0.0348622356331768
-0.03501832624547521
-0.0356503493805922
-0.03479814720947035
-0.03471779673687719
-0.035626622592220304
-0.03602225422077709
-0.035689177622450684
-0.035203408708230854
-0.03574264646230469
-0.034979147947975575
-0.035078840283764894
-0.034863979730183924
-0.03555010592936551
-0.03599626049958354
-0.03501246773211815
-0.0353070523947228
-0.035727440737873685
-0.036130720184319204
-0.035315427779793525
-0.03617371034596802
-0.035752280261559986
-0.035369443107219734
-0.03553485233905346
-0.03600926719220848
-0.035364862777174134
-0.03577028981118213
-0.03572678351104556
-0.0355214422530833
-0.036361803862197735
-0.03614173515198821
-0.03522682912861138
-0.03657983775564941
-0.03597826958094784
-0.03604896747517623
-0.036548986240082126
-0.03570423998093751
-0.035219131669343276
-0.03604678093800438
-0.03569181691539549
-0.036183808170662295
-0.03622720748459115
-0.036615490080646504
-0.03555790870529619
-0.03586791932004702
-0.03537713689400002
-0.0355203442128216
-0.036056604214458284
-0.03561370278426376
-0.03626128315687323
-0.03538321430835633
-0.03581375735840222
-0.03539493355362525
-0.035598832887491584
-0.035605359086358784
-0.036242385399099825
-0.03597934551256683
-0.036310168633518214
-0.036062898548685406
-0.03536309059872781
-0.036071855982886564
-0.036100798817868075
-0.03560833174528987
-0.03635248428645719
-0.03643532584523555
-0.035817197852646455
-0.03630971078786593
-0.036144222325088446
-0.0351732236819325
-0.03533376749529404
-0.03541218690424571
-0.03562838096298835
-0.035471088042176316
-0.03498799499491414
-0.036080005718288025
-0.03475706831859718
-0.03601154085771452
-0.03573989139247916
-0.0355122528103071
-0.03553290200856482
-0.035988507091863776
-0.035490327732243934
-0.03533222478953245
-0.03595313669088051
-0.03497756541231286
-0.03592591894414868
-0.034489624869066586
-0.0343998806489529
-0.034522041529219206
-0.03569819122533286
-0.03525749350544656
-0.03556502672484028
-0.03449720481003321
-0.03453970481938798
-0.03460941044710771
-0.03451210861089001
-0.03519302814772959
-0.03487877274689401
-0.034741085321601015
-0.03470198878193296
-0.034392016660236696
-0.03412647620242224
-0.03381980850446238
-0.03511159999741644
-0.03471091393467412
-0.03455766504658368
-0.034886183633564875
-0.03452117012278099
-0.03349558050379941
-0.033977376605454225
-0.03402537761590157
-0.033641061799864314
-0.03440256819854032
-0.03374473577297398
-0.0339236956415123
-0.03448584698089516
-0.03370683981343702
-0.03298850600292033
-0.033805764234169505
-0.032900553575902304
-0.03362404037003599
-0.0332156584908543
-0.03273684272820355
-0.03259383818428781
-0.03331635857536386
-0.03279413052254091
-0.032761968602552885
-0.03373925819956735
-0.03340214051286334
-0.03293139658346302
-0.032809196305437625
-0.03288365395513192
-0.033268279465097916
-0.03330777063495823
-0.03273705869995446
-0.0321508525981921
-0.03234794969352578
-0.03289092985806768
-0.031746918114403014
-0.03203732930098242
-0.03227809112647546
-0.031679275336361196
-0.03153211619423323
-0.03146332931886243
-0.03154497169581542
-0.031740797359060935
-0.030846644753185742
-0.03072008393851267
-0.031565056102451215
-0.03162931180517641
-0.03181831094152501
-0.030933082649448915
-0.03125499558832903
-0.030978324539105512
-0.03066558094956937
-0.030722607350389373
-0.03065839464614333
-0.0304527447527266
-0.0304085318235058
-0.030020284725597226
-0.029735786354223474
-0.030896396005471786
-0.03056292276055525
-0.030683743136356904
-0.029861153924743273
-0.029597154650226325
-0.029293524262499697
-0.029799621870287465
-0.028818706200670414
-0.02876316363051533
-0.02997372517963749
-0.029829555113333215
-0.029413516992131513
-0.02876402038565536
-0.02942133947552158
-0.028793983092602178
-0.02917999157978199
-0.028319709314895716
-0.02866843433077575
-0.02755059857662923
-0.028573375211080155
-0.027763112693665413
-0.027318425578220232
-0.027405209460562446
-0.02774511857253406
-0.026849867163515843
-0.027845800653776488
-0.027071787457009652
-0.026430985881206084
-0.026858134741320826
-0.02654698729283646
-0.027040696110152335
-0.026342041690413473
-0.02671484536700816
-0.02679233612794998
-0.026582520995840152
-0.025737644003431304
-0.026423056716353158
-0.025696426119338887
-0.026514395866292523
-0.025753269683654417
-0.024976517154460306
-0.02574982170112549
-0.025715333575519896
-0.02474002559805741
-0.02568066158968849
-0.024923387300723802
-0.023992111421598506
-0.024537148298124457
-0.024939561808593712
-0.024180227119310952
-0.02367701484191513
-0.023782405707694305
-0.024622855163313844
-0.023715460286955196
-0.02285764869704266
-0.02272974914601577
-0.022670796124319076
-0.022990909913225225
-0.023667845738302287
-0.02354768323337558
-0.023433355013582523
-0.022159875794782204
-0.022544020852842697
-0.021649876362432964
-0.022390472277565153
-0.022284097772091283
-0.021516946914335533
-0.02231134416533524
-0.022005765552590317
-0.02201690147891713
-0.021383951881486594
-0.020569618426721767
-0.021693689632670633
-0.020983218443457234
-0.021150298983789135
-0.02086018765445706
-0.02079975128542685
-0.019863804442565566
-0.020374389171681058
-0.020560870647659373
-0.01963332947290638
-0.02000529782451849
-0.019312737974822948
-0.01990543067226622
-0.018908542431382944
-0.01872964770822492
-0.01940576517328501
-0.018527827223559383
-0.018133126278141246
-0.018829271504993958
-0.01876271570134453
-0.017902290273764068
-0.017957699409073092
-0.01795499056170145
-0.017351835699415053
-0.01673916796891253
-0.01750691942117749
-0.016318017481781487
-0.017174770256435854
-0.016517262109197732
-0.016710851280637058
-0.01658730364051395
-0.01553490820304553
-0.015522675952385228
-0.01577505575964165
-0.015053059455964728
-0.014727210049322098
-0.01569790577348882
-0.014349366125408252
-0.014511307358268541
-0.015131630562895761
-0.013967092859108712
-0.013753515063479434
-0.01348778516559005
-0.013606646606104493
-0.01391306354348058
-0.014189904749844263
-0.013082826570970634
-0.013893389405503253
-0.012845145906323421
-0.013258425636356298
-0.012020744833960897
-0.012653707396290332
-0.012969991155211568
-0.011620191490421894
-0.012447190400165566
-0.01112190076749714
-0.01232122421968768
-0.0118653585677122
-0.011383041685938495
-0.01055123440763023
-0.010722063832137188
-0.01091096211737194
-0.01090846229970003
-0.010321437014608302
-0.01034369708531506
-0.010020633688325703
-0.009589630861834033
-0.009969189653199482
-0.00967618902195435
-0.008674011308212213
-0.00975585971118517
-0.008528222248106745
-0.008605930458336113
-0.008056158367020928
-0.00835731722140845
-0.0075647892655819945
-0.007329635789521919
-0.00800869193720778
-0.007676647562530822
-0.006980355569446011
-0.007121128738067357
-0.007617275054123704
-0.006881952919861276
-0.00693675017608009
-0.006855053917944359
-0.005867098303010298
-0.006211478719661118
-0.005217742344009572
-0.005925867527141036
-0.004773161989728735
-0.004717770156850458
-0.0050114971792975865
-0.005535478838622403
-0.004261116297222606
-0.003936663906318144
-0.004392809005435677
-0.004264797692998482
-0.0043632071450212
-0.004298912717241525
-0.0027990708036830874
-0.002915980534624207
-0.002682657187804942
-0.002654828058415675
-0.0032543082985226597
-0.002599219669636385
-0.0017991560051522637
-0.0016999656400693657
-0.0023964378407108967
-0.0017108338880104173
-0.0013719916383288636
-0.0015321845544394727
-0.001213593378440889
-0.0009534738556964603
-0.0012880285711370017
-0.0002178254325831997
-0.000913456824891513
-0.0006434563917207669
-0.00019894836489390492
0.0005061757148280124
0.0002867451326479517
-7.675717118649979e-05
0.0009625170385256876
0.0009816082398615832
0.0009572864652854059
0.001538131875036499
0.0009756489578098759
0.002438023110617623
0.0022009820003916093
0.0016803190255316781
0.0026992353295124377
0.002054925208221213
0.0026780155491359205
0.0024842846725198907
0.0024820270676577526
0.0037258846848159588
0.0032950024414791527
0.0029888219573713155
0.0033240313635830208
0.004347624571771193
0.004821620579293553
0.004941153768472021
0.005167160808997906
0.0047924834514051886
0.004500200336508158
0.005666398704265145
0.006156702322731223
0.006338396394609135
0.005693522989297162
0.006492161337081129
0.005490475335674549
0.005879509585341411
0.006831432047340667
0.007352831094910021
0.007349186343775691
0.007370691319344904
0.006816815478098447
0.007475005309580164
0.008335309686654089
0.007611511890809114
0.007939298225845248
0.008861696965743678
0.008537639606246063
0.009056991756941074
0.008883676158931033
0.008660208146068164
0.008928152771812563
0.009304075999980871
0.009281854225648959
0.009571650944762866
0.010704428519226173
0.01046348585403967
0.011112068875983323
0.010860328003878929
0.01149272351860177
0.010420337826847318
0.010391771371402887
0.01149687923903193
0.011578721464089706
0.011229007327749585
0.011329732148863045
0.012175029882316984
0.01253688342705512
0.012673667985394276
0.012818855157077294
0.013044377918706431
0.01322151661585242
0.012433290373976641
0.013288210971259944
0.012759811690322776
0.01382676469399821
0.01436197466874704
0.014598667131158318
0.0139823302054459
0.015072200673656716
0.014617539912958067
0.014231775065497288
0.01421624116823107
0.014448271019948306
0.015053938515147159
0.015426842355546309
0.015479404859687046
0.015260600306581187
0.01573516030015928
0.016246481544873452
0.01587811383101442
0.016446167582548202
0.01650411961697049
0.016692544624222747
0.017569501765994464
0.01760457142639398
0.01766206096387608
0.017687647165153052
0.018024091547974064
0.017152350383887197
0.018694635417974007
0.01867240589909508
0.018837118272113183
0.017950053794610447
0.01899039415705544
0.018590924470036765
0.018505261485731946
0.018618096980138846
0.018867440475514113
0.019408090920779015
0.019884360024634475
0.020101367470382672
0.019668343026358438
0.02087853405122964
0.020541627294265168
0.02018758636070227
0.021297277485199797
0.021208297008266052
0.021445567283588395
0.020711235228517047
0.021510189210813522
0.021696844612434936
0.022036272917791217
0.0222179863314327
0.021454351900598457
0.02140435549454409
0.02260855449547076
0.021969743901770245
0.022776655072272823
0.023134551529560433
0.022449140835892747
0.02259550739776852
0.0229035623620859
0.02401125930431106
0.023481302173290326
0.023529364982374172
0.02373651305852877
0.02428416359215047
0.024778517935264595
0.023510029395237737
0.024344594601218843
0.02522211713933984
0.025168764091455256
0.02505049994402448
0.02550313847596035
0.025240574430066484
0.024861104920350294
0.025078501040574425
0.024796892290646952
0.025609970471182113
0.025108345317151032
0.025603107742256145
0.02556099287901109
0.026551674634864526
0.025998519395048027
0.027124608830555747
0.02651108171024035
0.026995555592423368
0.027522134368076857
0.027317190103871382
0.02762822307556604
0.027036920801898418
0.027935368943049134
0.02706887994040334
0.02779385358840207
0.027661328531194473
0.02836335483309927
0.028298705639923843
0.02835019176065246
0.027593726379937608
0.02895675818575687
0.02841223144478868
0.02851194570841275
0.02843182936281208
0.028686689908983185
0.02833520533519752
0.028920543366347983
0.029875457997609205
0.028908993108405133
0.02945871492901676
0.02950908563766122
0.029834339513037933
0.02999589894787629
0.029383357421122965
0.03073311443312814
0.02994335413450204
0.029625216721446922
0.031060248156288925
0.029790981746215174
0.030245693840535017
0.030643994836152745
0.0303348651978188
0.03050655001167681
0.03031758260440186
0.03112004110175373
0.03167658012522286
0.03100434985969603
0.03178209867136937
0.03136792663114156
0.03221633121798481
0.031213698707193597
0.03249139291244126
0.03186130824980167
0.03266498910487229
0.031945603259258167
0.031565525971088824
0.03270543704400344
0.03187061921613528
0.03285759170946488
0.03251652662002691
0.03264230709747523
0.03253330475287698
0.032857960454469974
0.03338891823907801
0.03331325735123271
0.03317477965014689
0.03331958695643721
0.03287780355416961
0.03303368787347593
0.03270416366580855
0.03301700010932417
0.03319544368633232
0.0334880903560231
0.033366021361673444
0.03440858957090275
0.03345657985192419
0.03349638118300295
0.03405616645128266
0.03467048634023329
0.033790782395163976
0.0340132048343466
0.03373039490301908
0.03417824573756351
0.034280326184398247
0.03488752477347682
0.0342921814798451
0.03436021700196093
0.03496243826196664
0.034665240917506564
0.03414854668685573
0.03424611706444512
0.03555320931091171
0.03520454024362156
0.035122608799521046
0.035300183393380126
0.03567152508159191
0.03494566300639434
0.035976640062631945
0.035798665296718796
0.03607357390121485
0.035340733955595956
0.035465409780785564
0.03608785909191104
0.03550770599817371
0.03574758268860856
0.035913289431116914
0.03619673288403377
0.036085186380465414
0.035660565908268174
0.036119922636575034
0.03581450986687914
0.03633829735424512
0.03631161957676066
0.036582400695044696
0.035956832125309444
0.03694034530173612
0.03680085696642635
0.03698180364712872
0.0357088330872467
0.03699759215896398
0.03574273328367701
0.03589442806265236
0.037251204247932275
0.0364505375356852
0.03682751796150185
0.03679663025316895
0.03630703391486269
0.0370189679588699
0.03743420546971819
0.0372432926079626
0.03737736293459525
0.03724950483619803
0.03753149274354443
0.03707533832536887
0.03725680283967887
0.036329514207290914
0.03702467240307702
0.036956856875899786
0.036503096958528346
0.03749385996617223
0.0376383837386466
0.03697259456428601
0.0373281297638535
0.03755202875215725
0.03720256177311276
0.037019335564740644
0.03733072597911003
0.03693539372317757
0.03680245232795594
0.03757427139710184
0.036809296458112616
0.037028833454768886
0.03756050356368322
0.03779746432662308
0.036988159616313666
0.03707882750017814
0.03658812345536489
0.03661125128055375
0.03781456918056428
0.03702551539557786
0.0377569764721216
0.036834503216620344
0.036544976606129646
0.03726456535283605
0.037194496312609154
0.036619362490381085
0.037372498961605806
0.037639383372860116
0.0380276826584063
0.03765359117631665
0.03692848703357299
0.037013557040101765
0.03740637410837309
0.036802675592474576
0.03717668648247
0.03688378723763738
0.03736086544259697
0.03731087681124049
0.03751361838460136
0.03798985921744413
0.03709127495896902
0.037924414378794936
0.037638569419270365
0.03764822737248031
0.03718568537397096
0.03688256258765817
0.037758089310333864
0.03676465971512876
0.037406195410999744
0.03729192488249826
0.03705934145218356
0.03675534551212779
0.03681743370065732
0.036869175260887704
0.036456421458117554
0.037026091681292374
0.036898774813854035
0.03621525551228442
0.03706593163329009
0.03650269264150063
0.03696932845424878
0.03666815504867233
0.03611368821143221
0.03658986290408675
0.03646211391792412
0.03702449472348917
0.03733643709084616
0.036096128691176635
0.03699341392439902
0.037125406557442134
0.03618430131665668
0.036442508806451515
0.03643914271470366
0.03621995099574269
0.03652963464448091
0.03576401836287737
0.0357230673473877
0.037098929976255614
0.03683468363419123
0.0365053159588554
0.03627222826368182
0.03670603890518858
0.035932955395131326
0.036743824731963935
0.03670452178805968
0.035622943314873444
0.03620022461657518
0.03539075196462077
0.03648495033335328
0.03549180156025714
0.03547169436202993
0.03605917025120399
0.03617556449262226
0.03569174873882793
0.03616373630244638
0.03640090299034789
0.03596667352539661
0.03587411261464862
0.03491980352351442
0.03491079624869792
0.035601303288970765
0.034934396526273094
0.03501153682223043
0.03452552780076256
0.034523862040252845
0.03464389952995408
0.03545584581944586
0.03566405657584731
0.03434431765153127
0.03490873112248641
0.0342799445826574
0.034214402471200216
0.03542215866589971
0.03529014043189704
0.03402550179814914
0.03530757639768641
0.03520821855521782
0.03379520719126152
0.03431302244536184
0.03473902007232635
0.034356571372515694
0.034379685264387415
0.03370750604204179
0.03374358388166825
0.0343814757025641
0.03392089372697887
0.03388319761051213
0.03361391302289025
0.03400911154442505
0.034064528202877246
0.034278762801357936
0.03420462637257656
0.033609537495402984
0.03289169253753738
0.03342148536396996
0.033803320107922995
0.03320567524603924
0.032717010460341714
0.033712428315221026
0.032771307210811076
0.032552444298311486
0.03232056330602341
0.03364064043624201
0.03349682242404393
0.03346571456860711
0.0320632647624155
0.03254496209471176
0.0328013652776914
0.0328558274260661
0.031756729852842516
0.03253114556352593
0.03247007636154155
0.0325715682087214
0.03209677651881045
0.03221178823823245
0.032005854944016254
0.03171712220272413
0.03241769560781419
0.031291555445329126
0.03152049040579652
0.03230149872497826
0.03141877058447326
0.03155022856459941
0.03109420715083557
0.03195468733483416
0.031786959676479494
0.03117412938134317
0.031142495081634324
0.030377718566110136
0.0312521665758219
0.030682441863848026
0.0315661497841729
0.031167333326675307
0.029983148349030406
0.030210280020474177
0.030493497974011317
0.030909789091249616
0.030287709754625972
0.02966901509291576
0.030479933995936848
0.02989071314381948
0.03011668589774321
0.029403841018097402
0.02945787080930477
0.03053374924807813
0.030185226412562403
0.02924621971349857
0.029077534801327447
0.029796176033967864
0.02889734168401124
0.02970560109845303
0.02929071637180371
0.028518426988823706
0.029560465446653
0.028792666003996804
0.02943598165953437
0.029576454271041584
0.028060986308792613
0.029104974015930693
0.028726262312575607
0.02810876303560297
0.028534258122484325
0.028530097206063854
0.027693494878826108
0.02753818409985951
0.027567749455431015
0.028631723379491315
0.02742813545829802
0.028335226242438026
0.027168974751644447
0.02740096381751702
0.027835049392332376
0.028003411564396164
0.027728531260513486
0.026696887715229017
0.026589785429053676
0.027221383470736975
0.02709542087371576
0.02724645894368435
0.027683175253241314
0.0266888710654055
0.026535962281972515
0.026565606432004438
0.02727318471921103
0.026291410788011924
0.026903363781707972
0.026374579838823707
0.02679173618835389
0.025636062232269805
0.02606655641390168
0.026723908088304334
0.026385758431902148
0.025877742781470297
0.02513497473597629
0.02589766631279234
0.025352419920404667
0.02536618454012406
0.025822153944807937
0.02552813854894666
0.02593443279250007
0.02455502627570621
0.02526657777262611
0.02492909029301267
0.025488257559267154
0.024751043182413057
0.02515493496691281
0.024379832920275308
0.024368119139464423
0.025121418301884312
0.02376533478876449
0.024726964039398197
0.024458092390334894
0.024534010922451534
0.024451905134313254
0.02418676758246757
0.024511116089644597
0.023856080556530636
0.02310846356672749
0.02411157474295137
0.024128662214364337
0.02336100998364681
0.02286353807016836
0.023684739655784253
0.023009948944591543
0.022705494548778613
0.022943459866316775
0.022168134198453864
0.022363754418095013
0.023459115549411113
0.02320169994760197
0.023266153140019306
0.022113523026043806
0.022152296286126628
0.021795711533916188
0.02236184649637185
0.021778657782352953
0.02135146357410417
0.022189564310225705
0.02159986455695577
0.022524868698685363
0.021317621195454675
0.021160443802697063
0.02183938123111761
0.021614328806043193
0.021922992573246244
0.021367587599794024
0.021407943474507744
0.02089322740218047
0.02106826389588824
0.020663043789215546
0.021274119072540253
0.021313680003558533
0.020330086529160435
0.02024280110555743
0.020491791407543567
0.020699159530470832
0.020153087914315016
0.020721580529869704
0.01992509586688645
0.020347090664848876
0.019743001024260243
0.02053413066332668
0.02055150957691432
0.02038643020694879
0.019478000632422134
0.019527291487895813
0.019620988973791754
0.019948618160550935
0.01912166065458619
0.01964975032701909
0.0185618386070995
0.019525791219739932
0.01848703868805618
0.018520065182923297
0.01957003162647977
0.018043060225204077
0.0187597832380469
0.018892115595593915
0.018189739151270635
0.017891127009019913
0.017598994273329158
0.017809310184748316
0.017602574035237052
0.017558173809539005
0.018598030541901407
0.01757340584204082
0.018235732845059877
0.01748764631157142
0.0183803307570592
0.017703560828154306
0.017857062191971942
0.01793132445946755
0.017964484789652672
0.017194481993700758
0.016683014765526236
0.01688363944367476
0.01700527067427224
0.016513260347228526
0.016723109166179844
0.01741290295237442
0.01690396533330934
0.01616584142356824
0.01664270202653577
0.01666050744641981
0.016830785525611673
0.016894118524623518
0.01688410171152976
0.016059530675836264
0.0164814546308884
0.01615909772191289
0.015495077055141552
0.016361013753596484
0.015248007351233066
0.01543563493891142
0.015319113280125056
0.015730271002112634
0.01589353237976179
0.015596802618424187
0.015107500983799803
0.01577786153390995
0.014620130743624544
0.015105907377416235
0.014720528152458981
0.015191166929681064
0.014890689673882799
0.014909526785311582
0.014732282629595304
0.01466333062285931
0.014039033503988742
0.014744002766846153
0.014846908825564534
0.013929717439620348
0.014197082509036093
0.014993322066037096
0.013481581394683029
0.014525581450979748
0.013299292221137663
0.013423142424680966
0.013607373985596529
0.013178346425556214
0.013895095591212655
0.014133908155857345
0.013903285679317515
0.014192750535677723
0.01375232934744001
0.013151910952177185
0.013072140796055051
0.012920995236820889
0.013326848300896829
0.012908901106328387
0.012981153892265852
0.01299018942436725
0.012623471513031073
0.012746011754870985
0.013154242706626051
0.013394137282569522
0.012107225233567803
0.012246797001904492
0.012688629796354767
0.012544763176647536
0.012759659859976945
0.011814970344329042
0.011693357327815264
0.012895340245306697
0.011841433863253436
0.01139592026136927
0.012195958336677908
0.012517497638779258
0.012090376011956044
0.012083580682688085
0.011650619336615962
0.01203901512896283
0.011511069468357496
0.011046801033664021
0.011191917201353695
0.011732932414503336
0.011286422100044264
0.011165725136379858
0.01127691884629155
0.010798631526849565
0.011655450603101062
0.01083824961903701
0.011572468469342418
0.01153522159834761
0.010528028025816273
0.010776011711001397
0.011050471244987835
0.011296868008601243
0.010638752135718962
0.011059325234930941
0.01020613512136068
0.009791472835067665
0.010544711774443856
0.010688731655539569
0.01079866185043323
0.010423419791250516
0.009803604983755562
0.010033922187940351
0.010329881594588461
0.010535852710092344
0.010685262335479508
0.009392355547005982
0.009177363786278809
0.009393403140125012
0.00956083044590696
0.009815708363891316
0.009049780204471208
0.009355072923513653
0.010107519456943711
0.009810991807946664
0.009112377049669192
0.009812668332411794
0.009401653962214778
0.009321683441046369
0.008699277672812217
0.008629467690197852
0.008351626508892025
0.008942781402787103
0.008500186356221155
0.008531405772877853
0.008170680625552602
0.008399858778836563
0.00861603123652225
0.00872667277293464
0.008123727081332223
0.008239110527296287
0.008264376576697373
0.008184494072641435
0.009172741434613175
0.008707487868460553
0.008367941530195693
0.009052922716199802
0.008756497011832358
0.008526950301878621
0.0075963914726974845
0.007879012738632797
0.007702177985878188
0.008188526827633737
0.007888070198715616
0.008353430476679212
0.007841833448730186
0.007949571462172785
0.007492284774769554
0.007288267167885577
0.007590769340075976
0.0073354370672835244
0.006962847191333479
0.0072776950280290745
0.006971367252987173
0.007728941865873968
0.007465818477333181
0.0073734173666581
0.007889757649877288
0.006883483310147376
0.007142110275043743
0.006691612386353613
0.00708525377875451
0.006367899254546809
0.007560278591640647
0.007002029367885752
0.007017452958765732
0.0072097876995859626
0.007352262089840172
0.0073082420246917785
0.006272261150154553
0.006571623471353151
0.006844658883026953
0.006264573443495363
0.006029453201291328
0.005973413705004584
0.005795264038486911
0.006994592045937486
0.006423458422846785
0.0058551824848975765
0.006773821506962323
0.005630770307814421
0.005792304348874346
0.006337946316407133
0.006446908067435783
0.006868136591992001
0.005397927909061338
0.005622073884234318
0.005829184592625016
0.00591187379381157
0.006687361670668868
0.005852422271340811
0.006445461384093907
0.006597673113216574
0.005692648815632026
0.006366651661327376
0.005963815189353106
0.006483841804494629
0.005153489492968771
0.005877098613487597
0.006126691833361128
0.005752543381453496
0.005539238143883419
0.005235783168649965
0.005646207809826767
0.005794936200616662
0.006148942780711828
0.005533609424076816
0.006099073946198341
0.004663432056286911
0.005945214096262741
0.004793947717133896
0.0058867993240945635
0.005505946281639998
0.004895620416373693
0.005174473059475806
0.004739683391285545
0.005540336400231534
0.005644347960433379
0.004488671703137607
0.004764136346247158
0.005628623790315193
0.0054357590816538435
0.0044449996957967135
0.0050138027179845975
0.005207036968429964
0.004766094658162493
0.0040071061892046535
0.005367152144546831
0.004528433882128685
0.004712459836629641
0.005132484534561091
0.004364847532741327
0.004410843151735697
0.0038288629391482693
0.004987308531818521
0.0038937275111971736
0.004501342301675233
0.004142765289951696
0.004018758386284292
0.003773556757483162
0.004640625712394695
0.005062198400521578
0.004499440144494634
0.0049167161929807805
0.003684297689167765
0.004651861179808625
0.004802899287070431
0.003486658497452912
0.004470939282192153
0.004286606835028438
0.003479999388847509
0.003922469524421848
0.004028975671408754
0.0035352108605082025
0.0035480176473061415
0.003957334938759386
0.004083805959353412
0.0043542065925428084
0.003910006447395105
0.003646370396681297
0.0034489690806147697
0.004071962236928665
0.003922186030558037
0.004115822665101567
0.004110536995183668
0.004125728436276645
0.0031467249562351423
0.0035432646109369425
0.0029435636109472413
0.004342285024104603
0.004214092478283698
0.004087913799059458
0.0028867999834854595
0.004235626719468554
0.0031814522455294453
0.003395806571269138
0.003962613918743834
0.00409057765859311
0.0037460301654836286
0.004001415852045008
0.0039021023904472047
0.002877343250009721
0.0031141293894926124
0.003916891154199909
0.0025691798409844054
0.0027650951846067595
0.002802253616102973
0.002834916638641634
0.00245367144218201
0.0030229896750727566
0.002614264720406896
0.002734120287114744
0.0038517484613766638
0.0028745973119567027
