-0.0011534212501873612
-0.0018428106824645745
-0.0016228376277711441
-0.0014616911887664695
-0.0016385226387664736
-0.0011545692218317678
-0.002328388572740643
-0.001701788149171742
-0.0018897703961863956
-0.002477902516296161
-0.0013759588744143598
-0.0018295086817192243
-0.0018878223751062895
-0.0023501773486735568
-0.001514345899293066
-0.0014560820890320927
-0.0017423188435363535
-0.0016113767753618614
-0.0023868668452036064
-0.001330512467026903
-0.0025278498227106557
-0.002416609707156014
-0.0027976619757325975
-0.001990780001677537
-0.0023152206341067634
-0.002240769750521213
-0.001967086247024793
-0.002256992173066479
-0.0027121166802042134
-0.0028999698594264094
-0.0026996766171675083
-0.002169571447367758
-0.002339535439200786
-0.0018603350744630389
-0.002473585034087808
-0.002821385388180038
-0.0022925510083387996
-0.0025223327450212174
-0.002814034959567145
-0.002952638971020179
-0.0025758733751426025
-0.0030764892133951743
-0.0032044286033689347
-0.0024185290615748437
-0.0019312151081887822
-0.0032594380204704018
-0.0029577866931138567
-0.0025186214742899636
-0.0033129215590807764
-0.002511122616745927
-0.0022037958714769324
-0.0024258487087803126
-0.0025354934319622015
-0.0031029070116143282
-0.0030379603699852466
-0.0025506958054384277
-0.0023661229641649866
-0.002522964024053175
-0.002273077023901721
-0.003699605620503351
-0.003646571940614475
-0.003255485373658522
-0.002646407537658588
-0.003796232369094361
-0.0028983085844298535
-0.0030093306852071655
-0.0035362639623226356
-0.003578996003453435
-0.002823940381483976
-0.0031868011163295753
-0.0033298918825709666
-0.003429065732965377
-0.003962666420339046
-0.003227932526664069
-0.004057253601313387
-0.00280703153762983
-0.00279477463768295
-0.003018407635151373
-0.004187689709833778
-0.003983309345510953
-0.003857330816089398
-0.00407168443350124
-0.004303605076585727
-0.003698126802412269
-0.004406257964390254
-0.0032032021576307882
-0.0038825200825821225
-0.0034977563623347922
-0.00431284327051028
-0.004122339106084491
-0.0032941147516989946
-0.0037832865637914682
-0.003534885309098328
-0.0035540572336396664
-0.003953736920179436
-0.003632145180566768
-0.004903296168558043
-0.004683014515958157
-0.003902115958911324
-0.004344543562700617
-0.0037800523758419794
-0.003665498443168235
-0.004925672262016712
-0.004636667400484197
-0.0038649616341609396
-0.00406920726033754
-0.004723550275076982
-0.00529899808209797
-0.005215872307017597
-0.004900086317332058
-0.004412222850258845
-0.005019440765186709
-0.0046788877297763275
-0.004670688221061339
-0.004623222351725058
-0.005639656946453349
-0.004990840130046828
-0.004294207745045428
-0.005615279473927161
-0.005504125653321515
-0.004582643488041952
-0.004793000971545277
-0.005282319602544316
-0.005161004082432187
-0.005851562585438428
-0.005062621016852087
-0.004939815851543636
-0.004679540807647567
-0.004938016291665754
-0.00569224505476833
-0.004836974643272045
-0.006005912169964942
-0.005901147528555565
-0.005099409647595656
-0.005132346926205926
-0.005194938129184354
-0.006338754220223492
-0.00589683752776466
-0.005308737213797972
-0.005271879440832414
-0.006451977327928043
-0.006106186748934706
-0.006269775433677514
-0.0065350421577107685
-0.00573520440643007
-0.006930800304527475
-0.006175502475012561
-0.005984735612291182
-0.005821524708707247
-0.00588974677521108
-0.0062465808535338814
-0.005861177179569151
-0.006243742740253498
-0.006923840420622481
-0.0059757990386134436
-0.0066246838735098765
-0.007166920494969925
-0.006824518115822602
-0.006400991178667541
-0.006173202431985043
-0.007393111305347258
-0.006851826272471614
-0.006809138206437449
-0.0066476916786542455
-0.0072418136038112
-0.006643315745992082
-0.00713354792904384
-0.0066489804633209585
-0.007759927677065533
-0.008136026246912887
-0.00709186379108795
-0.007039409814445902
-0.008260707178579704
-0.008115004075460312
-0.007545570242175872
-0.007553157849792255
-0.007532006860215468
-0.007729135305955216
-0.007889329535488387
-0.008422543551943341
-0.008497470247805191
-0.008125790699661335
-0.008819838060925317
-0.008200667506515224
-0.008105283539814002
-0.008907046729173675
-0.008498817126816108
-0.00905467274842621
-0.00860209153112581
-0.008463657284101794
-0.008072936549201262
-0.009356480049064704
-0.008738505172123458
-0.008356251211976758
-0.008901373821827974
-0.008746492593073193
-0.00899662303123248
-0.009166492441292461
-0.009391333217098844
-0.008419258262277227
-0.008601732937046046
-0.008975172138520872
-0.009654492227842728
-0.009535565531029565
-0.009731443002946837
-0.008896777256849668
-0.009187877298694316
-0.010280317391914675
-0.009946881925586248
-0.009312978049114025
-0.009357306128583397
-0.009982900347810162
-0.00920210279764122
-0.009591572266571795
-0.010068254545671377
-0.009332086397196774
-0.010449873410738527
-0.009548825740805844
-0.010924359590959408
-0.010009534248556691
-0.011076735844399463
-0.010409676542612122
-0.011014099073088115
-0.010729155425411434
-0.011249730202862716
-0.010577120763716067
-0.010971540474187875
-0.01088465151735211
-0.011051660815583552
-0.010736076374462458
-0.010716452413119509
-0.010899482488065645
-0.011717732853772245
-0.01166825252757134
-0.01189800302666856
-0.011890206636870586
-0.01164657530069206
-0.012255491513462351
-0.012165995854758352
-0.011186851178105365
-0.010982871354254046
-0.011554321612575982
-0.012331577329858354
-0.011835546011475732
-0.012521646847885601
-0.011751777573028704
-0.011472060873216299
-0.012269942479010311
-0.012573733563248021
-0.012076314482172149
-0.012532956782996277
-0.012177078922659478
-0.012736541547625824
-0.013318975648387202
-0.012217122915636747
-0.013104870155622988
-0.013208794363214942
-0.013277562288863298
-0.01339746189978003
-0.012913533678439938
-0.013394659459810604
-0.01306446453351277
-0.013714467990612223
-0.013797113313587942
-0.01337151260336634
-0.014241823285921471
-0.0137645618051989
-0.014127730147899678
-0.013914375743287362
-0.013100175226878374
-0.013879722892807056
-0.013303269623592302
-0.013624394332185994
-0.014431404292736875
-0.014277229551728438
-0.014491842976054962
-0.01386453536961571
-0.015113573016997887
-0.015060892566890976
-0.015079838602626867
-0.014828721898728064
-0.015016659818685277
-0.014613334429925554
-0.0150052012426764
-0.01461526151240597
-0.015576646797557178
-0.014775549945354752
-0.015219334832602379
-0.014943849023115912
-0.015496896035217037
-0.015882702424227638
-0.015384564559299726
-0.015641357135605487
-0.015981488516184608
-0.016284414594879545
-0.016252894379166438
-0.016319868024220516
-0.015235953855416208
-0.016234160313770077
-0.016120373947585906
-0.016642149678528402
-0.01596132698046821
-0.016640801058523867
-0.01661722322931124
-0.01703815277942002
-0.017273281589497685
-0.016060106874928353
-0.016209624439225814
-0.0162089953611674
-0.017576739906462635
-0.017665323212584086
-0.017594970727166346
-0.017596308549476178
-0.01780770707040037
-0.016776056876635012
-0.016926999343390994
-0.017834917873577216
-0.017748759417422617
-0.017579766680619294
-0.017344402113257544
-0.017257229945914603
-0.017589778944352458
-0.018370705561680724
-0.017724477343225065
-0.018748729502766664
-0.018733785607642547
-0.01807549741505635
-0.018569167536957278
-0.018765862133680197
-0.018013043847923096
-0.018131568979206675
-0.01804216552246633
-0.018252517197504575
-0.019200215748152522
-0.018514054883278
-0.018952459398837326
-0.01946120329997915
-0.018749154450900484
-0.019720342925784444
-0.019144379894207853
-0.01895843733176236
-0.019137019681779426
-0.020145846432529337
-0.01903865196118766
-0.019144351072936442
-0.019587435519670227
-0.020501415033242182
-0.020116149717341224
-0.020556281225918623
-0.020985648907574758
-0.020271152665703382
-0.02052451192968636
-0.020810304640825013
-0.020434908850982047
-0.021238668308127723
-0.02036615879436199
-0.02121319152381
-0.020844542665534316
-0.020687975775231845
-0.0205497728631642
-0.021965489666034926
-0.020609787040891517
-0.0219409149699349
-0.02098915209319328
-0.021605875622069733
-0.02190637394696141
-0.022299333816015884
-0.021631743130660384
-0.02224582038641442
-0.02196136597756666
-0.021454332196178354
-0.022135569969021218
-0.022244471105343628
-0.022931852793978486
-0.021728740268384877
-0.022807179537725115
-0.022168541927974687
-0.02235005128399497
-0.0222310439193572
-0.02267700041247153
-0.023202583125059184
-0.022764184204285283
-0.023001333964429282
-0.02277076313991932
-0.024032621280699093
-0.023323181829645268
-0.023943134738282554
-0.023407479581777604
-0.024222483220264525
-0.02327558344421878
-0.024002893220230085
-0.02467186766213642
-0.02421833876428066
-0.023416441556581572
-0.023962086446404077
-0.02367420630071307
-0.0243931590155665
-0.024092374585304076
-0.023966453880014237
-0.024786519109436172
-0.02520918080109633
-0.02418171896923394
-0.025090259471290913
-0.0250849478925648
-0.025078757812843345
-0.024543763633189844
-0.02508550038955175
-0.0256456159479851
-0.025897767819636243
-0.02540337383545779
-0.026045410056387004
-0.026184723284646355
-0.026237793904026464
-0.026062452446898143
-0.025548141222628513
-0.02552500554641468
-0.02676997628197378
-0.026482189971111625
-0.025920776389714958
-0.026250528671218118
-0.026243433269570297
-0.026425021096408284
-0.025854639770318637
-0.026019778637647012
-0.026959528247559563
-0.026395570075074048
-0.02744830705748454
-0.02673090821089938
-0.02780783622413917
-0.02788944830872885
-0.02786167361961028
-0.027490618287318278
-0.027587772241300663
-0.02799810843767428
-0.027031831591046645
-0.027863827954136423
-0.02744667995968397
-0.02723045126751684
-0.027992411967894797
-0.028723287838504096
-0.027837604841912344
-0.027637664176826938
-0.028785817118063176
-0.02858396743750372
-0.027773665908058052
-0.0289633209048684
-0.02875003480091689
-0.028378563054534157
-0.028416818725481904
-0.029126279538570523
-0.028239276885845717
-0.028270177928941816
-0.02852977602820279
-0.028459129676033593
-0.029546179620429446
-0.029439577784011097
-0.029725417617360278
-0.030113346476801837
-0.0302232761720646
-0.029531434609673855
-0.02896160445137122
-0.02971340864555569
-0.03023182780372058
-0.03024802491422091
-0.029618177228942336
-0.029357398991367443
-0.029452086030147345
-0.03037958700724218
-0.03076913156506485
-0.029856311628149494
-0.030866319046605053
-0.0300764321468574
-0.030799981941375214
-0.03110731120345012
-0.030290079762610164
-0.03071343924631367
-0.03146219893721192
-0.031249474021654903
-0.03050768790708048
-0.03114700864678912
-0.03161640281975459
-0.03053867024446783
-0.031088403427265855
-0.030924446369407818
-0.03160068447301804
-0.031339325370492034
-0.03198788199192897
-0.03176880496050203
-0.03195580611248459
-0.031181746334031583
-0.03230405569483623
-0.03196439293787811
-0.03190606886636784
-0.03159299005863079
-0.03220170660691587
-0.03137993014983851
-0.0321024060176375
-0.032632734962069865
-0.03221923100871349
-0.03209169515240491
-0.03306791280992066
-0.032995435138612916
-0.03204223250311812
-0.03245563372825514
-0.03196624832088362
-0.03346540562609427
-0.03349311882866519
-0.03213626120677354
-0.03254879917093719
-0.032956569012750236
-0.03232570871267842
-0.03374066633178767
-0.03281839558321596
-0.033901672221634455
-0.032631551120757586
-0.033634132625172314
-0.03354266727166252
-0.033505710414268426
-0.03321743920449223
-0.033591295431330284
-0.03371715724160157
-0.033730293071119244
-0.033999941550213075
-0.033631713859189796
-0.0342033200630326
-0.03427858464643004
-0.034611983723207576
-0.0336443689097709
-0.033603874563970466
-0.034782649989251256
-0.03480700476698961
-0.034312268720262155
-0.03490790036520635
-0.034766957750387156
-0.034593209428730204
-0.03443830149355804
-0.03393442977023988
-0.0342289735297316
-0.035049125721507673
-0.03465938673911142
-0.03499237955506966
-0.033904588138163404
-0.03513697758006082
-0.03520725199418406
-0.03526440263041825
-0.03431074041560986
-0.03430988391672639
-0.035091950771758446
-0.03533664063435381
-0.03479793969551348
-0.03529027826048365
-0.034329219845959366
-0.03505639507226228
-0.0354099137923223
-0.03530487188720109
-0.03472590488268282
-0.03509637684411669
-0.0348610705334304
-0.034471750163073675
-0.03462825881824868
-0.03521414745278647
-0.035938141736136665
-0.035289909473392216
-0.03586953362446402
-0.03468816233328706
-0.034768847628722344
-0.0353993672155661
-0.0348517363943638
-0.03597618978223388
-0.034898763320004085
-0.036053826958601536
-0.0356111928416582
-0.035379767645289543
-0.03559375331108987
-0.03574156702888234
-0.03502654985100673
-0.035928297373720434
-0.0359215066032987
-0.03571853699731972
-0.03589614109307544
-0.03547144233819957
-0.03508583596820227
-0.035405608965133575
-0.03580358638940551
-0.03636910340700661
-0.03553691471031332
-0.03569704572214715
-0.03524241196119537
-0.03647002421357061
-0.036067245314490765
-0.03507361820434506
-0.035453941928006646
-0.03583497637301224
-0.035232399320231304
-0.036482972525025664
-0.03653112040965797
-0.03582643251205748
-0.03653865061066038
-0.035698434969151115
-0.03662533057847856
-0.03539027823827261
-0.03531156253047753
-0.035880531532104624
-0.03661020107999261
-0.0352493687631695
-0.03616749945082536
-0.035205752766708176
-0.035980064256270344
-0.03585012264562693
-0.03650585837230513
-0.035824004097427434
-0.035925753543959334
-0.03614278615421694
-0.035689230279559114
-0.03624460928866871
-0.035813170533896974
-0.035078783269687254
-0.035901848872702945
-0.03606086528256832
-0.035524188113635786
-0.035770084871146926
-0.03632068421956142
-0.03527869652183264
-0.035335006246592124
-0.03586997246596894
-0.035555044805381346
-0.035144127343313875
-0.035850940951393684
-0.03512444348199572
-0.035826316032382476
-0.035779290686412675
-0.034935969907015675
-0.03537888804120231
-0.03591434062287436
-0.035614153291971234
-0.034977817515589114
-0.03600938816740136
-0.0360986535931181
-0.03602667626807828
-0.03567630497058435
-0.034783606591554925
-0.035964531908541576
-0.035218615920586
-0.03524882299495882
-0.03478344996167667
-0.03508303062905838
-0.0356739499416838
-0.03553843586975797
-0.03506163283368332
-0.034601359939545905
-0.03427386382425677
-0.03475604282526231
-0.03415253288479024
-0.03452805212954448
-0.03492542434320525
-0.034306551671995436
-0.035265206334079924
-0.03498370132505322
-0.03430143776481305
-0.034843125769817684
-0.034109541870734436
-0.03500227965131435
-0.03471321039902882
-0.034876805160798045
-0.033926338388731554
-0.03470536484062774
-0.034590789351163734
-0.03468860537417485
-0.03358150620264896
-0.03475798265809968
-0.03443433066589247
-0.03417272393949221
-0.03315947556345624
-0.034590863656992085
-0.03406355653695767
-0.03396150129735163
-0.0332962669164497
-0.033139483786255364
-0.03422720248591698
-0.0333281385545909
-0.033567372459008385
-0.03306586742279809
-0.03382544123462141
-0.03334339309634184
-0.03337824039680386
-0.03348027529268388
-0.03255504761619223
-0.032269950368477476
-0.03221712236929688
-0.03267237854023675
-0.03209250233109091
-0.031903617807861204
-0.0326337129681791
-0.032615025143520875
-0.03303437321159741
-0.0325179856453256
-0.03218271761267679
-0.03278966857718292
-0.03161807784412424
-0.03224344260303679
-0.03267677199842735
-0.03180579027687399
-0.03156442977673308
-0.032142807295338596
-0.0313736178313073
-0.031601374654245576
-0.032160442629730356
-0.031388722366606704
-0.03091670380061497
-0.031391191413015905
-0.031221956740178455
-0.031115719236130927
-0.03118240800084883
-0.03074347156372841
-0.031441190163569575
-0.029942300017456666
-0.03075200300711031
-0.03073982466761596
-0.030030835031272737
-0.030004562227141547
-0.030493165367361904
-0.02936367624370349
-0.029902270500502898
-0.029085536106264593
-0.029186766513652096
-0.029583528909011416
-0.029224197592197628
-0.030092528459777168
-0.029071202283706844
-0.029721624207950006
-0.0296880343848756
-0.02971369392498854
-0.028453789657735026
-0.02846626535696594
-0.029391086605074303
-0.028707420449197135
-0.02887069173688674
-0.027918124750153255
-0.028239699727217495
-0.028026827496822917
-0.027358306255211212
-0.028121325376235635
-0.027431399087056715
-0.027939875945562565
-0.02697124972026331
-0.02783827259946171
-0.027276539580263576
-0.02663437960506303
-0.02740339004030482
-0.02671869094904508
-0.026489799789605698
-0.02644502922448254
-0.027106188889422712
-0.026031595666093768
-0.02644894275972179
-0.026198901108377404
-0.02533375062458938
-0.02571946819715667
-0.02645485152038531
-0.02554237656271545
-0.026020040853393288
-0.02577093716589724
-0.025662102813707465
-0.024950549263437243
-0.02524192866789195
-0.025588396974102347
-0.025354883670989266
-0.024417143206633785
-0.02476814376787892
-0.023772083627880462
-0.023701633914694074
-0.02472100599838021
-0.02380416353651083
-0.024058067663188805
-0.02393582409688137
-0.022723110367047824
-0.023866921220180533
-0.023573764746634997
-0.023625101678389417
-0.02332473476239466
-0.02273590402005328
-0.022608779949750364
-0.022499130046102402
-0.022411652348769993
-0.022092089027732662
-0.02154559350817567
-0.02155592657705145
-0.02164651835255164
-0.022093356325585362
-0.02195628690133303
-0.02056108424696557
-0.021494963577957188
-0.021077619571950226
-0.02087874406729722
-0.020369125979545183
-0.019901514069900674
-0.02052015657141145
-0.020766638764063906
-0.019348429083298868
-0.019549403185582872
-0.0202334381577521
-0.020187407305111444
-0.01992067940779817
-0.018713520161694232
-0.019018357013124966
-0.019503062140760453
-0.01826595167030605
-0.019149294926478738
-0.017976198604479857
-0.01869422734622496
-0.01752418847833965
-0.01748679699236564
-0.01738103131066489
-0.01687760003594186
-0.017703208333434143
-0.01775098037403824
-0.01775649646945351
-0.01708931662752254
-0.01636780039614469
-0.016431632016245697
-0.015920773217270156
-0.01635267023144449
-0.015960966346303965
-0.015718743224652887
-0.016449820795631256
-0.015818385310080462
-0.014995649981848706
-0.015312926357549357
-0.015501840768032368
-0.014807201354279988
-0.014070229556114118
-0.014251934632915967
-0.014719013239970581
-0.014268278249602114
-0.014264060353706007
-0.013588017957659636
-0.014082983943835399
-0.013549705399246072
-0.013724175921581691
-0.013293144850082032
-0.012278389211486062
-0.01307474469882935
-0.012244112778365115
-0.01186709501910652
-0.012000800360281323
-0.011983542636556824
-0.01114930624131747
-0.011019611601323025
-0.010861030012718358
-0.011486831551890014
-0.01092118568349787
-0.011012653388310032
-0.01106869065399217
-0.010581202020349758
-0.01069144223970905
-0.009946294592609579
-0.010055377176526352
-0.009989164512613384
-0.010008005011112878
-0.009886207250974154
-0.009118583366376297
-0.008519028494836744
-0.008572573104350435
-0.008684094482702928
-0.007988766762488792
-0.008539924247953015
-0.007791178444904439
-0.00785175961960009
-0.007873112601157304
-0.008042356268993425
-0.0077105379540271185
-0.007875426204109285
-0.007639865416434334
-0.0066502318463649455
-0.00599398372440456
-0.005938332743026745
-0.00545952014656258
-0.006432174530901449
-0.005703869826173636
-0.004992787174657084
-0.005817077526239801
-0.005199622084234631
-0.005099263755261081
-0.005150648932168536
-0.005211295436542724
-0.005201012430439136
-0.004044780843309826
-0.003384349197026785
-0.0034061926961260407
-0.003951939453522391
-0.00378524597419499
-0.0036361068077954725
-0.0026428346061328793
-0.002232234237045264
-0.0034726215141954522
-0.0025424929855581723
-0.0024630322420210807
-0.002558873333786136
-0.001300392898429364
-0.0018318711388901835
-0.0015016292448522
-0.0014063004844032737
-0.0009497089139856481
-0.001393583723703077
-0.0003985056531993222
-0.0005382279320613722
-0.0005660907202924088
-0.0004042559531575814
0.00023227046789409708
-0.00045418229956679506
4.669299595322789e-05
0.000870852715052428
0.0006571664398483494
0.001324512220039806
0.001245635427896667
0.00199302280496134
0.001089251397433647
0.0022766700716657165
0.0012490327289324534
0.0027884594854221388
0.0023775949574796847
0.0029481524070414803
0.0030127900048713195
0.0022711261793527306
0.0034782396930964524
0.002598674138919235
0.003251579595642024
0.003860784221083343
0.0035376967998881686
0.003770208230577712
0.004705249893400986
0.004131436019782635
0.005028013698992024
0.004226876014043043
0.005307698208587259
0.004950457662467593
0.005637283402412534
0.006017051907586199
0.005355005344399214
0.006748667550477884
0.006194324176642196
0.006556132958590425
0.006002312869678948
0.0064608789819011695
0.0065482891416332855
0.007523740208542032
0.007454012901690452
0.008007583521649935
0.008002911054529542
0.007521248195725508
0.008152823516872089
0.008307987691985276
0.008886786946552169
0.008452661046812731
0.009327860361979766
0.008664912548100109
0.008544177027176608
0.00869440236979231
0.009178542438126725
0.009838318119381254
0.009555972185598371
0.009931381018756737
0.010746820741874025
0.010552102807733292
0.010148931161084236
0.011185751230995722
0.011301956187307439
0.011123379169704017
0.011285098810511937
0.012136241857438406
0.012579266853898641
0.011585855040739406
0.012600110965578011
0.012681674094552762
0.012163643346567929
0.013146206854137596
0.013061243267705656
0.01329505843009153
0.013249146599153227
0.012938233797595684
0.013844373858680054
0.014535924834378364
0.014419412369401504
0.014150722552049777
0.014870293445117881
0.014731281486218445
0.014035336822946913
0.015189634700681616
0.01504332306190019
0.015133739278947088
0.015614560999884272
0.015753528925339093
0.016347895600987233
0.015547216853473307
0.015962589902409566
0.016513870813870013
0.016884379909831323
0.01613550961327209
0.016506407740018363
0.017331730075516034
0.016915066838114903
0.017478744982555163
0.01746857530340683
0.01709152503627359
0.01784739595539584
0.01795314142680308
0.01835247999165285
0.018193865960553963
0.018951258614734637
0.019477476722166702
0.019458994665369236
0.019618228750448753
0.01849754801249141
0.019479059926250892
0.019349168383446785
0.02036253597505036
0.019149962367971885
0.019415499888534252
0.02003736022208487
0.02097452729557767
0.02091668381859999
0.020173023042848577
0.021533777887667006
0.021029813133366326
0.020629079991199922
0.0219007416782086
0.021403810392950782
0.02140382093713703
0.021481473552328014
0.02261763491840893
0.022870803028814633
0.022608256371358014
0.02191735677680923
0.02187257307249398
0.023074328018503485
0.023159547265629465
0.023633991347468485
0.023420662679683756
0.022995809378779136
0.023605738412629362
0.02356406256774375
0.023261893045227376
0.02394017916967756
0.02454843220399929
0.023577763909891025
0.02444832804522751
0.02426229988904307
0.024628378292266495
0.02480316856353365
0.024919067532838953
0.025565418014879306
0.02508263479168874
0.026090585815007238
0.024841125399493798
0.02556065867002549
0.026189633650238242
0.025662998476575983
0.025425022225243774
0.026665050691947408
0.0265668194608431
0.025853413137764288
0.026493270477555102
0.026029764158552758
0.02705622075114602
0.02757298851890236
0.027033904907429785
0.02686727143777204
0.027404915685861068
0.027743126487000915
0.028188260562142395
0.027483112432740736
0.028353351797129493
0.02791471813258879
0.028182156334426917
0.02873642490139856
0.02852292556663546
0.028027731604217936
0.028579145617221986
0.028699606547866467
0.02828217498984936
0.029369562689635188
0.028898889153365106
0.029176867892913586
0.028861530959233047
0.02997133151142742
0.028919434635682393
0.029689471545489267
0.030537989532086737
0.029313722703133864
0.030489797368373713
0.02963235724413357
0.030627098732661406
0.029897553588917367
0.030341107441744692
0.031184011881036304
0.030558929716100212
0.03081929416352806
0.03077128650047859
0.031089730202126003
0.030948570653861543
0.03120997989166331
0.03149993670627992
0.03185577609704136
0.03215847391576372
0.031214747324842744
0.031375942740633
0.03160109758548353
0.03114086447262171
0.0324567007589145
0.03157805405414557
0.03288976129531166
0.03276141005185822
0.032393746158861925
0.0328236813731742
0.03217932447079894
0.03314445933454794
0.0331556137726018
0.03257171618172732
0.033356513453206844
0.03254110842955477
0.03372071190320423
0.03243819985328675
0.03263079354952082
0.0337516299638691
0.033577432699467086
0.03402548255849479
0.033474692217546946
0.03383409870632316
0.03307967302128607
0.03433196937697369
0.03410108193930451
0.03358345869131381
0.033336950006552186
0.03390134404039671
0.03436883156608326
0.03498082363887682
0.033819787984924764
0.034976606709999206
0.0337958722553684
0.03384651456686091
0.03525914890884538
0.03515382688438561
0.03462960028377431
0.03427682650007403
0.034297238417088885
0.03426977121079081
0.0345702692954628
0.03560859782869186
0.03467312347339511
0.034938608905174084
0.03502435552315561
0.03545725633427997
0.03568478297279565
0.034854624815770674
0.03570119220275527
0.035563291916905465
0.0352659055402417
0.03535575119234085
0.035288942643708146
0.03508120281648618
0.03609501810007624
0.036464260318205974
0.03610456749258047
0.03581401426140669
0.03566945563805826
0.03637605115885513
0.035340159610665146
0.035609342458099484
0.036409696177029785
0.036836191786932114
0.036084344532805186
0.03616895349249666
0.036243460260039946
0.036112161291721415
0.03708962494309853
0.037108977188793364
0.0372097485279549
0.03684799190117742
0.03724846061152815
0.03610642973629674
0.036943256528909466
0.037177885174248776
0.03643600317175219
0.03645008088441208
0.036497175925441286
0.03613058979457458
0.037080121999872484
0.0367389423104078
0.03752809265100829
0.037083116787032466
0.03721593867398405
0.036275875201492565
0.03670496416241082
0.03640981214446651
0.03630642483003704
0.03675611824382193
0.03684969252698223
0.03719996719091416
0.03732141318783893
0.036639864932258404
0.03762379109716971
0.03778019987829672
0.0378549125342359
0.03689410671048624
0.037529456203679694
0.0367640347372638
0.03665198503185042
0.036469896421658814
0.03661543007384252
0.03701516503249156
0.037977286932512413
0.037531300657697504
0.03708188376375851
0.037384722325497416
0.03665183782260532
0.03656692021076289
0.03696179624207502
0.03717075152224924
0.03658766561315338
0.037503183836646636
0.03755997942362947
0.03788159706178199
0.03747600434916915
0.03785149406221411
0.0374790528095129
0.03668012349658993
0.036618514985267255
0.03692587728345771
0.03746004147474825
0.03734353883548121
0.03799189047953348
0.03742586831703723
0.036639849661611185
0.03773856691919677
0.03705783135686381
0.036573105550160565
0.0369133314804556
0.03754913999327688
0.036535558705255496
0.03735598476011636
0.037750569366704345
0.03767007005033017
0.03733447647447278
0.03725336276181942
0.03747252445687979
0.03725074685626113
0.037748273747516436
0.03751141416724886
0.036591380666589075
0.03643216802265225
0.03734474930067058
0.0362926663227697
0.0374758020921058
0.03633263894831077
0.03678215884690607
0.03729623871071891
0.03711362630988759
0.037348549997700604
0.036947812265709944
0.03657821482761931
0.036801611668122756
0.03602828840707917
0.03669986904359752
0.037278724003492573
0.03726055884584855
0.0367509905163864
0.03678407697491456
0.037017290478882095
0.0361208522163998
0.035813508501830904
0.03663353132656505
0.036339675026309325
0.03703777127207869
0.03567461126962562
0.03683574515140493
0.03639144349631614
0.03656891820629581
0.035587489573829637
0.03689358953591056
0.03545647733083844
0.03638064665289564
0.035629760134353275
0.035469399261874264
0.036151092969538376
0.035436507991457776
0.0353688124281917
0.03523899640668872
0.03535904819418424
0.03579109700615201
0.03620031083965774
0.0356000412687698
0.03529908907361105
0.034991882642980074
0.0358190475203661
0.035409014785147734
0.03475858987336789
0.03583992948961135
0.03554085559854785
0.03561235062334546
0.035373130971717216
0.03517977042524715
0.034627733933066486
0.03438864924118195
0.03560182476420327
0.03509370302543242
0.03449293335485121
0.03514899212257789
0.0344813170467332
0.035049365838904986
0.03485287917302234
0.03500342964674038
0.03528736865226395
0.035106556532885955
0.034663810516007025
0.035025720980162066
0.03402433126496593
0.03477672975031578
0.03495794497024017
0.033859497067097684
0.03375239163483314
0.033497275414518655
0.03363875105015826
0.03446139361082906
0.03320714318463198
0.03440395308470277
0.03333332724650181
0.03429605652282464
0.03325758584900205
0.03323976402105519
0.033854497743117926
0.03344031566304872
0.033345144234335745
0.03254378842187732
0.0339596564064679
0.033321742874412
0.03287341780181712
0.032362195851348655
0.03227426893910018
0.0330640109401592
0.032445703038925834
0.03253312364181127
0.03335247718764868
0.03299571705616219
0.032597213578038735
0.03321818305377819
0.03249774772414111
0.032153337328675535
0.03293940460704004
0.03283674327334084
0.0321251704135976
0.03236094619678535
0.031784853566925175
0.031195948565395884
0.03178165733990116
0.03138384435232933
0.032075482945507064
0.03204832740884083
0.03157309003024799
0.032119377132821
0.03182699318404942
0.031035712806681007
0.031368892189688614
0.031606500907328694
0.03127355116579385
0.031090270455381538
0.03140642140919185
0.030221746442875053
0.03014314586088146
0.030678274074705157
0.03122986075691277
0.03017894697605494
0.030399090135686577
0.02993589260785299
0.02981984239151924
0.029704760962309323
0.030581735988009548
0.030076510958397654
0.029717046450763
0.029589264165199854
0.029612496353008885
0.029152667133082767
0.029789708915358794
0.02970678496386332
0.029870216077528558
0.028791570919047636
0.029138668171045594
0.028988314870341786
0.028468984830665716
0.02847800244587535
0.029488119819876472
0.028312826130740144
0.0296197183951791
0.029368096717765583
0.027997170078180096
0.028423764768403394
0.02807020296649973
0.028748670224475113
0.028046781416966947
0.028181976531783812
0.028626622241416388
0.028738950993253964
0.0287085931524352
0.027766488495019656
0.02829192978915274
0.02827012050308881
0.02759977098080292
0.02738764570842332
0.027281903539382115
0.027219927585751758
0.02664946831565477
0.02792004531420597
0.02789931162286095
0.02688174587437253
0.02675114339579402
0.026569909175886
0.027381617996440198
0.027025329503142053
0.026622484114866268
0.026693446627026333
0.02589502680937999
0.026905563043264333
0.02617789202039806
0.026463962678633036
0.02652357119044116
0.025868897379269902
0.02630434200801494
0.026260060672728
0.025279455539253183
0.026101963931569733
0.02551572855542588
0.025309392951047324
0.02599932455801099
0.02497588151503169
0.02551034279028551
0.025899486215443267
0.024798470559108235
0.02525185369097651
0.02515239482607133
0.0242451066752113
0.02468440110057065
0.0250645064876592
0.024211235081549178
0.024834225631442053
0.024666140308826103
0.024828073586819505
0.024486627951670337
0.02424500060581755
0.02392248022619345
0.023406670635854165
0.02441312844740247
0.024016390357340104
0.02390963932729974
0.02372952787563513
0.02363349879233645
0.02284059422426577
0.022687552683948283
0.022895912399082473
0.022761137443434713
0.02282704915934726
0.02260652097823996
0.02348143672404113
0.02251093565774218
0.023558114109281904
0.02231441430240799
0.0230304429384152
0.022769432167299465
0.022701487916692655
0.022282853846672307
0.022303107484652317
0.02173644743759649
0.02229928923764527
0.02156713041408225
0.02214568054220107
0.02259131389150511
0.02184119578784978
0.021877309294382006
0.02141144305639181
0.022271826083878492
0.022084998648604654
0.021590486018153273
0.021127981081628017
0.021640214217008444
0.020656611556339743
0.021645217603212183
0.02159364556355857
0.021539771868075628
0.020441197872952573
0.020432666779798547
0.020063914304005174
0.020303933787036477
0.02072982304195062
0.019831478193065712
0.020365452641036234
0.01964401165636245
0.019327745899794628
0.01994670431722658
0.01995096114474394
0.01956560882037839
0.020404876408803053
0.01995370946661876
0.02005687700153753
0.01988081942677283
0.019509077633001325
0.019196966366753034
0.01857676258386369
0.018646330285205955
0.019778949422828512
0.01946175604090936
0.018362445259617128
0.019013125072062393
0.01827393041876781
0.019103865866581703
0.018837465143752452
0.018510909566705588
0.0186847097854875
0.018520296877602597
0.01807672526686927
0.018856472827896143
0.018699227680566477
0.01728635606504409
0.018544828703851386
0.018237160274089264
0.017941911449121092
0.016975738621705077
0.017947425398858328
0.018193756176961094
0.01694737579126634
0.016711311382319783
0.016744664761998755
0.017836099337373346
0.017825953129110846
0.01655524169477417
0.017576906806003594
0.016649226901127287
0.01750425292192017
0.01711621726748984
0.0165050758166869
0.016657834097953305
0.017130472599199482
0.016916728572953153
0.01646503256194008
0.016495985649301683
0.015719716172975063
0.0154983553072163
0.015671415159573238
0.016283413561471654
0.01647194900001287
0.015865027842572103
0.016348886535586162
0.016027026112239804
0.0158327900033849
0.01568447534672468
0.014868834466501151
0.015215601945768004
0.014669890926062102
0.014470898380204468
0.01579161689238891
0.015235687502409195
0.015555405051195426
0.015019177602853562
0.014146959479634786
0.014770306758598873
0.014531571476650315
0.013966972233208542
0.014701548501573337
0.014049388415973972
0.015144893816104874
0.01401448067584853
0.01449918611915459
0.013515459339085609
0.014548649872834126
0.013940117711030521
0.014519392219276114
0.013904714408319889
0.01376824015899758
0.014103509173041982
0.013750266879242986
0.013033490617556142
0.013083731303376239
0.013387010176896398
0.01402056463063432
0.013251334183850954
0.013005241041954288
0.01268515857417054
0.013129826437100303
0.012752672391741087
0.013218795823486076
0.013633558263074923
0.012792754044633651
0.013183210438699142
0.013049351306006105
0.013292394088879488
0.012188998147662253
0.013256539286632653
0.012109898723585524
0.012538205184341294
0.012861543909938584
0.011928223232044484
0.012897512549452017
0.011884890773152086
0.011442180214532265
0.012488971616147678
0.011499429101361801
0.011800328447788054
0.011540979111638521
0.01202816243557734
0.011894864298383307
0.011070134608070242
0.011726867744703722
0.011275439065740108
0.010971569165661898
0.011519953609359847
0.010943957317212606
0.011529799706399784
0.011502306349389318
0.010506060531848743
0.01176652661714227
0.01040612148846567
0.01050763360594087
0.011074905732606147
0.010849365830754689
0.010473149895054148
0.010172690652668947
0.010377984803049656
0.011090121361661308
0.011031949310528272
0.010738999125479147
0.010441781651251734
0.010716874663161393
0.01031476588814783
0.010079922788084547
0.009557997265324601
0.010457842188477827
0.009849915490969374
0.010008126664284396
0.00967541889817007
0.009723553640758815
0.009486027019548418
0.01034652022906109
0.010022153710689484
0.009409776287348424
0.010097347538754168
0.010066240151848102
0.009143483219538931
0.010007293047971853
0.008673942073767385
0.00884815229531879
0.008983777502245773
0.008661473757359444
0.009638606166229993
0.009305205448876534
0.009326750319593591
0.009154132970023543
0.008915171258530613
0.008432347423590919
0.009172398320172847
0.008558928501745435
0.009106299868565395
0.008355259369787588
0.008649667504273283
0.008699988321242441
0.008409140009012989
0.008266837656711493
0.008968099118203142
0.008772678957296354
0.007689979388196965
0.00795123642282977
0.00871464267562262
0.008892335456489951
0.008399500846163562
0.00773160899188457
0.007562540129183376
0.007862487003731383
0.007206853014568076
0.00716295588926358
0.008159344314005992
0.007664898610692695
0.007376034290118236
0.007109982821063422
0.008374969999516329
0.00822086031808179
0.008299371420395513
0.00753197707256108
0.007882673897651652
0.008048925726353089
0.007457664424935692
0.0077267191759072
0.006630460065937784
0.007475315560826083
0.006676130007534252
0.0069998920831109
0.00724785523907805
0.006469122475912022
0.007678165637739276
0.007461142793541212
0.006293203580271995
0.00659767243059963
0.006386263677264582
0.007421759684074691
0.006508477884477967
0.0060726366517612025
0.007207832501312852
0.007135608265794098
0.006018101189413068
0.006066052872458108
0.007084577426057263
0.006102298015149883
0.00656134705881518
0.006431565051965307
0.006010157652292952
0.006944853890624503
0.0066413468256967334
0.006669815928268185
0.006397959060596563
0.0066895163186996304
0.006666673256748959
0.006075888411155634
0.006346808213414282
0.005569539284046203
0.005983446534558397
0.006627531415376468
0.0053645763324695
0.005925437681146368
0.005725413612963305
0.00572432771212173
0.005673149995708195
0.005511842576076966
0.005611542822981167
0.005892760779571709
0.00541242901549592
0.005436394776301323
0.005608135627253196
0.004857635086873251
0.005807616680869312
0.005744583029539105
0.005391549655221565
0.005932654030990193
0.005017779299499871
0.005877604929421617
0.005445456256847683
0.004520053155186764
0.005649868632020124
0.0049884156976651986
0.005503560823737356
0.005103883757667067
0.00570451575379005
0.004851098247032582
0.005128711758466101
0.005077742116253569
0.005440414236397431
0.00417786899231395
0.00557690449490061
0.0044927067253208
0.0049988514584486795
0.004910038722183603
0.005263954773228202
0.005063042703575762
0.004297930804902049
0.004037920727193222
0.003947449655635077
0.004914442694441191
0.004779284257389247
0.00434431128543543
0.0050852871912136855
0.004681749319152076
0.00497655808147219
0.003965148178049291
0.00398606731421957
0.003934692059632348
0.00452135702657513
0.0042858837024108715
0.0042048709888240126
0.0037398079085225197
0.004532194364018268
0.004746000646466215
0.003501383939545668
0.004165927451310948
0.004504267689348941
0.004330815959740822
0.00338973655354701
0.00452541771896579
0.004367491833609881
0.0036275133361177605
0.004400802917117047
0.0034968625205661534
0.003324327335597782
0.0039070207447205975
0.004096395100933565
0.0038155342638456356
0.0036387323967909295
0.003903975422750925
0.0036433731569203566
0.004143308376454534
0.004145735940398357
0.003503933018213985
0.003460715075439812
0.003943559993185037
0.0039088889066295415
0.00436672025923484
0.0035024942431744924
0.003361205497428601
0.003319644068405014
0.0030244948739285467
0.0027985548841716838
0.0037682236247851717
0.003004855094337529
0.003811181552769421
0.0031186568367083767
0.0040041414805204205
0.0032144100756108574
0.0034910225933710536
0.0039698870754393805
0.002629433006925143
0.0030465608410710507
0.003658888659336046
0.0037560927448563185
0.002922630306533833
0.0035527271683695417
0.0032036372976877087
0.0035346484063195627
0.002811942612923372
0.0036386054942363715
0.0028629137030060183
0.002365695344814887
