-0.0015195047911271214
-0.0015840384453484164
-0.002188158194296394
-0.0018638356542022394
-0.002203956658819539
-0.0019503627066430856
-0.0012408256391884202
-0.0012581259078661942
-0.002117982704329186
-0.002139706664104445
-0.001420769432774669
-0.0023016966275903107
-0.0011928271186372012
-0.002114719492876152
-0.0021158868567526887
-0.0018153566596203975
-0.0019260802967227735
-0.0023175190674529383
-0.0023182473201482988
-0.002397210953729794
-0.002442008728664389
-0.002477217785496552
-0.0023301207609644787
-0.00219496087169912
-0.0025703998201680113
-0.0022781658890034173
-0.0016938377991176997
-0.0015163944664382358
-0.0029371618149748053
-0.0023791145109755517
-0.002666311006702344
-0.0020549203086825986
-0.00298230655673873
-0.00237877070051813
-0.0027533711876029745
-0.0027494870983884243
-0.0022656152330134175
-0.002998342522802805
-0.002137524287060526
-0.002019219011901306
-0.001983147684893279
-0.002289905777069144
-0.0027627972876610963
-0.0030788098614864005
-0.0020260541367327876
-0.002928135082910648
-0.002052308461960509
-0.0029136430684757087
-0.002444604537103463
-0.003027531283733698
-0.0029679383606847605
-0.0023630976674720375
-0.002541942636446906
-0.0023664044621467062
-0.003296596316628126
-0.003289350100081789
-0.003208617238349583
-0.00225765637228904
-0.003698730260162002
-0.0029525537365268717
-0.0031575760552297553
-0.003761481049338432
-0.0029961325104948078
-0.0035935354370604956
-0.0028045045580454924
-0.0038252020158868402
-0.002658844230996966
-0.002486445901565563
-0.0035038235170579343
-0.0029020828834799253
-0.003018249250289548
-0.002741323872114612
-0.003673923407487047
-0.003066434981407605
-0.002747756490693734
-0.00348538468437994
-0.0036680062732644863
-0.0028260878440104233
-0.004229324479818981
-0.004230308993245941
-0.0033852764108204267
-0.004219177957461215
-0.004394099103698826
-0.004043592607707967
-0.003918803675384743
-0.003136174101084494
-0.0038586798540138838
-0.004102762964845661
-0.0037296758252481615
-0.003968219090181666
-0.003626579478947432
-0.0038915531284557593
-0.0041340655735440145
-0.0034729116410242102
-0.00488392824893571
-0.0037154221186997227
-0.003836875958981831
-0.004731893170212177
-0.0038390608332072116
-0.0038884615428657135
-0.004827426937579125
-0.0037425582434226787
-0.003943269429701171
-0.0049937806050801515
-0.0038527144526045317
-0.004733014509936594
-0.005262113994309659
-0.004386155368987116
-0.004250447968520014
-0.004700102013377528
-0.00457941847331356
-0.004260275460690376
-0.005222023860893214
-0.005168328838261262
-0.004335306768225427
-0.005399138769904939
-0.005331902579710403
-0.004323090167284229
-0.004985180433923292
-0.005436577383786349
-0.005582031116551623
-0.005086106512799895
-0.005280522838793304
-0.004783494418028153
-0.005741865605548618
-0.005097522689965909
-0.004819828816806832
-0.0055238530907385595
-0.006186852868754889
-0.006182901625729875
-0.005930230662216908
-0.005909708241182692
-0.005235224271664268
-0.005298986288885936
-0.006293007694452525
-0.005779851598692038
-0.006376079308892789
-0.0057621334526541616
-0.006237185488958266
-0.006219843184906608
-0.005790190157909411
-0.00577259666421703
-0.005828791847580098
-0.006071960650250875
-0.0063817252525165576
-0.006799882022614149
-0.006694543182930532
-0.006979371405199322
-0.0064606776697092435
-0.006930186605506173
-0.006166948378165323
-0.007079781590266181
-0.00705898115056087
-0.006084701121115194
-0.007287779109525049
-0.007081595325870721
-0.007496463628601101
-0.006995318242329521
-0.006408521677065241
-0.006793219522077412
-0.006812420796939865
-0.006680560179173693
-0.007617119671607631
-0.006526773349280129
-0.006900075267879331
-0.007131343249104753
-0.00776425089899832
-0.006768205098123701
-0.007313915827259185
-0.007546780974775656
-0.00808614046324859
-0.008053000605311325
-0.007703896810205203
-0.006912873303393781
-0.008345292982541918
-0.008385460110897
-0.007990008294696352
-0.008089409056225946
-0.008047053163252795
-0.00800400185406359
-0.008398792260680393
-0.008527285641667609
-0.007596554575782435
-0.008669251586220478
-0.0088782701610677
-0.008766671828527473
-0.008027788589355319
-0.007976666057146486
-0.007878722607242488
-0.00827954641416146
-0.008748318098266808
-0.008345465291394514
-0.008918017067953388
-0.009463070394040339
-0.009081309109415538
-0.008750632831500705
-0.009511101423512655
-0.009010756510042895
-0.008859892857255598
-0.009654629899173912
-0.009145772966243405
-0.009612202265881085
-0.008829743333043294
-0.009763373286598058
-0.01011461347719052
-0.00967086132933987
-0.008952397102121434
-0.010037310563938001
-0.010346218561069275
-0.00897904178041487
-0.00944281555047894
-0.010254532443582565
-0.010421394649046142
-0.009478915947863268
-0.010577740823506094
-0.00942862339786813
-0.010396332336021085
-0.009555856506283484
-0.010187607135227983
-0.011012539447973582
-0.010331947042753111
-0.01043178480458656
-0.010333365424634497
-0.010600014386690794
-0.010990098242714118
-0.010712308623928971
-0.010074470031614812
-0.011396200811513836
-0.011047486163978616
-0.011379084688637582
-0.011156611717497104
-0.010659016903390512
-0.010744588613238742
-0.01175224334557349
-0.011875819185826246
-0.010792278588721541
-0.012182926997698228
-0.011342680758329586
-0.012019460824974983
-0.012327718791582705
-0.011770569034017306
-0.012205215071738535
-0.011977642718267876
-0.01196542808376797
-0.011540462339014361
-0.0117034274289028
-0.012368602438379601
-0.011594933422147128
-0.011598437175652282
-0.01219215633070547
-0.012486542150332904
-0.011754010030091659
-0.012911574754706829
-0.013034969125359943
-0.013101476358809145
-0.013078670233581422
-0.012326665799581065
-0.012392626459547078
-0.012914091321875605
-0.012625614232246202
-0.013864257012891616
-0.012732135792930224
-0.013377257234500476
-0.013324868654225198
-0.012863279125186344
-0.012938949396765568
-0.01310675149322112
-0.013529271437967024
-0.01302603620937019
-0.01318062276088524
-0.013811362853383758
-0.013876870646452237
-0.013768958694651775
-0.01346223749454045
-0.013547282195858792
-0.014971579746475625
-0.014844144645817332
-0.013940960880722107
-0.01373832149137855
-0.014667663400706151
-0.014904749615093681
-0.015135612162556236
-0.014655621368761558
-0.014960906266941609
-0.014672768972734195
-0.01497471089197325
-0.014397213095631283
-0.014727765180231622
-0.014557066683613756
-0.01494927166009813
-0.01552462858630874
-0.014743131456983097
-0.01621380797459472
-0.01572386492374091
-0.015453946051499088
-0.015894427958395105
-0.016467493744310283
-0.015306848999431362
-0.01549091521920742
-0.01653307523918475
-0.01686621087432399
-0.016122121180148784
-0.01582191034044634
-0.016296715601357075
-0.016621900157620564
-0.016298259982503397
-0.016749491202833255
-0.01669508487602033
-0.016317368293968338
-0.017398789380748996
-0.017103195617092965
-0.01687044597150528
-0.016999942613989013
-0.016813201699117306
-0.017990975373206358
-0.017984880549200905
-0.017866130846065635
-0.017862423326172886
-0.017855700014836644
-0.01769821226490045
-0.01756397192573721
-0.017927397364692302
-0.018587230652608137
-0.017486293928221448
-0.01836599264327059
-0.018046211575505438
-0.01889757447845186
-0.018760558910096727
-0.01922955296528817
-0.01881072945132927
-0.01817834966385535
-0.019264012199598536
-0.018798356650218544
-0.01823567586256702
-0.018895433774961296
-0.019789602671069856
-0.019077901947530597
-0.018691448054649736
-0.01862143803598534
-0.02016920804192395
-0.0192708818590026
-0.019444307571618212
-0.019829544732604707
-0.019270760608329315
-0.019218024669717667
-0.019516895466176205
-0.019535635002115415
-0.020442669016564545
-0.020455329996161266
-0.021025802634474296
-0.019994542868612047
-0.02048012580917558
-0.021105144044177914
-0.02001424086367943
-0.020436801979921367
-0.02017260912578472
-0.021095303116278788
-0.02123360618162849
-0.020801497914902545
-0.021594583890092525
-0.021366213544662314
-0.021304273390154654
-0.02074945318057591
-0.02105085609264768
-0.02141366201995961
-0.02214321065372411
-0.022431052121205525
-0.021645222927651774
-0.02247832154173041
-0.02208931291437191
-0.021980635183572773
-0.02255395848575026
-0.022343683840941906
-0.02214105356913934
-0.021977536336870773
-0.022619132609341924
-0.02340391498877218
-0.022168851751491837
-0.022109248867481893
-0.023336384911660495
-0.023553826841003864
-0.023485391030300038
-0.022511978985714175
-0.02289265740517301
-0.02400065632257987
-0.02366233137298689
-0.02411636978152874
-0.023662899471851472
-0.0244406191566144
-0.023544976193277254
-0.02419470815568955
-0.02468817231039602
-0.023417945196870148
-0.023600033567545413
-0.023571890515746062
-0.02389334818470269
-0.024397581995237973
-0.0252294126822922
-0.02487527949480013
-0.02412247339851239
-0.024958929011908302
-0.024265496316841627
-0.02475844442878949
-0.025255249425510485
-0.025209021580595712
-0.025629706412054695
-0.025108146341766294
-0.02571289319014589
-0.025902173275170224
-0.02533669169773933
-0.026173066859375687
-0.025179856268583215
-0.026294731792015396
-0.02608512480141333
-0.02569176791596696
-0.025635094250087274
-0.026843395454740772
-0.025852196773510548
-0.0267552067915882
-0.026219405860685645
-0.02667528965510469
-0.026039652087474472
-0.02689172099065
-0.027151314100372498
-0.026187671223084977
-0.027314283851484523
-0.027457776615355773
-0.02663715263057413
-0.027260618684313842
-0.027361345713318438
-0.02709435231885719
-0.026970454878464577
-0.02783366211981194
-0.026843426733741477
-0.026859552428158177
-0.028346697270536993
-0.028389959241368605
-0.02816508970547656
-0.028445140708974036
-0.02817182099530414
-0.02767181421152047
-0.028288990165641067
-0.028485123407193568
-0.027717565392896885
-0.02914280943149287
-0.029029038857875954
-0.028485096579116458
-0.028613001850703947
-0.028110281615168015
-0.02872913013692777
-0.02881654879644707
-0.028809497224610122
-0.029492911094757934
-0.029581566015724217
-0.029347543110536778
-0.028737685764191785
-0.03011204974330877
-0.029210008412465367
-0.03001899554517328
-0.029172962931707992
-0.03010522940153594
-0.029436171092823905
-0.02994748100238129
-0.03021062018203766
-0.029832804894003778
-0.02971153805144697
-0.02969293983837974
-0.029600994515427987
-0.030444545907324053
-0.03076939400306893
-0.031017583399269737
-0.030179450067648175
-0.03021489340139623
-0.030893618626105478
-0.030189499385363108
-0.03061609939855284
-0.030683593960549517
-0.031413293012248364
-0.031097109504444765
-0.03070002305333408
-0.030910290626300584
-0.03159597112593177
-0.031128089269445325
-0.0312554923328761
-0.031620875248797094
-0.03184073875469957
-0.032008409217911975
-0.03217011921691159
-0.03211225086349552
-0.03171319259077311
-0.032390161135980484
-0.03158129787427112
-0.03143898580990666
-0.032528024958513556
-0.03180113964996568
-0.03272120115777325
-0.03144047784339423
-0.03297521962182877
-0.03204847309816427
-0.032146113204154475
-0.031888783815360325
-0.032727809298474554
-0.032636533811413425
-0.03242775320472669
-0.03239886151584093
-0.0325246124926384
-0.033282542501060025
-0.03356389243728142
-0.033096519004941316
-0.03337630356372647
-0.03339461776719574
-0.0331173314244773
-0.033596914348558694
-0.03247640162857767
-0.0339183852533386
-0.03374839370952604
-0.033207446930097965
-0.03416265146361541
-0.033980548851337146
-0.0336633481649588
-0.03288419514007437
-0.03427310294198139
-0.033392123611446466
-0.03364650022122589
-0.03356372032732278
-0.03414799191271312
-0.03389248986182678
-0.034625575575229044
-0.034723092890988454
-0.03396551921194066
-0.03430473678342901
-0.03373010632795444
-0.033692671063838615
-0.033890492727231505
-0.03383162381697393
-0.03502513387913368
-0.03377275000861049
-0.03383354805971181
-0.03517792744533068
-0.03498377001802856
-0.03511290694230147
-0.033867219347724145
-0.03444676803226242
-0.03460886680258613
-0.034470362108717435
-0.03398867283797949
-0.03495927460940707
-0.03451988541112855
-0.03437527159161205
-0.03417967635918945
-0.03521013448935127
-0.03442887016471908
-0.03551897038830335
-0.0353026290346305
-0.03503154142002072
-0.034540609958806825
-0.03467173766536805
-0.03582631282885747
-0.03570867189248483
-0.0358071940037928
-0.03478329639492696
-0.03503148068791939
-0.035923448512687445
-0.035449297511425434
-0.035740791074223635
-0.03540194795367361
-0.03501147874130993
-0.035896936562839925
-0.03480382499825092
-0.0350648244385837
-0.03575124727143094
-0.03485630798011995
-0.035972718279344285
-0.035484314882681535
-0.03578687778855338
-0.03620319054437553
-0.03622528839691543
-0.035916378081863196
-0.035137542531699366
-0.03527511538725651
-0.035642346932155414
-0.03574148951572719
-0.03591160778152558
-0.035347987687447395
-0.03515460284048729
-0.03622914285625224
-0.035789360776468444
-0.035778222532981956
-0.03544099825828914
-0.03532263931352882
-0.03644893760911208
-0.03599725774831057
-0.03661016765655933
-0.035441478062785414
-0.0354558404529026
-0.03539668122808163
-0.03604628096599198
-0.036415779552720476
-0.0351760015552537
-0.03595031969804496
-0.035144079929563914
-0.03580018812985624
-0.036106271644692524
-0.03640274922427583
-0.035707942421648514
-0.0353258728182048
-0.03552235765759599
-0.036336856627016495
-0.03622344399116814
-0.035227935250860064
-0.03627936891433561
-0.03659769940707138
-0.035561661712235904
-0.03524847246953035
-0.035975181393730085
-0.036148314373729874
-0.03564473093218222
-0.035549137482108153
-0.03591204191457087
-0.03568858222225296
-0.03597205708172996
-0.03568711782885624
-0.03610461035721676
-0.03626694579445585
-0.035675030530231897
-0.03556399883150884
-0.036323538173392025
-0.03505074509842826
-0.036178250822453774
-0.03615730354895952
-0.035060429257723826
-0.03548171279401641
-0.03493358433328499
-0.03484587863994755
-0.03532575929262459
-0.03525232763271277
-0.0347469450770786
-0.035589530737848284
-0.03494773585075695
-0.035064570600439174
-0.03565283738856685
-0.03492994464969071
-0.035323626209711134
-0.03449494234300624
-0.035507366412651176
-0.035097964389166
-0.03583996192343089
-0.03559867677402994
-0.03451900718756211
-0.034982961472095016
-0.03557927585101798
-0.035080917828860095
-0.034953415260809376
-0.03547998851359847
-0.03423045203179863
-0.03452160545058434
-0.03413824118261692
-0.03488872544005091
-0.0344432847861543
-0.03503896522091492
-0.03484140671271586
-0.034778452314754266
-0.03442678140605903
-0.03450729439812472
-0.03461081974243406
-0.03471335467920748
-0.03401991771198195
-0.03469585128105852
-0.03437247008705249
-0.03368729142141983
-0.03394469034415529
-0.03463090661711246
-0.03385203350260132
-0.03320400552146997
-0.03400979909943975
-0.033352170898204025
-0.033434388662712616
-0.03415227235959862
-0.03361676458012077
-0.03333264852319356
-0.03391565935555292
-0.03402901983152374
-0.03254898824160338
-0.0336654527470048
-0.03375648752466086
-0.03347238594279158
-0.03243879730375586
-0.032437406400314714
-0.03246457744364494
-0.03323211873872103
-0.0329962528078678
-0.032921441624623814
-0.03241087322291179
-0.032848094883465406
-0.03254692836404517
-0.03205420334641206
-0.031914031449421745
-0.031797449515719944
-0.03168755540886147
-0.03161432594900526
-0.031860702583647205
-0.0318171494244086
-0.031402901380026146
-0.03216852736310129
-0.03138658169722475
-0.030858574318345273
-0.03216925778666833
-0.031070757092447814
-0.030561328722007695
-0.030721704111234253
-0.031654885286758735
-0.031310349629516496
-0.030350277360555202
-0.03048642133464058
-0.03006842096506893
-0.030087502996658876
-0.030688603712673852
-0.02969038376995865
-0.03027782328371288
-0.029529466089058234
-0.030579900450967236
-0.029790573372406506
-0.029214971375684354
-0.02994567968173628
-0.030335971119537213
-0.030098978920847633
-0.029959514378201876
-0.03003600811352223
-0.029866497745676557
-0.02899099070768396
-0.028994768212526695
-0.02893264239140195
-0.028252563692401242
-0.02888754957455673
-0.028264221765127082
-0.028654047530918433
-0.027732587757338868
-0.02817038472840328
-0.02808376771523129
-0.028046820591079335
-0.02818731266608913
-0.02733144681109687
-0.02750230511554603
-0.028146617745440226
-0.02812211565339118
-0.028059526408409852
-0.02671945261411679
-0.027871499562983376
-0.026675783509511115
-0.027332395508593146
-0.026222636797829615
-0.026929186549334936
-0.026916737019085233
-0.025791512321370436
-0.026571392502339215
-0.025941664858827384
-0.02629272018291908
-0.026366199178449855
-0.025404459942714574
-0.026241980387405175
-0.025274734081146458
-0.026070883493090027
-0.025563044477744008
-0.024465489121310958
-0.025262065575883678
-0.024372458671441454
-0.024200372853411565
-0.024156928836012347
-0.023904659706858292
-0.025060741339695356
-0.02425942038273525
-0.02400184790507649
-0.0245919597881622
-0.023883865041459864
-0.023941670956449206
-0.02394053652698407
-0.023520270139622476
-0.022925885081212394
-0.02318160792294165
-0.022903438516782965
-0.022925167660804276
-0.02216593197752149
-0.0221234799475505
-0.022081086589892832
-0.021578166472678247
-0.02275757196726194
-0.022557268931212578
-0.021163955790775773
-0.021265853857671234
-0.020767963987520656
-0.02134282384699835
-0.02121902951347473
-0.021698328989755662
-0.020292606080316404
-0.021174356229596382
-0.020179229878920797
-0.020307848977897374
-0.020410683793246915
-0.020741262526892953
-0.019436936371967712
-0.01986613199785513
-0.02003450708182499
-0.019947353137309963
-0.019526503173680394
-0.018851305643354518
-0.019034915411361267
-0.01832447190033314
-0.018994724946746505
-0.01914537291458973
-0.018997266043256533
-0.018474114911197274
-0.0171936886749031
-0.01700885863982105
-0.01786572271867553
-0.017368706434986406
-0.017408029871138896
-0.016991592784551302
-0.017169215608440456
-0.017471906084351164
-0.01616005757913185
-0.01666354989503427
-0.016921858766306537
-0.01546618929346742
-0.015204824994070368
-0.015656768479856923
-0.015459142751529799
-0.015399503892838935
-0.015915823952143412
-0.015330659094636564
-0.014201506563847426
-0.014367471087503246
-0.014416612988169254
-0.014591331000777955
-0.013916671008314414
-0.014495392082988992
-0.013506529939715134
-0.013531396276370383
-0.013100995851487676
-0.012765577507509814
-0.013753476002939873
-0.012299961847901726
-0.012664711860590504
-0.012272929480928164
-0.011939962328775592
-0.012652210869660358
-0.01267558030754625
-0.012046927248174617
-0.012054103430910934
-0.011486885029596657
-0.011332774591329546
-0.010603558032726147
-0.010900625564611459
-0.011110688993537237
-0.009834793984321244
-0.010790560930807677
-0.00952691845448071
-0.009639320294355705
-0.01004870414041199
-0.009150648963485948
-0.009533284779023068
-0.009573766086631649
-0.008917276757594
-0.009609179933137894
-0.00802725407386311
-0.00856430136314496
-0.00881653732356291
-0.008383049284537638
-0.00865136174355578
-0.007858575763045057
-0.007301532287725646
-0.007078586869961941
-0.00770349562662954
-0.007728211942416253
-0.006879066888551349
-0.006681763758747387
-0.0056515735486650205
-0.0056101685249653295
-0.006257169563676242
-0.0055188761619464595
-0.005954947422862082
-0.0060192594404786465
-0.005512108352315882
-0.005420966843949633
-0.004342422459806953
-0.0043703449916743424
-0.0037341647790606956
-0.0039739355441186005
-0.003847649149102898
-0.003200838211250613
-0.0034382210035672984
-0.003859106137365505
-0.002739025941523032
-0.0037200783615426065
-0.0032007049161864565
-0.002049770629930897
-0.0027068457099813656
-0.0028603239204741926
-0.0019431002300720676
-0.0013589117242952876
-0.0014085902142037423
-0.0008881320414847977
-0.0014421217142513549
-0.0014851825672185389
-0.0012957051062041651
-0.00040716138709898087
-0.0006749308902770797
-6.109163435064574e-05
-0.0008554825453131628
-0.00043128683311380057
-0.00034070718111560053
-0.00028981133060457725
0.0006665178851246328
0.001241664118131382
0.0010228737598459692
0.0014362696662438444
0.0005959127561266248
0.001057397286366013
0.0011944429118509001
0.0014300419905903812
0.0022885409795770774
0.002910923264906832
0.0022051633755291555
0.003174873264693956
0.002286485731990414
0.0036092829129116327
0.0031329432003978906
0.004029334313849719
0.0033948083384949643
0.003517057288771511
0.003470220082640113
0.00471152870945763
0.004561882083515071
0.004696939932322381
0.005337951901930111
0.004533298118695464
0.004511000151651926
0.005582324822242112
0.00538732071823104
0.005760368968524596
0.0054481744642427945
0.006033259821141008
0.006624581920425187
0.0070432570489858655
0.007369343497948869
0.007590326681919226
0.006624709254118928
0.007464968077534667
0.007866713756491808
0.008082245917517149
0.007673899975617991
0.008715741381481814
0.0075768467152091245
0.00850401867632593
0.00890373065424417
0.008994123345744356
0.008629633551769895
0.008910160293745773
0.009480415123032502
0.009598099468583771
0.010478545893260147
0.010044618903188548
0.010741166942248465
0.009753222510577838
0.009874711515998868
0.010075128467096203
0.011374889623840131
0.011089990182501104
0.011723035751230343
0.011685050910663144
0.012340313967058508
0.011784773102347297
0.01261392562499036
0.01178570286783666
0.012851130469049718
0.01238214520770284
0.01338342951852193
0.013611420586142446
0.012925917812733872
0.012815628076727975
0.014008067563771744
0.013649716727670584
0.014544350479708782
0.01417261316409
0.013881295531461514
0.01410787559121809
0.014374479770027909
0.015426576890990803
0.014787312371311558
0.015815358829859353
0.014970458499963129
0.015978692736306692
0.015571319010467311
0.015915487220092547
0.016259963874670123
0.016168634465019222
0.016305858181047544
0.01652253969246588
0.01623715246026382
0.01661574339163526
0.017393515733629822
0.016656445354146947
0.017154788086896702
0.01756489250764842
0.018173349712902482
0.017578124396225615
0.017530518103548734
0.018728629627749075
0.017745808849859
0.018502037103820274
0.018827092552222917
0.01928408255289557
0.019628691677078782
0.01959401684857611
0.019441754480413274
0.02005496330329175
0.020012984782295504
0.01962840962379275
0.02078796750089926
0.019883188522380055
0.020017362203968412
0.020551208128333207
0.020181443689351472
0.020892911716873207
0.021132620134104316
0.02156375959199227
0.02121423924994672
0.02117551661139056
0.022356733904769437
0.02176120329569093
0.021940539985097766
0.022238788387452878
0.02155898443868804
0.022607692827768557
0.022161913801548416
0.023155657940335292
0.02279445721814942
0.023782618381851143
0.023546983979168358
0.022616145225690058
0.023302837877574235
0.02302856253983384
0.023246915936412663
0.023451067677885018
0.024041982866861066
0.024639189709496516
0.024786696928241352
0.025115319664604896
0.025225086796826328
0.025457620223246463
0.025450578450479152
0.025198688852804307
0.02573955585766958
0.024799698955907938
0.02521198316665389
0.0261293917422162
0.02534653313576148
0.026013151717256038
0.02599742283868933
0.02548724616153771
0.02619824521736858
0.025843221664172467
0.026840627730226115
0.026220120342909752
0.02648550771010225
0.026856439451921316
0.027018179425759056
0.026968905095603322
0.026915774713753674
0.027590301478703977
0.0282854816280936
0.027938134603062645
0.02748387340979204
0.027438451045095878
0.02784401139883366
0.028648675035010923
0.02821037042178096
0.02865569620286479
0.02789604160865649
0.028983457968357745
0.029596652316092237
0.028352002699084368
0.029795570661526015
0.029260169136366056
0.02914017407303758
0.030013332299073832
0.03011146382069879
0.029788152975374668
0.029814155966669885
0.02974087985293933
0.029658148246434497
0.03041078713307651
0.030234142491097744
0.030201296735385706
0.030358510874306955
0.03013245703474791
0.030455133464590955
0.030056748668512313
0.03060403054053119
0.030491900631293523
0.03067532609092618
0.03075821051646625
0.031205225194092634
0.0307914392972667
0.030743335764289934
0.03147623897021386
0.03136506764748755
0.03251238481636286
0.03234858183226131
0.0313862342836361
0.031610901024195746
0.03225031047913128
0.03174410616422839
0.03260504889786426
0.032750433462671494
0.032266556000764494
0.03275810682559339
0.032679104358552646
0.033369798258943664
0.03275419484072395
0.03285335651505902
0.03342978158369266
0.03273221847360855
0.03274828811322136
0.033662208675138416
0.03414941328118723
0.03367105707555899
0.03337319380167545
0.033131195433599644
0.03362740759594569
0.034034310378024936
0.03408662373182156
0.03346784882251498
0.033633205737847144
0.034746854739316255
0.034427611834436295
0.03368914057508552
0.034975115523138464
0.03419295441974092
0.03391139878224529
0.03516994150345653
0.03512648702982491
0.03441149133658909
0.03469522779960518
0.03492660961848608
0.035122801326612864
0.03419655756000677
0.03460434990916659
0.03530447702290076
0.03555988835857126
0.034461932946188614
0.03550923375946626
0.035275911452750504
0.03483378829766445
0.03506377149438755
0.03602554678811245
0.035104414535983244
0.0357464790320612
0.035112736522909534
0.03627585252762597
0.03599082910496973
0.03515106353237141
0.035542483670516274
0.035272367874456936
0.036648225652535095
0.035447108480262134
0.036486077046346724
0.03545463836401459
0.03584842920229208
0.03566064103952254
0.03552643747532866
0.03568854509737349
0.03564440514933641
0.03633872519055238
0.03651204216633916
0.03676549662848724
0.03591109942160703
0.036761691078599654
0.037198287111673216
0.0369279854006952
0.036766956313067596
0.03709526349671062
0.03657802899847164
0.03649347196504429
0.036751625130382916
0.03599170010531124
0.03659862551294637
0.037476777085472014
0.03668893317726643
0.03672622495257295
0.03647202023577876
0.03634764650626758
0.03724034795853571
0.037165183173535996
0.037037913438224414
0.03747421400896441
0.03661686310390762
0.03729350063127466
0.0377987724000582
0.037109266878142144
0.036636560909795085
0.036841875110317196
0.03762609640003555
0.03691130062776066
0.03791267272334576
0.0376018085266746
0.03721482183044464
0.03739095601446048
0.03710072078351806
0.03701438003818345
0.03762375822239871
0.03713679455438758
0.03769420986614808
0.03786281972625059
0.03681198107543846
0.037411116961900644
0.03705589220389785
0.0380005802950197
0.03664406197169972
0.03713852842966308
0.037419525195322316
0.03709617479542243
0.036856126983401516
0.03788873921697507
0.03729598582194932
0.03677019360354436
0.03782678725068746
0.03774595713248966
0.03788858288843333
0.036749244006866716
0.03663397112741396
0.036566642143852066
0.03775586231280729
0.03791618753065435
0.036929880428288556
0.03735329251821093
0.03655097756509752
0.03681396574912453
0.0365241210668728
0.036994804784489264
0.03719080013667499
0.037658936606518374
0.03701276320030142
0.03758419937194536
0.037590464869136475
0.037102587512517014
0.03665440893078757
0.03713976658290811
0.03737009963518767
0.037533197995665006
0.03685483864715634
0.037578283177864526
0.036451151341000694
0.03633210016114964
0.0361703056391022
0.03697511100378296
0.036506122842456065
0.036865422682395683
0.03750047776671473
0.03752519366110631
0.03627644366242172
0.036473929185503004
0.037113733416355064
0.0362463927181459
0.03734556292386705
0.03614749038742978
0.03712727181887413
0.0360340935203523
0.03624850532973756
0.03617294264179275
0.035808241293629764
0.03568625664033218
0.03580539461666687
0.036073125815231054
0.03657022142750078
0.0359717074764947
0.03639778345185434
0.03644317381394098
0.036251280022160604
0.03543651288588478
0.036804512656045923
0.03674196281906191
0.03542418087849415
0.03549248504153036
0.03560596608478033
0.03589032023266344
0.03535540146179716
0.03616861514374686
0.03517750958742339
0.036450730758667046
0.03531183185113342
0.035969175340963014
0.036225575018702126
0.0356184722487203
0.03559379311309978
0.03507574174969961
0.034750316256551145
0.03575193834021919
0.03603513794034967
0.035318591302074556
0.03554410959298713
0.03590819353382524
0.03546220951179281
0.035315787980187405
0.03554862683529448
0.03497613464304424
0.03559558744543619
0.035027251165844465
0.03513970652707893
0.03473837137037962
0.03499742349613391
0.03396695724195115
0.035165482470617064
0.03468482795100602
0.03501158531498719
0.03472879022910824
0.033957482203839345
0.03469792206851853
0.03435223776069284
0.03373859438073429
0.03398641265650003
0.033887505150267436
0.034667541015796846
0.034612276188900275
0.03451528366288641
0.0335167152406342
0.033230178159767476
0.03337899499645319
0.03355561425696583
0.03351953481393751
0.03283444951066299
0.03391373583782292
0.033594616406831396
0.03341377680268295
0.03393323619012861
0.03316317897405024
0.03383586512655972
0.0331533801957022
0.033290055308140123
0.03333894182735573
0.03327172577981628
0.033176166839257816
0.033223020636258434
0.03204705469043056
0.032393670342461205
0.032392628029010335
0.03214754242199152
0.03264083977549253
0.031589882886261876
0.03160952444295359
0.032058175297267524
0.03263186960437839
0.03176320117057028
0.03261535190837893
0.03121918987103234
0.03127364903243171
0.031225761859883412
0.03192607046988991
0.031571596451234314
0.032068162910065534
0.03169559658710272
0.03150855271508667
0.030993401152887186
0.03160551719380205
0.03184343116169694
0.031395484022238344
0.030768951448150072
0.031484583807636746
0.030846100932763507
0.031164231890768144
0.030726014619033373
0.030894764608346507
0.030060366221684905
0.030644265913663246
0.030767745054955144
0.029507300888305332
0.030447394064583227
0.029708329210958867
0.03041019657053479
0.030533286618243546
0.030607379816956805
0.030296548944593892
0.029089576620004158
0.030259845095604514
0.029830184427222156
0.02911515575462815
0.02916191995336202
0.029056458172629467
0.02866712669295383
0.029233677688435804
0.0293885965828899
0.029282971430903377
0.028431706333801866
0.02901007506087584
0.02897061735034375
0.027947947828758427
0.029110832328839403
0.02858926758826664
0.028233656929226258
0.028654885619540046
0.02765947510431014
0.028853239343624427
0.028528988467333833
0.027623137970725183
0.02716536622197893
0.02767738929600117
0.027218588310319924
0.027797642952959636
0.027555311790336705
0.02784422736320588
0.02684080679989431
0.02797570038398559
0.027118824073206392
0.026749033971878774
0.026601487705317353
0.027349882612425425
0.02654053969939987
0.02606630816042681
0.026614695327610943
0.026442018043096743
0.025955655544447818
0.026050033486555435
0.026248371787904956
0.026839218197348164
0.026320885314396837
0.026486654921359345
0.026125846797785537
0.026496558913616342
0.025862293067732474
0.02522019688784516
0.02624484632087474
0.02606936447107314
0.025651906077861514
0.025551711641155807
0.025721078702129675
0.02577924509932326
0.025321331690238497
0.025550900638985363
0.024389812808774048
0.024640887738790543
0.025193558547318883
0.02446441937306316
0.02520741104619301
0.024932246648812367
0.023781627709329133
0.023829842176054817
0.0243520289839203
0.024445592301341294
0.024790056404902186
0.02343915803772749
0.02355083744969148
0.024096436373806835
0.023648582848260994
0.02392968829799488
0.023473042743079924
0.023859484303399008
0.02404342274815299
0.023595982263354534
0.023936227938717643
0.023045950439627393
0.02234230599823954
0.022653272552384425
0.02296473760640059
0.02268285348826015
0.023240171536937453
0.022734192871096234
0.022636798503399776
0.022931698408212735
0.022087978295667176
0.022283128548749295
0.021795667210992808
0.021489482434728206
0.02192007929094919
0.022402838204432434
0.02217213383291187
0.021461037545973737
0.022052000820714738
0.02127668896145761
0.020796716997713013
0.021599025664476204
0.021994179355796648
0.02190069250273554
0.02093445196178762
0.021312818594859048
0.02026130901661161
0.020524439843938702
0.020835106542103403
0.021088692131527104
0.020950964135729493
0.02054759283584324
0.02106920834400234
0.019723332593574193
0.019861192845353086
0.020386373043016187
0.019832954651732487
0.02014982372929248
0.02019036502307847
0.020100542043309504
0.019539861099449777
0.019190053924808062
0.02021841702349614
0.020097371896972256
0.01997553012160126
0.019030379455237532
0.019292677521872064
0.019048242655630213
0.019344136161974678
0.01920073947965618
0.01969123281663868
0.019240034846837235
0.019072323574632268
0.018427926203855544
0.01889486153275293
0.019048956131688225
0.018927302098218437
0.018609248495624446
0.01883853419761435
0.01783578041967549
0.017921950285900306
0.018004586194758986
0.018626069062188545
0.01770908483929905
0.01727840062910181
0.018311568370441667
0.01841383367848894
0.016890220984877823
0.017676579864853416
0.017488267119958302
0.017185577096434416
0.016899118536519358
0.016669692566302366
0.016540118264124496
0.016848581992886722
0.01771250095858077
0.017200296226767185
0.01661685682046859
0.01668301165119951
0.016707283234782704
0.01671847789087083
0.01668582579832634
0.01574129623524529
0.0162083290476833
0.015951271945651255
0.016724787062461544
0.01591465464693711
0.01624613166704789
0.016074082576953575
0.016022326756609744
0.01612143728376192
0.015749225076197738
0.0155305864795646
0.014919934900552493
0.01580032834795281
0.015201651985601184
0.015082509594237249
0.015253241787625714
0.014463547526533244
0.015204134865063798
0.01569681346097651
0.015613217408486861
0.01549027756969009
0.014182488687071887
0.014256264515685568
0.01495335528994174
0.014366438504972738
0.01491273139059443
0.014172344485406677
0.014741776209558605
0.013889528743639648
0.01430265792435537
0.01471847618511852
0.01470961835585879
0.013312125755686606
0.013330673668163292
0.013660022510764912
0.013738001755682318
0.013291132124879642
0.013123287837635134
0.013353821776465144
0.013389170719819366
0.014138120228857461
0.013090316531260136
0.013937321321077683
0.013835676498813365
0.012792885714359185
0.012557287790776816
0.013637679188644523
0.012310097189059456
0.013515844544149924
0.012124369847396186
0.01342815462901146
0.01324080528444509
0.012163010263299944
0.012463916481852225
0.012329796865956416
0.012530046523799401
0.012151137859044678
0.012704080024755999
0.012399678523903586
0.012455377572839583
0.0115803288165572
0.011775552282081643
0.01221259433824357
0.01215167342779356
0.012208655035114768
0.011610397863775834
0.011863457263755466
0.011163122631205034
0.011291466473181895
0.011198456929998516
0.012005792749911506
0.011094263990154875
0.011556347878409578
0.011462420602786724
0.010894150284747144
0.011338550724697218
0.01114078219214818
0.011092557621575176
0.010304716135765193
0.011199515238725404
0.011091800089474094
0.010417901767045771
0.010260382159812426
0.011289861173912645
0.010654299223139967
0.01131135974157889
0.011186585739568244
0.011003326579040249
0.010331529613240475
0.010993454281393455
0.010603499699057923
0.00964562129608348
0.009456867059432831
0.010320093407884154
0.010724113319450087
0.01011184471973661
0.009479867687943153
0.009158723210656554
0.0097612755543328
0.009721322165851993
0.009640809238626575
0.01031451616366117
0.009524384730930452
0.008837911745772824
0.009013657493005216
0.008884395807540088
0.009071742568939226
0.009427121208123657
0.00936435626551705
0.008626244276743444
0.008445281727344024
0.009003588466370891
0.008742567836662853
0.00833397714584667
0.00916412036004722
0.009181772393176612
0.008930062486599185
0.00869990401066605
0.008041709286604198
0.008434667375829711
0.009131976324781878
0.008621586980699113
0.00915129375979091
0.009195876239101232
0.007705094694444937
0.008727248633759194
0.008756026293687215
0.007893952495518608
0.008307611959720839
0.0085989175687686
0.008136610445718171
0.007378489110574046
0.007977504054054906
0.008362353106608156
0.008128644311768976
0.007369805130600057
0.00801412523617897
0.008453783483314742
0.008287750716693897
0.007557072625161822
0.008157275882683033
0.008060103678159196
0.007124376802558586
0.006827342541586844
0.008120168812004926
0.007172899979528648
0.007532825182019725
0.0069605003166757695
0.006709731683447749
0.0068568623034947745
0.007659749287368174
0.0069725301917149774
0.006508885854137742
0.007716897362590217
0.0072624687264465915
0.00743830510014362
0.00708887765950778
0.0067179891220414244
0.0071112312439885654
0.007120296828752446
0.006224109800019253
0.006210110096173427
0.006300028739970321
0.006744140038300335
0.005952924349322898
0.006768855859490699
0.006471246003150356
0.0070944404680013265
0.005988136314609533
0.005694593505648687
0.007102948404810904
0.006550493274322652
0.006922987027453512
0.006709285037768839
0.0065812745112919626
0.006908051332308073
0.0058341648464259495
0.0055475023917680106
0.006468243885066321
0.005609746764772918
0.0056641869884910285
0.005831028677492808
0.0062562778204057505
0.005240995331352691
0.006535200741175727
0.00635439513744489
0.0061752549346677805
0.005986923203355703
0.006286749426049757
0.005846892063617323
0.0057628933641839806
0.005286250889721443
0.005262306999959456
0.005734088786358278
0.005344712928707897
0.005317785348397193
0.005744706125933812
0.0055943440429651915
0.005844737152586542
0.005974446330984096
0.005333611715241345
0.004586975110026127
0.00517154290624336
0.0050696246825187976
0.0046075521602367735
0.005447255263913867
0.004980955272350793
0.005110773626441739
0.004479391812997512
0.004663842286784326
0.00561046201299771
0.004591496222262296
0.0042671915280731035
0.00527554491475431
0.004506310397958294
0.00444184007727267
0.005164658297173879
0.0046362894447212226
0.004238018452756385
0.004839757669318431
0.005139203467220205
0.004168950085656568
0.003978185700139255
0.0046282376458371514
0.004872182450995967
0.004247801578768081
0.004892339384380525
0.004482419602386996
0.004235532496843087
0.004426246449458335
0.0042348485413899704
0.004577866860789267
0.004447438606771083
0.00393014359521447
0.0049660564006551704
0.004115981941980381
0.004471131979023268
0.004306826384331464
0.004176856738516954
0.004673375209349875
0.004662857583480525
0.004812239534894931
0.0036230159907913936
0.004112913747977536
0.003367544632438251
0.004608170236283723
0.0034732399989400166
0.00432357025741084
0.00397180478953137
0.004244494298686825
0.004371875677914937
0.003177767081817836
0.0032258174753734136
0.004504761146361525
0.0030476443550116416
0.00432342563187733
0.004160129643320006
0.003498852331337947
0.00336836623327961
0.0035035910738986827
0.0037746513298428544
0.004326902829885657
0.003758934659731311
0.0039059096101965347
0.004106308255948792
0.0028501442882862345
0.004042957166730296
0.003657930357653878
0.00365862947880331
0.00326293766978949
0.004076557527549407
0.0037225860476827687
0.002980065514632878
0.0034539060355291613
0.003400961735963845
0.003123681035203565
0.003267779233232928
0.003024781021345683
0.0030679429383564695
0.0037371576847575745
0.002772770468100425
0.003215929324841589
0.0033685825124262184
0.0025533824669568246
0.0027931751507147156
