-0.001531963247018924
-0.001071593048919759
-0.0016335088829719814
-0.0009256539646099884
-0.001998184591498382
-0.0015455817014706499
-0.00240734818507093
-0.002430889573443978
-0.0020141290140829023
-0.002415640874013496
-0.001045729868985382
-0.00144963319327788
-0.0019039203350292252
-0.0014678680794988153
-0.0017302769945954219
-0.0019261593933591653
-0.0013105035417225028
-0.0013275685522302727
-0.0012983148013031198
-0.0016667878839129592
-0.0019865596812615885
-0.002018523950500742
-0.0015284010500886088
-0.001994403517619291
-0.0015079085326990566
-0.002008110002985679
-0.0014231171940027529
-0.0015100263160936428
-0.0029376835145759257
-0.0023019137779657136
-0.0026844063284772743
-0.002278307232175894
-0.002951291874694092
-0.0017762341196174232
-0.0016165074952019566
-0.002906024550678047
-0.002744031019756131
-0.002918640768245623
-0.002563875392279413
-0.0031841699383533288
-0.0020109174407306235
-0.0019797888579525967
-0.0030561113800764636
-0.0019523330286818905
-0.0020011259142977285
-0.0028410693847916112
-0.0019350895067047405
-0.001979367795233917
-0.0023938110900832647
-0.0034230997899622503
-0.003169951893829141
-0.003093440253747356
-0.00326002799914143
-0.0035591139480765175
-0.0034659542256025916
-0.002984826153034405
-0.0032067830049433373
-0.0036146133195632158
-0.0031617026906225897
-0.00244728935261518
-0.0032806505905763964
-0.0034919826488191107
-0.0029585359925931166
-0.0029773564221385837
-0.0038022092035135996
-0.003929208514985756
-0.00290301234966823
-0.002678132859252663
-0.003426621727918517
-0.0026786406252908663
-0.0033379837540213364
-0.0034886537047509186
-0.003571988292140793
-0.002776726152144073
-0.004036445942005951
-0.003888351408515853
-0.003141228916899658
-0.0040928936936933365
-0.002832047748752773
-0.0030431681802139516
-0.004094019843058953
-0.004252475445535331
-0.0030469844603378694
-0.0036545667583921964
-0.003392928215895734
-0.004269556419494843
-0.004248304385461455
-0.0042000157402402715
-0.0042979081650438185
-0.004054394791925874
-0.0038775155564599335
-0.003891520445178894
-0.0034071440035937416
-0.004381761527632938
-0.0034268504340382094
-0.004865380862058488
-0.004533232009323451
-0.003909035419077456
-0.0039656967153912336
-0.004107649901911313
-0.005102305309619448
-0.004573229077532565
-0.004931485797714373
-0.0040187615033532974
-0.005140333321276667
-0.003925881619594225
-0.004067876602061498
-0.0038876230874596027
-0.005347502368506738
-0.0041250505297106095
-0.0050434455458470235
-0.005459498487648424
-0.004809793209431053
-0.005491033289473573
-0.005073579755849375
-0.004191063146763092
-0.0043276613434626915
-0.004355227893266438
-0.00442885559028974
-0.004925696653729494
-0.005237736005945838
-0.005277705166328258
-0.005582727554274422
-0.005476354732007679
-0.005853055633751099
-0.0059202528223255
-0.005946427548703182
-0.005909350690058142
-0.004837449484891899
-0.005891297246291044
-0.006225539763700519
-0.005489722244824293
-0.0059545781108017795
-0.00513222535971909
-0.0062383948868675945
-0.005497110890449719
-0.005124361446769818
-0.006430987295825904
-0.006139092200550271
-0.006240143719735589
-0.006094396747049692
-0.005413467646048548
-0.0058447146183243995
-0.005677119463135317
-0.005565869587808086
-0.006278205224722446
-0.006469300712155397
-0.005852243880183505
-0.006505811575755493
-0.006710960961547269
-0.00719198848520213
-0.00726010367535403
-0.006288913489905088
-0.005869511305504217
-0.007256778681172529
-0.006780561725817776
-0.006261496540833878
-0.006584158045126207
-0.006219156937920989
-0.007278440932320965
-0.006859659188324957
-0.006907923020313595
-0.006672313698857125
-0.007129905506823547
-0.006492633755015019
-0.0076278098653584404
-0.007185969474109406
-0.007463011412821459
-0.007086919577800161
-0.007198547724803847
-0.007721305694030531
-0.008078407602585675
-0.007924817964210334
-0.007258727552377346
-0.008100866594575434
-0.0070835434866923855
-0.008356748783854569
-0.007159910516049692
-0.007282477931504117
-0.00849189832802852
-0.008288681316835075
-0.008057592045347034
-0.008490791872410378
-0.007645242390168147
-0.00868964136037625
-0.00840133769259622
-0.0077814246168871285
-0.00867100090524324
-0.008599448052543396
-0.008591569481433942
-0.008913231973959901
-0.008749424771156518
-0.00879433049139626
-0.00798107680716163
-0.008635352819271006
-0.009076934367976524
-0.009079847080551809
-0.008949233296477534
-0.009737890560137697
-0.0094374628350777
-0.009433165814505843
-0.009666051307844458
-0.009965452566996045
-0.009323676558680065
-0.01000617387138804
-0.00968719045460031
-0.009846729377143565
-0.009582698533805079
-0.01000591840235266
-0.01029491774050992
-0.010110987841324257
-0.010115603553852208
-0.010061613902393565
-0.009307017977650392
-0.009606379726637186
-0.009907003104250554
-0.009486533057340504
-0.01072697862784213
-0.009767597135021813
-0.010806626229427517
-0.009705146061609306
-0.011089285471481294
-0.009965183073508448
-0.01099562358426951
-0.011293648908489586
-0.010336782259649683
-0.011205415898648112
-0.011545148885969676
-0.010952916363821542
-0.010571481160681104
-0.01094504068919608
-0.010854479874082494
-0.010730244039610147
-0.01102351301208394
-0.010589235873163903
-0.01176093111181783
-0.011096972094367503
-0.0109870382363842
-0.011251149917045738
-0.011483361703323609
-0.01175025503473697
-0.012464283254181344
-0.011173394832905012
-0.012571289086554228
-0.011601184531946668
-0.01231159942896811
-0.012714284611387296
-0.011649621731201631
-0.011845652910906517
-0.012380210915929746
-0.01275999928170331
-0.012866150900893152
-0.013183304722661398
-0.011897627517337951
-0.012771505478241189
-0.013252237232527444
-0.013463054692611935
-0.012848554254420408
-0.013679583820153834
-0.013527078488540192
-0.012688281061989541
-0.01301039590001292
-0.013682785245234575
-0.013793489758732428
-0.013514355187510515
-0.012977771308830934
-0.012845960101349127
-0.013145024085791908
-0.013953324118052871
-0.014004119715751018
-0.014510684088439174
-0.014677020462621477
-0.014782294247005731
-0.014134811841996163
-0.013560478679306319
-0.013744444361215052
-0.014498284981816647
-0.014526073586752928
-0.014236040223908774
-0.01471909698381129
-0.015390198645354203
-0.0144047372892423
-0.01508092753157746
-0.01423495076918338
-0.015092329463171216
-0.015508302589379531
-0.015588622942487359
-0.015641787727952168
-0.015043707214158828
-0.015227070754629037
-0.01532419410108439
-0.016035689127243367
-0.015587866560826263
-0.01618703162640107
-0.01600360586840729
-0.01581358628987871
-0.01595710667396993
-0.016553971732606698
-0.015326943466602395
-0.016252279053508994
-0.015743148375885165
-0.016954424865538546
-0.016265551686123318
-0.01622945047438658
-0.016071493890510397
-0.017224060134687028
-0.017242984867579962
-0.01701474189579605
-0.016330242078944117
-0.01670911006682377
-0.017132570353037314
-0.01732170793440556
-0.017004712336839603
-0.016590125687184466
-0.0175194281489803
-0.016903189644375732
-0.01782002747410684
-0.017504116935018563
-0.017436511492955397
-0.01778471727494288
-0.018065775913503224
-0.017757445914043424
-0.01831845492303671
-0.018131281928328677
-0.018839206298586472
-0.018179512964714265
-0.0181169717366388
-0.019076492233388236
-0.018096331473252746
-0.018938742997470604
-0.018045378108362375
-0.018318411095441446
-0.019041764427871814
-0.01874281382680423
-0.018294705133340906
-0.018966357482858836
-0.01917927099579884
-0.019001186483988717
-0.01944377785670466
-0.01906611170020249
-0.020082709668531654
-0.019332707895886776
-0.01958584788459776
-0.0203827708930314
-0.020338121536749132
-0.01932282060280033
-0.01974074320410157
-0.01954715520013388
-0.02034533481095679
-0.020436205301416467
-0.02056312934512817
-0.01981245722654826
-0.020343220480304604
-0.02020764365549045
-0.02148734866033372
-0.021284816195535607
-0.021200628371477064
-0.021241067761641603
-0.020417753885347535
-0.021049085960173058
-0.021997405845082238
-0.021288508596761107
-0.022033257740226193
-0.02115328220395507
-0.02130051652790266
-0.021350245448473387
-0.021521922743448624
-0.02183838281598882
-0.021444190593442672
-0.022310833806466583
-0.022752388695922936
-0.021800746764812945
-0.021935974590870547
-0.021919581535372722
-0.022371319398741464
-0.023012159832074525
-0.02205135288945053
-0.023266552084008536
-0.022770437297784527
-0.023608717020369607
-0.023514283519829916
-0.02360405307993838
-0.023308337186430272
-0.023399386280686246
-0.023164948413956443
-0.02411307491972579
-0.02286804970303926
-0.023233303889954524
-0.02408908866541128
-0.023162422328741942
-0.024508574352047185
-0.024723126501980656
-0.024058775875140378
-0.024513623358217173
-0.02434717066486918
-0.025026094614203787
-0.023773190704143864
-0.02412767951068724
-0.023930062416151778
-0.02398472077653072
-0.02546974173592142
-0.024568438351667683
-0.02431172417813588
-0.02506167386851931
-0.025419737600631
-0.025338835921310303
-0.024708916029623867
-0.02601665811404935
-0.025997105784667518
-0.025980927123417718
-0.0248721541788017
-0.026404371457925426
-0.02598603319052347
-0.025879892471807053
-0.02621646531006791
-0.025919171907537956
-0.026348553648239004
-0.026514923466724807
-0.02602571598745385
-0.025678064086158456
-0.026907129363092763
-0.026020047871921727
-0.026867874595127312
-0.026628074492213192
-0.026238730832347023
-0.02653559614547111
-0.02684956568747405
-0.027585028087695095
-0.02682902504280917
-0.02722456516838703
-0.02727650563942765
-0.02762264448413956
-0.027192178148361647
-0.027792261566694294
-0.027744020248409235
-0.02733159010515373
-0.02820717850723147
-0.027787503521032004
-0.02724761823571258
-0.027415406282116566
-0.027787016616454472
-0.027627075121959905
-0.028936618711922785
-0.028089146594594286
-0.02780519782880767
-0.02864759106704237
-0.02881248214426087
-0.02834604412043368
-0.028840302089050484
-0.028546676316803007
-0.029228637824253736
-0.028373659826814588
-0.029197095151075415
-0.028507361771591015
-0.029176240772352435
-0.029902739873389223
-0.02935229614168417
-0.029278643165821388
-0.03002342414122408
-0.029896820718731825
-0.030211467674789605
-0.029530099457126514
-0.02930618862825315
-0.029187850507687595
-0.02953856577439539
-0.02989465926182519
-0.03039291063653436
-0.030417579580903624
-0.03046546311276442
-0.03060901704505537
-0.029940204053463714
-0.03009624913292471
-0.031102917493184893
-0.03087335969101345
-0.02997337908866677
-0.030077692770961326
-0.03124888953965098
-0.03140339080764511
-0.030793519070958952
-0.030442354518121127
-0.03184047488115757
-0.0317662098688319
-0.03163225183372953
-0.03135334236322422
-0.03154663197209281
-0.03205674955918173
-0.032055432146363
-0.031839645143527016
-0.03230474388417002
-0.031157133804965206
-0.03178880386229905
-0.03224873898163062
-0.03255342097279307
-0.031718772471717366
-0.03264810617347635
-0.03240130080283932
-0.03185325452161328
-0.032730514607980675
-0.0327438506516615
-0.03201434968441365
-0.032172193075308615
-0.0320683558269435
-0.032288430799056536
-0.03227093432851454
-0.03284965916815789
-0.032216891813594085
-0.0328691241633273
-0.03315549240744179
-0.033007042971427605
-0.03245296735995819
-0.03259904332725144
-0.03253261431849714
-0.033338479574766544
-0.03251077201380021
-0.033455996315500725
-0.033928665612284296
-0.033467560137796566
-0.0331575580760511
-0.03372830612311252
-0.034006993500338256
-0.0329419144401843
-0.033008032198988194
-0.033038661499230855
-0.033287137465102354
-0.03310511600531506
-0.03399517843847334
-0.033523194022121776
-0.03372659331485568
-0.034173790200298766
-0.033346789707078356
-0.03412616387192814
-0.0335547846878065
-0.033658667853134316
-0.034251720664010436
-0.035013151709808774
-0.03463110078006721
-0.035052382388282496
-0.03502216796864889
-0.034235857057158356
-0.03377872316489615
-0.03509559725029617
-0.034728018977332055
-0.03525024652391916
-0.035130711826062005
-0.03542768276421741
-0.034891949806072894
-0.03424815532926191
-0.03430876492724472
-0.035553042702327
-0.0342235112087555
-0.03497739902246371
-0.03440540924938991
-0.03557849196071648
-0.035761581347414334
-0.03477433982969039
-0.03467976454049774
-0.0344633500300371
-0.035817334401906376
-0.0351338019397062
-0.03520762734240175
-0.0352274182469486
-0.03568967817547375
-0.035881850176936195
-0.03609990996560769
-0.03482957631194521
-0.03523287777186934
-0.03475465618927324
-0.03543666260397555
-0.03548923901157662
-0.035739918460784614
-0.03598003519580709
-0.03496439005185356
-0.03589974129822249
-0.035769305394071436
-0.03563803359061655
-0.03506128556623383
-0.03601877414487484
-0.03627816721717595
-0.03499807650024516
-0.03582099668856496
-0.03505918511167682
-0.03618940438536497
-0.03609572886358885
-0.03569806752829123
-0.036146325807006614
-0.036153324057537524
-0.03612500893520388
-0.035480021857273364
-0.03648397576753872
-0.03653404047108686
-0.03578378955451606
-0.036159779045602254
-0.03514225993846411
-0.03615547735555976
-0.036558961157859934
-0.03542063756877036
-0.03622478854986792
-0.03525023993484001
-0.03556854128673177
-0.03555052313619929
-0.03641628751201614
-0.03608137553910627
-0.036496228977374416
-0.03584739898115951
-0.03665930829629457
-0.03572781304762511
-0.03664974441585708
-0.03576123298231717
-0.035405971403700644
-0.035932323042568076
-0.035617061609222414
-0.03630502313821962
-0.0361981961882123
-0.035807349486921936
-0.03541126559070596
-0.035765404169230214
-0.03562039613286039
-0.03513959342283587
-0.03555952486661333
-0.03644486146950724
-0.0351181856402739
-0.036073008822811975
-0.03510047299091579
-0.0363263498084026
-0.036357950370737406
-0.03574952796657537
-0.03598487105369957
-0.03504014211821628
-0.0350946730666598
-0.034906921065239564
-0.03498036842861182
-0.03555140913382731
-0.03555277155838242
-0.036249342952332
-0.03622660240329348
-0.035399175906487175
-0.03609674838619285
-0.03480854800994349
-0.03504079138264379
-0.03516640936473773
-0.0351482964633323
-0.03603026614585468
-0.03490661386862944
-0.03540498764153157
-0.034638948549411054
-0.035607974125530906
-0.03548278681389039
-0.03471308315519771
-0.035781671270310726
-0.034626401674905695
-0.03549002422471433
-0.034845757682889125
-0.03540768347470159
-0.034281811512588474
-0.03503867827578558
-0.03491159470835207
-0.03469131091180573
-0.035220364071846616
-0.03464656976693588
-0.03444109596175481
-0.03387050005476546
-0.034117485385355535
-0.03440931344959171
-0.035058623256595985
-0.03501550443465066
-0.03459751385898943
-0.0335286441643213
-0.03422601410280198
-0.03422543916564901
-0.0337921116825445
-0.034052930391063066
-0.03433592324830768
-0.03352390076371625
-0.03431703639564196
-0.03414117710338169
-0.033286196895304154
-0.033001785909209935
-0.03421160071211715
-0.0343282629226109
-0.03286642386423204
-0.033866133327080224
-0.03313018784075707
-0.03338361878958087
-0.03291507464007893
-0.03310954351779671
-0.03242422869698021
-0.033748495798471945
-0.03243779699465882
-0.03247985872319827
-0.03299882858277611
-0.03231546218389303
-0.032324651555582326
-0.03195569707115042
-0.031959539974619526
-0.03220759948500243
-0.03174025150836672
-0.032576369200071315
-0.032329149652954046
-0.03265809491446178
-0.032646022746444944
-0.03144738390108741
-0.03153318697055921
-0.03140416623567017
-0.032243036127808024
-0.03180804292691538
-0.031759856452632275
-0.030970232304769914
-0.030707763843921453
-0.030633748477708302
-0.03181919881046678
-0.030798335204251723
-0.030852952906860343
-0.031134513215347256
-0.030381856540219077
-0.03141910751360032
-0.030165060386189532
-0.02980685709704864
-0.03083046766479121
-0.030723823953586197
-0.029565088878683695
-0.030057098526689783
-0.03049569321686176
-0.030354625054716197
-0.029242250694191424
-0.02914540452865001
-0.029309561146898457
-0.02913103399200721
-0.02888117586324723
-0.02999935388026465
-0.02965778332545519
-0.029851576909093406
-0.02842200856240319
-0.028422407752600926
-0.028719749173249976
-0.028051659081959217
-0.02783763603747831
-0.02863271976094668
-0.027665669812471438
-0.027778547118444307
-0.027709902988460527
-0.0286312289419754
-0.02795799015942797
-0.02829075774589354
-0.028132571717181542
-0.028077936070144013
-0.028067600864376787
-0.026986297048914958
-0.027670545185788764
-0.027778688068213275
-0.027231684579936844
-0.02669158443728105
-0.026925178504254913
-0.026997674829984792
-0.025761313783990138
-0.026164693206303533
-0.025830560216927426
-0.026197804511362846
-0.02566521409680638
-0.025449539725777563
-0.02546570543427725
-0.02489365455440757
-0.025798270465346072
-0.026026072188113702
-0.025555996974849705
-0.025222202072270838
-0.024393041898669084
-0.025395422232214276
-0.024710806101239602
-0.02383658103645493
-0.024352160317622936
-0.02487361683709479
-0.024517615325134245
-0.024351236613717017
-0.023669426344296026
-0.023899758205048263
-0.023010314741736284
-0.022665827988415134
-0.022605076877373346
-0.022879093052338255
-0.02300399124722386
-0.02318161132285359
-0.02248134215345581
-0.021734270677280756
-0.022946086523400137
-0.022060908345259644
-0.022696818507791403
-0.021536798968413488
-0.022022876244412598
-0.021170895377060444
-0.02166688701371985
-0.020804067016502652
-0.02165457437654138
-0.020695194269208017
-0.02047861977551519
-0.020689095437179273
-0.020759520010667252
-0.01963520881224831
-0.020126151427779442
-0.020044651920349307
-0.02012926768303962
-0.019932969692200767
-0.020038310403453566
-0.01977460556557352
-0.019648277391035255
-0.019519791366122745
-0.01941649299960381
-0.018439709148885264
-0.01849036634021064
-0.018539935949265958
-0.017759648911176294
-0.01862242121592475
-0.01787871769233559
-0.017257631426330775
-0.01714856776168983
-0.018056507833941332
-0.017963233129417656
-0.017130194460996277
-0.016911330575316196
-0.016452262184478754
-0.01622198773320776
-0.01637924498355956
-0.01686572700053249
-0.016486033490290514
-0.016572898841979655
-0.016484916327248897
-0.015951782822722974
-0.01528870931815028
-0.015309580077835174
-0.015467440427262646
-0.014629036496361844
-0.015125424245632084
-0.014783456165631538
-0.014673278848014504
-0.013702829802885466
-0.013911532364653695
-0.01341785454211831
-0.014002771985647342
-0.013738005242289521
-0.012652469768242058
-0.012589067831048587
-0.012456800659000134
-0.012140007931485964
-0.012033392931410265
-0.012051902863959662
-0.012879864278898452
-0.012180760647120273
-0.011151225045499116
-0.01099987716373741
-0.011339936180530207
-0.010880407483721436
-0.010418045234944134
-0.010556488987624997
-0.010487942968543091
-0.009972983708121759
-0.011064906466469772
-0.01040329530399808
-0.010265617876595941
-0.0103833349627059
-0.009207486009322958
-0.00895777625486225
-0.009139890597779693
-0.009675391802774448
-0.008906860018581536
-0.008185882897684005
-0.0077794299062243204
-0.00818207104998128
-0.007523311600649547
-0.007740950317197591
-0.007440386471342015
-0.007436313022515296
-0.006655362927502114
-0.006534934032843045
-0.006633857419180893
-0.007235790114786919
-0.006217654479360298
-0.0066656952020306744
-0.006905419973291821
-0.0066855322702697815
-0.005891797854629313
-0.0061947563971143866
-0.006048777703356651
-0.005398799413752535
-0.0046174064937861145
-0.00483624367412608
-0.005174481632820848
-0.004767717759840822
-0.004522789243506362
-0.004659405468086644
-0.004288192190648497
-0.0038231663781926836
-0.0037279479133760477
-0.004031607714116876
-0.003364145291913666
-0.002200360628427283
-0.002448293539581393
-0.0023363094762127116
-0.0029175160115826036
-0.00277074981491651
-0.0013649369729028383
-0.001573935536065864
-0.0021921772782670735
-0.0015297635004906081
-0.0013846898892615625
-0.0005194974274911855
-0.0006377133586104656
-0.0001430346565741939
0.00032332418504895115
0.0002600131826993076
8.267279578703554e-06
0.0004423882156138898
0.0002495244382952785
0.001136435078144536
0.0012899554594401439
0.0006291921118349555
0.0017332762795230054
0.0011268242939763142
0.0020377016948912863
0.002325816850936753
0.002612756402554289
0.0024356411456113746
0.0017999248197757345
0.0032383156519308984
0.002983176238737537
0.0027364045054609916
0.002712687923114942
0.004039577546050167
0.003681634980365443
0.004280918654102086
0.004261057716229608
0.004488061351618336
0.003996136324930688
0.0038914118263184833
0.004739028788910805
0.005438784480623268
0.005411757723176347
0.005848380346908185
0.005268440299887271
0.006208031647522957
0.005444464753072863
0.005776858895178257
0.00680492243834244
0.0061689430653754495
0.00585035186860707
0.006450857532537958
0.0063413870018336
0.0072360000392721864
0.008040321699672016
0.007262156574104401
0.00844561856247227
0.008307269930508879
0.008755082354143668
0.008898305614074233
0.008306161799309953
0.009434565418460753
0.008612331168597057
0.009120570566248102
0.008816665635985944
0.009943141993425528
0.009337143158771898
0.009059552452481412
0.009661609894160192
0.010008598125703805
0.010587349233514095
0.011301833667495606
0.01041814470181944
0.01020460219608483
0.010567533986847467
0.011385275496546252
0.011443304959823796
0.011165113360888209
0.01118781536218268
0.0127520797772206
0.01220854844734616
0.011898288094899602
0.011884941861116471
0.012969217876406315
0.013441425750238174
0.01290834988892579
0.012687975127699404
0.013167808848621482
0.013420797940390486
0.014253912848723155
0.01380502405369682
0.013709438685656904
0.01385244293355305
0.015287964184087458
0.015265263156411404
0.014367934697611088
0.015530131588027978
0.015539388118075922
0.015251006919080235
0.01567423128188497
0.01603388705274153
0.01598095637590927
0.016867954707853478
0.01627442473270462
0.016129970624937335
0.017264111834913307
0.016323540548292534
0.017736541728332902
0.016684822927302327
0.01669365401516741
0.018309169677771003
0.018021361947407034
0.018316100713348334
0.01753752536841514
0.018081148814077463
0.01915934819576749
0.018765192284082664
0.019016736009245288
0.019015701816197786
0.01870981832711809
0.019454161252426043
0.01996335146815275
0.01929783441826796
0.019358755111814136
0.019515723318189408
0.020567106521800074
0.02007092226858298
0.02026419290697695
0.020943354920258922
0.02017071704450061
0.020514990430442952
0.02130557275790563
0.02104751924872141
0.021520425941386857
0.020815789291065496
0.021393619400633633
0.021438916924741685
0.0212649227470683
0.022732081773160703
0.022940046382434003
0.02224175696145031
0.02265631226836481
0.02314849482136965
0.022437832868167668
0.022323138418303398
0.023557257466838323
0.02399220026912513
0.02301501277464428
0.023429792950281216
0.02396426625150433
0.023715051041084977
0.024427190524049618
0.024493804907625503
0.02486933050075397
0.023864689688420333
0.02478267781692012
0.024191425762332998
0.02431051805714856
0.024519643194145863
0.02457940002635036
0.02603908478464789
0.02600887653591275
0.025618827920204333
0.026335450314957598
0.025926464456172374
0.025647003394433064
0.026910431144899005
0.025932195554116286
0.026679036717904735
0.027220620593917808
0.02599046963733794
0.027313221298298985
0.026915388717791124
0.0269781070027506
0.027051069696929324
0.0268143008847518
0.027736375519049037
0.027623911973160314
0.027413461790821724
0.028518737903345543
0.02757894346076492
0.028814409787000613
0.02805325965127558
0.028089140030088323
0.02828572437462126
0.02888971183564331
0.02801569377681029
0.02946733027391578
0.028584267026965995
0.028988609082605768
0.028962410327630476
0.028747722027717287
0.02993600924618651
0.029389133936182275
0.029347663239912752
0.029297631889495454
0.030174672741436172
0.029853745769072664
0.030232048288786336
0.030610981107950193
0.030905552254825743
0.029890512763283278
0.03077610831659292
0.030680577509022065
0.03052266097200342
0.030625703876809646
0.03169283631523757
0.030926430705835485
0.030802595289738593
0.03112795321101896
0.03174187767103572
0.03199258145589205
0.0315470651667056
0.0317479581284591
0.03250925847422669
0.03239581081540272
0.032176257094862284
0.032432296340588876
0.031497713788430276
0.03157381707749298
0.03183506831701133
0.03312520380184533
0.03300941183828712
0.032672228832441856
0.03310940955300841
0.03315929795593318
0.033499125555268225
0.03311076797192866
0.032712589116908955
0.03389751015627614
0.032613697330042414
0.03317761947030282
0.03350318663045827
0.033820098452055164
0.03401965428398103
0.03318439719340083
0.03425184753785099
0.033535999129516
0.033356880076049616
0.03329497522409655
0.03413927595114285
0.03424553303706024
0.034408017996679516
0.033791560458643025
0.03379169583307046
0.0351486017529693
0.03443206663417842
0.03394779998681446
0.03488991891712811
0.03460802190640071
0.03468378862042088
0.03426414463061624
0.03427755383552739
0.03452382580676613
0.03521951043814724
0.035163319926079545
0.03578491708133648
0.03493709391800952
0.034978221286920824
0.034888700511296035
0.0346534243164534
0.03491752455143242
0.03511654946082394
0.03618291819582237
0.035314890263759585
0.03611292973400947
0.035365986248973656
0.035761345160028754
0.03526051785583624
0.03659383605365358
0.03519571825857647
0.03544953332152303
0.03571274318523623
0.03562969478256344
0.03644311319102285
0.035781383046874116
0.03591364361421518
0.03664167840118937
0.03555611980489798
0.03676158724156788
0.03604361804393333
0.035650831836966164
0.03643581656625173
0.036161501149920824
0.03666225384977755
0.036517548185159704
0.036063132925432805
0.03692596610302221
0.03698236189590767
0.036314205619207465
0.036804596960013466
0.03625798663028922
0.03700836565701907
0.03615095961280006
0.03638668583657867
0.036944785714636
0.03754132986090615
0.03730302874962858
0.036362615692474023
0.03652171392941691
0.03646327904164893
0.03769890072764584
0.03677949798253376
0.03632374744386773
0.03721912702912531
0.03763061898499963
0.03764519356360582
0.037048107840285296
0.03779552291934858
0.036782551752377976
0.03646389157371033
0.03743874641894796
0.0373242296269223
0.03727122723274596
0.03761352981010002
0.03662924028028859
0.037704975327087574
0.037291716987192844
0.03769609053585439
0.03686727042688259
0.03799836981820538
0.036873373213335114
0.03795644412230185
0.03782336243516336
0.037958560780352875
0.03688565404566461
0.03682232152826995
0.037518429306830164
0.03709234955402998
0.037229162083745306
0.03755098654161407
0.03716995200326101
0.03787384781577256
0.03785411555596672
0.03704738464713156
0.03689049722302638
0.036717991945581896
0.03787987772634701
0.036603445111716405
0.03660266374648837
0.03706504602634912
0.03775513842127303
0.03764607603574464
0.03797146072918784
0.037073321568722034
0.0368849479553765
0.037118845413525274
0.03698956707454187
0.03787956473599763
0.03751394234410278
0.03702912343722469
0.03643926907408192
0.03774009183734519
0.03709935421580058
0.03734305937222882
0.03740713537645484
0.037216387055841356
0.03672405128348095
0.03650980487333616
0.036989613157719974
0.03637958093424279
0.036779324528353904
0.03686426809371434
0.037158969589682816
0.03747174630706064
0.03697977882281714
0.0369943541767104
0.03695556686414061
0.03684704130348726
0.037130602670837266
0.03744601015470511
0.0367387567522353
0.036887849852085056
0.03733765352704206
0.036023970325524804
0.03581622863793491
0.036553990332915766
0.036167731126363144
0.03602939617197427
0.03659725437017132
0.0364178999640754
0.03597446392206742
0.03706813514997981
0.03560587988667742
0.036988995277785125
0.0369240548477294
0.03606793663844767
0.03682382037882978
0.03595153082439367
0.03652264147203692
0.0361299999708362
0.03637281022257358
0.03542573971495718
0.03626383450660921
0.03654394845411092
0.036438380659898545
0.036490379180413084
0.03639815489329411
0.03626144880998843
0.03622298387951255
0.03623668856422088
0.03496390920194774
0.035599000873082
0.03570111521560405
0.036064883436909896
0.035844238862472816
0.0352220247465889
0.035602617041765386
0.034764040977188736
0.03561143601911726
0.035529612621074125
0.03520606092687123
0.034261118627911286
0.03530858182553456
0.03459268531774384
0.034921529583155114
0.034355827640517415
0.03505795230065613
0.035185342461906785
0.03435141862668
0.03479552910432958
0.034813310743510864
0.034798935991143295
0.03371301393027348
0.0343592847177494
0.03363112707329928
0.03484847779306832
0.034537656284282736
0.03385504255969143
0.033312335625952705
0.03437867309700177
0.03404343683644177
0.03353880275834205
0.03311121229913766
0.03443219537899656
0.033011558007394436
0.033540096633323836
0.03319852596461453
0.03378844351781461
0.03322245624911197
0.03367366648063497
0.03332436597721032
0.03276951833583049
0.0336789951989142
0.03272806045533427
0.032382017509060335
0.032248971248553936
0.03353265682333741
0.03353787926195503
0.032528500805768246
0.033199721426642764
0.03224918404000421
0.03277657850481103
0.03200567754431217
0.03204273755226671
0.032380432649007446
0.03237252947696869
0.03234501043317241
0.03190847030849238
0.03169314183233609
0.032111298991295105
0.03186955218659569
0.031495661780340904
0.03174102504960006
0.03136246228269126
0.03138604579045017
0.03098596265804514
0.03189100821352009
0.031109131585164148
0.030701566823564844
0.03138597660090853
0.031202073326351405
0.03044508701719246
0.03166302466448418
0.03162376658352699
0.03066831504823601
0.031239399081743995
0.030300663119858563
0.030828690517524418
0.03012553572752906
0.03117830042522322
0.030149187661110702
0.03025431634923557
0.029712396415171222
0.03077764308311431
0.02929392627714855
0.03046869945788952
0.029556471177845687
0.02939710523273117
0.02922461940692244
0.028902623542359306
0.02915040152117125
0.0291614812314442
0.028957225077381448
0.02866802675983045
0.029392575486687767
0.02864447581203699
0.02861111006685335
0.028260058326469127
0.02819906962590146
0.029496674981139094
0.028305686181587675
0.028926964081219343
0.028665548556353122
0.02813452747897427
0.0289722092866026
0.028528548141645998
0.028623651581031848
0.028548655678065887
0.02834266976801868
0.027477378745315643
0.02790332951748838
0.027175866037087736
0.027217895012987266
0.02759804287631467
0.02697674155928121
0.02817990520464194
0.027311261054670764
0.02783885889627632
0.026988933792142924
0.026552236481646896
0.026960999157636004
0.026982919542205802
0.026282207536354723
0.026336980381112922
0.026855728726014976
0.02720091804889744
0.027046152083883557
0.026842480332587487
0.02654485908027872
0.026467744125995236
0.026400495090359063
0.02565530345292142
0.025735547406777932
0.02637333938633265
0.025628216747995872
0.026508431158096674
0.02498375951963677
0.02577114619109613
0.025133741887209016
0.02535374337639981
0.025124164839635102
0.025731188342381323
0.02509718198252455
0.025015597380406797
0.02432066107896495
0.0244310596753056
0.02432234472564876
0.024856713264500112
0.024192582992897144
0.024015547370764112
0.024010093353371995
0.024967575328223426
0.023772723383630665
0.023563165561780952
0.023611050937710435
0.023520145295354025
0.023674635712033053
0.02433325101851428
0.023097581765761252
0.024048466868558924
0.024206277099727367
0.022841221430921085
0.023674074395836374
0.023010308345286265
0.02342159257808383
0.023746204095823186
0.02329346712704483
0.02268471396856845
0.022593498898909114
0.022973020956433565
0.023465677448306164
0.023006449968750353
0.023290562992916413
0.0224593533831309
0.02182035402744446
0.02188725344308601
0.02286203159738765
0.022677274909615314
0.022049465740825475
0.021754211644331962
0.021713564926520487
0.022116172861470974
0.021887692429853865
0.020923563218493688
0.020845860229144128
0.021826655267045327
0.021000897451952487
0.021215392858327513
0.02138042586894675
0.020410165237962016
0.021321931318956565
0.020567770502991644
0.020576186731260323
0.02075875285856124
0.021140807344337625
0.020957308117310565
0.020769993116698093
0.02085383252022406
0.019828101965649825
0.020637398707078147
0.01989844361604454
0.020329953775803187
0.02069150692833538
0.020345773931391087
0.02029606243927498
0.01901999486389084
0.01910933013404938
0.019818333074886237
0.019997749493915393
0.019450094013002663
0.019888194583792117
0.019144084512580074
0.019713570957500325
0.019424550009443584
0.019040473795886793
0.018186514115703455
0.01892155576064961
0.01851200194935027
0.018294737976839084
0.019321208601350254
0.018453254797657626
0.018777922099388996
0.01799674854797541
0.01825437034170291
0.018359285457058287
0.018491889922338363
0.01795925540676009
0.018228135491851996
0.01771566554864504
0.017157369368081068
0.017636858684755008
0.01797303322236493
0.01776137265385912
0.017940311491176128
0.01760039703999085
0.017190651719445903
0.017404626789896353
0.017243079994080607
0.016862643915575726
0.01759522220469873
0.0172728318008993
0.016270108928915745
0.01679217048982113
0.016787942567948192
0.016347940921929326
0.016754189170482433
0.015828243642032547
0.016483564575643622
0.015983090581928795
0.016740030870540115
0.016073965790220288
0.015907258862062294
0.016433820320651268
0.01535800509005793
0.015655670675386302
0.016264619098457767
0.0159777856022128
0.015457348117833055
0.015705604911939057
0.015390460572333262
0.015149982428610199
0.01578962021396226
0.015240552624311393
0.015177983999772502
0.015076829172882873
0.0155585898821444
0.014804068552286578
0.015049211664946967
0.01498225397300304
0.01510089387032307
0.014563463532253773
0.014927117375062608
0.01401313008776492
0.01397213871574456
0.013842577264769104
0.01477200270926211
0.01413257407488918
0.013874417484673234
0.013954893375331588
0.014563725677486122
0.013983946117583529
0.013186006805011693
0.013243869050012501
0.012995234054953597
0.013748971458905747
0.013552320259205112
0.013869806596101788
0.012918964740597139
0.01349500932021749
0.012584749287674188
0.01247489987014504
0.013192026427776503
0.013370821994499306
0.012501978756383125
0.012866625645969673
0.012469766927394243
0.012130358818586253
0.0124584013541881
0.012145219088159595
0.012272499667792322
0.012804522476584358
0.011801589455353059
0.012294685353615213
0.01298108002052135
0.012131193131128794
0.01174097816171804
0.012679322368063371
0.011963286172141718
0.012110877656270743
0.012360395150213725
0.011882421959402704
0.011869153949197579
0.011871776368354738
0.0110939404646782
0.01106349104000205
0.011009465816825924
0.011407671000972806
0.012116606105860779
0.012101664563087203
0.011185710071317424
0.011373267587006379
0.01132356698848598
0.010386380174199525
0.01147539735897894
0.01110585138877454
0.01078620387142483
0.010372792831928946
0.010091900475928778
0.010338112774013902
0.011028511273631086
0.010632312279500502
0.01046357749579372
0.01011175762153563
0.010028224593192529
0.011167718614067316
0.00972891421201144
0.009765920236409587
0.010463591424163692
0.009761813395839041
0.0095953312774026
0.009417790536485027
0.010409937494013543
0.009383027884775732
0.00917304070186634
0.009718281604154713
0.009653247004896488
0.009806428127390035
0.009991516769142526
0.008980343775550785
0.009239244111984807
0.009214239101870319
0.008861678759451277
0.010089441925371537
0.009467577221290227
0.009657237287750786
0.009220425536000167
0.009256260068506895
0.00949058631533344
0.008729011621703267
0.008751353323266467
0.008930789176042727
0.008992709755941183
0.008307095953242733
0.00948674214086939
0.009458097995710082
0.008217204660369463
0.009286274725829413
0.009351411238981774
0.00869656011014432
0.00814069130379631
0.008105180540497785
0.007806129159149323
0.008764069825415936
0.008700705246162309
0.007811075845904372
0.00833172016417993
0.007727084769327462
0.008816878696597114
0.008116998728501823
0.00785845666527095
0.00845328439384775
0.007817673250026113
0.007766811929974557
0.008363664415223047
0.007054686633880004
0.008027368991892447
0.007193470904966209
0.00806248388108849
0.007552095669117596
0.007659501091885972
0.007850126362961892
0.006726588757669113
0.007923931282229051
0.006677048144067399
0.0071795904293212925
0.0070377011833421136
0.006669309095917602
0.007682749733812501
0.006985670063757466
0.0072452742964256855
0.006356653883466765
0.006526353352971345
0.006746767252121449
0.00620521829578085
0.00738227468177051
0.006914184801161078
0.006508495028987056
0.007121112252562199
0.006650431621002155
0.006172686245133582
0.006565308739433742
0.007306158163790278
0.006910059347510493
0.006471186968647709
0.005738995259801924
0.00699630529284666
0.006135500576369082
0.0063189611009405065
0.005635379205195554
0.005940205433463676
0.006688236960773255
0.006824169021956474
0.0065513580348443385
0.006701828340337128
0.005704717238319463
0.005485525280040656
0.006757214691415211
0.00541638952735157
0.005409109534645634
0.005287677172577168
0.005769006832465837
0.006490312149727498
0.005703763632764953
0.006243914016507727
0.004990639715940536
0.005626133914999614
0.00633477258734688
0.005334891668438182
0.005534397713534314
0.004933067057348896
0.005682158830477441
0.005131334810624161
0.0060778420210135685
0.004714032228256065
0.00500890617732366
0.0057750652749675325
0.005383844462820721
0.0050550141795225765
0.00542952938333742
0.0050784701481658544
0.004474907801683815
0.0046982700871665
0.005257642426617131
0.004931370022692596
0.005367916331985344
0.005510983415232232
0.005660941610608428
0.0049869651690104
0.005332239526718526
0.005188405042075591
0.004974332979372915
0.00509188656570829
0.00450930350558456
0.004371462784605219
0.004023824582931322
0.005437084293736112
0.00527651188530073
0.004112136863062759
0.004176469275244612
0.005035024010144668
0.00485561802424954
0.005044135430846351
0.00402381712422129
0.004865609761232983
0.004659375992860072
0.0049170717502141584
0.004387673267034592
0.0036034400686801274
0.004776466502443513
0.004575209099133617
0.004023058686788042
0.004350681206221178
0.004496207698255986
0.0041229025343856845
0.0035994687341583467
0.0047728395608323485
0.003419682805040389
0.0037560960051172547
0.00391343612588147
0.0035040145054950193
0.004499923480891742
0.003799456122008963
0.00412343562457892
0.0032364300962917122
0.003401623275754213
0.004475077322458257
0.004031102830950175
0.0032069466916947805
0.004041799712601475
0.003527226137588371
0.0029948234805445076
0.0033297120367405376
0.004151312107872752
0.003296380836751034
0.004086121474954233
0.0034608094648142995
0.002963600411026873
0.003097091976747249
0.0029504821179810385
0.0035757549611509765
0.0038116665377146597
0.0037132041394488694
0.0037004797186942725
0.004139546988752858
0.004017660734905071
0.003184751867046573
0.0037474781757447
0.003981275732651057
0.0028799659776767
0.003575898455340396
0.003254681390699595
0.0038921513639135863
0.0035208723828169205
0.0034622473475189523
0.00349170736605941
0.002925441508308027
0.002981272070291743
0.0029892976159192654
0.0033890555133635476
0.002614559626567053
0.003602473690689262
