-0.0015057967604130875
-0.00218837408365459
-0.0014416591179800353
-0.0013134029203943178
-0.0021709554532566206
-0.0014452093919439819
-0.002222337342100748
-0.001468034663974606
-0.0015070450613817294
-0.0017811990171923233
-0.0022604885401974785
-0.0016590356798011584
-0.002159261347784467
-0.0016336596101294162
-0.0011394287119729435
-0.0012930810171600598
-0.001452678249515993
-0.0021101348535268166
-0.0021294957400625485
-0.0022377316594744193
-0.0026520678475604673
-0.001955786088419289
-0.001729869250221754
-0.0016727003156653097
-0.0014372966008688944
-0.0026236734901258644
-0.0017729642607613356
-0.002496550809931681
-0.0016791308337933861
-0.002279339209321533
-0.002570847983270826
-0.0024376402268626437
-0.0026783693732447766
-0.0021647617664926626
-0.0027968557445472515
-0.002391983032678704
-0.002724316478584766
-0.0017920179620308345
-0.00219962371939814
-0.0017339662858070668
-0.002443450024214216
-0.0023873931999283705
-0.0018164047316395187
-0.0031660459338511016
-0.0029513158286516524
-0.0025679136695853037
-0.0024765763776134525
-0.003327390907524505
-0.002883739985634812
-0.0032882596463304045
-0.0027259489166041777
-0.0024711262294044357
-0.0032156209873178436
-0.0035451411510467
-0.0031845897832361854
-0.003628939903537631
-0.0022831202867581966
-0.002425761162051139
-0.003621284789513869
-0.002481736527571221
-0.003545208737759573
-0.0034601065936924534
-0.0030701753065500194
-0.003012893804445547
-0.0036729628906414756
-0.0035843471685800517
-0.003518883044480334
-0.0027297239715631146
-0.0029157115747943415
-0.00332666882191212
-0.0037377650844047207
-0.002835964837208212
-0.0026763396613863136
-0.0035926677754941666
-0.004203647543549718
-0.004229106771743605
-0.002986573238318054
-0.0041488079292525916
-0.0039956601133376065
-0.003607600635574926
-0.0036414313428644865
-0.003860702208405857
-0.003011832322255812
-0.003458015215498408
-0.0037344250168454838
-0.004251861647831698
-0.0043855291278550295
-0.0036149286533092746
-0.004657942564036193
-0.003255977306618363
-0.004566001607303608
-0.00464637762656965
-0.00396515935847039
-0.004533813337210642
-0.003711370404171475
-0.004345261746697877
-0.004102705302509815
-0.00459305759014704
-0.0047300381271805116
-0.0036258963170297575
-0.004049977525228311
-0.004752563015851505
-0.004453364795957437
-0.004146054410903287
-0.005153369774230439
-0.004139156096734221
-0.0042017093738361405
-0.004692539244381232
-0.004060994924771623
-0.004580198383250485
-0.004281287205980004
-0.005343640696074202
-0.004809876514082417
-0.005120099067673692
-0.005050677125163772
-0.005157853286595329
-0.004342547666077247
-0.004569618824861186
-0.0055628598758347934
-0.005774397614657501
-0.005621831030938104
-0.005741602212066308
-0.005251073149589261
-0.005992427315935635
-0.005795666107123147
-0.004887695780683017
-0.005365974589374752
-0.005060479293848161
-0.005438862877763178
-0.005379092922964585
-0.005382162746224941
-0.005563965885786065
-0.006193528105194053
-0.005389924865887647
-0.005638428998372195
-0.0058994746253922155
-0.005690159417427859
-0.006244882929473953
-0.005775449245191979
-0.005762406070899286
-0.006717539418764563
-0.005978830701468032
-0.006763349569421187
-0.006767717161212175
-0.006563757785483005
-0.006042469496766008
-0.00688243338426573
-0.006629615758056191
-0.005989521775757784
-0.006386545705370091
-0.006996256390656893
-0.006012946101144778
-0.006282970574788706
-0.007048077567098607
-0.006933921852062795
-0.007003022336972819
-0.006498175409296616
-0.0070637994624156535
-0.006725623144637966
-0.006930177792236146
-0.007582275831184128
-0.006404990128940567
-0.00760373981105119
-0.006589554218627668
-0.007013032525775104
-0.007316841027912368
-0.007592408913226376
-0.007404461230568685
-0.007286813706973101
-0.007184999993005869
-0.007758067260782676
-0.007100992886476181
-0.00792446972110224
-0.007694568423439551
-0.007003780042262784
-0.007166013692329534
-0.007754116178438871
-0.007934323903253802
-0.0075780299724180315
-0.007494620295139288
-0.008510236843703433
-0.008593488772213668
-0.007795902574764392
-0.007476812714873871
-0.008412597595313227
-0.008602197969460216
-0.008326741098912275
-0.008686240126477207
-0.009148768235026942
-0.008192782931732185
-0.009009262369605494
-0.008473849440280465
-0.009092896653803096
-0.008250899816153975
-0.008040555713427624
-0.0089113821209845
-0.00936377790739657
-0.009022821782156092
-0.008286244728516017
-0.0086668459160459
-0.009680929731748531
-0.009317555061194506
-0.009292901531658276
-0.009874997671200529
-0.009475285066013665
-0.00922341401270762
-0.009832934543355747
-0.008954938417843429
-0.010183803071737881
-0.009503568347765001
-0.009345114665307928
-0.00940142183483811
-0.009429955450753065
-0.010209432818314195
-0.009556409532172381
-0.01072652310109421
-0.010270854380663033
-0.010036002768275421
-0.00986027274411665
-0.009933960751577674
-0.010989026201033153
-0.010724901901800844
-0.010633782053537315
-0.010045103609792735
-0.011032151831955758
-0.01061238977693597
-0.010921366137080673
-0.010957840823393036
-0.011465978297444512
-0.010840286005456006
-0.010655008268234147
-0.010795530887731549
-0.0108369527674094
-0.011400088193675077
-0.011801506429299816
-0.011905605338621427
-0.01173971599762508
-0.010794741761734505
-0.011328932745329461
-0.012140360121877155
-0.011817381068208378
-0.011093900321292222
-0.011668229336925032
-0.012222569835249034
-0.011533736457219348
-0.01240176953357704
-0.012871137083995633
-0.011892934139877642
-0.01189478682497198
-0.012215181388182485
-0.012530189390230949
-0.012307015858607865
-0.012663907635730054
-0.01209781175380181
-0.012266607262807597
-0.012395384478611025
-0.012311287993637916
-0.01242773482594067
-0.01315452001557288
-0.012494122093915448
-0.013639480491781332
-0.013908982726812137
-0.013631176461919907
-0.012859680766955497
-0.013169846188130276
-0.0137359785195842
-0.013174611438194678
-0.01357659607597566
-0.014277836944099261
-0.014250238942623958
-0.013162820869955776
-0.01363672662962277
-0.01463214462505986
-0.014400321120678967
-0.014587888686236767
-0.014681885244794957
-0.013879434574832657
-0.013725664644433914
-0.014214232405491564
-0.014485206620806896
-0.014521058856555453
-0.014697170658445783
-0.015148167151189945
-0.015363706107597934
-0.014835923449237925
-0.014699920823528053
-0.015253324041794173
-0.01533417401724683
-0.015087601040263158
-0.015328242489689703
-0.015339022145697821
-0.016106759567856947
-0.014990782649459333
-0.016236049033814783
-0.01613101755859812
-0.015612167951477036
-0.015239032663068603
-0.016507069841236982
-0.016760879100940894
-0.015418266268016229
-0.016943055997485686
-0.01571185839027944
-0.017095932441817698
-0.01715282927079215
-0.01640023845576195
-0.017320690056500287
-0.01689425508493626
-0.016537586769089035
-0.017075890721797153
-0.017372301045356208
-0.016521416095796267
-0.017263868672518248
-0.017740438901269768
-0.017892349865971425
-0.017481843846197758
-0.01784944103415952
-0.016954880399543418
-0.01693560301429271
-0.01740444685421507
-0.018397928953383418
-0.017660060609435847
-0.018416109050074667
-0.01835509067960875
-0.018781315510644065
-0.017593093570683317
-0.01752330760600772
-0.01868438364176642
-0.018596163334222687
-0.01907968955402069
-0.017988467913190864
-0.018327708036632456
-0.01808376716678564
-0.019076431719715434
-0.018648178914349563
-0.018975848918594655
-0.018752694345543493
-0.019378988461196647
-0.01925481671778853
-0.019120693011809405
-0.019502624896353595
-0.018975030917743645
-0.019745086298193288
-0.019309151193021335
-0.019962917849169388
-0.019636813408055547
-0.020227308025621754
-0.019596397761974225
-0.020108107055158985
-0.02011304926453703
-0.02001488336252365
-0.020801906626563473
-0.020164583912537448
-0.02029184870331151
-0.020125349007623847
-0.02008217696530191
-0.020518964974671858
-0.02068299241326828
-0.02077425485126021
-0.021242595977256525
-0.02072415660224443
-0.020506199134864237
-0.020844892821580797
-0.021701545925808797
-0.02083350330007188
-0.021834501846025683
-0.021750660905635107
-0.0225323366519089
-0.02131694714438791
-0.02263760256631797
-0.021407765747256224
-0.021912368121406234
-0.021527440259162513
-0.022018522858447246
-0.022007601693678033
-0.022016410927815495
-0.022859803224122226
-0.02338766567617072
-0.02273053749866071
-0.02342251808880246
-0.022185430335494628
-0.022879977788927322
-0.023268821682797192
-0.02249836933116014
-0.023188860658532234
-0.02356517318809059
-0.023365188919084134
-0.023986558559468723
-0.023262644381703272
-0.023189348042772978
-0.023710108490883574
-0.02460068856707347
-0.02466763510957361
-0.024217266198430013
-0.02353228808530169
-0.024233264498658855
-0.024774112443636597
-0.025000091923924245
-0.024682506281340166
-0.024897743813962498
-0.024553407421757423
-0.024020291303702337
-0.02519048674607178
-0.024969296576674363
-0.02490641563321207
-0.02534145000089734
-0.025462851235332304
-0.025299150402791234
-0.02510234784086216
-0.025370762017330777
-0.024969534140678058
-0.025165108002808537
-0.0255587828264991
-0.02547742687877462
-0.025610771255028947
-0.025588190411481665
-0.0255050436945146
-0.0265877001664886
-0.026317205915556825
-0.026831163340936402
-0.026854531076324687
-0.026705407319271273
-0.02725575134928158
-0.026422847732805444
-0.026081170291717942
-0.026609236284225415
-0.027338731450810262
-0.02743834155287741
-0.02652170739140401
-0.026538665614558647
-0.027112007969661064
-0.02733916495095595
-0.027791210353746643
-0.027823186500368066
-0.027790347990752032
-0.028092379050943764
-0.028304615142841386
-0.02829391015713737
-0.02753265767307967
-0.027193045231589493
-0.027990225352156416
-0.027414593418407643
-0.027508350070413388
-0.028746801417280296
-0.0281761393010566
-0.02904203534634223
-0.028869252037862045
-0.029142635311010166
-0.02802093262857808
-0.028235075932531672
-0.02949344045425691
-0.028907420071618298
-0.029392181186030656
-0.029690127846219046
-0.029413602504996365
-0.02878884274568416
-0.02905730390729737
-0.028924549848597686
-0.029429619615109842
-0.02992709817953377
-0.02982368693280906
-0.02911687977582704
-0.029601689934018096
-0.02965449278187176
-0.0300735747128155
-0.02939777454298444
-0.02980959528447054
-0.029683730063036498
-0.030613937837536135
-0.030819271465472132
-0.030526575202698355
-0.03007119215764546
-0.030043221293852347
-0.03038975347448292
-0.030808136868693957
-0.0310234231608015
-0.030471421754361693
-0.031026731134528
-0.03079428730676292
-0.030458668190427706
-0.031781831665736206
-0.031207863456405038
-0.031149476905617552
-0.03157330015860667
-0.031786055905212114
-0.032036537676112524
-0.03156155125827484
-0.030942588184113096
-0.03091062931799991
-0.032261813940392264
-0.03137924035062022
-0.03192732318113834
-0.031987398141898105
-0.03191146167889334
-0.03145894049262807
-0.032388580306381684
-0.0325130959065716
-0.0317209013424562
-0.03277435532456913
-0.0325904988059026
-0.03236051319070267
-0.033096019422620464
-0.03293013473251695
-0.0323974096051703
-0.03208320679607067
-0.03206118790747109
-0.03327258536751112
-0.03307227882750801
-0.033060611688984415
-0.03337870787066273
-0.03281554858752124
-0.03244891453583585
-0.03372982196417671
-0.03261059193106527
-0.033913098751397336
-0.03361403493999464
-0.032888692030382215
-0.03407646835537787
-0.032828028129661235
-0.03400483908460546
-0.03359569913723023
-0.03360259041231243
-0.03396691928072579
-0.03302128281916763
-0.03433083139556048
-0.0339550205206451
-0.03443216290576458
-0.033623296573487296
-0.0338219611821773
-0.03472815454754561
-0.033900173286812565
-0.03354257519964814
-0.033974004432210415
-0.03403430449367624
-0.0338683469476368
-0.03447001384831506
-0.034434613572263205
-0.03422548471707944
-0.034628401617990495
-0.03467125455563634
-0.034886696397756274
-0.03503787286296811
-0.03465396702194919
-0.033882961560482705
-0.034760329784609044
-0.03479826428810921
-0.03509370242788877
-0.03527511582398282
-0.03434904526067584
-0.03445331784523336
-0.03417933890653975
-0.03540318399749401
-0.035047345665174215
-0.034352056793192906
-0.03552763057980049
-0.034422918017325686
-0.035508790928109844
-0.03554500775810014
-0.03491276476441743
-0.03449844061592589
-0.035941228935759614
-0.035806365605005844
-0.0355033958689803
-0.03495445148610063
-0.03559668971786914
-0.03586470505820007
-0.035250196290514395
-0.03505414519908487
-0.03590408715367514
-0.03577416241125678
-0.03496197400474122
-0.03534258865015163
-0.035569433342098604
-0.034939689140725615
-0.03601777895153886
-0.035387200464665536
-0.03626264383872113
-0.03499264812178491
-0.03602983548183256
-0.03589393696832264
-0.035137410346332276
-0.03570798403297792
-0.03618444159918868
-0.03529429210235313
-0.035854512443501275
-0.03611281774623578
-0.03523974407119704
-0.0358282518842085
-0.03638724423206407
-0.035686364765127494
-0.03611905615271963
-0.035663079180380156
-0.03571287434546337
-0.03647451715113455
-0.03602893559731479
-0.03511740078648128
-0.03645669530134352
-0.03571530387104233
-0.03545242702625726
-0.03596397261095276
-0.03529580971487265
-0.03551089290714372
-0.03599595023347981
-0.03647290516744641
-0.036619514381730806
-0.03611911190952812
-0.036151709615815146
-0.036041722364943525
-0.035170160582973606
-0.03618006702055364
-0.03613885916197143
-0.0352322382907472
-0.03600364754107031
-0.03575983981906852
-0.035243577985967896
-0.03563130783037205
-0.03627981074199627
-0.035647494746274086
-0.036382630680714595
-0.036210964793819286
-0.0354853515798096
-0.036388873412121193
-0.03598447330438392
-0.03615665774607691
-0.035165883301900014
-0.03537506075328795
-0.03569087073719023
-0.03528651733645593
-0.03617087250885405
-0.03584106166740071
-0.03542981535348629
-0.03485074195881138
-0.034867280163806864
-0.03482302621871118
-0.03496114733611682
-0.03535065735937028
-0.036064852176424224
-0.03590018210369023
-0.035018927345579536
-0.035710453932535836
-0.03535163019036921
-0.03460345456444327
-0.03540192656649838
-0.035520988715682024
-0.03449058723136512
-0.035256851708671266
-0.03509476527063085
-0.03445951787392488
-0.03437580785641572
-0.034351652508491426
-0.03519217406781474
-0.03507731275456523
-0.03535357423049679
-0.03486149712669301
-0.034936530394284585
-0.03420549224701889
-0.03421358494637419
-0.03410534611472239
-0.035089293059781285
-0.03505765953730772
-0.03497078686504595
-0.03507894718630869
-0.03415403847674372
-0.035178195058340696
-0.03404118316240007
-0.03485161332176202
-0.033728475286753615
-0.034537600138230554
-0.03404463127305451
-0.033964876838640516
-0.03452792514222296
-0.0343617684142057
-0.03381330936429676
-0.03404275240453101
-0.03342242667069849
-0.033064241243908735
-0.03445499848128121
-0.034317557410802446
-0.03348397758396198
-0.03282723224849117
-0.03410301294106119
-0.033395472768038295
-0.032846269058348164
-0.0333518293354567
-0.03395139474533535
-0.03385545271867167
-0.03348234891253553
-0.03361672761324955
-0.032247280456698744
-0.032508200890310986
-0.03334510916107065
-0.033281198526295054
-0.03227263785191549
-0.03199626031700955
-0.03309684915729226
-0.03293383923305403
-0.03184551956659808
-0.03174585192967644
-0.03258219487038495
-0.0321299142078342
-0.03234195774967419
-0.03174129129666846
-0.031674419458328086
-0.03153989435449667
-0.03126933976429805
-0.03136799544824353
-0.03206104752791189
-0.032018931077783176
-0.030610003784398047
-0.03129591470348615
-0.031388885788381504
-0.030572674893856375
-0.030726270593581965
-0.030982212250913816
-0.03130234579173557
-0.03007742002594772
-0.03064791073180816
-0.031100238390836765
-0.031161257473227715
-0.030110594532384002
-0.030707249177899784
-0.03038555791689146
-0.030359630950820195
-0.029807669314704015
-0.030293871929621956
-0.029717949324265094
-0.029117918608350737
-0.029773980749923643
-0.029208113432936916
-0.029540589275395015
-0.029164285611754937
-0.02866246859693459
-0.02868347683183497
-0.028851962305059653
-0.02944391096651718
-0.02907543796786357
-0.028259858168413404
-0.02786519425529028
-0.028325070547326348
-0.027821622630868917
-0.028245536315163845
-0.02756111417413017
-0.028371266276635755
-0.028247526596308855
-0.028238343368109826
-0.027087293729317247
-0.02810229976050588
-0.02753519571778565
-0.027873386545368445
-0.027402728829850516
-0.026523622045855972
-0.02687936464011919
-0.026284812023715076
-0.027111763001522668
-0.026048090640655296
-0.02576811559152451
-0.026426004547443267
-0.025299990825131898
-0.026309027811829706
-0.025631007368728392
-0.025647250214680607
-0.026017295079431315
-0.02482245537207909
-0.025418282151376682
-0.02555308566448623
-0.02457518350268368
-0.024169147283938555
-0.025198584161663522
-0.025201471948734473
-0.025175729378354952
-0.024850532062524435
-0.024785751301485817
-0.02401301996417866
-0.02368144337329741
-0.023435185958062446
-0.024119977416524517
-0.024110613036670482
-0.023071977066668563
-0.023503118131384903
-0.02358137042145601
-0.022992438005182667
-0.023225196493998488
-0.022444547066834044
-0.022892476768930137
-0.022223967789042107
-0.022281011117959923
-0.022104784823677656
-0.02112839228934593
-0.021628064584810328
-0.02138710822821199
-0.021680648398300403
-0.021408730766532578
-0.02164601524813167
-0.02087695987470177
-0.020557890251476967
-0.02019843694792589
-0.02061833850300378
-0.01993639488890558
-0.020600017663845675
-0.019658925859747375
-0.02012172976635229
-0.01976533283404079
-0.01990709344414697
-0.01953267696294522
-0.019022907104505278
-0.018602782805438842
-0.019095171822069594
-0.018265673529740598
-0.017815740372081272
-0.019050500483553903
-0.017635409687981093
-0.01860538515260043
-0.01794988950303763
-0.01803126201378335
-0.018139112366932792
-0.017273541071992565
-0.017373278574571403
-0.017397610324307054
-0.016266559277695884
-0.0168540951027421
-0.01704312162390082
-0.017056833992989188
-0.01577046448293285
-0.016300453376631243
-0.015844190953434936
-0.015866134176408895
-0.015115693410747425
-0.01507721068565253
-0.015019807845395344
-0.014453103084058304
-0.015296856702694896
-0.014217730042134818
-0.015218540098675218
-0.013903532803095992
-0.013614979323533236
-0.014189392194411012
-0.014121818841053686
-0.014048481260692483
-0.013599395516594625
-0.012987597759361995
-0.012556126438196709
-0.012244821410920582
-0.013249103853320617
-0.012243782507653948
-0.013109124106140409
-0.01163892995283694
-0.011953188828976589
-0.012317743058335613
-0.011248533723891018
-0.011709561614098868
-0.01159804115905383
-0.011400365887157754
-0.01136794442568861
-0.010148426967751189
-0.011059198013333849
-0.010789083034107878
-0.009413450878767018
-0.009497125464414094
-0.009536107247113986
-0.009480741838631925
-0.009260916486045772
-0.009780554216328232
-0.00944472836334201
-0.009036368529507864
-0.009342009639884163
-0.008246123288143944
-0.008985344656711863
-0.008237287778697837
-0.007951917188899706
-0.00803518910046892
-0.007997838751275497
-0.0069546087777369444
-0.006461958377364183
-0.00634314823706661
-0.007013169954942637
-0.006984148317323822
-0.006054274802677619
-0.006862239081374306
-0.005558524588506124
-0.005495843744721857
-0.0059232708204539795
-0.005730224581415395
-0.004701269378504934
-0.0043497155277561405
-0.004269233706833181
-0.005084352503815258
-0.004255978063385351
-0.004495518749939116
-0.004576895110243533
-0.0033276285408818333
-0.0044668373109991
-0.003737855530780365
-0.0026428717096930016
-0.0025964437207755095
-0.0031761655196045177
-0.002804113816272756
-0.002049973112251465
-0.0021938323818209418
-0.0022320042120132365
-0.0021867458327825048
-0.0023083487578723235
-0.0018575569575258247
-0.0015123138365877753
-0.0011310127568518009
-0.0013939121316538748
-0.00089511732863891
-0.0005279033423199971
-0.0009876375427986996
1.7179169947962346e-05
0.000620367878511627
0.00021706477954573197
0.000938167747285689
0.0001705679509550418
0.00017565410266572807
0.0006032493529400733
0.0006309247631162982
0.0007942761474182917
0.0013450878111384403
0.002430787756436568
0.0013270062603686157
0.0025963675226153976
0.002006069344893727
0.0018233157771512744
0.0027032338970176773
0.0028555155120072177
0.0029658907233912715
0.002536021555926952
0.003203513323067857
0.003080431708641059
0.0041210623041728995
0.004671991690137483
0.004792508610478107
0.004650099599718905
0.004364961667289975
0.00507099858926244
0.004418867569242691
0.004536639249636144
0.005915645104124364
0.006329759899334677
0.005391323783655237
0.006190548993344531
0.006535744595140163
0.0070205934485397395
0.007153894007820304
0.006378166707262086
0.0062670577852742635
0.007112223152454007
0.007068960505527294
0.0078025081932473
0.007361548351138022
0.007253508710200516
0.007949600158352037
0.008757374249063348
0.008204370306013791
0.008815402752961004
0.009286896141149787
0.009344816627408254
0.009766814281762737
0.010099967115863667
0.008992740510142178
0.009853545610410132
0.009804893991378388
0.01004315787524293
0.00993233738714457
0.011256382282430356
0.01028378358524129
0.011518753980870827
0.01116004425116425
0.011717751544859533
0.011343422815144225
0.011319174500416404
0.011744163205405288
0.011363226500900252
0.011488817595063884
0.012087218860848617
0.012178588308976822
0.012603065322049271
0.012211490084632444
0.012682973178066456
0.012710528208298977
0.01337452945006083
0.013883507923287393
0.01457972443044248
0.013876314383603683
0.013847764803428465
0.014089356786010324
0.013923677942486263
0.01468480774899234
0.014666179428338609
0.014431767810367103
0.015145715975488142
0.016073741957399326
0.01567476061812115
0.0163862894753611
0.016352362268560745
0.0160456110791476
0.01637153556137656
0.01612131778868121
0.016117200751360083
0.017508639387267145
0.016978439072271704
0.01727672056032851
0.017808232762194474
0.018267509251884275
0.018344001397945217
0.018525241830549512
0.01828521660520069
0.01776635099993539
0.018458599075290072
0.018987362317865412
0.01920625291262889
0.018448873284563124
0.01967652830130506
0.019371818928343148
0.01884358530324152
0.019603718517648184
0.019779262159155084
0.019421892570893218
0.01983804944090537
0.019489420739738958
0.020559112836876278
0.020718598843799556
0.02138507177897262
0.020468508626864453
0.02116693627554392
0.020866827790546872
0.021634302526123524
0.02145422246990958
0.02206557124616262
0.021966270372406088
0.02145548385208815
0.022094670275528513
0.021886855342691663
0.022144764891195958
0.022954916101392334
0.022816366977999828
0.022362682757253574
0.023721070597699793
0.023484926855571103
0.023058299779741095
0.022990163418588106
0.023366591956599462
0.023856319219050192
0.024290449415540177
0.024705831581000367
0.02486105157259714
0.024899106198640407
0.02398524211915041
0.024224220646734552
0.025145668146588994
0.024544075848664592
0.025385160320185934
0.02568279145171589
0.02473110334554275
0.02480449987252987
0.026341996199749806
0.025780483429094333
0.02560305840553558
0.02635817175008089
0.026163799093757087
0.026096898790486326
0.026515818969930362
0.02695552157490221
0.02619505342021544
0.02623543096229883
0.027640657225868052
0.026587471535660004
0.02679680106619495
0.027982892880394055
0.02768440375519921
0.027218352954439026
0.02711496857342389
0.027571715853473094
0.02792599633124516
0.027692709519115056
0.028030299520945212
0.028448817348956185
0.028481357302742438
0.028250033744405503
0.029162633145359856
0.02958164720920549
0.02834208201975367
0.029054210728453298
0.028961512452333377
0.029672515620713078
0.02918525125622897
0.029522939756493394
0.02993273200144066
0.029145138826057005
0.029613327355307608
0.029579956271836388
0.029906207266258623
0.03050344032561784
0.030341803993557563
0.029999695919501617
0.03062832043565239
0.030188983226277315
0.03089822558515322
0.0302112466549511
0.030488350840602984
0.0317121062925374
0.030478540807296447
0.030841935903149053
0.031455410256538016
0.03121289162333897
0.031334349390062584
0.03169464630750773
0.03183362833538141
0.03168947863551058
0.032314300880709225
0.03203241230712489
0.03213992444831149
0.03160994253836638
0.03303274996905684
0.031765178159887254
0.032673149183427785
0.033153377976184874
0.0322781239648066
0.03228234021452172
0.032373304665188764
0.03308581319946538
0.03274884605012546
0.032740694001810636
0.03390837083031452
0.03299771500824869
0.033922589248619676
0.033957466348545295
0.033644551837877984
0.03418017399862702
0.03384025405911491
0.03423051267558603
0.0339861722463064
0.034517756424052914
0.034201668050314826
0.0341611244486362
0.03451735163689627
0.03411733183178114
0.033566745117474074
0.035072406419453084
0.034220613058803424
0.03434850861036146
0.034826245408344274
0.03448346432571506
0.03438150373123346
0.03500562044877296
0.03550945869343239
0.03472725747694953
0.034826260338521486
0.035288245586793644
0.034524421224162355
0.0346568322940141
0.03474395544609552
0.03461003090603195
0.03460253155466895
0.03466985302364361
0.036055969960114925
0.03589557923053659
0.03484522862931997
0.034987408865787134
0.035916471845570536
0.03557412483957184
0.03625462739088572
0.03516463619688798
0.03549475455954602
0.03654432335691141
0.03544298313474126
0.03525916030371446
0.03572513183481705
0.03671184767424345
0.03588273489880051
0.035640295642392184
0.035867426521018556
0.03636355490181899
0.0362639000542238
0.0357286483784096
0.0360776248503816
0.03673311841654269
0.0367845204383219
0.036027898658781005
0.03582152994904504
0.03610926267953891
0.03688860128089724
0.03621977165561644
0.03699681483418423
0.03645116193629653
0.03696931318162507
0.0373263853992781
0.037365138994191915
0.0375054410563392
0.03620383726237936
0.036436377143311764
0.03631423300197241
0.03680734683331656
0.03627730305770391
0.03755671542475543
0.03750330192040823
0.036556562483032094
0.03680465895990105
0.03648056828715788
0.03689008053244347
0.037714679311293416
0.037034792548908284
0.036822250552198815
0.03722098844298213
0.03700017984181634
0.03759909762600479
0.037002266703755594
0.03663138589083202
0.03748914881700951
0.036840729167888116
0.036518715113330553
0.03650952059658938
0.03779624643474732
0.03766387108626519
0.0377851359437982
0.03772798530732875
0.03724740421888415
0.037909788361650903
0.03660061063150551
0.03688465689589891
0.03728265403449594
0.03770296958976579
0.03657276329496205
0.03785294957408496
0.03785716199921916
0.0371793919112226
0.037092665320466726
0.03674853786023308
0.0365781741420152
0.03794222188701255
0.03774988110851153
0.037826774575876514
0.03700605804110294
0.03708106843951646
0.03684555863434476
0.03790323191261926
0.036908224264992774
0.03727728209914851
0.03732448607813586
0.03651819259781212
0.0378319680090274
0.03747602929771276
0.037187443603161334
0.03694274841032071
0.036605119727091275
0.036786229166363184
0.03665915059245211
0.03733145703284168
0.0364154213264273
0.03772350306767589
0.03768266325476539
0.03684180856070747
0.03663499719375108
0.037201633623169375
0.037489301858726364
0.03765043970595061
0.0373214580841795
0.03739980066056851
0.03650833426138801
0.036098514768977435
0.03650764833827803
0.036102796400194655
0.03682254218754186
0.03665601061240698
0.03705232555300212
0.03700201317490768
0.03590641537538765
0.035878392366506875
0.037206893935918146
0.03661963619463451
0.036844620021072895
0.03699206809352833
0.036954220537390656
0.03682726754718005
0.0364514949282618
0.036313031563713453
0.03628210079579234
0.036558414473495
0.03637013632856213
0.03667617326356689
0.036845893847763565
0.03554279265230994
0.036618100940957764
0.03573754938239455
0.035659354175699584
0.03655639635062102
0.036418084286653295
0.03653587772682912
0.03530262134332723
0.035447376696465575
0.035172715940374105
0.036259532631307385
0.036336177947932494
0.035719952299782524
0.03601158872084797
0.03614682439421437
0.034740109445734704
0.03470024163483496
0.034653442672677844
0.034812613228158776
0.03545211647839827
0.03544008990751771
0.03584430591361962
0.035116192764599846
0.03431267030200645
0.03426686287383944
0.035544551888910154
0.03434791221075155
0.034405934175317406
0.03419355714724798
0.035322700353714986
0.034834792383160035
0.034554049308579894
0.03496542461776834
0.034591284641365995
0.03481229958802044
0.035060485885586065
0.03483833916934924
0.033927177803355385
0.03380740582524431
0.03481918818597042
0.03472474536401466
0.033819955691685145
0.033981058650764076
0.03400925622995887
0.03395648747318864
0.03407525268597356
0.03354958865475546
0.033980189584945954
0.0328481231257036
0.03397433394969884
0.03284738169720355
0.03340813567479215
0.03309843432452028
0.03277455519456152
0.033687942389758696
0.033398843658252145
0.03347210332355136
0.03350562445211265
0.032313957643827454
0.032841541940283686
0.0326454099793267
0.0330947765861491
0.03206360247534269
0.03330097540192954
0.03323730578883991
0.03273297402072859
0.032838335929993995
0.03202347547002347
0.03215917307798811
0.032780098370132314
0.032077136041091255
0.031919657486306506
0.032586677070958615
0.03201462921292335
0.03196346925075216
0.031750160592389845
0.03128107804705692
0.03168128382121562
0.03182228425910336
0.03162243861319733
0.03173148490036176
0.0315136770730466
0.030905321442062737
0.03161847964596602
0.03053886566900653
0.030692871346050185
0.03020245941186506
0.03046324652031481
0.030806255822672213
0.03101267896606616
0.030666459553118534
0.030226097332287406
0.029669215442785307
0.03014536359313398
0.029714051535982652
0.030155965635122784
0.029465550980659387
0.02957769132747928
0.029457195630236313
0.030245223217376563
0.030464557534736838
0.030380873194701275
0.03026038478732438
0.030023780118058944
0.03012860902172788
0.029937022242117344
0.028934143593013856
0.02943483282561261
0.02960741501180898
0.029671160303118324
0.029180769435726603
0.029381639024134282
0.028698320248199252
0.028134551563806853
0.028190869333145102
0.028140473701708163
0.02829018698365812
0.02908917923701887
0.028916695980895853
0.028618646872745034
0.027572661660744575
0.028188015617107317
0.027763952282237395
0.028027088663395327
0.027785544605318506
0.02741037677378428
0.02737843447014354
0.028282914267226913
0.027776168860087602
0.027144943313349358
0.027990544812118632
0.026908098560662293
0.026969780693926738
0.027136597213722087
0.02697390205488364
0.026303601640886284
0.026483707318396235
0.02655646946641692
0.026288703203330054
0.02672589561129629
0.02632867072087699
0.026081092913055322
0.02636345339370154
0.026523423572177213
0.02557978019404704
0.026341737332501836
0.025322747364696988
0.025131520152704204
0.025459414014632697
0.026056483263849493
0.025713785557095737
0.024940245018525542
0.02578341591933934
0.02549526149177171
0.02575227206458503
0.02509394487327538
0.02537694584778904
0.025382688501311555
0.02552219928740094
0.025495515474263496
0.024175598114501456
0.025041955562518342
0.025195068827796235
0.025028952625663264
0.02395706989631425
0.024460649346473115
0.024207983024235012
0.024190017053023784
0.02403144399197714
0.023202287980255563
0.02461134650692243
0.023380265511322745
0.02353856555182676
0.024045414527045197
0.023680581354608574
0.023496095586500284
0.022966254243569423
0.023655916846607818
0.023486014892701832
0.023214636557041
0.023574827643014527
0.022659711169084742
0.023036041264981263
0.02209553923325406
0.022715091158685825
0.022320477519771956
0.023124102268505926
0.021949885658001482
0.021802101631716583
0.02176565204807506
0.022279071872760715
0.022709475472899067
0.0221401818488263
0.022187817778670224
0.02158323210184813
0.02125056574265368
0.02171874885424436
0.02160002937699338
0.021319814707398382
0.021870142390835172
0.02151378602927736
0.02168077997264899
0.021167279400383602
0.02171832563560462
0.02144217226777082
0.0204603987209056
0.020293000653933486
0.02128184412285828
0.020480858744857205
0.02032981799235633
0.020137827555216772
0.02054132178387363
0.02056759082283873
0.019999731897733575
0.01970039666266921
0.020694481475667683
0.019203768809131987
0.020511576139260912
0.019384556860712245
0.01939430932720038
0.019294870362944635
0.019241302013332476
0.02012038166613495
0.01957246075756116
0.01862072095385118
0.019663872487415815
0.019199747914712927
0.019627630922301548
0.018559308040973808
0.018898146582113768
0.019228115198406094
0.018122966727111608
0.01784074156225686
0.018723141871874262
0.017713690138144327
0.018197619825632533
0.017531904898717834
0.017848139238630777
0.018428811255417014
0.017710641547827262
0.018062993647245198
0.017876614220159345
0.01729691867398741
0.016950993494600258
0.017335212227445725
0.01697520610478845
0.017986561062482004
0.01671823009946852
0.017231035610043657
0.016668856217332523
0.017061439733269672
0.016390757289472816
0.017467087149833953
0.017198537679587515
0.017421922334972865
0.017412894925028462
0.016631448558203477
0.01670689484535456
0.016804250723310137
0.01680521621939038
0.01619729699544688
0.01683004235739915
0.015915186212727743
0.015609266384829184
0.015513349285600116
0.0161256409351393
0.01623518144040895
0.01566836131664269
0.016158540386535837
0.01552138945593692
0.014830108781487914
0.015233328198393634
0.014733843071833116
0.01553347272067485
0.015688652532285668
0.015183265286579213
0.014925722240905886
0.01580442381818489
0.015624495952198943
0.015346947802006267
0.014255236672499037
0.015131131235573525
0.014173034115984149
0.013908066291308698
0.014348129677710342
0.013988772697293294
0.015007721574359586
0.013971562861915324
0.014252544351247856
0.013737937625776632
0.013623614225098382
0.014588572800635573
0.013483899421129139
0.013639443676094834
0.014442661067016468
0.013546469715158408
0.013974605036552418
0.013321135355714967
0.012836205092453645
0.01337285743004432
0.013808589940526163
0.013108844654251665
0.013995662691426625
0.012968114598660221
0.012968936558527972
0.012812761341935385
0.01262132842790003
0.01332082220926645
0.012316045641960616
0.013319530386670862
0.013231339610773869
0.012690873434036694
0.0129126054033074
0.013211483786627972
0.01281832454245933
0.011737514267305675
0.01183462763033288
0.012991682337829527
0.012854720906867952
0.011955103657707867
0.012176168778427091
0.011992183180723181
0.012390690919182159
0.012480730478081051
0.012369530203718244
0.012297236133664863
0.011720186698059574
0.011854339853446832
0.01190832269992155
0.012081429204901285
0.011609710042558289
0.011743089358835454
0.011778196824934455
0.011014975647635582
0.010910226829242298
0.011520949189137621
0.01100149070247447
0.010450196683909377
0.010691150984671566
0.011277981734859985
0.011555678939532191
0.010363658709096552
0.01026268150186249
0.009915322911244575
0.010997910980234548
0.009975849346279087
0.009919947591921871
0.01096357800579788
0.009660292596707528
0.01043157057078978
0.009848736813501822
0.009838467034444808
0.009857398922130726
0.009510931410673768
0.009439483268570305
0.010067314186648437
0.010139562669230882
0.009718044842471553
0.010217802393688613
0.009124777886428596
0.009564742233992701
0.009225416612498503
0.008944563976082691
0.010056457704875567
0.008945958150859884
0.009924849142492106
0.009251608331426187
0.009494690915380362
0.009475248187895562
0.009623717838380931
0.008888951811734928
0.009024593300704951
0.008858119536833221
0.009112728701338207
0.008442602854555333
0.008325723562576548
0.009257042693898439
0.008869334390186485
0.008960121675571264
0.008556584693489898
0.009289513393240528
0.008043830693676354
0.008232386807999335
0.007929013239260832
0.00877734368172584
0.008697801665961957
0.008805523144863006
0.008959997336373952
0.00861581467924709
0.008328128382554706
0.008454971821519197
0.008750183915571898
0.008613181363396304
0.007979705790435002
0.00790718207528853
0.008581904351876706
0.007381180744527227
0.00746391900246521
0.007845509439574922
0.006992192531292836
0.007314184457133658
0.007702118633288337
0.008094666319408991
0.006886440205449273
0.007684216981140087
0.006843824986569109
0.007910058177554555
0.007922161901199236
0.007503385998605802
0.006725448171740069
0.007839418863251901
0.006586685210575453
0.007129352284317743
0.007431131401053403
0.00702922490890662
0.007518790629642469
0.006263230528547679
0.007543459503889807
0.006893246017734285
0.006985491057140856
0.006869084909098067
0.0070128009267205775
0.006266734768559007
0.007107369278766239
0.005943315614038724
0.00599529957006308
0.0060723182035073596
0.006945822018761809
0.006156216070816336
0.0064245376442841244
0.005621526264587028
0.006735580927401688
0.006739742295469372
0.006463851237653656
0.005516066508008688
0.006720979074495013
0.005757486038388907
0.006740319546345698
0.0056243423135375024
0.005456518514473348
0.005839871903673791
0.0066015365416548085
0.006131889413145289
0.00513958108290863
0.006444925995579479
0.005654593607507001
0.005029820689650101
0.0060211889588404465
0.006348214250426941
0.005490817111018667
0.005144338451499868
0.006003842610889878
0.005748208609289967
0.006062398687525262
0.004967466661277762
0.0049590509245055715
0.004951513823641609
0.005154350727766124
0.005006206174750302
0.004668466163710584
0.0054715677019303854
0.004818417553973373
0.005743341084416267
0.005272448877254277
0.005695890250992689
0.004523904880291037
0.005450932974175995
0.005109227949134636
0.0045392978262334
0.004250781559965895
0.004599620450071862
0.0055108441392145956
0.005117414642920522
0.005027800881741348
0.004331506112298049
0.004822559765580292
0.0047848232919483315
0.004818321537213383
0.005160867860513914
0.004840785776814527
0.004240610858481255
0.004817986035068029
0.003914081220479832
0.004812786287889241
0.003890270427290339
0.00473464091907323
0.004467075527685389
0.004726430184243933
0.004109485049310067
0.004677044528553597
0.004896472090910888
0.004287044169403879
0.004454156265822804
0.004679420041227883
0.004813147005157028
0.004850569077695323
0.0035467766517650384
0.0036481298126750726
0.004276413450844197
0.0038805664777940225
0.0034415850714852483
0.003660239801438624
0.003938661606488628
0.0040791962083089345
0.004290518851631627
0.004666003789142208
0.0034433680602930414
0.004417985966587316
0.003764413829411854
0.003280421016664962
0.004505730813298635
0.0036192694089253667
0.0031640206937933887
0.0035796248470253787
0.0037575416448550705
0.004354773668836169
0.0035975375962195577
0.003774626549194179
0.0036284994458618317
0.004037059763958629
0.0030165095575608726
0.002969694484233449
0.0037927213631342373
0.0029749459220660282
0.004034179950466251
0.0033789191171511497
0.0032463943192827293
0.0031415764959553927
0.0029826404240718874
0.0026725237181107918
0.0034945481598645466
0.0032978783446029414
0.003520580604905217
0.0037610024481372737
0.0039005814068904607
0.0025158313028729997
0.0027360629844658873
0.003512951440654372
0.0025240949176052185
0.0038225169325490542
0.0028697065968624623
0.003196794117204268
0.0028972183261819634
0.0031504861255249794
