-0.0016962901575756067
-0.0012749280584639401
-0.0012218247334719332
-0.001229550419147153
-0.0019220767265857842
-0.00227980829815936
-0.0012376268130540942
-0.0014574709792200431
-0.001700894971586576
-0.0022174024822448173
-0.0023268631933688515
-0.001058394790520937
-0.0023070205760643914
-0.0011194055388595858
-0.0022655416918504704
-0.0012112587499692761
-0.0016298486999713107
-0.0012253049395355609
-0.002475112788521605
-0.0027025110924991783
-0.0027450880435311085
-0.0021145305868534923
-0.0017903659864077221
-0.0025787917675178284
-0.002296431796709818
-0.0017290583489052596
-0.00191465116677246
-0.001720696874084438
-0.0026076435804611242
-0.002874511485963347
-0.0026039165559378877
-0.0015596118281083792
-0.00237686406021104
-0.001644892697086741
-0.002781224622709768
-0.0024082274444372958
-0.002698738736989842
-0.0030163496553841313
-0.0023047743265455375
-0.003078953690291713
-0.00211617628841968
-0.002983803249072363
-0.0020841289475374276
-0.0029938759518343635
-0.0029657218061396
-0.0030732323896142046
-0.002744880108936103
-0.0030485310693525195
-0.0023609551422507104
-0.002791174921185704
-0.003228796020480919
-0.0026746524790875453
-0.0022818573028619616
-0.00355950849031456
-0.0023894358955555183
-0.0029327846331634244
-0.0036373398929292113
-0.0034152390653428236
-0.0027554684305328703
-0.003184607565300002
-0.0028466228105971077
-0.0027378530768807446
-0.003141925054735457
-0.003224665779014037
-0.002908893522229796
-0.0028403167715659017
-0.0029660028992453524
-0.002602626645838937
-0.00297037329059589
-0.0025594475947223645
-0.0027839802077667094
-0.003924371497999719
-0.00414042626889417
-0.0029057600423676067
-0.004132559158704765
-0.0028040901492120077
-0.00352892364254497
-0.004202029495095729
-0.0040505653690087375
-0.00420591791581652
-0.004353966016877029
-0.004394033252889738
-0.0031732160210337724
-0.003048046359460476
-0.0035387011017743494
-0.003871004347022693
-0.004075276377431995
-0.0031433165042424496
-0.0035227227906375973
-0.004277840962392407
-0.003389036446865765
-0.004742441085596602
-0.0038273343301971617
-0.004363323579130116
-0.0033752110224715692
-0.0034234377128084235
-0.003919861075572869
-0.003908743018880337
-0.005004772208904514
-0.0038642793381586625
-0.0037156669053280324
-0.005064978643034911
-0.005057466506129447
-0.004400652811544293
-0.004720596352232066
-0.004402662791491762
-0.005026966331029391
-0.004023272119329808
-0.004065198651102938
-0.004217983240923282
-0.0041138547896262066
-0.004213333281048822
-0.004833849987917351
-0.004194974455791784
-0.005482154513295184
-0.004434765333867216
-0.004754520297551614
-0.005732910259725078
-0.005574478338664096
-0.004465082728007799
-0.005491771108149879
-0.0048523385347680175
-0.004679521882330327
-0.005672036582488992
-0.005172364128555931
-0.005782579794830577
-0.0060659022565832214
-0.005889672427739907
-0.005325744447020634
-0.005060470120243315
-0.005409987046052849
-0.005447769696112956
-0.006317834402696083
-0.004972273625404863
-0.0055022675061243064
-0.005543805521100244
-0.00566390843825396
-0.005517700231545972
-0.006462574378770534
-0.0061004234825286045
-0.005497802737732895
-0.00597542524831518
-0.006806831949390325
-0.006510965406041955
-0.005603584714229429
-0.005915595327805522
-0.007013803754972804
-0.006840281521201342
-0.0062550968420576145
-0.006641606448626715
-0.006695594406443814
-0.006322225039027363
-0.006314685398917467
-0.007036130299476772
-0.006637947257278869
-0.0061022711205577975
-0.0060563134242699
-0.006478822712732437
-0.006710034593142426
-0.006153726463537479
-0.006718239690164399
-0.007542850691921969
-0.006399665534024605
-0.007844297615931178
-0.00673994772877909
-0.0077416282243262455
-0.006870207392978389
-0.007009249028618758
-0.007274105285377592
-0.006836356157042942
-0.007425630675861117
-0.008132792410160844
-0.008131941300377104
-0.007651969326647423
-0.007400330567684386
-0.008168168675165552
-0.007948894958742337
-0.008049744848865139
-0.007385701529846893
-0.00720732909507064
-0.007570559847039053
-0.008455800722158274
-0.008321314604488187
-0.007741282163685144
-0.008669114720184449
-0.007720340276643879
-0.008178865659423414
-0.009049774558483737
-0.00857070007321294
-0.007946221565929085
-0.008944878313900423
-0.008111411064456092
-0.008574015041984628
-0.008977674665958987
-0.009425907434585311
-0.009500700230943439
-0.00825613980083746
-0.00868336984131336
-0.008598643790787666
-0.008393558753369751
-0.009145736177305751
-0.009575159953961805
-0.009847872957572577
-0.009057593832398944
-0.009082299907103217
-0.010155100952511346
-0.010229150244373654
-0.00944533095590856
-0.009029646945671948
-0.0089377380221401
-0.009534341858454275
-0.009733675704321888
-0.009420918484309048
-0.010121507697860724
-0.00998171606966359
-0.009503246153456043
-0.010344271587895136
-0.009578726937395438
-0.009811474004494815
-0.011052868740595637
-0.009686058591038103
-0.010000830562658769
-0.010305588915555601
-0.009927727859395007
-0.011362221907554074
-0.010074114994874863
-0.010923291977979813
-0.010565307664220595
-0.010838530387175915
-0.011074334978931632
-0.010575458339068136
-0.01039897841715832
-0.010836090691191009
-0.011532484140869733
-0.011847460563402253
-0.010862559108638538
-0.011621392356144438
-0.012033720378454302
-0.012118553182881006
-0.011394000360152527
-0.011099906367934283
-0.012075988185431404
-0.011182373817799811
-0.0126548807035049
-0.01182894981225998
-0.012311998096275815
-0.012409435726622378
-0.012656015895143891
-0.01175850816786324
-0.01251835880436581
-0.012307489547583086
-0.012327825494506088
-0.01277668879456529
-0.01250912237145126
-0.012250344809528373
-0.013168356364601896
-0.012625326031135501
-0.012878862983527493
-0.012853975352477415
-0.013252680121110735
-0.013323129912130069
-0.01371902719593399
-0.012678147408530245
-0.013414020014391922
-0.013675267872073463
-0.014081118085380775
-0.012978799524827314
-0.013797557585969709
-0.013676804568448706
-0.014162872428677888
-0.014507943987773534
-0.013971281277424235
-0.013943626289654508
-0.01363501696142848
-0.01377209972923071
-0.01404873467259887
-0.01436097590916383
-0.013692815208106925
-0.015145954986447776
-0.01502073615390355
-0.014914051946802356
-0.014051557584920498
-0.01531370561561427
-0.014805603499423012
-0.015524637339606275
-0.01441325250599786
-0.014469139546821703
-0.015014068641962718
-0.01567852772648272
-0.015420616857283114
-0.01597790344898172
-0.015130659868463259
-0.015399516492917063
-0.015559364739665675
-0.01507708151052535
-0.01579973858778657
-0.016482294050601278
-0.015291933859035541
-0.015872142231079824
-0.015984063012737512
-0.016462661872221243
-0.015929093160047415
-0.015898388554703467
-0.01674070680676818
-0.01661418400436835
-0.01657968085293576
-0.016723193442720663
-0.016468137546994308
-0.016475277878515215
-0.017572490396930058
-0.016959827809114935
-0.017259481412512347
-0.017514450437534544
-0.017687498847056962
-0.017071433959228333
-0.0179729257925359
-0.017767974467771324
-0.017620781824298062
-0.017794033548614197
-0.018442703319749225
-0.018232814040678183
-0.017727586369122805
-0.017745986640322797
-0.01763827754127942
-0.018210145099650937
-0.01769680500289902
-0.01863248307959695
-0.01885439232552423
-0.019099589933389692
-0.01854847937162302
-0.019388281161554874
-0.01850348020275254
-0.018744121458565383
-0.01907535192342487
-0.01899123256225232
-0.01933142670615681
-0.019889408197904128
-0.018718386773583482
-0.019847889604115973
-0.020063407698283645
-0.019138777317843837
-0.0193462866485914
-0.019447972730836403
-0.019545509374833056
-0.020084643895166933
-0.020658658060952902
-0.019340766365389676
-0.020505626527446467
-0.01985003456607535
-0.01969792525525735
-0.020695667193274165
-0.020509897953186102
-0.02051924524211559
-0.020796877982612004
-0.020741707418235993
-0.021262940487062117
-0.020464631646411727
-0.02091415205340087
-0.021676097926230126
-0.021149264082678258
-0.02103371018162792
-0.02073417379957311
-0.02176184897176341
-0.021370441201532465
-0.02198399576107683
-0.022384577344732325
-0.022509598700645683
-0.022498378256818625
-0.022075748518838745
-0.02269840630258809
-0.022791596221106176
-0.022704239591742
-0.021850952352740576
-0.022740564197270132
-0.023080656780874995
-0.022151111062628286
-0.022859183287466008
-0.023187529824016867
-0.02249334695018816
-0.023157872190434754
-0.02321617324489247
-0.023453472629204726
-0.02298725022962446
-0.022859703496253592
-0.023483027185851133
-0.023459767283084684
-0.02312762999887491
-0.024150973516731997
-0.023936971302633954
-0.024013081886848628
-0.024619069628274853
-0.023615660470379187
-0.02334091633235405
-0.023741188677399994
-0.02407578906954713
-0.02429516473761904
-0.02426834625077245
-0.02412900915498937
-0.024246993220939404
-0.024193992941335247
-0.025467877556985666
-0.025400555438764474
-0.02535323145448641
-0.025711685720073783
-0.025818210469258144
-0.024603228340034703
-0.024888403536839587
-0.02526973197857928
-0.025937344087498388
-0.025343795474034033
-0.02606703307618078
-0.025527822734859568
-0.025295119654539004
-0.026028079445308036
-0.0252590459336848
-0.026103358311835526
-0.02577524054716833
-0.02598246849363894
-0.025840054798019093
-0.02656182732572052
-0.026447944474735727
-0.026887364163336445
-0.027304408271501823
-0.026441963924013025
-0.027114051112105332
-0.026682073186277324
-0.027113474258924856
-0.02648328947353006
-0.02767423089442039
-0.027915822212040104
-0.02722239300347125
-0.027623940798693368
-0.027742918994563506
-0.027657755474556414
-0.02709046542169172
-0.0283374051178192
-0.028329024153853837
-0.02749497680620169
-0.028629317743333743
-0.028551110921119217
-0.02844242728033064
-0.02885995580859133
-0.028512602219370287
-0.02808306907899564
-0.02796692806767771
-0.028889405833276673
-0.02900448425251248
-0.028859169785114176
-0.028473081988605684
-0.02824497401022001
-0.028545886541044223
-0.029344282641079234
-0.02926957626309693
-0.029838731311519723
-0.029286534579261923
-0.02954448209365933
-0.03000404884039002
-0.028761648133940738
-0.029105002358276743
-0.028839634315344993
-0.029846895692804777
-0.030028649789698485
-0.029562397730746242
-0.030528541204487104
-0.030034646907828616
-0.029929091364691407
-0.029970725691256726
-0.029493106740700676
-0.030105620585862435
-0.029847636422618583
-0.030922463586305873
-0.030113012815487474
-0.031205028220181955
-0.031231550433484606
-0.03090099095998406
-0.030414315115250466
-0.03141448080788469
-0.030711150323556837
-0.031192462099585292
-0.031129545366136966
-0.03137323634437843
-0.03051957154229429
-0.031441940278326176
-0.03151216306485123
-0.03151325382795196
-0.03099208786976697
-0.03136114132133116
-0.03097687288270107
-0.03196338334443833
-0.03179336776850323
-0.03169408937381756
-0.032425905669734
-0.032426767183100925
-0.03260965652673847
-0.03188306250076789
-0.03176944036497683
-0.032868944528531556
-0.03157448067131371
-0.03204582519879222
-0.03297656053828424
-0.03281757328790411
-0.0323929626686568
-0.03230575406858812
-0.032660094021211374
-0.032363597136538094
-0.03327778005863425
-0.03258704896840833
-0.032883662854078705
-0.032352173540422614
-0.03228345634580426
-0.032633787217549774
-0.03256750442060472
-0.03347498988211482
-0.03313048701008517
-0.03368199438467915
-0.03267513487788155
-0.03337102925642493
-0.03292811440311972
-0.03287029999278117
-0.0328473234719744
-0.03345721800719442
-0.033502818347103294
-0.034105937622582565
-0.033634953272705215
-0.033981924930774836
-0.03334294859138184
-0.03331178333299941
-0.033583725577212335
-0.03412972375858782
-0.03359055383030212
-0.03460314688291395
-0.03483773004519056
-0.03353345772057595
-0.034148583009148734
-0.034467835697551685
-0.03447515180996485
-0.03456121219391468
-0.03460412703641308
-0.034611717778941314
-0.03511794724140826
-0.034937905205634
-0.03517432866282189
-0.03494262490311733
-0.03499587957382957
-0.03448026117725344
-0.03533932980529735
-0.0341269810749415
-0.03459107875815245
-0.03498938317126225
-0.03416691874357705
-0.03515953126172467
-0.035655159103897834
-0.03547163363238005
-0.0349753299595862
-0.035132462780241756
-0.03581010111669133
-0.03517900795580678
-0.035660885566970155
-0.03449658436543117
-0.03446441999371988
-0.034777471992218506
-0.03559507962502353
-0.03590224131400024
-0.03577286402706048
-0.03526052984438917
-0.03562951065856469
-0.035568554195302
-0.035767565980476784
-0.035290662782945806
-0.03510750465437232
-0.03624406087711905
-0.03486832376098537
-0.03549195728324615
-0.03547078825512777
-0.03586015488165832
-0.03635512015892531
-0.03515450404743636
-0.034975707728365286
-0.03562723696358071
-0.035010845370175216
-0.03503319846830362
-0.03618085009510092
-0.03582297853069463
-0.035716201070285336
-0.036329174948515515
-0.03598377585390205
-0.03645290156381318
-0.03548909067579387
-0.036208747886661154
-0.035521795325676446
-0.03508577083029495
-0.03513569964591599
-0.035372299764089586
-0.035308366084476774
-0.03640361551759413
-0.035857510414145824
-0.03655473625919917
-0.036267915995311116
-0.03613346537553651
-0.036379000993000975
-0.03659918172588109
-0.03648349789774863
-0.03617603379368233
-0.03644468526405392
-0.03567238788251421
-0.03614043496968753
-0.03595037744276254
-0.036308707599744104
-0.036143220379160054
-0.03569814697973044
-0.036609704934443536
-0.035475587630740005
-0.03568522768646241
-0.03580955467473435
-0.03622590720814665
-0.03654972324119925
-0.03596154885373728
-0.03515807886733542
-0.03530294432520987
-0.035949045857192004
-0.0356447388029256
-0.03647547755832083
-0.03592606948352759
-0.03513647864157384
-0.03526145907563191
-0.03628207876746872
-0.03528007340184587
-0.035610373114426545
-0.035229690138605226
-0.036245488545705216
-0.03567479766759972
-0.0352034109451147
-0.03546732977366746
-0.03517926621208071
-0.03537235774891415
-0.03549799572923206
-0.03540014234307816
-0.03473763585245204
-0.03606282545056981
-0.03533529157997243
-0.03593933007242274
-0.035207105092079805
-0.03555619095127215
-0.0355295983158693
-0.035858335131934545
-0.03575876354159305
-0.03502090150855734
-0.03523806297092105
-0.03475753006190841
-0.03469023252443486
-0.03557439179450381
-0.034279224712703636
-0.03421852690810784
-0.034558967260475595
-0.034711995251535725
-0.03446157026975206
-0.03544740351769788
-0.035430231907174606
-0.03452268681471451
-0.03389797274304259
-0.03440389495958616
-0.03449981674583878
-0.03478107670066817
-0.035092811806757364
-0.033691559832119446
-0.034755011945975633
-0.033703851919276454
-0.03346564700331483
-0.034251701019201095
-0.034390384397700625
-0.03440484311621611
-0.03409356221727626
-0.03466366255547347
-0.03452479437039902
-0.034318687761014016
-0.03399375640403039
-0.03369473841293686
-0.033698350416406876
-0.033812902588893703
-0.033598042331673676
-0.0332802654701502
-0.033307019596772874
-0.03382704146627672
-0.03283336538634664
-0.03378937099627445
-0.03262529806333216
-0.0330673615921726
-0.0326824684252083
-0.03239030259450746
-0.03310736515657962
-0.03221365728325089
-0.03206122624448792
-0.03237269942242055
-0.031764930464378054
-0.0319489886480008
-0.03269467923597807
-0.03257179111855408
-0.032491243792296495
-0.03202458715523183
-0.03147008509838531
-0.03175182112899985
-0.031217550555006236
-0.03205206325942416
-0.031205837877739118
-0.032249315823612554
-0.03141789175280591
-0.03140149608437961
-0.03135939160842291
-0.03175574974170202
-0.030893151185325644
-0.03075183083648894
-0.03131511451823711
-0.03053676507931475
-0.031127589799764824
-0.031110339405621943
-0.030773511070260873
-0.03067653420309225
-0.030118483380527243
-0.029655647162689924
-0.02974634037948312
-0.03070160417747721
-0.030335364734884507
-0.03029322579478873
-0.030492754642561022
-0.029567843884786716
-0.03023041007838708
-0.029279795133588547
-0.029797844351985413
-0.02974406218539415
-0.029660752371004247
-0.02911503782640605
-0.028877792755067088
-0.029622049934985593
-0.02859154063724988
-0.02799650100788185
-0.029279660973628305
-0.028357584364504532
-0.02846563237746523
-0.028637732759170635
-0.028818227898522293
-0.027493828534496795
-0.02755095856786342
-0.02759391971498686
-0.027433345625682764
-0.02758812910660745
-0.028055391482699154
-0.02707532747058245
-0.027102566613963142
-0.027788462940751307
-0.027231232984368834
-0.026079745622495924
-0.02653647624904949
-0.02708792507390813
-0.026384162925342715
-0.025914955579093124
-0.02663503576202471
-0.026387636786738784
-0.025301881925436264
-0.02617789405874099
-0.02569990717902816
-0.02593331426129347
-0.02526017116987978
-0.0254377343266639
-0.024865186509406913
-0.0252808966158881
-0.02487024976939936
-0.023968071679947505
-0.024287884886995275
-0.023916150377424217
-0.024059410050799306
-0.024702203584566828
-0.024271586929642902
-0.023328225147448776
-0.023881227584249504
-0.02378093767172813
-0.023506123483192996
-0.023123284508337314
-0.02340988420182926
-0.023649157338546535
-0.023217400201076478
-0.023225523398997628
-0.022254938958551938
-0.023174096465606794
-0.02248421220926109
-0.02195891232549678
-0.02172176762987216
-0.02241937718215891
-0.021400223844481224
-0.021205277776862208
-0.021086898031406023
-0.021451680724830762
-0.020754823724585123
-0.02105555429300508
-0.020337613391713548
-0.020112219921467354
-0.019914937285063262
-0.019835798653222905
-0.01989361202261235
-0.020668020949161498
-0.019158919192276375
-0.02030719936897696
-0.020222528852761573
-0.019827158976764132
-0.018494533591067293
-0.018373576990197146
-0.018798935163305216
-0.01825597245804743
-0.01817244446532059
-0.019082760087951046
-0.018087723809069464
-0.01768600710649392
-0.018322732911630092
-0.01791283816375411
-0.017186229280647752
-0.017658923646310047
-0.016957119415932247
-0.01699711462949485
-0.01753904329373997
-0.016648654707365602
-0.0161825753739753
-0.016334072563605563
-0.015826011337922906
-0.01562442347985528
-0.015508945770495957
-0.015145810268203694
-0.01500779251066369
-0.015054672684276373
-0.014651918161817544
-0.015524337274491649
-0.014949156271960177
-0.015276080380413812
-0.014616386577363112
-0.014755270191558686
-0.014122001815516943
-0.014345317766863383
-0.014494263445245235
-0.013499598453894545
-0.012877138548890846
-0.013716259049010323
-0.013790878907828671
-0.013582125298094121
-0.012817735687486776
-0.012089024559277108
-0.01237814452988141
-0.0121064107211589
-0.012654272850526038
-0.011906844116008024
-0.011339503559257575
-0.011493251436041017
-0.012023751773302695
-0.01040437490595354
-0.0108461049368341
-0.010905252910820461
-0.010201258871603749
-0.00996915915843559
-0.0098338159885527
-0.009530708971816421
-0.009439736479374157
-0.009214116210740043
-0.008964615852597852
-0.009749417444087144
-0.0088143613455184
-0.008349142201371796
-0.00868850262326918
-0.008672672355637248
-0.008689146616138777
-0.008362203797499414
-0.008468063699817983
-0.008155818561035644
-0.006938750335830105
-0.0071989449899570864
-0.007342752733468318
-0.007614149813143744
-0.0068003186615556085
-0.007293792422860665
-0.0059566088829921685
-0.0055503823858035345
-0.006589892650597098
-0.00596843441620892
-0.00515533120276546
-0.005065479324030585
-0.005682622832093614
-0.0053950707218837065
-0.004571797067208298
-0.004435050927482485
-0.004389033327349595
-0.00414159682611675
-0.003609684248945136
-0.003316617209449492
-0.003036351055198215
-0.0031007552116106463
-0.002872161268292584
-0.0034892182644901317
-0.003600349693854574
-0.00249339077924129
-0.002991072597966611
-0.0027992030272737294
-0.0015729510358114692
-0.001975298818452898
-0.0017576337368246848
-0.0013148232788257196
-0.0006411941371234133
-0.0018831439004992796
-0.0009256437576513548
-0.00018826597469473255
-0.001291737048566817
-0.0006462076856653091
-0.0007891444414237625
0.0005306400942783551
0.00015783550299922666
-0.0003378020842967786
0.00046000586534953783
0.00012826335892439212
0.0007092953076900368
0.0005468762526811388
0.002013491862573996
0.0011042840926473
0.002081952740608279
0.0019019229393798193
0.002378560586247753
0.0030152138461927496
0.002239043951239662
0.002789987192606758
0.002265650147131451
0.0026572031484736114
0.003254618617843173
0.0028719171194596274
0.0031066609952370744
0.0035090698290871033
0.003501982790322648
0.004677040640760429
0.00398941479476749
0.005392020977277436
0.004239238723417251
0.0050114266755455624
0.005316187352348806
0.005370820628911307
0.006019968827706977
0.005734653312820692
0.00643252795910263
0.005793512664407141
0.006708369000615248
0.006373158783009861
0.006332293106535376
0.0065809561048611465
0.0069189716816554165
0.007304391321848678
0.006805368908763
0.007746184495994228
0.007620840732653783
0.008512129217780339
0.007613039538214807
0.008115175573054504
0.008032346950739809
0.009384875301735724
0.009332696279609037
0.008812575350800284
0.009648660163277555
0.01006592148925207
0.009907817473062753
0.009356163137843147
0.01069799972298579
0.011003112932399152
0.010478086742210114
0.01146533778631182
0.01073970105054452
0.010740090462804214
0.010797922753039679
0.01215873434352794
0.01239903571646477
0.012523575767712954
0.012568038109877472
0.011788865861599124
0.013145756153325767
0.012990844725142354
0.012100834255846626
0.012968219551039675
0.013023488808979324
0.01356908951121544
0.013345893365458958
0.013204515940995018
0.014449878983126649
0.014775341978988655
0.01405640766000005
0.01498757122690149
0.014248884267187022
0.014931006971939222
0.014707152208189678
0.015689052433360218
0.014844753162250663
0.014754575183342881
0.015432767371375559
0.016424035088452214
0.016654430146165494
0.015715762514557214
0.01594873301623382
0.01653624276560104
0.017216386041760113
0.01678882868553095
0.016324364175832433
0.017140037170720542
0.01772356965338294
0.017220416908923022
0.017389609883022596
0.018151255217426925
0.017940305561229008
0.017855428202518116
0.018252976247572782
0.017948942192493347
0.018450366864747964
0.018540162752863278
0.018424347989516754
0.019236759052812146
0.020020617137238312
0.019626024975041314
0.019955689481554365
0.020227922840026284
0.020174951283312738
0.020018509909787336
0.02009930822444515
0.020897383349849558
0.019987497209008703
0.02012026753587314
0.021493442341315405
0.02146215908108696
0.021221556586343546
0.021091087999923912
0.022254560921357792
0.02138192174043403
0.02242803369438684
0.022815014566752456
0.02155235547928464
0.022053597969278516
0.02242115844207699
0.02295613151424546
0.02355764411802543
0.023322091476406962
0.023928098784031508
0.022737314694271503
0.02290088961642903
0.023148190127891058
0.023448097307379144
0.024075437717942707
0.023714872904109615
0.023954973719901695
0.02477763895771961
0.02422787693223645
0.024888010077357223
0.025424834212851934
0.024946622960138075
0.025174867305692586
0.025508495647973296
0.02562966189638249
0.025891424727447314
0.025969414632893775
0.025176137495561773
0.025772710199706894
0.02572969615299789
0.025716043286589666
0.02591592811626337
0.025842945545552914
0.02675090710653312
0.025987827238202796
0.02688898532413627
0.02703955596146563
0.027778700038120024
0.02766069085555739
0.027630264711030722
0.02700902462353485
0.0280232438104403
0.028123292518005643
0.027931361511347487
0.028415059309191505
0.02760984533088977
0.028323948177939602
0.028930103465248522
0.027869155705209127
0.028673410874589085
0.02897607398123451
0.02905707400691274
0.028617837885602942
0.028645237157750008
0.028690993911625086
0.029321914499213675
0.02905867145322797
0.02908527390117277
0.02942754395898102
0.030206327849447174
0.030095361440828375
0.029426695710497233
0.030554319181913064
0.029868730799563255
0.030178022661663303
0.030891050897877893
0.031126469174016638
0.0305161461152528
0.03036997612419823
0.031114485096508514
0.03114090051985422
0.030953610285232084
0.031315087206673274
0.030790161469329266
0.03131913063821389
0.031605234742074766
0.03132101797943982
0.03198919930252904
0.032288962463827016
0.03145874444315689
0.03211668790453836
0.031443774953648
0.032902525220072004
0.03273305508311858
0.03254079936003752
0.032476499912112454
0.032484564507346256
0.032556742981151784
0.03249673081192239
0.03235682568723807
0.03222425166585907
0.032762875046658854
0.032675457054923
0.03280962327436924
0.03332475724788737
0.032721077070758796
0.033139070306379095
0.03306387549075169
0.03306716595662423
0.03379264483483096
0.03336948272240761
0.03407501670109914
0.033819580386945935
0.033894210530132994
0.03430220053237882
0.03438353398120238
0.034450519702481246
0.03455854929663894
0.03447764221605653
0.03479796587877893
0.03455450311853869
0.03423577666539848
0.03487773899509945
0.03425639100463015
0.0354345850639912
0.034811789848406376
0.03543798474359694
0.035474373160186305
0.03543824872530934
0.03578191847296385
0.03489312967532811
0.03487845678062195
0.03568285815888136
0.03519537092477502
0.03494470783744569
0.0349554558479321
0.036087894489477704
0.035362663596625744
0.03542570680978892
0.03607776383376657
0.03508400457940119
0.03577352377222292
0.035597508873877595
0.03520377795679765
0.03553312235144766
0.035379655402142066
0.03585694279111994
0.0358311401285158
0.035446155916244115
0.035959804553122
0.03558044708360805
0.03597509200089297
0.03616286072217787
0.03621980420285389
0.035658272288279225
0.0368163395414358
0.03667320357241802
0.036742068035686644
0.03650857090188533
0.03644921693596745
0.03662962324836257
0.03586402013924611
0.03638292907683218
0.03681802271396148
0.03695030366284218
0.0366754889771477
0.03715079637699777
0.03672473659676046
0.036651703088254384
0.03736719111809464
0.036542810506673094
0.03752814632926355
0.037361366805581546
0.036426628551743404
0.036448740836110945
0.03706324134591403
0.037697530196683655
0.03633755748802875
0.03666397136860215
0.037685020852348115
0.03708165916382703
0.03674661695011645
0.036496348848665115
0.036839350952251215
0.03726519585639276
0.0368066515642619
0.037541413726102306
0.03670433651607194
0.037206215572907715
0.0368719464743795
0.036866474733794695
0.0379560728668875
0.03774846406911337
0.03739491139020862
0.03720706633493715
0.037298112735449446
0.03690528861797974
0.03681379030912009
0.03665176341416962
0.03701801632754566
0.03654317373386621
0.0376741313441185
0.03695587485913266
0.03683004587881373
0.03707566830477205
0.03801666628172194
0.03776149241700305
0.037409233396644086
0.03702540671917497
0.037564464022859886
0.03782442646478871
0.03744121888544962
0.037348702813302534
0.03747182235937478
0.03781810340104269
0.03780161268604551
0.03794876382693905
0.037714282607240406
0.03673918092024133
0.03683698274332187
0.03777222412528355
0.037886659790538145
0.037015350931743865
0.03752597625637847
0.0373941342346876
0.03701048239421175
0.037808743317855546
0.037787783964375696
0.03723482018432663
0.037647632339067594
0.03709313153701206
0.037502516944513384
0.03735652120118094
0.03742405979054962
0.037376757443372835
0.037577252010211726
0.03763135201429858
0.037478746055880335
0.03667889400194553
0.03747957431608826
0.03613839024355229
0.03620123606603544
0.036082503084069656
0.036576621524113256
0.03731341047015712
0.03602394178952745
0.036159342510972386
0.03629935274091587
0.037271322896927715
0.03623292267049978
0.03596422426993516
0.036978750799970546
0.036578097659732564
0.03596471202977566
0.03618432455843989
0.0365458348353171
0.036766838402156374
0.03559843885716755
0.03582487699040313
0.036261234130669416
0.036605820055897964
0.0364473899079813
0.03626052392253498
0.03631146776871331
0.035349612266696404
0.036376283904685364
0.03599242893240261
0.03586429596668085
0.03552078687477696
0.036278226750471675
0.0361857775469964
0.035501839076739226
0.03608208620235495
0.03568080859236323
0.03511337215162253
0.035934921068279314
0.0349143577456617
0.03534790180589457
0.03499142462539727
0.03511124268885138
0.03531440928943318
0.0350548009935284
0.03589726909337284
0.0351538577362382
0.03530033519201525
0.035624450080321585
0.03463082712603768
0.03453002347670471
0.035351603719960586
0.0352821035258879
0.035110174741005744
0.03402770002215408
0.035028278633342576
0.0343582487503196
0.03405736681941134
0.033945660246590126
0.03401968346990695
0.0337921086498595
0.03365742895285726
0.033723696636620185
0.03416234087616781
0.033359269925953935
0.03475636691116435
0.033324203075225364
0.033942283779959975
0.0344864022714501
0.03325962100330322
0.03379959457046412
0.03397104773350471
0.033646200495485126
0.03420065990938346
0.03383688953971471
0.03378125193004718
0.03293374484727137
0.03305569078995146
0.033398080791861864
0.03355069934697776
0.03311333015099978
0.0332585368997787
0.033458380992732815
0.032241503515912276
0.032336414255618694
0.0320145730659877
0.03214439189050617
0.033137038470874416
0.03289805356110126
0.032504939387838286
0.031739126679157514
0.03229135269201223
0.032149224153101355
0.03212943382017127
0.032039493422638114
0.031312973909197336
0.03125831353770342
0.03145402709941741
0.03182605095249432
0.03172853928543138
0.03183495091795881
0.031075328822605573
0.03121569002674793
0.03129262559348836
0.030792353149599907
0.03175883863828747
0.030768265805177768
0.030498290745215414
0.030352493057852613
0.0315557755882016
0.030313612950545247
0.03050377268680412
0.030671679284907237
0.030962520045096732
0.030849870323736824
0.030755899848767053
0.03014873750088605
0.029898200255430184
0.029991092725373886
0.03010747010289832
0.030168620666202565
0.03020646915623471
0.030732915080303326
0.02946117926947505
0.029476611678448963
0.02968266151733057
0.029833523223845387
0.029886498996135887
0.03010960094067934
0.029170417556047667
0.029198172509753734
0.029406523819814675
0.02865998352658394
0.02979465950949725
0.029184873185501174
0.028431538801744045
0.02938628670383938
0.029236684082505928
0.028895362503907916
0.028048772869141952
0.028992261502133417
0.028046928388207597
0.028975243856735743
0.02879286177454019
0.027574203079064323
0.027999426293745328
0.028198574509860835
0.027566842721993622
0.028569751546484144
0.027385182876117655
0.027899091997136284
0.027283076430009018
0.027790049221185362
0.027196860369543212
0.02706861470262942
0.026666078794808232
0.027808818384254717
0.027734176515746643
0.02699756236420616
0.026578496877147223
0.02760973131717124
0.02651315079892137
0.026794830104058642
0.026420976558917904
0.02598661128275022
0.02718590092897373
0.026504203338528216
0.026716702167898305
0.026321156923954744
0.026334896928955197
0.025408605178377036
0.0264768914659747
0.02521735966483053
0.026334767052774672
0.0253809927640166
0.02625559724890963
0.025371827114210557
0.02538744233236975
0.025725791104846893
0.024707021766340622
0.024486172504908303
0.02479664357883492
0.02523806921493899
0.02450261261511054
0.02495518840761846
0.02524530835052541
0.024233020132034457
0.02422590977942574
0.02477282009446084
0.024599582973233624
0.024263294544916617
0.024046957224349505
0.02479132199103613
0.023507005623418023
0.02441582812569972
0.02364894562464436
0.023149567231839547
0.024305796966706636
0.023416599281595663
0.023589148823438676
0.023694877931451242
0.02317699562206758
0.022557975448573128
0.02385924938154603
0.022577122417936257
0.022263604067254153
0.02255668173433094
0.023078122801592847
0.02238216384245663
0.02335711986225101
0.022916959062960953
0.022881727462594308
0.021779729669225527
0.02301242867795054
0.02234066391687627
0.021422776131167314
0.021843631183934856
0.022346618260709026
0.022476260015408953
0.021504339755478375
0.02115317119320992
0.021301648829703757
0.020903936609922957
0.020931175531441124
0.021837597969968967
0.021048424827743512
0.02079491184082196
0.02059741870238373
0.021208880696695645
0.021055281678857018
0.020543481285134238
0.02007509241536123
0.02066752619721357
0.02095126990197253
0.021019374402068247
0.020908962144309807
0.020468704986371565
0.020206417919537433
0.019739928836845087
0.019453970506705658
0.020048562388617838
0.02022874752295718
0.02012149816075173
0.019578539824231453
0.02031964262753022
0.019934577580601714
0.01980080820364105
0.01897000378660149
0.019925913481812503
0.01911872053373002
0.01876035919560078
0.019200755904853272
0.019210544567286218
0.019020354071371915
0.018327132707206067
0.018752128596821
0.01884989468209422
0.01885924562970085
0.019205911606924683
0.01802508145259861
0.017867838707187982
0.018225813712820487
0.018562762649409665
0.0179700795495774
0.01751962281925511
0.018596464610106767
0.018455189320585205
0.017305617526489382
0.017942549574464096
0.017161639826304642
0.01783488989814885
0.01747188636369338
0.01759988018454692
0.0175217034866351
0.016672619503470983
0.01754380239703373
0.016605291812201783
0.017658996029002744
0.01746669839830121
0.016193825851316807
0.01614626640703623
0.01711742157153569
0.01617775866518596
0.017167665109900053
0.016164748336874684
0.016313200183876688
0.016882531559843688
0.015525802991093336
0.016134185752415372
0.015450490386579887
0.015657331198652272
0.016230516908145334
0.015401959631623899
0.015172902429191587
0.014937877568357124
0.015009326393358283
0.015106232944809601
0.015559697031447337
0.015968884271138233
0.015205913610770453
0.01588331023535374
0.014972530601954354
0.015182879962631488
0.01570771669390461
0.014208011358371722
0.014449536973078514
0.014913165481371308
0.014798264229862858
0.015310414826891888
0.015202842500087289
0.014586328988434262
0.015078010522521014
0.013875943649984115
0.013920952119624568
0.014374752486811164
0.014478688555783345
0.014631313404226121
0.014187397245773909
0.013394483018300313
0.014183462798490054
0.013717426176702824
0.013274634557818514
0.01371919876856012
0.01327934325859331
0.013714830584674558
0.01404466241239766
0.013512081455394637
0.013298830505314331
0.013838348121771057
0.01292654396921412
0.012650027602129509
0.01323744243911026
0.01337681796183744
0.012851263345907587
0.01223408385175107
0.013325522696579547
0.012058071825562464
0.012433239544596901
0.012931197286131369
0.012467739683575087
0.01272954320614234
0.012009414293321068
0.011606776372126855
0.01190444047298721
0.012271175340664497
0.012366332443755429
0.011349941029726583
0.011539334367989276
0.011851378614561658
0.011149886137458924
0.012263226500354388
0.011970527001422522
0.011545277911169907
0.0116703089991673
0.011345414740844691
0.01159141532635168
0.01123687961337333
0.01160118526168111
0.011967138822711965
0.011092952023393303
0.011464419507224292
0.01152074655293656
0.010493403067109018
0.011550348735019767
0.010865452912812908
0.011104366414327299
0.011015390745137485
0.01120946813467541
0.0110687257412739
0.011249542809915263
0.011183210235392559
0.00971236959426477
0.010976235814648847
0.009823893634300864
0.010905378633761276
0.010244147823622686
0.010351559742821858
0.00971242177093388
0.009955682518291136
0.010552828210345084
0.00981296674069085
0.009503879478211968
0.010139173128548926
0.009964762180313233
0.010383844271320494
0.009837051021672386
0.008876259861797013
0.010184878916066824
0.0088796873231361
0.010193299886224088
0.009201424723158309
0.009756427158058408
0.009514731658815457
0.009909260931496917
0.00917994882884184
0.008973201005887544
0.009758902546208457
0.009577491970121277
0.008793663353022452
0.00891735610039006
0.009446889725482984
0.008144108235714861
0.008425577482473683
0.009418225220246532
0.008438540680999094
0.00871356510742015
0.008842422147704136
0.007899404257743506
0.009025667128771097
0.008619820169371285
0.00805168060046177
0.008047105354587195
0.008311727941649718
0.00869077684368631
0.007971612847645098
0.007714389132523894
0.007593442241179789
0.008140526327917112
0.008474292808785424
0.00810496921915097
0.00742066296004354
0.007525737232206625
0.007971766059517283
0.007448841983672497
0.008380172251301022
0.007117270546868278
0.007438330006521285
0.007597388010666313
0.0075727609399426216
0.008147708138261345
0.007030623023991875
0.006934114684451656
0.007696652417490182
0.007467796848812956
0.0065471285693840765
0.006532134394420897
0.007315055620022133
0.0071777733367387065
0.006971232421724058
0.006451316444803427
0.007667005813709414
0.006734050675694375
0.00711688762117562
0.006585537157564282
0.006497902176191279
0.0071935167597366205
0.006177668581186318
0.006010219235387423
0.006309531770637017
0.006136252670199624
0.006940640546775608
0.006580123865307744
0.005933423980980066
0.006038302624758654
0.006338607839857393
0.006550092318524152
0.0055918562160804505
0.0068351512613662865
0.006444578494776254
0.006926312110204113
0.005785819899811433
0.005761318020154562
0.006197144981418613
0.006427883529375983
0.005673509799363482
0.006078423989564877
0.006586813504738003
0.005372188034048676
0.006076163292677055
0.005517215006162556
0.006486997458362252
0.00541628222767634
0.005884285027331125
0.005807404191961133
0.005519618637873975
0.005957496384948387
0.00569817991773863
0.005458431336064357
0.005630606680189756
0.004761288597620106
0.005935233688611666
0.004698266614956623
0.004826692787074717
0.00498245197243493
0.005732230487956004
0.005459659122080883
0.005234762021295415
0.004850959478835126
0.004501148471492385
0.0056462214874318725
0.004674807581307528
0.004787889259165538
0.004731745934030732
0.004583603456208531
0.004769155286899493
0.004645471482360617
0.004259724929601998
0.005415924356323125
0.004371414422471619
0.0051986109913939125
0.004039443803546235
0.004555060586979464
0.005004993055228293
0.004857711406713956
0.004714546056938748
0.0046240163054339575
0.00476178709476189
0.005060710156519922
0.0045588817581973555
0.005161743655434082
0.0048120837804387345
0.0046901028469833895
0.005144287366103162
0.004904582932935976
0.003934349910230421
0.004708511370458132
0.004165843665977462
0.004310007751818543
0.004535672664618099
0.004060544078217323
0.003507966748283003
0.0035923966098629946
0.004305709084713318
0.004108823370451422
0.004066482355460163
0.0033435055754646417
0.004762958875247033
0.0032813604888141993
0.004448803090657142
0.0034442697287218028
0.003459270701487225
0.003645802731536814
0.0032345721761985443
0.0035940018334054435
0.003550614754090523
0.004276793552320688
0.003909699414527905
0.0030854779319718956
0.003162386240491751
0.004051689573686321
0.004240506322876391
0.003265539575388344
0.004172601740622274
0.0041461708941135465
0.0036751896491158008
0.00411290707319994
0.004304266610500159
0.00280835842008633
0.00424753902936021
0.0034034717092619694
0.004203308758573875
0.003341368552865849
0.003869991512989819
0.002644218117042729
0.0028553825654627136
0.00330573084660518
0.0036487200420100454
0.002644556817088971
0.0029193882844774405
0.0038778152108046517
0.0027569526450891796
0.0038193744780083026
0.002457199378497345
0.002621149116945252
0.003245934243048859
0.0028818458325052974
0.002909165304755628
0.0027358022972977327
0.002340750698922716
