-0.0014447995142505188
-0.0012621925833279691
-0.002197062935996953
-0.0012958297346023727
-0.0022377694755662614
-0.0010606526348330696
-0.0011992884884022997
-0.001093425392973105
-0.0012946073379301029
-0.0022853058499122418
-0.0018047105906296031
-0.001567036189615934
-0.0022354280684575042
-0.0023876376882356006
-0.0012013400767372719
-0.0021600176236997943
-0.002353981392052074
-0.0018842686401071636
-0.0019311158446056935
-0.00230147168934586
-0.0017036041344644756
-0.0025020716347953567
-0.0022323422709384076
-0.0018091822655940007
-0.0025468153613149307
-0.0015707286713999495
-0.0018330496213614707
-0.0015187166081723734
-0.0019233095593743984
-0.002383464702324397
-0.0023965847096832815
-0.0025437807200198023
-0.0026192188854487234
-0.002266128440647528
-0.0028675496303557837
-0.0016824262872675835
-0.0019559344793215324
-0.002362648845806776
-0.00207931044238955
-0.002967049655032035
-0.002043145135971636
-0.0025280917066536003
-0.0020347003367291107
-0.0029674747214030227
-0.0029119015739815053
-0.002104173109335112
-0.002819986326565564
-0.003237149268856714
-0.0027037876609345203
-0.0033793852742451352
-0.002489048954922736
-0.0025593828014933736
-0.0033912230978733002
-0.002519524987539305
-0.003433073456563502
-0.003305281839652681
-0.0032352244946684014
-0.003019171938499133
-0.0029005776776534647
-0.003312655977782418
-0.0031130444347861755
-0.0036323228434692253
-0.0033550319705916015
-0.003689674605869613
-0.003555875772978976
-0.002639978732405677
-0.003833874464044856
-0.00267062930619827
-0.002554873958510756
-0.003576485865210127
-0.00319430357398027
-0.003047297051269722
-0.003999891585823934
-0.0035326921849986367
-0.003471600451690945
-0.0035489074824686527
-0.00397048413719867
-0.0038432049567094875
-0.0032613657497074277
-0.003949546576396049
-0.003111372748195863
-0.0039014873325331208
-0.003542041313197915
-0.004105762434420681
-0.0038310490794556517
-0.0032855942126607876
-0.0034597866358088126
-0.004208767877368962
-0.0033963610698704736
-0.0038749366027152968
-0.0042731915475366965
-0.004050778943711466
-0.004233941651749278
-0.004237329860928416
-0.003628740343779541
-0.004636988821069987
-0.003536052802052842
-0.0036809255253194813
-0.004391297940511421
-0.003981072935311862
-0.004092456427773194
-0.004544540247566314
-0.004176476660784379
-0.004072629961620198
-0.004174142838207349
-0.0041060931645424
-0.0038232948480973568
-0.005319659843064811
-0.0049829388287295695
-0.004265012890150621
-0.005231295963410855
-0.00434780210034384
-0.0046709171669228975
-0.0046743467858369695
-0.0041430167622274715
-0.004891351437780272
-0.005532652012150443
-0.0043601196725836094
-0.004616824493490998
-0.005521650974067924
-0.004821197495778289
-0.004595889871996206
-0.005074335751408792
-0.005598753229059457
-0.004755644198760571
-0.00487352403908517
-0.004845076107494522
-0.005505119697186234
-0.00592605844874933
-0.00605809601136423
-0.005706207608664197
-0.005873261501121492
-0.004896072869230017
-0.0058785333728075245
-0.005913558976671576
-0.006099276779187221
-0.0059910610850379235
-0.005958960684755329
-0.006571241077197023
-0.005429472163150187
-0.005451947707700226
-0.005737385275920289
-0.006374215536206855
-0.0066771925738828225
-0.005865066468651056
-0.00583877027319427
-0.006597504127158085
-0.005754535040001536
-0.0056429251078316655
-0.006669108090830293
-0.0068078919369380505
-0.007253559607711821
-0.006480940792730542
-0.00668072875693724
-0.0071271106632910105
-0.0074560540755360515
-0.006423299690674634
-0.006510543272106869
-0.007371862690411018
-0.007579999050365206
-0.006445309368435605
-0.007192271939556537
-0.0072909608709124515
-0.007808202861944669
-0.007119918777552664
-0.006691862973869918
-0.007820111800327822
-0.007932826656293905
-0.00681766387323651
-0.0068332899516277456
-0.007093159374895042
-0.0068578156825155525
-0.008315336910898934
-0.00789689506345664
-0.0076223836088634865
-0.0076465480329530044
-0.008456429094075877
-0.007143565221350839
-0.00827664647414845
-0.007297676478526187
-0.007402245317254011
-0.007785406286010426
-0.00865000618593744
-0.00797640802059724
-0.008625168998975176
-0.00783648717825972
-0.007696264231445277
-0.008968494759597554
-0.008241241079990162
-0.008956113003903584
-0.009219331100651753
-0.008148070545720766
-0.008782743329562017
-0.009108840412854275
-0.008595423446135099
-0.009018524793507787
-0.008251814352331008
-0.009246032259424162
-0.008848084025896924
-0.00924044164144887
-0.0094219330774612
-0.009762160248677385
-0.009029457944439233
-0.008748223402877503
-0.00988348082111356
-0.00880696885632846
-0.009656219276812024
-0.009916443261790647
-0.009816993400733283
-0.010058829775278699
-0.010458637242551926
-0.009412746148425445
-0.009891763317168305
-0.01041552894480682
-0.009563803153109325
-0.01033869196577627
-0.010361860403274374
-0.009489346754838573
-0.010459827730151968
-0.010290254135349982
-0.010032595566789976
-0.009754465777180574
-0.010716542873037737
-0.009879217834845315
-0.011314362964319284
-0.010637961193935027
-0.010634284981570838
-0.011259789444212126
-0.01146448404955506
-0.010316550800262671
-0.011525971731797835
-0.011543577100394598
-0.010546843069314329
-0.010976420206075954
-0.011344816796689918
-0.011355237579006461
-0.011253367859653673
-0.01174827651953083
-0.011219603628797545
-0.01237639684528107
-0.011679867392164613
-0.012390101052590315
-0.011263241838136095
-0.011627373973899222
-0.01145038081588868
-0.011620022488799687
-0.01148316828053267
-0.012218273998995692
-0.011656511713653103
-0.012875616758938049
-0.011804553753877753
-0.012702188595760364
-0.01323281869587847
-0.012256556708347311
-0.012594112270589968
-0.012818950927738866
-0.01298742914317015
-0.012972761953792909
-0.01310270503055251
-0.01236568875723625
-0.01351108349591156
-0.013670516504002906
-0.013931990234712779
-0.013240282340779298
-0.013075380954208822
-0.014109412841034567
-0.013330177977954898
-0.013398868633525034
-0.013006606208345055
-0.01448342877980151
-0.013229267202630892
-0.01445416585565535
-0.013647245698785922
-0.014681057520114426
-0.014024061548955536
-0.013640467329195317
-0.014746203998943977
-0.014098233041502217
-0.01408321931904921
-0.015249245996208487
-0.014992905448386544
-0.014143728885864952
-0.01522987732149912
-0.014838785523518888
-0.015320488282314654
-0.015002649410772522
-0.015299887983173256
-0.01554061252572566
-0.015282317080055088
-0.015209163554738484
-0.014929764886455775
-0.01592764773638167
-0.01501828513793316
-0.014978395619124639
-0.01501792953872502
-0.016526698087715626
-0.016092614972437518
-0.015472902728961608
-0.016247487290758828
-0.016665759638178623
-0.016645381217072347
-0.016766551127090745
-0.016333813892510207
-0.015716484125344078
-0.016322108985270038
-0.016747108083956012
-0.01663396486160424
-0.016423503083220613
-0.01695615769292383
-0.017033022109242305
-0.017698648375768494
-0.01672374109700829
-0.016508403095497445
-0.017702598826765625
-0.017477316598316094
-0.01782624483147451
-0.017675397137881767
-0.01715866355070426
-0.018388253116635053
-0.017582494756685173
-0.017282510500488336
-0.017708874126585332
-0.017383678325028882
-0.01865308091758321
-0.01818492830424366
-0.018435592482604627
-0.01775002560620004
-0.018711590315108977
-0.017817595111079564
-0.017947311598705842
-0.018102908414098427
-0.018310393753556267
-0.019030178636178823
-0.01846813641592436
-0.018626339818677062
-0.019118993255433273
-0.019152578368670375
-0.01940312761001931
-0.019613413568257358
-0.019496712591784742
-0.019648066217514387
-0.019656057690710698
-0.01898578315186897
-0.01974984157959099
-0.01973166654593402
-0.019803634239734136
-0.019626837178688614
-0.02042771398664933
-0.02071215979966826
-0.019640624064237052
-0.020871392215705182
-0.020910559127158907
-0.020258136468435804
-0.02048995284647135
-0.021175944030302932
-0.021187360794726256
-0.021564983064757345
-0.02098340069429785
-0.0215520043004478
-0.021167998981465434
-0.02086616262604389
-0.020803563085960614
-0.02086118902410213
-0.021435558794313334
-0.02231780966304934
-0.021856328414097764
-0.021106677762968706
-0.02197741815990198
-0.02262898981232815
-0.022625930229651533
-0.021810998257022464
-0.021800186853582187
-0.021946507997460268
-0.022968543348274934
-0.02311924012477461
-0.021913859104619886
-0.023219272360917687
-0.022839957061410378
-0.022521596427638266
-0.022790585368639215
-0.023663365230682472
-0.02246402820909975
-0.022572602167371537
-0.02371586569356614
-0.023638542011224475
-0.02305233385222591
-0.02301870087370328
-0.023467458814681003
-0.024136442194361153
-0.023635714852346525
-0.023844782108004746
-0.02353957721001341
-0.023705985997239016
-0.0235612607818661
-0.023482976901662594
-0.02363335051682708
-0.024669004698596404
-0.02521659664276584
-0.024124329319893147
-0.023961950006213352
-0.024762108846816063
-0.025191059830591417
-0.025027141460614105
-0.024463118222979117
-0.0253895669472441
-0.025858407868755297
-0.025036085270495043
-0.025076799763990167
-0.025313928776831834
-0.025423150383173297
-0.025426047975404705
-0.025175740143987876
-0.02586147677863479
-0.02552685510888611
-0.025361971673060618
-0.025730632183289134
-0.026573908223868292
-0.026204672586566138
-0.026901870047052103
-0.025650113631626194
-0.026233940824586955
-0.025887421714222633
-0.026013548232584983
-0.027272575500880993
-0.026706393699747106
-0.027359187610812716
-0.026919015206275654
-0.02658726928928554
-0.027752306570265846
-0.027045088684580765
-0.026973679600649794
-0.02801507725435858
-0.0278127846916337
-0.02773310749121515
-0.02711312743774013
-0.028053401942688953
-0.027666711881148474
-0.02741531975861446
-0.028667035683680397
-0.027904635012273398
-0.027629674747816697
-0.028433346556119805
-0.027505977536829075
-0.028458848886010205
-0.0289084126644193
-0.029135918019864163
-0.027994594802987823
-0.028287541460309092
-0.028176287836663132
-0.029341274658455388
-0.029647528755552627
-0.02953514978616743
-0.028500948414916533
-0.02932432826690662
-0.029076177531145105
-0.02871459029179715
-0.029960591998143944
-0.029501548910058083
-0.028913612157344133
-0.030256748779587606
-0.029979488243954643
-0.029265543393849694
-0.029268089206507152
-0.030080264965561602
-0.029466580405838
-0.029725422326290888
-0.030558980705555717
-0.03002744858769125
-0.030040654428174985
-0.02961916726260273
-0.03032248806968199
-0.030377534441386713
-0.031001415054678735
-0.029914919375574008
-0.031389874146840774
-0.030098347213068446
-0.031394570523769816
-0.030777013222517243
-0.030649734903079387
-0.03170067946931122
-0.03162344751101447
-0.031198962093211845
-0.030734245219025045
-0.03186016258005964
-0.031871701757760884
-0.03109558000713946
-0.031345109007294425
-0.0314051845191276
-0.03234707520436492
-0.0319428803386282
-0.032391857828199415
-0.032303234744682933
-0.03266286703893286
-0.03203671085658283
-0.03139620874624027
-0.03139299152477319
-0.03240157383913614
-0.032486912677128846
-0.03290779417924395
-0.03210421330563671
-0.03284608666787481
-0.03261255461898877
-0.03261885044171045
-0.03295984321596415
-0.03332779169398715
-0.03228340767315406
-0.03259046046357918
-0.03220328297924121
-0.03358379650650888
-0.03240439075696953
-0.03337133633420401
-0.03292404893405551
-0.03322094087529879
-0.032659168097477556
-0.032647504428198706
-0.03388336632553949
-0.03299922884111836
-0.03409454490579165
-0.034178371721023414
-0.0332513065165866
-0.03318067115004773
-0.033213615719984206
-0.03363052063539906
-0.033990061263051825
-0.03394217898492321
-0.03424691613763575
-0.033624103037729024
-0.03415133733675678
-0.03462014987346816
-0.03432163944071458
-0.034471288532902586
-0.03483574727536413
-0.03447727497260482
-0.03379092971598355
-0.033948668737736255
-0.03500498056401318
-0.03430604714744108
-0.03506537824948587
-0.03386062890737912
-0.03454667603812944
-0.033866433263832825
-0.034509415133390696
-0.034413947151293874
-0.034704183915814625
-0.03519503360564211
-0.034664016949870695
-0.03442445549550417
-0.03509388059473184
-0.03421713156997126
-0.035179864102941084
-0.03559817029960338
-0.035195288461037526
-0.03438025619033357
-0.035145318137537726
-0.03507635358050334
-0.03486649809877338
-0.03450577207507282
-0.0347724446575468
-0.034993738502528925
-0.035234661710084346
-0.035087732290237386
-0.03533767874691569
-0.03591094857789291
-0.03534935004198076
-0.0347219087294453
-0.034800451735179753
-0.03569035867703509
-0.0361056662989736
-0.034839964418553936
-0.03618916262579349
-0.03529422234596427
-0.0358038350646038
-0.03491511999139677
-0.03609037080611762
-0.035632360968718475
-0.03493248039706696
-0.036032262813841684
-0.03577121010741115
-0.035238070575274505
-0.03545629017249136
-0.0361064393578348
-0.03578733633893408
-0.035127937514912985
-0.036263388060394273
-0.03506738932761596
-0.03641826937615524
-0.035491607915157146
-0.03650221810994032
-0.035447481264130026
-0.035250098905785794
-0.0356403531029538
-0.03632156700124777
-0.03590187310280722
-0.036270709430476784
-0.03553472891333138
-0.03643501681121798
-0.03614446453379023
-0.03657744035892698
-0.035209120295012435
-0.035596309470160355
-0.036085594767758834
-0.03648672216494163
-0.035878701137035666
-0.035549480480339526
-0.036581459054591606
-0.036016756219477246
-0.03565779320231835
-0.03523585086661661
-0.03602412621474318
-0.036636672630336264
-0.035167889710372144
-0.03625713497901935
-0.03540818608840692
-0.03537256276892642
-0.035822082614137996
-0.03582736857892926
-0.036005211543751185
-0.03563944479543553
-0.03598303325104424
-0.03523811289577915
-0.035600281431304504
-0.035732742930701666
-0.03638295788571159
-0.03593185412676184
-0.03561381459710877
-0.03498906191666824
-0.03637952847949802
-0.036001956965328645
-0.036008976663690025
-0.035472877284141106
-0.03519395813673376
-0.03567818992923325
-0.0359172376544087
-0.035600574330256554
-0.03518377380830267
-0.03563326234922583
-0.03480912950640275
-0.03548292308520576
-0.03518548445970273
-0.03475908340231003
-0.03555537716568815
-0.035199931733109216
-0.03507045265501691
-0.03529797621533015
-0.035643546672672895
-0.03588987941146357
-0.035401382923427774
-0.034821977654167585
-0.034445395129369026
-0.03507463283351346
-0.034568492510922984
-0.03435934395840041
-0.03541324673027569
-0.035534893092286614
-0.03445634617734023
-0.03450699858346726
-0.03529140313159192
-0.03528459392475799
-0.03473078333691596
-0.0338614170855622
-0.03420239033931069
-0.03440923731761032
-0.03502975950702705
-0.03510572564977918
-0.0342457815415504
-0.03357048762284102
-0.03369957404922307
-0.03409517681410157
-0.03434163031884235
-0.033455803681196036
-0.03420675528825282
-0.03338396003175921
-0.033414889711541836
-0.03315229596042547
-0.03444072217332185
-0.034089903861034616
-0.034376458750739664
-0.033703306721341524
-0.03381367106812073
-0.03333476254919689
-0.03354105886805266
-0.03340686548278423
-0.033758775518756765
-0.03265593553932116
-0.03360253991537162
-0.03342443675297702
-0.0333881831492015
-0.033217279514792065
-0.033376574147631115
-0.033008101658152884
-0.03316449751106325
-0.03284071111469176
-0.033274604847681945
-0.032635500780034764
-0.03225619905449519
-0.032678472467119336
-0.03214985994607879
-0.031488126145931376
-0.03168696649125797
-0.03254809478834081
-0.03145714899215336
-0.03214361017645595
-0.0316351482516831
-0.03188216418792177
-0.031499653751913784
-0.03148569846820719
-0.03193171416952925
-0.03141627837451216
-0.030999034781932597
-0.03082660694734912
-0.03134854542867401
-0.030776339037752565
-0.030275359856327882
-0.030480785673309405
-0.03099578530299357
-0.030540035770715717
-0.03119820767604977
-0.03016791457754913
-0.029743518826066538
-0.030390144342243637
-0.029390727816523025
-0.030121122665606553
-0.02971424296593113
-0.030221896636121282
-0.029189804304680166
-0.02978814791955617
-0.028820838504302605
-0.029494274557375952
-0.02957669869311869
-0.028663239742309842
-0.02970897919705625
-0.02939666993002869
-0.02958551033753936
-0.028456894264426796
-0.02899797933458105
-0.028252937153766502
-0.028405614025814947
-0.02876144733243734
-0.028579401645851564
-0.028335733369299742
-0.028306212201121318
-0.028108256813159434
-0.028061946130802456
-0.028309733931767493
-0.027253732703503345
-0.027184927812414692
-0.02801913705201823
-0.027075240591080407
-0.027621570670755182
-0.027320303512783056
-0.0270175165102186
-0.026509150783065108
-0.02633449752944052
-0.026343367777702263
-0.0265354132664904
-0.026587150764663843
-0.026619614140182265
-0.026578157121897133
-0.02626962417433069
-0.025788590419484267
-0.024835476899548646
-0.024719998943239258
-0.025118334891775743
-0.024769484211821877
-0.025640818280500122
-0.02476574058062493
-0.024433100640669284
-0.025148615927638084
-0.025103827374093092
-0.024271399387298578
-0.024271476819749477
-0.02344609452629306
-0.02370226132214753
-0.024424084051120065
-0.023258058705492433
-0.02419337255622769
-0.023225649101914565
-0.02355644250600337
-0.02333726127835287
-0.023645496844716063
-0.022614043431070537
-0.023028534509280867
-0.022844119770186078
-0.022273038095449615
-0.022605016699867676
-0.022695779037551357
-0.021878294681971364
-0.021456860389178507
-0.021431192572587316
-0.020948542730243744
-0.021102292219304562
-0.021735448141746994
-0.020915971614392608
-0.021033759823164314
-0.020317033473272173
-0.02091726714063465
-0.020142363559999182
-0.019503744937346305
-0.019473347434906054
-0.020079156978959706
-0.0198469827068759
-0.02027970327553862
-0.018708922724846998
-0.01934625077981671
-0.019456673987246837
-0.018881479805050515
-0.018367416116421797
-0.01797468098571908
-0.017982052828930187
-0.018578903578207753
-0.018271625197256232
-0.01756274936510647
-0.01838322373653194
-0.01750030074872409
-0.017708665665398183
-0.017255880956782703
-0.01667486957061894
-0.016411913226391368
-0.016712650019479403
-0.01729389024550292
-0.01665921817137497
-0.016064904050829616
-0.015857258078250787
-0.0155768922723941
-0.015545952435271338
-0.016258049206560845
-0.01564281896534714
-0.015325323572327926
-0.014354166031993746
-0.015082811665898614
-0.015131669061846308
-0.01416820631152351
-0.014888743825542146
-0.014227692203451584
-0.013253339257540003
-0.01423696834780665
-0.013475917219651802
-0.013046095384375645
-0.01276502498406599
-0.013824029004147188
-0.012659632468849713
-0.013142877414070516
-0.013063083545246837
-0.011609780377291396
-0.01230931186490358
-0.011992075092682285
-0.01245009798234836
-0.010955394789683692
-0.011023306864655044
-0.011294441963244707
-0.010519862108168944
-0.011627677400731737
-0.01125531556860235
-0.0100783568657758
-0.010842925536950434
-0.010911324005055307
-0.009321643527135907
-0.010470672593982808
-0.009878187603705997
-0.00898918443320331
-0.00977177560621362
-0.009256556746695175
-0.00844738348964241
-0.008542929635959429
-0.007821873049552083
-0.008069277793956072
-0.008231380971397669
-0.008054411213212058
-0.007718871081606089
-0.0071519651976079705
-0.0076136098227086975
-0.007330790211598174
-0.007619549286411272
-0.007054118420894397
-0.007328619033377115
-0.007027681540271095
-0.0068034076500657955
-0.0061533771576621045
-0.006078242925501859
-0.005833083937138502
-0.004859346583045028
-0.005319829839888665
-0.0057584417717441135
-0.004467889571182123
-0.004450873043579925
-0.004448606809449487
-0.005000529499813379
-0.004831402137225643
-0.00451041642438964
-0.004273188072775816
-0.0035088631446795883
-0.0032315851286899865
-0.003868951242919096
-0.003086007385875708
-0.002085435804437392
-0.002676081830462752
-0.002184548006199224
-0.002853570744641414
-0.002170561864526278
-0.0011463843157171975
-0.0013532163166509585
-0.0018860878174907453
-0.001101815816693401
-0.0017212259059025136
-0.0008182856925714025
-0.0009384278867562455
-0.00030639176365252944
-0.00030976259879780837
-0.00046367489136861154
-8.413587508706068e-06
0.0010350995358087056
0.000754050137516304
8.993618013292073e-05
0.0016557153999337047
0.0015540044055138641
0.001194992263856409
0.0022321655536300103
0.00151159677665405
0.0025864416574486243
0.0013945836953233397
0.0021750135920579183
0.0021822844192693636
0.0027491681084710643
0.0033930676169172634
0.002352111772065477
0.002886568006496392
0.003447257765186973
0.0032831340932605708
0.0039050659620593494
0.003671498674062696
0.004502842208118229
0.0051258643794052676
0.004260669401775223
0.004902702302678717
0.0043638526548996324
0.0047672357310543124
0.004784173262878748
0.006226159815761793
0.005571759057964931
0.006604227792649599
0.006621598047936686
0.006307191460698776
0.006071338679167345
0.006756901408652257
0.007204111152654044
0.006651260779512373
0.007702181223524229
0.006863578498191928
0.007893997599137864
0.007589373716207034
0.008297794984375467
0.0075918746971867295
0.00805777229667012
0.008312190618367632
0.009394079857905338
0.009233066540995188
0.009467855715535727
0.010118963709876057
0.010274300682740276
0.010299513328715015
0.010125419845834371
0.009848470632696346
0.009879792989147174
0.010608132659820234
0.011080106142485762
0.010689351406802957
0.01168499179540554
0.010906066602188163
0.011153589718808005
0.011389578858187506
0.011581271863691867
0.01196472370427669
0.012826610714320901
0.012546784679392454
0.012002517497121754
0.012682151794582973
0.01348947362757112
0.012875315505758201
0.013697423622338261
0.013995007931197479
0.013302620357539974
0.013952325673148695
0.014378990732312202
0.014210365384753827
0.01494479257662338
0.014671019806856618
0.015491888428467564
0.015643974991842235
0.014812926407349231
0.014888246857172854
0.015317766331782818
0.016237744408959927
0.01622167995742555
0.015550823981498057
0.016005705111555003
0.01605008111747552
0.016293585863099275
0.016238680716004393
0.016620143601309416
0.01638306642568258
0.016880382271692907
0.017181527190451396
0.01755764302157195
0.017122510804869
0.018453672703515642
0.01798625207175375
0.01869038547322681
0.018947007106541878
0.019232107935511687
0.019238658188621905
0.019583493231065303
0.01833570880838119
0.019843500602525276
0.019198778713759423
0.019467036771680005
0.019871282010509382
0.020524204631003694
0.020300253523622698
0.01961776698983745
0.019734318365762737
0.02043697082833481
0.020509761703747284
0.021559280816927057
0.020529652739013284
0.021169111698616322
0.02078088437174542
0.021034949312081757
0.021694105259801467
0.02241125405148485
0.02231018658369692
0.02283235754867508
0.02227735874592477
0.022465716713850396
0.02196095858060983
0.02282925532817964
0.022920869670269052
0.023026311479725132
0.023900071117434946
0.022621127211244936
0.023403205553975653
0.023403209435858465
0.023572736310398395
0.0235425960728134
0.023366803576524358
0.024305880810785257
0.02430394532431412
0.024659734090374263
0.02512236745921128
0.024203876718113103
0.02477445056378409
0.024559757568018977
0.025860786129117318
0.025696112045651552
0.025996354994675872
0.025391892028863806
0.025678012896055126
0.02579017797398555
0.026541150051953732
0.026140462664574145
0.026236093384840363
0.025934254210193637
0.026948179374115075
0.02691016184573908
0.027209276539297684
0.02632092889686379
0.02767843326600209
0.027642790810187945
0.027930031159727465
0.02736730285927563
0.027863515643562334
0.028406949669723226
0.027999731303233768
0.028681716844986223
0.027715029088539025
0.02819653680149122
0.02890562476202865
0.02852105637645867
0.028440592378280397
0.029427777393309422
0.028850406259277355
0.02898891658792237
0.02912656603063358
0.029686550158505177
0.029144883898760778
0.029502574863579722
0.02987075585321289
0.02914029871667022
0.02951044053085824
0.03043188998051189
0.02988436234745143
0.029788826335263714
0.03049674439657587
0.03025411319766598
0.030448250559822393
0.030283157460771537
0.031061921197715888
0.030793189344720084
0.030417465196565737
0.031160455399182205
0.030923774608560172
0.030800985960549507
0.031620323727790875
0.03094668341810086
0.0310403577326986
0.031056140331566135
0.03169076884446478
0.03137295180722802
0.03189620850883682
0.03152042069041105
0.031491306899035384
0.03222221567236243
0.03263767093717475
0.03250283032142975
0.033107554135247325
0.0326656658058031
0.03318966160171754
0.032885299137326386
0.0332798969559228
0.03261073585840639
0.03267033709306537
0.033719533491264095
0.032635354650172484
0.032491258851070924
0.03388584297036844
0.03377087377818469
0.03314602542279154
0.03296414115598974
0.033202091681330065
0.034460206864172775
0.03380640091749002
0.03396469574620376
0.033374313013605834
0.03396949914886373
0.033443292594764355
0.03409626982395747
0.03432452758487174
0.03472972493611225
0.03439451487366782
0.03373895075787219
0.034863924910171235
0.03471372628233652
0.034752850995674926
0.03506346277213826
0.03512198564164645
0.03434616801583416
0.03435828125651863
0.034485690062273096
0.03509072125412277
0.034448764962868965
0.0354682069079609
0.03556875351774597
0.03537753009754192
0.034954595525415605
0.0354939324370887
0.03568158875897815
0.03553490239908069
0.0357872980416459
0.035788882277935766
0.035635865876701214
0.03567790812828774
0.03626545194716922
0.03517472019871356
0.03537242528044725
0.0362457164255639
0.03522610709874498
0.03547310943320259
0.036736823795036906
0.03670677331307594
0.03565397772189317
0.03589140000823567
0.035784056186304
0.03668299006606779
0.03622543278165566
0.036610876729203205
0.03648662074594167
0.0366259105628527
0.035753597903868055
0.03698489463731449
0.03723011665696722
0.03699882269852457
0.03708238389301739
0.03701582877537819
0.03654773850396148
0.036154346623946954
0.03749054273853804
0.03717447548124879
0.03694222534864005
0.0366590096218134
0.03726917623918917
0.03754353570222024
0.03738684819155053
0.03642691095547609
0.036823261454689324
0.03662682538035858
0.03732359588101322
0.03732842744622084
0.036860394749400616
0.03650788562962471
0.03751330080238038
0.03739063665266031
0.036498662741829786
0.037309556169048796
0.036933653919683576
0.03750859523415381
0.03782615231184471
0.03735534611891029
0.03770332369551113
0.0365715304398255
0.03755387175197556
0.03744932668040058
0.03672507331618219
0.03675293113476931
0.03742291365314993
0.03783426403522652
0.037008419419991015
0.037618599869382784
0.03795196283065284
0.03799001310052058
0.03689320092174934
0.03733823157728527
0.03778452990089482
0.03681098195120096
0.036982806937178564
0.03732588831958872
0.03796183692470627
0.03784821946698265
0.037313045551337395
0.036793008549000215
0.037200120413797146
0.03707609303414239
0.03676306771076895
0.03793857838798092
0.03723751102562813
0.03752579862288553
0.03717531685102915
0.03687478895493716
0.0367632683472664
0.03773192285481915
0.03659505205132531
0.03753742581725693
0.03685556540941377
0.036976981369683484
0.03753602135968256
0.03741819861678846
0.03700361649220405
0.036685351448692796
0.036823540662009144
0.03726040144902297
0.0369882434897116
0.03626916633951232
0.037226357173297274
0.036224540597923134
0.037039644631714365
0.036390879726654786
0.03724826700332776
0.03740990732316104
0.03701651816860569
0.03752455585278316
0.03722796106442263
0.037093156804359456
0.03721143760220015
0.03702645440839778
0.03739555501399026
0.03628352840392734
0.03613866146747038
0.03673875525152137
0.0367325307942103
0.0359034994393383
0.03716665049575662
0.03652592472411016
0.036366500829354054
0.036941424300734785
0.03652229087823448
0.03613660269522062
0.03593095502407885
0.036274749406372805
0.035842934533918076
0.0367181131839335
0.036438764216916976
0.03537724990600811
0.03612022103600495
0.03599873455579049
0.03625801607550075
0.03534777578836795
0.03588280100571788
0.03598158673285628
0.0351984967363787
0.03630372480673346
0.03614684433909435
0.03528284076924356
0.035370463734906224
0.03626277492354288
0.035089045585032425
0.034863230055900266
0.03494337458768679
0.03511089072501537
0.03480451316981697
0.035315711664738084
0.034799916140880426
0.035956955392498255
0.034603818613746146
0.034608176089005925
0.03432644236195882
0.035372779478650265
0.03450025915248089
0.034927119022388854
0.03529228770542517
0.034328590850800464
0.0348284828599298
0.03432877995169471
0.03535327058315161
0.035035346387706744
0.03478555542128274
0.03384941345532511
0.03487936437022041
0.034944454219007916
0.03391327432045852
0.033695942128310626
0.034577264049380885
0.034750724917261035
0.03341489422839704
0.034147762001252115
0.03463751205132226
0.03369412017652728
0.03331697459578184
0.03309235519200094
0.033281576616996274
0.03335484480390601
0.03421932317967613
0.03422696800473181
0.03405232069141362
0.033834324968543716
0.03256290097363668
0.033118730970145525
0.03357916637765235
0.0332400756174381
0.03340078848731882
0.033051703459406265
0.03265193346689348
0.03348733406280004
0.03201802198772378
0.03218365609333702
0.03246947910025771
0.03317150171818695
0.03238022324761901
0.03239122268308566
0.03191473283527402
0.03167496114957789
0.032907472836152814
0.031988488228244086
0.03189982139420141
0.032740603484432335
0.03194857142270729
0.031413198289229366
0.03134379793530607
0.032275165799989354
0.031620442508837866
0.031211596533950545
0.031300604588584545
0.03069418490255243
0.03196322355408776
0.0319938246690029
0.030623994902512674
0.03035843894147846
0.03053232618206207
0.031054669296242683
0.030945075119490493
0.030204609805603435
0.030323730789784894
0.03082942083748893
0.031187974482454413
0.029857992749581362
0.030591275487856964
0.030705537188319507
0.029710874070329175
0.02983060255667319
0.030333751977030986
0.02986451835678755
0.02944171545040991
0.030348049713928918
0.02985015341724221
0.03031584837556365
0.028986327344114254
0.029734424745670895
0.02921492645420288
0.02947612665461734
0.029881275318697956
0.029698568995715484
0.02918648165428987
0.028527915335040243
0.029239268387968146
0.02894498757898982
0.02885578076833141
0.029280525655023294
0.02892072547229314
0.028414401393688542
0.027982271537105016
0.028602566362534835
0.02777123103691635
0.0285525435968541
0.028484907280050813
0.027537412675813274
0.02759438173405783
0.02801634970385639
0.027308908119239993
0.028319667346312513
0.02819643909727683
0.027497765525708415
0.027284654288623138
0.026996588773597178
0.027519191534154462
0.027030101923214107
0.027303521901485512
0.026876062712782565
0.027172187422594387
0.027485208537962325
0.026838940962531713
0.02672696017652788
0.02643269502820713
0.02604193131105137
0.026538352130798526
0.025909329662498905
0.025851635579145334
0.025608894281270347
0.02617949734847659
0.026333622279312845
0.0263448381500049
0.025149175144158414
0.025627724678521428
0.02619474203886713
0.024991728263513743
0.026022691624350103
0.025683138085335178
0.02518123667546705
0.024498445002478615
0.02509940928657655
0.02581165433202527
0.025269839600337837
0.02508509424154991
0.024415914517450652
0.02461245808872949
0.02410983532866137
0.023968979703006335
0.023965668107062764
0.024947835496532126
0.023740068562090027
0.024661005914238875
0.023757399323084946
0.023635278818302193
0.02402621260853989
0.02365166419381709
0.023781195533149745
0.023994951635106516
0.023365111538319397
0.024175521125173877
0.02310492709927673
0.023315331728003347
0.02322647622066679
0.022994366850221645
0.022428983664776112
0.02321337047205261
0.022823315017945794
0.022216811772593555
0.02213845691169309
0.02309468415335717
0.02219465732541669
0.02198665351586976
0.022672979415839803
0.022012978299085276
0.022259632545838636
0.02166293097397201
0.021556037877863473
0.022454583357911596
0.021994306966542105
0.021666304855777665
0.021910886270465706
0.021649373227144567
0.021064509941643127
0.022086386130886256
0.021504789423160087
0.020753875509989195
0.02071633313095902
0.021761848976492935
0.021250143198204653
0.02138606936310806
0.02100058683706621
0.020783221905824104
0.020477340574270572
0.0207699437398806
0.019980191603255166
0.020813520022249826
0.020581304582929505
0.0203664142181636
0.020685862209189144
0.02035263359598392
0.020330402988800438
0.02028368003521314
0.020130351547304068
0.020327042028642873
0.020176617051623342
0.02008318680105729
0.01976113269205253
0.01942635246409462
0.01992186551515077
0.018629878310531717
0.019366462967592847
0.0197754728208946
0.01846978651578141
0.01936217660763195
0.01822820668186068
0.018580852020898306
0.01845663328101223
0.017987024955615133
0.018949731504811412
0.01769394601800337
0.018541959626462684
0.018538725402346183
0.01870755393791754
0.018073414675888366
0.017675671270102822
0.01730667048111616
0.01763549373078167
0.017875094282312726
0.017029550773331396
0.017563919419547575
0.017454890883655618
0.01780870687130297
0.01799714048919781
0.017492497533009233
0.01698351852688899
0.016639990403763915
0.01759494131456831
0.016542757257354424
0.016610217371819457
0.017395580469625277
0.01636904482432712
0.016522523488840618
0.015923078090322784
0.01622139668285937
0.0166306302462694
0.01600895020366437
0.015748501989309802
0.016127660474527825
0.016023873629328767
0.016305448984888046
0.01584377821799272
0.015771358743883572
0.016566785481094765
0.01575753423841271
0.01578233025428618
0.015310736559823235
0.015006871331813491
0.015865892593685336
0.014964635765051042
0.01566463066674883
0.015822005562602427
0.014404857612885558
0.015506141638649813
0.015499974033402765
0.01560389856985576
0.014153497849632024
0.01505647998330603
0.014989110449290306
0.01474791781972338
0.014209887084671436
0.013966549345878205
0.014419069664719007
0.014550484777367544
0.01380289848809589
0.014550072111047046
0.013522914838710513
0.014123743281451608
0.014322460050385108
0.014527019916041077
0.01450298279137597
0.014169548091357941
0.014267258945793511
0.013988442093086683
0.01397828662719287
0.013679696336844883
0.013851947965949884
0.013873175912908159
0.012921085310582914
0.012762373654717654
0.012895573947987342
0.012402269582882769
0.012255990013553443
0.013161253626944017
0.01216147323753961
0.012827236027883104
0.012839764666896817
0.012556904702538405
0.013129946451472536
0.01202402693935489
0.012582530738743715
0.012264373022941902
0.012065669087788002
0.012358114244457893
0.012423403376727593
0.01286692490593949
0.011677014410495056
0.012562741605914467
0.012562624257266937
0.011730007574928541
0.011513327766942036
0.011587597402554274
0.012071694473244063
0.01148887245772606
0.011432259118423214
0.011823951886436328
0.011188009407221797
0.01165590647875
0.011357065252195778
0.010760340765415473
0.01129680363778769
0.010424585206290136
0.010826877085356193
0.011717723187293902
0.010567288078193675
0.0103103694588807
0.0102603744318335
0.011353194570183946
0.010624148528353198
0.010465301908347583
0.009911704457005968
0.010102083879054636
0.010527514154430437
0.009829202547426778
0.011049871341860805
0.010628982756425941
0.010338106899438187
0.01091137867508268
0.009379278430848426
0.01074057391152008
0.01002856779102586
0.010620902113503652
0.010631122075453631
0.010017476332229457
0.009696912750243314
0.00989761089127342
0.009694147880398796
0.009450871717426066
0.010084557083742871
0.01017084026957337
0.009708473775457546
0.009026552638210969
0.008891875127535743
0.008833461358032167
0.008920329246563772
0.008794755295754582
0.009384197904026769
0.009346135992066209
0.008366381549500285
0.008477398374442141
0.009596003093602134
0.009134398515535661
0.008607588489632731
0.009400366906030898
0.008485324256291824
0.008689254639351397
0.009234866781740153
0.008871649729639507
0.008709533038925497
0.007846861034216446
0.008542811469731253
0.0087866637958572
0.008777265835633728
0.00809997290599538
0.008478535145726216
0.008077074514615942
0.007407210325781496
0.008206331852412867
0.007666659822240841
0.008404455125847761
0.008583524164405039
0.008087649690980001
0.007616371572412454
0.007684009816502096
0.008307627046053753
0.007511513513022434
0.007588836728424384
0.007686666334588525
0.007701717644356587
0.007511559669864598
0.0076484123983220145
0.00710367908809771
0.007522791434587345
0.007029908126188855
0.007928954382215057
0.00741554029504696
0.007260786980070204
0.006867569742319028
0.007528759040184948
0.00675087838350377
0.007764068220026226
0.00635058438599687
0.006275654601184523
0.00687445680057156
0.007070459939236094
0.006422880195761813
0.006508170842527691
0.006842526489218053
0.006366681132600866
0.006883380865646968
0.006586814719095971
0.00703845415763429
0.0057843673834636995
0.006062507927190675
0.0063547019242039225
0.005744628788070108
0.005661307859555904
0.006021937632780157
0.0059119143300428055
0.005546978506666729
0.006829176235351336
0.005683786049201101
0.006118967421541355
0.006264610592275147
0.006446834224786757
0.0059252453197588505
0.00608213803330651
0.005962781074520218
0.005977990295619302
0.006512649859269448
0.005837905204845141
0.006183151110903485
0.005288893667080466
0.005620680611541537
0.0058500426830479626
0.006044401053780885
0.006215147905561809
0.005827852821818897
0.006223251284615944
0.004963351346098636
0.005947923928403285
0.005588944546891581
0.006105969132540499
0.005686573222565921
0.005384771836465796
0.0056868934806608516
0.004559698933756221
0.004979545416112001
0.004857990588151455
0.004848220920641889
0.005058973683501671
0.00563031979984982
0.0045222178415317725
0.004360168622060702
0.00505261996118378
0.005416622986125653
0.004535200364118522
0.0049505423419029014
0.004422069186982939
0.004470881632801562
0.005471037909598391
0.0052039693716504345
0.004961336779893454
0.004602319626371344
0.00515709952656861
0.004146053338986712
0.0045520088283770715
0.005347234340008007
0.004959004389692064
0.0038386287856099184
0.004561333080116082
0.004006869058524633
0.004992292600088355
0.004559615788354985
0.004924458850061302
0.004975486597847083
0.004364173212670337
0.004121420341549856
0.004875912604097998
0.004754136589530653
0.003987860940564031
0.0035334002754755763
0.004330378176253109
0.004055970705005689
0.004185269866000634
0.0034542682589980946
0.00437486202824939
0.004205414381939024
0.0033442406807496087
0.004511283174215151
0.004042046548229744
0.004625060244927227
0.00368616898230542
0.004262310707857886
0.004427850326503529
0.004252642071216492
0.0032166584384500326
0.004019231209656842
0.003513967093398968
0.0030001138109840755
0.0029916542307504347
0.0038082656206727384
0.0038730837545774277
0.004248012413375024
0.0038418715090693953
0.003272375961633279
0.004252549572509328
0.0035484335496472888
0.0036252905952974526
0.003168954361293134
0.0030904910572511456
0.0028377258360103206
0.0028446928013122564
0.0029448270641002083
0.003994288231748993
0.0028618250713527515
0.002606136080863885
0.0026413439676530853
0.0032228573395322088
0.0029305377581592055
0.0029851987437993703
0.003596847430443324
0.0031843072822015455
0.0036069257687537976
0.002572014032198621
0.002679357371833864
0.0025831239650271746
0.00259510437380832
0.003186386200958819
0.0024904320831159676
