-0.0017732624262287674
-0.0018862925794292833
-0.0021432926994728275
-0.001791968768689628
-0.0011338826235601962
-0.0020088509426611557
-0.0024142813721137824
-0.0019215216234694237
-0.0014218753217898384
-0.0018447423569928978
-0.0013308628248113663
-0.0021139341487889734
-0.0016945404598891535
-0.0019738515313882077
-0.0017054529114645008
-0.0015980432282087917
-0.0012668639976588373
-0.0015313676365928213
-0.0025697367848128445
-0.0017687945814762176
-0.0018879817328608306
-0.002120838140570397
-0.0015397298903116125
-0.0020717988501783194
-0.0018408649986111757
-0.0013684662787600728
-0.0028011637678331367
-0.0019347205639325881
-0.002877874221725499
-0.00169008682567465
-0.001736610852922734
-0.002896000768990574
-0.0025761512396240724
-0.0026976536188110414
-0.002966512678490836
-0.00236454867130936
-0.0025993336096650126
-0.003044478643392588
-0.0029183592775427055
-0.002511199831063738
-0.0031829499179064887
-0.0032204908275835693
-0.0029387116591024867
-0.0030108638734638333
-0.002289749089273417
-0.0032702808278981155
-0.003322815169979588
-0.0022051070213891196
-0.002123062598441338
-0.003088721173961454
-0.0027872316214398135
-0.0020621466101501743
-0.0021695186634970087
-0.003212920776667367
-0.0033188121040802045
-0.0024639282196791228
-0.003507892651749055
-0.003391979231557316
-0.0025806840393701406
-0.0028762675365212754
-0.0025429689299934265
-0.003534457291063805
-0.003137576471569882
-0.003693506864416552
-0.0038662444844080627
-0.0024361003211176967
-0.0031444789679353296
-0.0025449243996871302
-0.0035036446269698447
-0.0030786134349930984
-0.003915950034803543
-0.0030704566810453022
-0.003908675581093237
-0.0031679982370700147
-0.003468183493970072
-0.004227481472220056
-0.0037246393443790987
-0.003730485427205913
-0.003227067511888401
-0.00424714322151408
-0.0032085417136602
-0.003764325306411768
-0.004437784418987438
-0.003455052446400243
-0.003355224244854561
-0.004289528324914402
-0.004238828224840076
-0.004139998086077646
-0.0034824777900350342
-0.003951838664230661
-0.003917198480146201
-0.0037735850696580557
-0.0033851660949040566
-0.004533673791687107
-0.0046759196436294455
-0.004277362173049209
-0.0037355056161823617
-0.0038856143939022935
-0.004286073611879197
-0.0037014806175398726
-0.004166703758259926
-0.004076903643400574
-0.004911250133414939
-0.004448157881565657
-0.004185342014335227
-0.0050298590202370935
-0.004152792425455035
-0.003890689643555338
-0.004487363505833356
-0.004754787058486489
-0.004407847428149272
-0.004363046705591955
-0.005104580435959869
-0.004243795607040605
-0.005528736203821179
-0.005296127488436607
-0.005411307858982041
-0.005614101583181383
-0.0054743048260093696
-0.005640102078148696
-0.0054601767644126605
-0.0050136356935120046
-0.0053350216823566865
-0.005900774575284403
-0.006009064576244378
-0.006082592964375244
-0.005855974006969646
-0.005392717674417193
-0.005368561583182914
-0.005053029067861117
-0.005705022612215223
-0.0051564996612949564
-0.0050903963739070334
-0.005073374438735258
-0.006017243359256426
-0.0051287012717868945
-0.0059369203095560345
-0.005757687271410982
-0.00606788661159233
-0.006449906381058199
-0.006600097774299758
-0.005655591208083041
-0.006395991343460504
-0.005860233740202189
-0.006341388269728292
-0.00685719957496231
-0.0061365868332252434
-0.0067945993412701355
-0.007009573628007982
-0.0062007596485216965
-0.006322812427030069
-0.005855153403240979
-0.0064234662087144
-0.0065389096316079256
-0.007238635812137943
-0.006304841284611928
-0.006015279233194613
-0.006322263240611762
-0.007287156630580787
-0.006566782111701219
-0.006994555964271833
-0.006528518735296637
-0.006900968946908527
-0.007659673097346344
-0.007582177877774318
-0.006994472931933813
-0.007480050533967724
-0.008032169815088643
-0.006877192062504874
-0.008113366818780863
-0.007154607391364312
-0.008152521640721071
-0.00782519482194224
-0.0069729301388170425
-0.007123693836418712
-0.0071281826773076035
-0.008084646193029598
-0.008003229289849463
-0.007246850653185526
-0.008539194717690829
-0.007264709674635071
-0.00834229797963141
-0.00741196318675189
-0.007915925130197954
-0.008200840022257438
-0.008346582084487136
-0.008249279047399246
-0.00885523295611198
-0.009101017663458031
-0.008807959183487712
-0.008523890086137088
-0.009248249913449375
-0.008519658141688922
-0.008936573705953965
-0.008480427544187359
-0.009263083015170336
-0.008291001238553121
-0.009425280440160062
-0.008554903099550704
-0.008859998736208359
-0.009646780349947428
-0.009703218778669205
-0.00931805401964623
-0.008641078441333865
-0.009787204912086667
-0.010118631575667189
-0.00963450069122917
-0.00947887582721806
-0.008916107252557122
-0.009629892235592238
-0.009423011730519628
-0.010416926839923821
-0.010173712379351912
-0.010265890044606625
-0.009276588715643883
-0.010554895916810459
-0.010351145757398827
-0.00993624472703198
-0.010995848047097159
-0.010775318689005935
-0.01076699654748577
-0.010995245430730787
-0.01100896363166221
-0.010483281343819657
-0.011098773143399519
-0.010617329617691837
-0.011273237331727436
-0.010410085856516961
-0.011473184586501711
-0.01022137602271057
-0.01140487030259604
-0.011538596826306154
-0.010559640214291038
-0.011531109172902714
-0.011127548879493184
-0.011285521351748913
-0.01126514162058745
-0.011588328118854718
-0.011666492619336078
-0.011157103054959884
-0.011525909461130354
-0.011618721328442551
-0.011434136870898328
-0.012128485983032603
-0.011620361360025951
-0.012661794310634888
-0.012110280855664771
-0.011600485120154425
-0.011535093988877159
-0.013067223603500641
-0.01278336804025767
-0.012123102481474225
-0.012287487362849485
-0.013232109303934977
-0.012442345508986036
-0.012911565943162426
-0.01241074926052087
-0.012893327429395621
-0.012488090696141648
-0.012556222151896423
-0.013052194090239925
-0.012879328232248183
-0.013931256806452012
-0.01394066365779926
-0.01337073290532573
-0.012794672569100786
-0.01337366999439051
-0.013454270036108017
-0.014011840471303959
-0.014350050934986612
-0.013283833272221497
-0.014538039088658625
-0.013404037337929341
-0.014477587224725544
-0.01382172656376304
-0.013979624142773895
-0.014098298902147107
-0.01443760563694249
-0.014401789008308994
-0.014811567408665436
-0.015233902872852057
-0.01544887334028543
-0.015159095090665726
-0.015148240447529313
-0.0142953591144129
-0.015264239575925093
-0.015525998656479578
-0.015867880074598842
-0.015012796973832116
-0.015397860685696318
-0.015403278675794376
-0.015541488095744073
-0.015461824281227094
-0.01635513878638199
-0.015553620628854518
-0.01593171037918256
-0.016361035540940858
-0.015430443597441978
-0.016609969908442056
-0.015580556225001542
-0.015476610723161395
-0.016175585237506885
-0.017108610613073567
-0.016781466287571576
-0.01654254333976911
-0.01691575642300823
-0.016832022867429165
-0.016172316003083883
-0.017559057246602998
-0.017139474167094906
-0.016285587843377303
-0.017433041798576503
-0.017836959964351102
-0.017049102596907187
-0.017595427342869414
-0.017652447301678517
-0.01739006251746269
-0.01833661332225094
-0.01815081311802957
-0.01820045390414865
-0.017241771477171194
-0.018523335623029373
-0.017680804238468628
-0.018623732146513295
-0.01748090631103771
-0.018753216250633798
-0.01805791631384859
-0.01800490698398875
-0.018426667446774615
-0.019194610560770552
-0.018676452945208942
-0.018601084739395896
-0.018616713385954706
-0.019036426277054094
-0.019423247649818065
-0.01959638275053803
-0.01902225386223226
-0.01978282881611317
-0.01998265771926555
-0.020021309119116256
-0.019043143892658893
-0.01996094219940247
-0.020344512496591045
-0.02017311272936224
-0.019331354162894596
-0.020654337872866635
-0.01935503923948528
-0.020025334180127457
-0.02021605480688109
-0.01968175632001376
-0.02056527126393828
-0.01990952059416139
-0.020505487607875118
-0.020466893893925708
-0.02094084759094748
-0.021115356175358025
-0.02064470259844512
-0.020485942316785473
-0.020999201560426162
-0.02170343387336698
-0.020666374739713327
-0.020835533887617268
-0.021228219006653847
-0.021818366706443524
-0.021020508167765326
-0.021527134917066502
-0.02111436611865087
-0.022366389724158473
-0.022174721443076764
-0.022693010233507956
-0.022646901880074906
-0.021847380243182047
-0.02279907079171543
-0.021696780567978836
-0.02248581834703491
-0.022674788338738924
-0.022352797071760123
-0.023060928574501746
-0.023534553455659676
-0.022531994487026034
-0.022843052893140134
-0.023680524012210793
-0.023550643921278976
-0.022716297187520974
-0.023973392551587838
-0.023215284737619166
-0.02419894136932566
-0.02286416452813694
-0.02313940005517206
-0.02337045408265218
-0.02385188865879436
-0.023218126447621033
-0.024216857106991146
-0.024125473840895948
-0.02437785403091279
-0.02412256522320282
-0.024180544551656778
-0.024981306378399383
-0.024679878306365345
-0.025335397707058806
-0.025426919319121947
-0.02543279790115106
-0.024617944058728688
-0.024727263395576682
-0.025186838334234542
-0.02568747354509269
-0.02491084214593907
-0.025946213198244767
-0.02609466454973722
-0.024903433698400774
-0.025572378825041337
-0.025336936317479422
-0.025931967474007975
-0.026563211029752527
-0.026453025941506895
-0.02594283983434621
-0.02536399248838544
-0.02641126179042039
-0.025784236195240364
-0.026746197087675786
-0.02642982756259505
-0.026315999663756928
-0.02595967714982764
-0.02712074111805302
-0.026988086926831238
-0.027582557961312697
-0.02672799560356731
-0.026548057911243962
-0.027440018498017006
-0.02673012967628687
-0.027580680836314642
-0.02744631629767934
-0.02735890525047758
-0.027755688365589642
-0.02813379791470354
-0.02801136387262158
-0.027306159966632906
-0.02849157738870556
-0.028072879161444908
-0.0275409344381006
-0.0274681495005964
-0.028034769997970548
-0.027551280264971872
-0.028044825700350336
-0.02814696910970368
-0.029099987103984416
-0.0286703110245094
-0.028825431684840648
-0.028496432262429778
-0.02857489534658263
-0.029582813577126735
-0.02919771894619818
-0.02866239780559555
-0.029242201279541743
-0.0290742425809736
-0.02931842616175307
-0.029580037544971956
-0.029203317327177545
-0.028817871228589458
-0.029605736451162053
-0.029191836961983426
-0.030200866011904942
-0.029423492279225832
-0.030471435391621254
-0.029427450234322944
-0.030638755008583082
-0.030825862814831167
-0.030707645437742206
-0.030622278229125527
-0.030654369796923153
-0.030891105067234366
-0.029870959063436047
-0.030086918378204142
-0.031075770963214986
-0.030885580047695243
-0.030903973135490904
-0.030943586413807102
-0.030307142238857852
-0.03113305758431256
-0.031388787337170904
-0.03129633810829745
-0.030797948207325846
-0.03168967974997855
-0.030605329521873108
-0.03086481256728272
-0.031485131331119305
-0.03216974134617833
-0.03183950950487266
-0.031376233349609706
-0.031324561761186705
-0.032407453000777055
-0.03177431784539855
-0.03145975384096771
-0.03190554248638309
-0.032699396423706846
-0.03176753155170112
-0.032189305122388476
-0.03218672430860699
-0.03157213802658869
-0.032616179612240885
-0.0317187116198759
-0.032779881846128955
-0.03187306838109789
-0.0329746504627596
-0.032459611475721406
-0.032816231339878904
-0.03212579657118862
-0.03257412214495915
-0.03355000800917434
-0.032908920818885086
-0.033491634383455045
-0.03320588831406636
-0.033253126551279225
-0.03300581318660218
-0.03313065648463086
-0.033542300740028896
-0.033703123218978726
-0.033207914019573195
-0.03311738803886084
-0.03416505714470284
-0.03382034357598975
-0.03335920814307188
-0.03407654346801182
-0.034304371139255406
-0.0331186502793355
-0.034304767207211095
-0.03445869479325701
-0.03383241845442614
-0.03365527607794234
-0.03435212963760727
-0.03430569308979573
-0.03481080416103826
-0.033772750965882975
-0.03398349085513863
-0.03440850226686847
-0.03386317658172252
-0.034934143019134126
-0.03460601109124252
-0.03455015303049095
-0.03400345029831579
-0.03377177589392439
-0.03475829621547571
-0.03421134246214366
-0.03431945117973293
-0.03471704199141896
-0.03539744759480192
-0.03491774317473984
-0.03500534686410226
-0.03422318720984338
-0.03480754804661742
-0.03536047275931785
-0.03554718455666592
-0.035195833107522154
-0.03505998230862255
-0.03551580424158349
-0.03559781155898576
-0.03457644922559024
-0.035242560290589954
-0.03507910577016088
-0.035398585226354876
-0.0359338161217931
-0.03521986372828496
-0.035700544520688555
-0.03552068384929966
-0.035221410019157164
-0.03499307172069985
-0.03486052011934341
-0.035239966119586304
-0.03619394918694598
-0.03477556596254028
-0.03492068593837343
-0.03606362681181743
-0.034914967312528515
-0.03571718535642265
-0.03619810455148645
-0.03525972569549572
-0.035602280065937804
-0.03565645553882831
-0.03603586838634942
-0.03572921053329638
-0.03598674242301683
-0.03628896476028038
-0.03568829085789853
-0.03511101843252062
-0.03650005851422283
-0.03577251615005817
-0.03597764088583564
-0.03570485686573591
-0.03588153190207861
-0.036548056350278954
-0.03645218111700428
-0.035184073461455495
-0.035963397583176016
-0.036298266883863096
-0.035670106605857975
-0.03572638771875164
-0.03597486582432908
-0.03618676255518109
-0.03595715511343663
-0.035686995117006334
-0.03619630689595685
-0.035395677387162434
-0.035876400013454546
-0.03530070108190648
-0.036314905619386745
-0.036027333436585755
-0.03573706761527805
-0.035484026131045815
-0.03514906623820857
-0.03525722360128966
-0.036220498298410106
-0.035290551223358564
-0.03616832881687531
-0.03530591712779375
-0.036358577541080704
-0.036270495588974536
-0.03652356249930774
-0.03506249269711187
-0.03635581508997208
-0.035980328024257185
-0.03646391474910113
-0.035374677861814426
-0.035676974456823926
-0.03638469992576407
-0.03512952839344449
-0.035984460153131184
-0.03532048234126239
-0.035440736818106056
-0.035421242932237265
-0.0355011289342353
-0.03493479684009516
-0.034901699176440294
-0.0351111432124272
-0.034873197348384066
-0.03576677071738832
-0.0347589833641806
-0.03598540481034557
-0.03517373043126832
-0.035546012995184104
-0.035521551079984386
-0.03516293296874284
-0.03588666388136137
-0.03499286377971281
-0.0358219025396223
-0.03533042570585434
-0.03459721704600331
-0.03565515183072239
-0.03565955406451011
-0.03463222612100916
-0.03570902967736936
-0.03510809460524808
-0.03513006932728909
-0.03540727103031792
-0.03415124521503611
-0.03522037222586629
-0.03422458684648632
-0.03439899504835961
-0.0341059783097795
-0.034733549741426825
-0.03490118683977424
-0.03448597053927682
-0.035077952704299566
-0.03507809160250851
-0.03452463635621967
-0.03378957036013912
-0.034117555087188466
-0.03445723505941472
-0.03473062051201482
-0.03394422346242906
-0.03348019530026333
-0.03393205850596385
-0.03467219888008174
-0.033779992016600126
-0.0338302342860658
-0.03313200416045091
-0.03423933519431324
-0.03322906624688883
-0.03407186262974868
-0.03307708708954141
-0.03277368380840176
-0.033250324182342
-0.03388565980784472
-0.03320896173578455
-0.032865923537738526
-0.03269295869524367
-0.03253858975130682
-0.03244514071694427
-0.0335705868986296
-0.03343631694566146
-0.03325904365747981
-0.032145498011405746
-0.03327447670134265
-0.032924416341402085
-0.03319565854317371
-0.03254212520494512
-0.032972861481750715
-0.031796806009127744
-0.03244401531973055
-0.031516072405028205
-0.03180843602126537
-0.032281727599976676
-0.03154125386240608
-0.03221811449356968
-0.032198128047436214
-0.03174110539560588
-0.03180646950472828
-0.03104024799139723
-0.031560438425279155
-0.0313386957392355
-0.030973044773873904
-0.030466770620477566
-0.03156560027079475
-0.030664675599264772
-0.030064486922482966
-0.03089014756311816
-0.02997748853111525
-0.029909198498197325
-0.029888514354362915
-0.02959983592737775
-0.03076495206120017
-0.030336517865763236
-0.029668956026281886
-0.029690357655982953
-0.029765893653242132
-0.030046792190288895
-0.03033033934860991
-0.02902638279821746
-0.030026420695210058
-0.028753737764986662
-0.028743399408554273
-0.029105442400161108
-0.029494806475398594
-0.02904663107014913
-0.028229153635496874
-0.029032074372110656
-0.029041338991449
-0.02809057760279807
-0.028594932495659288
-0.02816203663741523
-0.028095541049741234
-0.027942699550318372
-0.027206835919267824
-0.027488054177975837
-0.027077047992065898
-0.027240395686256504
-0.027393970613439636
-0.026806224063727034
-0.026625853106843712
-0.02666657852929889
-0.027165893329159658
-0.026234973203025053
-0.026539604893914923
-0.026505870726947853
-0.026799292795466688
-0.02609962217989364
-0.026406377815418068
-0.025483566002932743
-0.02656885065164363
-0.025744433900932655
-0.025148645080541463
-0.02538348938972881
-0.025198674128592218
-0.025908619607498556
-0.02557915293130261
-0.024545868172939144
-0.024529402942912535
-0.02470084827733597
-0.024624368693392153
-0.024981193342376265
-0.02375227394713189
-0.023924566218692708
-0.02328527789679303
-0.023272550918381433
-0.023360781146771207
-0.023760946231144848
-0.02295736465476311
-0.023529800283611256
-0.023629367648389667
-0.02321810806444522
-0.02221738528619959
-0.023366953424642636
-0.022562422135077743
-0.022568007611984978
-0.02163863737660485
-0.022227046461303166
-0.021602379902198047
-0.022524512195574012
-0.021014387061309932
-0.021464220529304613
-0.021069317692427217
-0.021559437688542935
-0.02104849602598122
-0.020503307421130438
-0.02030881819652958
-0.020755386652837958
-0.02074114450162193
-0.020297985954670757
-0.020295133839832717
-0.019894410637361023
-0.019638128053182834
-0.02024940267479873
-0.01910516854955909
-0.019004741399750558
-0.01914219011715685
-0.018382185489253897
-0.019615237296152783
-0.018513791897575918
-0.017876967191185304
-0.018336083963248432
-0.01843586332764466
-0.018457975815974866
-0.017245692234118704
-0.017149154778374955
-0.017946142340302836
-0.01718888241980953
-0.017896527664965762
-0.01683876494991273
-0.017307769006747697
-0.016076822057563216
-0.01671226819368259
-0.01594302012892953
-0.016526534293631368
-0.015601104535943315
-0.016528551074317138
-0.01543336781544164
-0.015067221553440877
-0.01498343309300198
-0.014794035326435907
-0.015232259676437886
-0.014285262750738664
-0.015109417822209151
-0.01442302495083132
-0.014964864296599935
-0.014296008875496338
-0.0140260726092028
-0.01312260358967485
-0.014366032028742906
-0.014129931382900222
-0.012945781912106961
-0.012346135461041245
-0.013151030032465125
-0.01320700441138581
-0.012275560043534238
-0.012427404869460102
-0.01282464899945784
-0.012302832077221425
-0.011239261269980212
-0.012251959304602458
-0.010880487956381468
-0.01062445687203592
-0.011023848036792468
-0.010332780521093802
-0.010656493353490453
-0.009832595628596603
-0.010130632339110131
-0.010417446061711463
-0.010584107070258834
-0.009243959031960793
-0.009515247006145639
-0.010003427244908986
-0.009539958439201645
-0.009093926914723207
-0.009556325792886981
-0.007963300977778032
-0.008509788192130115
-0.00783092022576155
-0.007492839303391087
-0.007854204460996375
-0.007150309712543112
-0.007884759956425107
-0.007463926967388666
-0.007733450217902754
-0.007247921024010499
-0.006513616422329187
-0.006477655218456119
-0.006295846621167098
-0.006451065630718245
-0.006361696213117858
-0.005843015931960973
-0.0051352664483231385
-0.005302878193715872
-0.0052490502214664215
-0.004695477384221393
-0.004729508579549771
-0.004914765623086383
-0.004723406372764146
-0.0035743854485647624
-0.004308428737295384
-0.0036001789306321945
-0.0033362437319640835
-0.0029799672705851867
-0.0038197762989545495
-0.0024290321614147386
-0.002207656616222253
-0.0030802521714400856
-0.0030216079753383747
-0.00238743396073965
-0.002042264080142795
-0.0026766029286244206
-0.0016621543381699347
-0.0012255227327515766
-0.0011213120819947367
-0.0013573143912483134
-0.0015396961302661224
-0.0014987026877797854
-0.001172506132436336
-0.0007838084289425194
-0.0005671678004445378
0.0005500016197880466
7.231132950164792e-05
0.0010303213304463101
0.0012195539119655614
0.0014322200747147022
0.0012579014605669885
0.0016413040825620064
0.0012000243086034638
0.0015164925586920817
0.0020335987116220553
0.0025877311064748114
0.002465110170967807
0.0016595395450351438
0.00179132721185217
0.003448031417779178
0.003402454896800176
0.002639051466474203
0.0038122484274997737
0.003391874667148248
0.0033220263478557594
0.003873511325504065
0.003928533941335685
0.004406953523951171
0.0046455363054137425
0.004149219428669708
0.004611034590970097
0.00510946239128913
0.004588651269894548
0.00569322118484705
0.005813896691555684
0.006484639071750934
0.006299593663479769
0.005570133314839479
0.006332150161366279
0.007047841956560123
0.006529027009137312
0.007361772787681571
0.007617339688985102
0.006590171475355075
0.007909457603647804
0.00825161230545139
0.008295594225367261
0.008457753685550344
0.007761804727057838
0.008158177308071762
0.008718111957672536
0.009534336595159967
0.008771754257945389
0.009650812324411083
0.009198284319119591
0.00964725086534139
0.009238262263235444
0.010304701435249568
0.010202576164933225
0.010527641093451492
0.010080794656397968
0.010410816082236454
0.010627173941109375
0.011365241979923746
0.011041413255465149
0.011134105276050152
0.011829270979756957
0.011299180986080268
0.012087471521348713
0.012069965482515533
0.012762237743289702
0.012780149082797912
0.01311310155478534
0.013224941196662178
0.013472808513653485
0.014060130242021164
0.014122206909081943
0.013453646648406972
0.013299849717219913
0.013984095060980075
0.014797686581696154
0.01364370285382763
0.014351146648424315
0.014640979880571272
0.014359912780637517
0.014627658832700377
0.014615309998312589
0.015339430417935266
0.015893464347397288
0.01600023894491189
0.015614945247692302
0.016713267890262343
0.01610789135678259
0.016169290661510145
0.0171259609513702
0.016997294733321646
0.01774890501871193
0.01776299677348394
0.01684201826891828
0.017529779733961498
0.018095952486614747
0.018549778338473263
0.017563779082188147
0.018527613806855324
0.018090799915125088
0.018854950383626858
0.0182804789394047
0.01934222240421922
0.018834583822885016
0.01983515110236944
0.019168433745168346
0.019744661220440118
0.019523094714588195
0.019814178983306344
0.020460409241072373
0.020718357594986938
0.02061450909993193
0.020257748175210515
0.02050718810040336
0.021071133448550442
0.02109217974213911
0.02117264957790733
0.021444453110008442
0.022185969483404788
0.021997753389747025
0.022205393849335515
0.02162009023116691
0.022458144144245126
0.022433849039497966
0.022247551013371704
0.02295619690648376
0.022185851563755084
0.02291300462783169
0.023063326173724617
0.022431268896893182
0.023899291100752278
0.023276685384746396
0.023949172065591214
0.02322339936367418
0.024627333697330233
0.024675496709111525
0.02364348381837148
0.025025332797451283
0.024688914196471956
0.023928516230070217
0.02449984260898797
0.02500529686960858
0.02524870365149769
0.025362211393131474
0.02536723640152623
0.026006351639230454
0.025843243080131792
0.025115789490923128
0.026380770514118638
0.02613159664125833
0.026160619962640057
0.026607788208489854
0.02667356007772437
0.026552766341470788
0.026765481316573858
0.02638300682694721
0.02730645398904984
0.027465322415887568
0.02660323403627967
0.027411042804172576
0.027394930808547817
0.02830749393052838
0.027347528963988753
0.027932855183949886
0.028555425967435464
0.027856078719613684
0.028413744582500136
0.028671195631562278
0.02827024772055379
0.028115674706440795
0.028253459514884928
0.0289377412432636
0.02941333490005966
0.028812704255747675
0.02938782503678707
0.02995514268483626
0.02991318921301761
0.02922923865900234
0.029025962005747506
0.029269848629530238
0.0306393568576426
0.02999925056802618
0.029587986781222028
0.030133214337421915
0.030781420416093424
0.03003047384223611
0.03126320867467058
0.03015247635531234
0.03054700207409556
0.03056529250435041
0.030890054482949014
0.030974479850537605
0.030664974449774684
0.03156543926964089
0.030663222661497444
0.03113792717062833
0.03123653963499446
0.03207351403712718
0.031237228365539816
0.031576159615191675
0.03152863841778686
0.03275484531023523
0.0325743115777498
0.03220350968609456
0.03217262769410769
0.03231115786060264
0.03189230287564081
0.03331890217893208
0.032275375126496045
0.032731493848412334
0.03275184434066041
0.03328276035017644
0.033448848450280594
0.033184330814211016
0.03336324053526473
0.033546172282678345
0.033675121680764836
0.03280000010215905
0.0340267355368904
0.03386681785287153
0.034282338599246835
0.03331581268073837
0.034116677811960955
0.03355733668216427
0.03343535247923581
0.03389181583534122
0.034532262270161124
0.033539203971907246
0.03487037551458135
0.03412972085481365
0.034595496447636175
0.03468891832488494
0.034211806397582756
0.03488485245302029
0.034457371672032014
0.034947350960371486
0.035529041944407494
0.03419228263695779
0.034744317770721525
0.0347850659289237
0.03436509078391936
0.03467222841546327
0.03526116412308732
0.035512614515738186
0.035262673086155
0.03603137526560519
0.03574417146607291
0.03586561520387444
0.03500511192503645
0.03615210494812037
0.035607608012036045
0.03575696541018748
0.0354359661449829
0.03594938906236604
0.03526772495755176
0.03615148235387199
0.036502560935460684
0.03540890043912143
0.035471845439595445
0.035538203545672956
0.03683829614833121
0.03593144776967181
0.03676237960388164
0.03560858485633341
0.03683162101979038
0.036952115190239734
0.03598641809736339
0.03608770642962286
0.03593049957549009
0.03576341268274778
0.036431962728810156
0.036671552652274654
0.036416334054524074
0.03720260995963942
0.03675980271025841
0.03636703059384974
0.03644018242953828
0.03620386760289111
0.03686297643571414
0.03660519609719506
0.03646264328770132
0.03651516789558109
0.036621271319154096
0.03635139865331708
0.03665923953942011
0.036647227417659446
0.037165286053187425
0.037426163918251175
0.03764810459957402
0.037738014830956505
0.03749865030820937
0.037725788086678674
0.036536485765897804
0.03655003141937595
0.036584565113367745
0.03674025262850755
0.037069874019725786
0.037156263198437366
0.037557672107606806
0.037362758124715616
0.03713237032648549
0.0369230924329079
0.03691749815686113
0.03741537576197134
0.03754889737793546
0.03705781024482649
0.03665059201484336
0.03663625952903765
0.037724286129982
0.03653356250585061
0.03783361110379958
0.03671342645924528
0.03800969845343521
0.03727540444597537
0.03744023706889371
0.03801362582353414
0.037273101591269585
0.03789442133534041
0.037227668047355014
0.03679761054640346
0.03791644710922222
0.037938706895907184
0.03741918096841754
0.03786930844110907
0.03775667793996497
0.03717756291794708
0.037859026685066854
0.03706797583185626
0.037382733214622585
0.037702200752264506
0.03764024939607872
0.036826698978599526
0.0371545122725705
0.037825111177775955
0.036472601756068646
0.03699360991503709
0.03776712065110715
0.036766720723882484
0.03745880936672145
0.0372157134235201
0.036967271896127446
0.03736057563577693
0.03626254958791756
0.03696504433344972
0.03693400559897317
0.03690499058209232
0.03744336004347015
0.03726814544275139
0.03609883212724957
0.03635029236069312
0.037295522600169655
0.037301359969931315
0.0363260305006127
0.036859306687791894
0.03681267601915548
0.03656750658078109
0.03609937129102873
0.036942778746700905
0.03699777502102471
0.0364396786718253
0.03691007079446586
0.03617746369024396
0.03653185664638453
0.03667483541769473
0.03675180602056193
0.03676629810959819
0.035873803514445905
0.036243688425551764
0.035896401324693905
0.036464982879306135
0.03592026913440792
0.03547051913052624
0.03587651061729764
0.035723908544955364
0.03614674948088435
0.03599711187071049
0.03617839742060711
0.035426491785250175
0.03576673584470312
0.035316132306621485
0.03536060492220669
0.035273347875490434
0.03632772173447888
0.035944964472671787
0.035280316026751704
0.03560165876303038
0.03549933927529757
0.036062195392245526
0.03559781759354632
0.03526203728142188
0.03542140542222861
0.03538776611815757
0.03527671023777639
0.03482141280596759
0.03537613665392547
0.035102937699558495
0.03475136363538567
0.03525821810511914
0.03477003964236297
0.035263608312078455
0.034928825457720886
0.03513031795991999
0.03432268644180961
0.03461985205457518
0.035022209197378265
0.03501237688289752
0.03380463457664873
0.03484286509162844
0.03456417239569831
0.034681683794578505
0.03363277277806741
0.03475134065447966
0.03432266419289268
0.03461707189524786
0.03460765675867723
0.0345047018874656
0.03415532914869242
0.0334247636373261
0.034078259495758406
0.03424904415074472
0.0341814045570766
0.03302197823967657
0.033588487902854285
0.03324841991329174
0.03299491938448484
0.03385891271448956
0.03265174965232324
0.032520090999323494
0.032544783015239824
0.03353516417936928
0.0327845677290517
0.03243952360247064
0.03234832075617741
0.032534406104120624
0.03255259589867802
0.0324205331398693
0.03247843306790034
0.03195006896132989
0.03269819375204565
0.032256709375736624
0.03182269238165241
0.03154982818563218
0.032756616137194446
0.03246030192595855
0.03265543667011526
0.03167000400779134
0.03212609019033759
0.03209563543700179
0.031188940827233082
0.03196227323686021
0.031238387158823593
0.030984074396734774
0.03128466581650538
0.030522987763659328
0.030611208880502592
0.030667002600844304
0.03137161169572657
0.03137684611963265
0.03099776273514751
0.03137085091074378
0.030874565757908076
0.030100393685125994
0.03123387301391186
0.03038012349404344
0.029690536008188346
0.03036695747666086
0.029578502616557492
0.03056995726633729
0.03077448620987555
0.029701868841696285
0.02986613047470304
0.029797241299951593
0.030474269521294055
0.02990222880825931
0.029716617151202745
0.030073587885726356
0.029156034165350498
0.028882493102142387
0.029069823607520636
0.029429696695791596
0.0285388213705885
0.02979269837869933
0.028546508090005623
0.029061606643540315
0.02926728450638686
0.0283070520912902
0.029229544824606084
0.029022963600169625
0.028414543177913264
0.028949721749262327
0.02903226331556107
0.028053620288283773
0.028436776870308128
0.027559120137161847
0.02792512066018573
0.027390351265000848
0.0270727679633364
0.02821576916830511
0.0281403387271373
0.028065267431685043
0.02755413021632133
0.028123365726142116
0.027021557139433976
0.026816610580908777
0.0268835218002697
0.02718796224133783
0.027361700808644987
0.026813970958271812
0.02669356906909783
0.027141554026657935
0.026158818554695724
0.02723279221596317
0.026364932711129198
0.02707121049486287
0.026536010363719068
0.025486115527213
0.02611719591517184
0.026418435591785916
0.026606507436628693
0.025436034007057545
0.025900142561626097
0.026292201730058883
0.02597548439944724
0.02602492353623446
0.025726710243335817
0.025612886496846288
0.025164376563414314
0.02574689751803848
0.025203410644857534
0.02422758980544715
0.024209927057958495
0.024863698104201568
0.0245139259812549
0.02484777749084031
0.024695786517450517
0.024215262527006703
0.024009190480507262
0.024409182185421627
0.02410038770661076
0.023738989251034046
0.023593842867946132
0.02407743714761205
0.02423615246890575
0.023582926972510902
0.023359455698812957
0.023068360140662537
0.024082265776782266
0.023581862193073854
0.02387768234490653
0.023613509792474903
0.023516030525327167
0.022626052659560244
0.023565041508072357
0.023181260543827603
0.022327100745247765
0.022322790609884076
0.022460461423761707
0.022582293031466125
0.02303760662872508
0.02251663119993783
0.022037585792874733
0.022858725314264135
0.022368695476449173
0.022163353450436005
0.022375184506410403
0.021283765572865813
0.02244612433284219
0.021533623709791345
0.0223053983466695
0.021351123876198617
0.021409274593010702
0.021829199005820227
0.021517570378657144
0.02149600197599846
0.020876771892966484
0.02094139575484973
0.021558989566645478
0.02024277371676349
0.021128152017262324
0.02045129957321741
0.02039824802712885
0.019783090177907484
0.019753763228188708
0.01973331325423355
0.019710209282167494
0.01987196978988446
0.020811603821877574
0.020277181142189703
0.019693234532079884
0.02020435009055313
0.01976914546760139
0.019418471016471626
0.01938735600175591
0.01957077863287686
0.020050739977944473
0.019867790702239492
0.01982208504229844
0.018760252173717483
0.019790329793993113
0.019501736167757633
0.018615003480794173
0.018338889130600035
0.018940941580946197
0.018133047822511027
0.018402810233837826
0.0178997871490634
0.018126611720917687
0.01806697345058655
0.018028485219886065
0.01788949185213732
0.018602941919223164
0.01771094335636366
0.017590934438410446
0.01711267930176954
0.018233804181678248
0.01764941259609498
0.0176137388524097
0.01733507731870305
0.017560444201385802
0.017001377309153857
0.01704380913182269
0.017524543373158917
0.016635475904970637
0.01644656389740804
0.017626555952954655
0.017081279923843815
0.017201263602005603
0.01655462624208188
0.016967154692331593
0.01667793366158151
0.01638824461618804
0.016952601762240758
0.0166641430025646
0.016890608075342393
0.01691277162020056
0.016172432791582602
0.015586753791874502
0.01590967134019907
0.015333216264490057
0.015446452467890892
0.015848862034944695
0.015555183352454012
0.01539244601159517
0.015692257688139546
0.015604558809110658
0.015344738854006716
0.015802406436620203
0.014561791163642512
0.014990837727745837
0.015400511536401934
0.014728059836492873
0.015551873977449292
0.014154776262351532
0.01496647397512059
0.014988520339073014
0.01514282764349385
0.015142194718175734
0.014449118727577384
0.014388605413798128
0.013950749052066249
0.014613180051758571
0.014683795407750194
0.013598523246285578
0.013393751234554144
0.014309795363047823
0.013726750363137686
0.013495303272071574
0.01389877872389359
0.013605911451274733
0.013414267906866107
0.013843574906936143
0.012829674943161878
0.013758206396846304
0.012600847872149101
0.012791094799532004
0.013437798897672071
0.01374952970077001
0.01347695787094003
0.013727159878247101
0.013388383263013785
0.01221155427883639
0.012882765846087479
0.013030044743842293
0.013324735760787779
0.01195832529954588
0.012873766499622684
0.012342782266852146
0.01178515327610269
0.012642832355600821
0.012140799346924126
0.011515513736316194
0.011588573779505727
0.012106066373908405
0.011904441211688458
0.011334940804746178
0.011861608791328254
0.01155490861103048
0.011581553503630566
0.012335708623049191
0.012253753708286595
0.01227291703519334
0.010786914914604817
0.010940166337092676
0.011137576883371544
0.010876124894220672
0.011496456094309083
0.011683975544924109
0.011006045986047704
0.011447385998460787
0.010860564868964381
0.011627017884415912
0.01031636188834814
0.011068950107039312
0.010031142162285674
0.010381169887032244
0.010704750785900611
0.010495379411133774
0.01089579068337478
0.010192750403505771
0.010443444508252072
0.010184467662586473
0.010324789571110084
0.009770845648421952
0.009908198019438073
0.010104030444738779
0.009974021334747394
0.009508284837548236
0.010164154252747366
0.009475417896710948
0.009975214351265006
0.009877951342553764
0.00905607797904896
0.009813244774709686
0.009651114850529817
0.010145067539694913
0.010018506912346839
0.008967386230297454
0.009021236453906406
0.009081835465172801
0.009722110037123187
0.00859879342084696
0.009549134441110687
0.009453729472001238
0.009406811907056977
0.009736153667882998
0.009618078662385463
0.008717748976962767
0.009468953544980318
0.008224446978633707
0.008296644319736007
0.00943674378064217
0.007930498824895294
0.009099055432039028
0.008148385493649135
0.009030350974554522
0.009109265547109818
0.008203870778081209
0.007683781653650531
0.008710161042132092
0.0076570961070463435
0.008474412767833622
0.008216504077943
0.007391822076919687
0.008593271582979128
0.007365047611898257
0.007968214645355643
0.008289386030774698
0.008074280537485067
0.007697694722222988
0.007855337597763787
0.007546257744573228
0.007254081207649303
0.007193892564235084
0.007983168177647153
0.0077470414989248785
0.00675321345749457
0.007838541810780019
0.006682065974220187
0.0070506094080081076
0.006583923246053282
0.006731633732833909
0.007951838789812043
0.006673409501962375
0.0070033839957204195
0.006921968672425096
0.006543854569965753
0.006989998138285342
0.006535379278839616
0.007301431578496584
0.007092245921475021
0.006838756741808051
0.006193049439387535
0.0070370659195505576
0.006042143984037947
0.007081570481066671
0.0070945212797804
0.006459559357967233
0.007013277979836302
0.007165214556977776
0.005818069723577957
0.006829519517776126
0.0070729005896273895
0.006631611569975753
0.0067069604883898135
0.005884975108646898
0.005695510276303013
0.005829818825020207
0.006239610242582661
0.005572437915255433
0.006806938671991746
0.006142942586590746
0.006111189561355039
0.005456119112819348
0.005234313925033809
0.006544877817116218
0.0051542096121509826
0.0052173681706159615
0.005942774425393977
0.005453060709709223
0.005005317055489659
0.005574195358927073
0.005646551023949725
0.0057089273299456445
0.005512460132804959
0.004876317367892058
0.004870878537649543
0.0060353040150566434
0.005626575546737975
0.005697750559457583
0.004933360361330094
0.005443911124492026
0.005496136095830854
0.0054280266627099675
0.005415523967237992
0.0049714999949992175
0.005522188089391795
0.004909172727057601
0.005563541909228519
0.005116286069432052
0.005546466677498655
0.005695247674906027
0.004855684388830621
0.005174269737420961
0.005076925570101542
0.0053737589605958635
0.00547701990516617
0.004441154153055329
0.004378907717735531
0.004174994854191619
0.005227723239195013
0.0051841186574702585
0.003921927106577343
0.005043436373493386
0.004369146721942577
0.005079521569645323
0.005261805152094519
0.003750504286107938
0.003984190072871588
0.004513428669203475
0.0049134178064256535
0.004418364907752864
0.004533137597522353
0.003919163351361645
0.004250471880765093
0.004331445920854512
0.004867177492776844
0.00454410706567808
0.003973215886322248
0.0046882445355961545
0.003608741237461181
0.003725880513472314
0.004186874573857601
0.004564188705308474
0.0041296532337099035
0.004436445442349592
0.004288440151196756
0.004527464551399577
0.004544970125992749
0.004266906158327786
0.004174603512407984
0.004237516381749812
0.004390532874152734
0.00455194889001157
0.004098723877174541
0.0032966906221289353
0.00432751741300951
0.0030651772821577244
0.004417677596037918
0.004020524032091823
0.003022297088760144
0.003629540599445583
0.003576182883751077
0.0034311897150781584
0.0040035595485177905
0.0036454487014842686
0.004095751973491543
0.003962737961400816
0.003427243801450009
0.004013180710726198
0.0029335980456292364
0.003346156758208627
0.003176556059236788
0.0031317775901143472
0.003844160844288913
0.002866994030218284
0.003151662674205001
0.0025236939447301327
0.0038714776399333137
0.0035695905292459184
0.002929305473633701
0.00341682976693293
0.0034216616667508367
0.0035335238930890678
0.003478998872784505
0.002487477632465734
0.002512887632683039
