-0.0019385075438464311
-0.00138619130382332
-0.0014589121160321244
-0.0016326187800440241
-0.0020675522451236482
-0.0009652791504701781
-0.001447480894778571
-0.0014464068089759406
-0.002482812796083379
-0.0019188458275242399
-0.002245128472058114
-0.0011820020063116653
-0.001760523064774469
-0.001176176582089762
-0.002425989221013001
-0.0016028096067958885
-0.0013652052750358975
-0.0016550289950796149
-0.0025617173904201908
-0.0012496830762012956
-0.0018744250220104417
-0.002200471827631694
-0.0020448849199643146
-0.0022607960154041105
-0.0025348888980696346
-0.002364173523866057
-0.0026743284735388385
-0.002918090672750204
-0.002901242530883729
-0.0027077465954281495
-0.0017428586307337438
-0.002996661598108363
-0.0023476811649378016
-0.0023528049456505756
-0.0017539613187076
-0.0017849739526753735
-0.0027892845415700934
-0.0023039216882061414
-0.002135688749813723
-0.002656812269706549
-0.001884656452001955
-0.0019057131223750412
-0.001912432679433154
-0.00232830429161484
-0.003305535602763555
-0.0020505932071561038
-0.0018906920983530412
-0.0023430995530381725
-0.0022972539257194303
-0.0027858527697283628
-0.002338898228943305
-0.002183257893050403
-0.002305764358678295
-0.0024275808170978685
-0.002736302156716357
-0.002933082397667572
-0.0031373152606842506
-0.0022199079559052618
-0.003182675133077657
-0.0034586433400256612
-0.0033745872998596133
-0.0025268105989238615
-0.003103317978612016
-0.002611816196997156
-0.0029831560287264837
-0.002525926984752593
-0.0024954890224929364
-0.003601042450005968
-0.0033216883166412516
-0.0026926808694600016
-0.003567903155893748
-0.0036354339139293593
-0.002797768148948694
-0.004079944918141345
-0.002775695944946648
-0.00377251101070504
-0.004046548836319197
-0.003614935690874237
-0.003515377588745767
-0.003982269255444455
-0.0031784418988216336
-0.003969425285977895
-0.003099283789415253
-0.004262205002127011
-0.003890965762746576
-0.004116568907841599
-0.004552476652529738
-0.0035762093735379804
-0.004644098819612652
-0.0039881996773875345
-0.004336561565406446
-0.0036120413101722705
-0.00465439576184114
-0.004603908006955558
-0.004050309035533731
-0.0037135189238797573
-0.004861495759105597
-0.004223229272094653
-0.0046721106583116285
-0.004426595914061768
-0.0049583706636991
-0.00454745027066094
-0.004602469660933248
-0.005020025974489883
-0.0049335640700649145
-0.005167946261768542
-0.004213761415984118
-0.004836661001815488
-0.004386109447471757
-0.004484165355138926
-0.004960475130491299
-0.004107372047500922
-0.004770783052319556
-0.004980340966775041
-0.004969843795560952
-0.004538249880931402
-0.004395954437202636
-0.005584579958515859
-0.005790042066096267
-0.005837011155451107
-0.005425554193403638
-0.004723077521407688
-0.004982053206791228
-0.005839041878601849
-0.005698469321374266
-0.005638054512721425
-0.005055555554776798
-0.005780929843918521
-0.005818742932700012
-0.00518692078012041
-0.004999402319633789
-0.004975447593164948
-0.00634825712338435
-0.005501938650707177
-0.005470964319574836
-0.005234733932401177
-0.005549695883528921
-0.0061743414244062374
-0.005295781072786213
-0.006156726793615202
-0.0065707971557728015
-0.006048618995727769
-0.00682815227810986
-0.0056712031288484515
-0.00684551329147211
-0.005644114952526883
-0.0061684268221303675
-0.006826300795803677
-0.006420074547583341
-0.0058309997502883045
-0.0059029784487658905
-0.006854186007034171
-0.007114440265025991
-0.006765071284126283
-0.006308784921666694
-0.006386320680750357
-0.006884558967752647
-0.007505660646217129
-0.006352775716614104
-0.007637903842868294
-0.007219069660089318
-0.007451563277480764
-0.006845415222166092
-0.007312230168277506
-0.006541079940245695
-0.006975560578682592
-0.0077829010311783985
-0.007444131068103899
-0.007562884038979532
-0.007806923112035024
-0.0068701836389987005
-0.007067077134072502
-0.006884049355513657
-0.007199132082484985
-0.007902896828164653
-0.007317905137650364
-0.007140449789238987
-0.008156477424542776
-0.008338063712060301
-0.008131216954890762
-0.007710814879353397
-0.007575638031066891
-0.0076713356492407085
-0.007878121578492062
-0.008904886590918454
-0.00866160076530846
-0.00896629656904014
-0.008102181585356657
-0.008456392447748644
-0.007802471581457229
-0.008773901936660956
-0.008534825337158358
-0.008930169621662092
-0.008967651929226238
-0.008712019573622087
-0.009077088295373776
-0.008196871755548623
-0.008616610663597578
-0.009570244439884652
-0.008741883931928093
-0.008753993274410806
-0.009733429637668193
-0.00872364764706041
-0.009273413941087568
-0.009448815959167354
-0.009101377185128627
-0.009245150613391161
-0.009540947207298835
-0.010001140734777106
-0.009242339953063361
-0.009446938421624019
-0.009834527816818157
-0.009593370006507071
-0.010185122462632604
-0.010515882434283683
-0.010505467093008534
-0.009782814479360063
-0.01057207618655963
-0.010062092502975142
-0.010057770264005896
-0.010976633001259267
-0.010173237454147046
-0.0109426510712291
-0.010535759689363518
-0.011121660697254678
-0.0108044376123068
-0.010982809672125834
-0.010642949713125788
-0.010633561972690593
-0.010267501845351914
-0.011547409022706755
-0.011110022571627895
-0.010527225815202535
-0.011765411641819485
-0.01141494436982306
-0.010700644528232599
-0.011342216708811763
-0.011802661943327136
-0.01097694383756126
-0.012400765138280801
-0.011833752934540585
-0.01158233935028042
-0.011947966058020267
-0.012329880888631328
-0.011343282040638347
-0.011621424499638086
-0.01191803419335795
-0.011936964615465397
-0.011611795596086487
-0.013038760448800608
-0.01306729415771939
-0.012652219044098037
-0.012815528469132156
-0.013391524197786792
-0.012892688634150733
-0.012032155065510768
-0.012731222013852855
-0.013437387418282588
-0.013525522104427203
-0.012870315251373655
-0.012760422959997846
-0.013186331285845163
-0.013700122470518942
-0.01328639445317795
-0.01287554179305383
-0.01365372826269039
-0.013289827948826952
-0.013164193574244556
-0.013960636521757396
-0.014130327550275103
-0.014032686399018064
-0.013356052891719778
-0.014247554113430408
-0.014374233638867868
-0.014596083592692672
-0.013570625504700964
-0.013680903017370112
-0.01418376605764675
-0.01485398457504485
-0.014449145750835645
-0.014564996891914046
-0.014926045787203104
-0.014294704780045792
-0.014193456912776369
-0.014557150043178101
-0.01573853520617001
-0.014523397997720112
-0.01569952924962261
-0.015242978664955756
-0.015866858742756274
-0.015556845671521897
-0.015263067732085026
-0.016269559720591627
-0.015379524850544246
-0.015997995038031912
-0.015263057417552971
-0.01639122720172526
-0.015624518842471012
-0.016190696676828983
-0.016575385376533917
-0.016205093722108533
-0.01565023467303611
-0.01660492952989459
-0.017025086419582114
-0.01643618085114773
-0.01698513805308514
-0.016594530844981373
-0.016387177771624108
-0.016813391388337918
-0.01671360627423505
-0.01689761782932474
-0.017630692223050453
-0.016670432194974417
-0.017849425018021572
-0.01661774614036805
-0.016974846308834536
-0.017008238831239992
-0.017265433202258332
-0.017817364127416392
-0.01736955995566514
-0.017553186279335387
-0.017545002225704844
-0.017459224362795112
-0.018325273855164873
-0.01854169140369397
-0.0182675608538493
-0.018659215650788406
-0.019108570007014207
-0.017828583231296866
-0.018503448382579002
-0.019312075441584548
-0.019271095230968534
-0.01942314552863427
-0.018607127494317848
-0.018457903654409885
-0.019801087488795527
-0.018463239042267033
-0.01878430095029212
-0.01971370197521895
-0.01876456257756976
-0.01939596552882604
-0.019594564169495777
-0.01923198039111436
-0.019650318928206723
-0.01998638148528493
-0.020617556045783265
-0.019562498538530995
-0.020613963514895976
-0.020684772668206258
-0.020824489721217115
-0.02052466012551991
-0.019894177470884747
-0.020701273984518823
-0.020303632521918354
-0.021517837454775396
-0.021607114759915412
-0.020652704763691288
-0.02153414609764757
-0.021136192800436385
-0.021499691244889662
-0.020895744217139953
-0.020945666284267164
-0.021836130511042943
-0.022032742360556974
-0.021287926424395375
-0.022422778885430584
-0.022122399826354725
-0.022353848182228797
-0.02235973905383355
-0.02149230159318806
-0.02258690608863318
-0.021918105359041474
-0.022032869934235547
-0.023170730125498775
-0.02179197725200727
-0.022552697755256534
-0.022621684895591302
-0.02333239004491391
-0.02239578708819476
-0.0227922700123974
-0.02337402402403077
-0.0224601166353526
-0.022762007746587255
-0.02271146858194715
-0.023127344197476956
-0.02383854970144433
-0.023944591101370837
-0.0233130651822434
-0.023451009732972296
-0.02326809250824015
-0.023661903650063265
-0.02382167498499262
-0.02359357866874601
-0.024783545630466714
-0.024156772084030567
-0.024103979280678686
-0.023872388898260537
-0.02430476297639922
-0.024162595140750826
-0.024223586906796112
-0.025246681475392798
-0.025265662971400784
-0.02463768759514423
-0.02442897571809219
-0.025480666382281962
-0.0250510138647671
-0.024540647334820424
-0.026086177648147045
-0.02562868310704273
-0.025272837416617386
-0.026036658299493875
-0.02633391410885619
-0.025450203831680573
-0.025158124911346332
-0.02648829729800013
-0.026167445297364977
-0.026038165244494007
-0.026845298911441908
-0.026338270721790395
-0.026370510098430056
-0.02697180395645247
-0.02590685315151636
-0.026689817133799743
-0.02634208162039878
-0.026587556085703085
-0.027061153146849582
-0.02643546937038561
-0.0268294807459771
-0.027610865281805636
-0.027874350237343047
-0.027639085239951625
-0.027317081143288145
-0.02678566315809752
-0.027052797713847825
-0.02797103025426895
-0.028143824844251156
-0.027450808211605997
-0.02754608553503102
-0.02764029002012717
-0.027870245282275417
-0.027554341370748206
-0.02808402379607503
-0.028299482578611444
-0.027945459912032528
-0.02794123509853897
-0.027876895922421523
-0.028007746873157782
-0.028271017730377
-0.028793918396634758
-0.02820609263785889
-0.02944810645482382
-0.02844439584794962
-0.029506539310976257
-0.028845851472881455
-0.028548587967087043
-0.028870166359233864
-0.029436432598878487
-0.029940855570457618
-0.029276382818708258
-0.029506578128581314
-0.02899915644008637
-0.029338796201617345
-0.03055496941055489
-0.029297543759414825
-0.02933777839161175
-0.029371636454721857
-0.03015013006185515
-0.030824357115249907
-0.03074134310688885
-0.029993532122156566
-0.030375033031610012
-0.030442919396927646
-0.031089573879752995
-0.030366889599727498
-0.030339364139675182
-0.03019382724231147
-0.0308711496033709
-0.03065786219489661
-0.03136678104936713
-0.03115063305947401
-0.031134623546794672
-0.031277295266617995
-0.031494191293435635
-0.03208506657072767
-0.031045567205423678
-0.030846070825079636
-0.03219785335890918
-0.03102918217543947
-0.032023985119786075
-0.031164819241200983
-0.031473752073013075
-0.031787403714658824
-0.03188015358186965
-0.032283377741203205
-0.031637853111008724
-0.03159128817654721
-0.03229573967984112
-0.031822314746545136
-0.03262083829999698
-0.03247852409710074
-0.032644680797604755
-0.032959814084944736
-0.03281633131963326
-0.0329737663239753
-0.03216799167321167
-0.032818030201200166
-0.033061779734737236
-0.03288984542528133
-0.032315262411089216
-0.03304571421376215
-0.03291304536246502
-0.03295178208409283
-0.033184702152382915
-0.03302732527825108
-0.03355027873258154
-0.03386747988052575
-0.03336729318461194
-0.03334196403131828
-0.032956281160890444
-0.03283206528681789
-0.03351384390363949
-0.033594646361044415
-0.03407649047268165
-0.03368579157052833
-0.0335935940198103
-0.03360083895501378
-0.033680916922992986
-0.03473452750739518
-0.03397247303804787
-0.034506992382269994
-0.034048281728674426
-0.03353558673032636
-0.03486129408439118
-0.03382014428950208
-0.03462937130486827
-0.03438552067780748
-0.034470742422753574
-0.034760321761324806
-0.03403398125427867
-0.03422022030058003
-0.0340651353596564
-0.03393117641466358
-0.034759645002254924
-0.034807490022251614
-0.03464917066622042
-0.03515238455889012
-0.034419767378904925
-0.03507403098803833
-0.03468933450464896
-0.03507832182179029
-0.03552000666183661
-0.03470195012145963
-0.034867260037646654
-0.03541814836649153
-0.03514400470202144
-0.03580720078288924
-0.03562197235875798
-0.035889395511829944
-0.03523992748318196
-0.03586100842964814
-0.03542758157787302
-0.03594080145197911
-0.035239942032058394
-0.03600010577716447
-0.03493030086208469
-0.034918494978555946
-0.03531997771217961
-0.03554237246717523
-0.03569156517802085
-0.03589897881022919
-0.03564102714901862
-0.03493795732649761
-0.03603100392501304
-0.035326267912303894
-0.03592862555102479
-0.036399852223455265
-0.03546216971667389
-0.03502063680492244
-0.035926671651595056
-0.03645582248880077
-0.035365087638658955
-0.03541301153977461
-0.03595915672513311
-0.03572046378299713
-0.035697542353538
-0.03574782643743632
-0.03573395341295452
-0.035554894013984234
-0.03567018333139634
-0.03631915064626473
-0.03519336171365206
-0.036265582682654215
-0.03555471515005594
-0.035959270320613655
-0.03570151580965489
-0.03610587385581982
-0.035671472333462545
-0.03547608178204068
-0.03563110246513535
-0.03525850061865237
-0.03595444640788537
-0.036074272706142566
-0.03547521598080067
-0.03602949821556293
-0.03640882588655214
-0.035987201726911805
-0.03623056424255673
-0.035786697062428784
-0.035969146635970756
-0.03550937544085238
-0.03562726839494818
-0.0358057110243783
-0.03590780517171869
-0.035898709390763874
-0.03649246207501483
-0.03618379096654054
-0.035632585447123694
-0.03520819604303438
-0.03631387670191552
-0.036070494738930585
-0.03599691518211325
-0.035906567017400956
-0.03516049686735003
-0.0350461139563343
-0.03548719501797028
-0.035051143570787785
-0.036179971989915787
-0.03571997397006291
-0.035150996866688405
-0.034993645460944564
-0.035958180022040674
-0.03544988457267967
-0.03492999990889459
-0.03582455309234238
-0.03558195051531748
-0.03512718373967267
-0.03607154914306606
-0.03477286830816937
-0.03539963529571954
-0.03501081351396197
-0.035887182112706965
-0.03470493210913042
-0.035835737656998656
-0.036023222755821385
-0.035235715179329795
-0.03560253484321927
-0.03566959217552728
-0.03527049075114803
-0.03585129524151763
-0.03494678883209985
-0.035166128157858474
-0.03501658712541422
-0.03501908881420689
-0.03482656696754923
-0.03481652975087744
-0.03466477170821108
-0.034545200875196296
-0.03522382972133015
-0.03535926568152809
-0.03495680912288931
-0.03519635352933094
-0.03463423750938782
-0.033832582897319774
-0.03419139184158533
-0.03471915545980203
-0.03394388465723095
-0.034154301121367
-0.03447988071206172
-0.03471367119271701
-0.03382942307838404
-0.034820796981768154
-0.03365855928889948
-0.03399669040304706
-0.034016957532291336
-0.03351433672066882
-0.033315424196824955
-0.03342607585122511
-0.03307962999756061
-0.032871108115923274
-0.03349707748382098
-0.033614111043453125
-0.033378476655442336
-0.03275350056463234
-0.03400362840559185
-0.03356499405689368
-0.03263819438998603
-0.03357024538699734
-0.03259242565649067
-0.03348909995817933
-0.03358534362626382
-0.03272671234112488
-0.0324541929808477
-0.032944306471371684
-0.03263913167277435
-0.031800090531094935
-0.032354591579123924
-0.03200952900557291
-0.032636734994875294
-0.031505371053122184
-0.03260539591884685
-0.03219796905985686
-0.03135976033362931
-0.03243261718603117
-0.031743619790283215
-0.03202183345468434
-0.03156230231600404
-0.03161280527137348
-0.03185623826495301
-0.030809007337930475
-0.031136315716301873
-0.03131776723728251
-0.030874447699754008
-0.030472257102646446
-0.03011272440989243
-0.03108556753648879
-0.03107432728370626
-0.031244442554066384
-0.03085338326539657
-0.030103181435002173
-0.030637782270600107
-0.03020224471718058
-0.030580984209607046
-0.02949444892013019
-0.030462369890778683
-0.030430285207810277
-0.02902504474810856
-0.02926893714191455
-0.0298974845443427
-0.029528848765008636
-0.02873462826577845
-0.029368582084478775
-0.029110653464529825
-0.02918648516981619
-0.028381076693010075
-0.028820088408725034
-0.028627804152251943
-0.028140882762904423
-0.028672003110095108
-0.028653716871239222
-0.02888499073751353
-0.02773196326648707
-0.028171871867972768
-0.028113338868820798
-0.027976287858936202
-0.02768978405496291
-0.02738227540332741
-0.027419188092052387
-0.027951799783061396
-0.026751129329731525
-0.0268576897078143
-0.026244076956953893
-0.026173297951999422
-0.02717944090309527
-0.027031989670013017
-0.02611058129696717
-0.02655637394609386
-0.026376968983083175
-0.0255687298254046
-0.025520192943732714
-0.02577695546333967
-0.025775938598803814
-0.025614930389187898
-0.025331334134344293
-0.024596727733266526
-0.02476985896487507
-0.02516799168932897
-0.02411734980199241
-0.0247795716208356
-0.02455224434095671
-0.02488455757803039
-0.024393923568383158
-0.02466387368062581
-0.023447524183912997
-0.024132843424549997
-0.024247533316771548
-0.02337782361222059
-0.023414800521683887
-0.0226722779333692
-0.02293305076222184
-0.023365973560586673
-0.022255295092594336
-0.02214936318942477
-0.02208319051529618
-0.021812477477383862
-0.02211585937911845
-0.022040160711819835
-0.022183869058379328
-0.021826495636576723
-0.02086340758160327
-0.022117531846142877
-0.021536903696777666
-0.020890225110363064
-0.020363467081338894
-0.021158468419380985
-0.02102526785081326
-0.02103003178733513
-0.019963790932940116
-0.020836463982937457
-0.019867765834290195
-0.019535453151711533
-0.01939464449728089
-0.01973667736185862
-0.01949777334120177
-0.01930687186084016
-0.018920206454658393
-0.018233346041359455
-0.019470287707798135
-0.018593126964506657
-0.01848537465990084
-0.018030618875935756
-0.0174368140703081
-0.01755314742261545
-0.017916178535795097
-0.01691408313298359
-0.01696536870115214
-0.017769638638260962
-0.01652989649272072
-0.016940409525355547
-0.016080907132649536
-0.01706376586512646
-0.016232629285638595
-0.016457111105507842
-0.016833442240709585
-0.015183091412393015
-0.015268434305610925
-0.015174686001700978
-0.01596565071185133
-0.015677489249522086
-0.015207090784618248
-0.0153052272152717
-0.014907964108681414
-0.014326870888838047
-0.014791175306070735
-0.01384333494919202
-0.01398843751818312
-0.01426409546634189
-0.014228757687061735
-0.013761252119699769
-0.014034966943836338
-0.012400261955469623
-0.012576762056517005
-0.012002450921243532
-0.011836497506311912
-0.012872109686435332
-0.011450938098768399
-0.011644045951614045
-0.011483623992021672
-0.012238177547844124
-0.011187330527862896
-0.011769352844625262
-0.010519021577664338
-0.011474886324897574
-0.010654611805010539
-0.010057411520336712
-0.010151115292820577
-0.01075050125446371
-0.009982157812474135
-0.009188035514905735
-0.009835808667610605
-0.0097603385212504
-0.009028322477112466
-0.009722923635359287
-0.008973831371681031
-0.00851441444579228
-0.008535908242156673
-0.007592815100095135
-0.008220835704660994
-0.007317645185783254
-0.007554319904370941
-0.007209391292508008
-0.006637057554995945
-0.006466760701032011
-0.006835852194407791
-0.007080761216834436
-0.007161260565978257
-0.006787592990197303
-0.005697431859542249
-0.005399152286496468
-0.0058309502028833955
-0.004942324171466441
-0.005574858883203195
-0.0058083748733506494
-0.004804937885450757
-0.004939642271407625
-0.003966420651864346
-0.004049166500450564
-0.0036588627351628526
-0.004508775721779211
-0.003909177816969615
-0.003336272809409396
-0.003987089308826073
-0.003946838298431725
-0.0024611785588118315
-0.0034023222077076308
-0.002059536118132432
-0.0022516219151586985
-0.0024444627662182205
-0.0028717099220151587
-0.0018656570019019326
-0.0016674842714897548
-0.000978006285557233
-0.0009585999204705238
-0.0012255273020864452
-0.0009421818334328341
-0.0011070612244957487
-7.158560875040646e-05
-0.0005441170440130505
-0.0003205011483053735
-0.0003701207367847825
-0.00016435616731086581
0.0003319694201201211
0.0002886902832849827
0.00015439690635337026
0.00023722318368851202
0.0015464013665366482
0.0007529598681495605
0.0016087743448431478
0.001548172700002973
0.001958567562224067
0.002537501207827698
0.0027971208179883105
0.0026837800456988863
0.002717010571277311
0.002997017886908492
0.002424206548595845
0.0034554592486535658
0.003591356471870515
0.003525127349320358
0.004181047338580625
0.003473075833557371
0.004219971176349074
0.004142364769545054
0.003946023775454467
0.00509941448010418
0.005272701260594038
0.0049607181122019155
0.0052820571050527405
0.005237490765036941
0.005125179911309515
0.00674196717928665
0.006496874234851699
0.005693882962055145
0.006503333254997792
0.006535997112056642
0.006288538780286285
0.0071711132936931755
0.007396338588749136
0.006812590162348771
0.007200859007293346
0.008547912352993767
0.007964873788260036
0.00757896267648218
0.00818222034681604
0.008143403901487841
0.009338851666685083
0.009308635291147133
0.008945104633768042
0.00988598142337204
0.009103893796311446
0.010478504811831699
0.010635609665032093
0.009973455935771562
0.009652704713915985
0.009814696490307471
0.01109579727379217
0.011359522904330982
0.010775197722930287
0.010846501322910568
0.011129092473043164
0.011384110793800441
0.011538696349102115
0.0115262286874062
0.01183165617358844
0.011834502329216833
0.012415334368611886
0.013026776284754299
0.013237717184686916
0.013606614229083606
0.013286134497335978
0.013528936350599244
0.01358310254835595
0.01456263614381576
0.014744867522110624
0.013890649447106508
0.014561272244949807
0.01529463481686666
0.014107125085581077
0.015570843791302958
0.01518941327932191
0.014614429229743386
0.015903838306794888
0.01622766071617832
0.01641904653662859
0.01657672048985855
0.015584951267649121
0.016089836910199558
0.017179377655055086
0.01717305199493127
0.01743271511185135
0.017255412817136065
0.01674071118521851
0.017571643278323293
0.016945896346663995
0.017589197394537036
0.01732202427696844
0.01881868825542659
0.017716843403809895
0.017690628779553554
0.01897700460691181
0.019502476519916188
0.018591954931819928
0.01971425023197587
0.01922279088448626
0.020144723556796248
0.01925719997340997
0.019783168609003303
0.020264904365895547
0.019608836013205625
0.01993107881986004
0.020295158942264965
0.02105250110744037
0.020064015288023474
0.020920836236725308
0.02162854246401698
0.021751989738936717
0.021911504725153026
0.02199260423224084
0.021403379531356227
0.021169263345234647
0.02164142091190855
0.021666643298319486
0.022690632140706008
0.022447782114077906
0.0223847266606862
0.022257891099110215
0.023625187437918447
0.022529015021750042
0.023121464940340463
0.023492972482232383
0.023824557890579943
0.023607685730195418
0.023138818698694583
0.02357199316660818
0.02361770729947682
0.024391831327570897
0.024548362573363375
0.023849588244237108
0.024077904566243057
0.02515787940848066
0.025472707372619387
0.025150208852051582
0.025873838427565098
0.025631608790135752
0.026098885224041468
0.02521803557302961
0.026367896275211834
0.025815933511259007
0.02544347756515222
0.026089254588945038
0.026141793463546233
0.026778882730874858
0.026444780264524445
0.026462662481301736
0.02739387338546054
0.026652751652658378
0.02767992104102844
0.027397066208257017
0.026797512991457207
0.02745716235329096
0.027264402655952254
0.027103050457244884
0.027707974285044318
0.028707329767633263
0.028403326680881545
0.028509143034316294
0.02777087034286517
0.02847345564183097
0.029057078307840992
0.028833549431524868
0.02861911406914076
0.028318072883307694
0.029624163271839747
0.028803733721568615
0.02927577741731999
0.030192733099793655
0.029960149584255
0.029195049459094204
0.029142845012905438
0.0292006366852635
0.030654788982250228
0.030585942004867077
0.029958843154212537
0.030682667915474634
0.030524344927356156
0.03087441998441653
0.031413017953842
0.031197873435521207
0.03122393743047559
0.030455585909394452
0.03048354236714547
0.03181172865759103
0.030857446041315087
0.03083053364865009
0.031599361825179056
0.03142663400125471
0.031146707192855234
0.031947872610590046
0.031469648547369417
0.032682003262634395
0.03276591063451338
0.0317611759550523
0.03194385650287417
0.03257446749625832
0.03297986730331241
0.03242384228889993
0.033393724778430944
0.033350341588319184
0.03222137284526789
0.0334199895871378
0.032895514096424
0.03288763891637068
0.03377429203490409
0.03305711504943169
0.033033985140341025
0.03339248007618744
0.03305049750339968
0.03381341378101923
0.03415609260399676
0.03363532593213608
0.03329366768296482
0.03404996007432955
0.033974523991396464
0.03373636465073927
0.033715850518989024
0.03354658300505384
0.034104424544638384
0.03435944781819
0.03410192980760074
0.03388647468114262
0.03487750098189883
0.0341373360574403
0.03480190151315821
0.03483774602887342
0.03437783744608356
0.03559719580294353
0.03452511266128676
0.034401566023149845
0.03453527248810531
0.03559775960934162
0.03584375879099845
0.03493000745198804
0.03584682887998637
0.03500008198864341
0.0352613735397943
0.03568471917034517
0.035610808469804474
0.034967338408723916
0.03500664943475663
0.03624246638768284
0.03511144780144776
0.03565651679002
0.03628988162656128
0.035331521623608
0.035806495928795805
0.035412647049307
0.036379035795717746
0.03556887633455254
0.036312828353706125
0.036821130094433045
0.03598490207230862
0.03556426989239229
0.03576460618568817
0.03661717562425688
0.035904980805504055
0.03679704529329549
0.03663476747416011
0.03644585816104412
0.03702543397350667
0.03587596967874532
0.03587182811212123
0.037168163417422934
0.03715086023613099
0.03715788766998032
0.0366980724370846
0.03690776626416153
0.0365063563451361
0.036739484273031725
0.036840673869795705
0.037290572495669035
0.03679626765076917
0.036908824226349696
0.037528895221152006
0.03701086513360798
0.03775283312225422
0.0375424301116002
0.03647321483651613
0.03706477168880634
0.03667297818414852
0.03651257245561675
0.03731081065986988
0.037179582984091374
0.03654466181149926
0.036889375581131936
0.03748571249764136
0.03663961737357863
0.03777509682723968
0.03757618680031335
0.03758117238843443
0.037878419138084575
0.036679794548726614
0.03758636117098502
0.036856277569285806
0.037470213554171954
0.03742589047386628
0.03783950706471726
0.03758415610778075
0.03716565271613745
0.03772288422368812
0.03700531254292167
0.037978746231947434
0.03760235567683576
0.037446243164026304
0.03789352519845061
0.03698339959252583
0.03806683311163283
0.03766560560123772
0.03799087303214923
0.03672651197602792
0.036836893626571415
0.03687579885559008
0.03791745155690959
0.03761550410386674
0.03656360580355316
0.03687944400122044
0.038008876444958754
0.036968259528544246
0.036821642238166113
0.03675943620370415
0.03668272092481926
0.03719277990861417
0.036513086932218525
0.037285448419151455
0.0364418304251274
0.037891156157509896
0.037579009929766795
0.03641427226405667
0.03746638736467402
0.03687836127676859
0.03674492355796029
0.037755489619270284
0.037756286696153864
0.03676655458456529
0.03689627630250371
0.037493504700622265
0.036901171801101536
0.037493904810789604
0.03673773657060125
0.036841996617007114
0.03651033414811414
0.037183281131309205
0.03649886018646652
0.03635040505473673
0.036978267197215135
0.036433497357667516
0.03614976252348947
0.03628854041082909
0.03679340080569908
0.03632021969636094
0.035863343511139095
0.03624150118541977
0.036234362289597366
0.03670187153826786
0.036181929969540484
0.03657702346297319
0.03561085601643565
0.03579161534643009
0.03675301608515746
0.035735703821383864
0.036423671369761795
0.035920766731363296
0.0361868642545144
0.0358474565862305
0.03608195843477737
0.035552490635675824
0.036681567423954245
0.03628985758934694
0.03567031734715439
0.0350991023316602
0.035173532883057475
0.034983281470373266
0.0363539228497325
0.035126921198128
0.035324795168306077
0.03533438297138469
0.035099496736158024
0.0355134444728394
0.03534982469387377
0.0356748300858049
0.03474576707955092
0.03516152872037132
0.03482411137361875
0.03506694384870734
0.03511402044698853
0.034339587685292036
0.03481058202360462
0.03543838021878323
0.034374794265485724
0.03486405338710566
0.035479099440673255
0.0345325828125565
0.03455885331376427
0.03394039737504691
0.03482756193166228
0.033768566987821866
0.035155170838160214
0.03386932810530568
0.033805640599924566
0.034553733223782246
0.03479772660935471
0.034271795588588005
0.034734588216384164
0.033607926341603464
0.033434117555491125
0.0333922774775053
0.033155926656419754
0.03447404749012737
0.03332594243050505
0.03360657823291238
0.03301038730722357
0.03379911958405279
0.033397461973411466
0.033721953744053394
0.03356452013523659
0.03285660485705503
0.03266193605340576
0.03261629554052518
0.0330673116272545
0.033521454897294724
0.0323475113143946
0.032758650742837014
0.03272169477196919
0.033222390550165744
0.03204174103723098
0.032088026685427117
0.03278291014512629
0.03298666214526615
0.033130819579473836
0.0316210198331483
0.032606670602041206
0.032409248161114255
0.032626035909207866
0.0321627839323463
0.03145406816182927
0.03188488481903762
0.031487169246033515
0.03234848093555789
0.031049608987578785
0.03090059045510174
0.03213611912354085
0.03142716860633249
0.03170524891509025
0.03139063722941828
0.031707330158834965
0.031138630833269742
0.03090171860142927
0.030793974208996346
0.030574249760309497
0.030947409169122808
0.031409036090497555
0.030209753576962227
0.030805442177265965
0.02979345736720333
0.03117587154677243
0.030424958161318065
0.030256770177401124
0.029961990032546702
0.029485588821139306
0.02993349592519733
0.030426498512384183
0.029776650051714433
0.02995194567418494
0.02986990260756465
0.029450029072483896
0.029026254030613208
0.029692004611497142
0.02900579520152724
0.030049857829010464
0.02929261894562207
0.028804739582744657
0.02835287670668595
0.028546279423190164
0.029185951935873398
0.02927053057121572
0.028067493491792956
0.027929675885456733
0.028720766121236974
0.02828947469034726
0.02790154797142193
0.02800119267890243
0.02819181795298138
0.028708221136219285
0.028557821826714694
0.027497999580341687
0.027543985047640353
0.02750587741193475
0.02845197503772319
0.02831219058104997
0.027888413318887
0.027641214860272503
0.027502063580134784
0.028044144054509404
0.027426264765515344
0.02693726939952817
0.027313101243654776
0.027501542391083808
0.027079753463375957
0.02728184177003133
0.027366168616005732
0.026027717120591203
0.026172522122212237
0.026267031543624003
0.02695374231524282
0.026246204793875877
0.025535393739580668
0.0262373933245701
0.02544381654962698
0.025507808487441445
0.025514605350110766
0.0251823401052981
0.025577751537390135
0.02577205074749411
0.02621254245116067
0.02518044636342575
0.024922305424392555
0.025861789977808317
0.024879579322464224
0.024960778260267658
0.02574540876962587
0.024676461037024807
0.024778716917246358
0.024092168285824816
0.02484476239571
0.02459897012567921
0.023843041975497165
0.02452923275535821
0.02456940012175283
0.024511570245559253
0.02407207389944428
0.024637342089573813
0.024033002345116627
0.02459045243633229
0.024000200610884107
0.024328180970817053
0.02349084788780947
0.023716321355002287
0.023832132907158934
0.022982545468624757
0.023359060434906022
0.023623676536586313
0.023796232113931316
0.023445846933944286
0.023690703839165772
0.02311055356156317
0.022882535104575837
0.022352297454308046
0.021834795187297466
0.021796619382319374
0.022407058122946875
0.022158953433764388
0.021658785819915455
0.02244377657504493
0.022087917890568288
0.021279693417627275
0.022625837290134412
0.022286352069983643
0.021226767088915452
0.020995246022766135
0.021308784958189476
0.020833564906994718
0.021715402634946514
0.022021194205924917
0.021660020936737138
0.020975574847383025
0.021276885704393476
0.021645999090025507
0.021158333885872183
0.020402872458585835
0.02010877777719244
0.020326494921056735
0.020575189970880283
0.021013235445497176
0.01985241431852934
0.02098266786739153
0.020109043730828852
0.020254136816981884
0.02027814985925436
0.02066315547425085
0.020551979123446137
0.019543146318753642
0.019607884391522137
0.019903994634101446
0.019687032772785294
0.019970955540358888
0.018600042054079325
0.019434965442673487
0.018789439690894465
0.01974975782286621
0.01910684536047821
0.01906415284620506
0.01958727327815719
0.018368861315472114
0.01804228008190681
0.018276373250275195
0.018592428171188165
0.01820956244821298
0.01908357953456706
0.017862365660791604
0.018527636729225513
0.018263388533544155
0.018128866124503498
0.018161425840445975
0.017753866921916987
0.01768421057713972
0.01744388983362331
0.017488123957168384
0.01789703375505365
0.01768133809495702
0.017333027162924102
0.016617193323462773
0.0170718112968166
0.016943603448957213
0.01653474988035555
0.016374007403240496
0.01724954393208207
0.01714330144083907
0.016423905992203502
0.01682135847031959
0.016496469128540175
0.015821304705481105
0.016757650383121547
0.017076839739935668
0.016159612750987096
0.016621905887936977
0.016597347690262814
0.016644205171063884
0.016197004019020453
0.015973989009714328
0.01620825606745108
0.016315750029561482
0.015625158653118105
0.015287824378661162
0.015191968640731895
0.015011922999958115
0.015647444889475913
0.015365358392192444
0.01545661711417794
0.01553903601105875
0.014828565850227194
0.015402167901626001
0.014384673322659402
0.015611793743532073
0.015102104445533351
0.014936626585089577
0.015169030198159657
0.014135370141110288
0.014199835456583269
0.014369885467216854
0.014562749184647727
0.014715640349849518
0.013627734755261122
0.013588730039253339
0.013855103091030326
0.013710064662157304
0.014290628774572043
0.014552920709795579
0.014229783734821044
0.01343107495539105
0.014038140932526241
0.012865688323993154
0.014198935926653323
0.013101199275160638
0.012967010372036316
0.012767632701830709
0.013706612242193479
0.013140901927739894
0.013110753958127136
0.01312611559521896
0.012750070454419728
0.012892443125509205
0.013393663313094007
0.012001541003642981
0.012840041359841223
0.012166292747023627
0.012536723526539341
0.013172233752558552
0.012034630521177063
0.011970304814476829
0.011585088691973435
0.01168746665809521
0.011632878461192925
0.012385611503191833
0.0115798824682449
0.012681004293558618
0.012030913451923066
0.011692691922980688
0.012303768684823052
0.011622759889041634
0.01156220186947605
0.011080574012871738
0.011170280887014317
0.011176529252473385
0.012120903075050036
0.012005963038094642
0.011118266529837622
0.01158879533932662
0.011108505688857665
0.011144398598971235
0.011413686951892231
0.010258744183277666
0.011506756655330993
0.011323076186546962
0.011520514841304919
0.010708439297294576
0.011146531029070204
0.011001955324938802
0.010856448467930685
0.011229673416432261
0.011085071058653622
0.010205331879229302
0.01077475765728434
0.010697336260104636
0.010772531599229767
0.010809128245534334
0.009835223712132293
0.00973783706781348
0.009280719387781307
0.009527909438547873
0.010046316575059576
0.010005136233568036
0.009980263735929973
0.009477891176247035
0.009954695331420599
0.00973695982018744
0.009145758758425033
0.009266427496767897
0.009232508492381476
0.00868837446989275
0.008708262832454707
0.009685910757558182
0.008958626933910195
0.008829478126651205
0.009827502766902472
0.008716841719680653
0.009123641282929201
0.008527346553253596
0.009108057646081894
0.008395511227431035
0.008739875881093997
0.007964429099369816
0.009086741111214578
0.007875854800700946
0.007905385549967385
0.009108343106540778
0.008338519871905776
0.007790361110491557
0.008165391403437482
0.00864303061758896
0.008016964510420724
0.00750858581782713
0.00846231121237645
0.00797032421226287
0.008596463533569442
0.0074087567644374784
0.008647234585822278
0.007517076373098957
0.007602333066844427
0.008334718816244015
0.00792125005595574
0.007495545871024782
0.0076756143318809835
0.007883831822697357
0.007669893682506056
0.007299856145847382
0.00708411375952948
0.007660255169248868
0.006774421856284045
0.00759573394333577
0.00806929894198473
0.007988989892822365
0.006693877901844197
0.006478796104698743
0.006398598980197165
0.007294226968046562
0.006624426567618754
0.007065202416596832
0.00713203930453024
0.007162029482363098
0.007511397953490512
0.0064952326378153865
0.006162064980804886
0.006114333164343762
0.006529021772360406
0.00665913976794982
0.00632022527038464
0.006737155007440454
0.006357466279136624
0.006928466677648118
0.0059488904356282315
0.006986034340349159
0.00588157164713635
0.006751779855141723
0.006007450126829265
0.0067875362247654895
0.006517848064533765
0.005683744053860341
0.006474818499760931
0.006700401444200995
0.006784518218881644
0.005616688158834081
0.005440812701848587
0.005760961157112357
0.006127324681990004
0.006274564130853187
0.005215323269704851
0.005215279123014485
0.006038368293794632
0.006314537507324955
0.005270448045479663
0.006048805705550357
0.005842805269496565
0.005213385883280788
0.005360214004949544
0.004989790958618379
0.005395182415117605
0.0049374211170318235
0.004864720303054922
0.00514706493114137
0.004644893650447213
0.005633516623274637
0.005218851997974257
0.005225078149686978
0.005860553905996923
0.005052845251313395
0.00458589670138711
0.004807371605512744
0.005365561246209343
0.004909150715990956
0.0042952480071215575
0.005059563924710699
0.004518718331052182
0.00557302681957983
0.004304913674077927
0.004285242715239608
0.004512663141521483
0.004425993968214194
0.005448214854710549
0.00406469280983188
0.005292275974434512
0.004309941835209994
0.004912110527149887
0.004804461014592016
0.00513497573683059
0.0049461656017427405
0.003813879944147417
0.004146986209093572
0.004558153184603736
0.004908894001348165
0.004462303908437486
0.003906071444070854
0.0038605565498836085
0.0036798739124223154
0.004241610671976796
0.0038503074769977276
0.003933116126646987
0.004438015884709193
0.0047628883910458995
0.0038980080573668137
0.003961357427315595
0.004125615093379218
0.0046813579104613605
0.004691865403225103
0.003918399430993934
0.004344600467455227
0.003693215548772934
0.00467172644030158
0.003210523866673798
0.0041053799882783066
0.003428945729036201
0.004058285609375782
0.0037603593835312055
0.004166700749852926
0.0033289616258657235
0.004180343918805374
0.002992807965851496
0.004442768611934983
0.00395670185476201
0.003574671174461874
0.004145799229227099
0.00395786403270699
0.0035973907159012226
0.00410923778783214
0.003854024557041289
0.002815913046880208
0.0030719153885285376
0.0033214794766148544
0.002726261530803824
0.0032232430557051594
0.002818584924484696
0.003499419428385875
0.0028053296905324976
0.003287703840839259
0.0028125877231627585
0.0034241160529369457
0.003036926144677103
0.0028084322743869624
0.003796209021389837
0.003362403259036966
0.0025117822840491494
0.003922273990923189
0.003760422740761102
0.002887391288542735
0.002771581637014198
0.0024268641958957466
0.003009504525834939
