-0.0022556573870820425
-0.0013649681639597761
-0.0009110961292272224
-0.0014509037629061475
-0.0009610620053467742
-0.0009291298502342899
-0.0023660380566053207
-0.0023029833548719814
-0.0021500026900955716
-0.0011074029079826849
-0.001635102259263041
-0.0024734090961177316
-0.0018690724309506994
-0.0020379436691012336
-0.0014306338457485612
-0.002134379653073374
-0.0017061406314732082
-0.0020578983206706474
-0.0016144315562352303
-0.0025810472086926274
-0.0024429138600246783
-0.002385636936694781
-0.0027159949905500294
-0.002776693069138697
-0.0018219599613069895
-0.0016325682415898638
-0.0018702050024065249
-0.0020632285932590242
-0.0027108832643103296
-0.0015163665518321263
-0.0017717071172534365
-0.0017867278449907474
-0.0018165820690214955
-0.0016401997688412437
-0.00269851933955892
-0.0018807261486884729
-0.0030444308301716488
-0.0023113009020803033
-0.0020208928705932475
-0.0029745718976573357
-0.002225310893663368
-0.0021452009700585256
-0.003209726249672224
-0.0026421301849063076
-0.0021503640818478515
-0.0018740557059187032
-0.0019052940384133175
-0.0028083199652301637
-0.002145991137088274
-0.0026504601134462345
-0.002142626293502163
-0.002249719951362416
-0.0029890771696496465
-0.0025139736636057407
-0.002138957688374887
-0.003039665560003643
-0.003520281023499085
-0.0027737102612832255
-0.0023073501008564804
-0.0029155864941297176
-0.0025369841427860277
-0.0037538716174766603
-0.0037863436313772913
-0.003544951052840959
-0.002675578753840959
-0.0030941348364092623
-0.0034324234469868854
-0.002981412591712187
-0.003730080892926776
-0.0035820894669175265
-0.0031161385178244123
-0.002858212402388666
-0.003786628893819469
-0.003857877621143635
-0.004128896586027533
-0.0028616580302787335
-0.0039705249817822115
-0.0029047934621114504
-0.0037765291375506218
-0.0035881187541575584
-0.004096365203241322
-0.004269641028012314
-0.00321164149157311
-0.003973191624640467
-0.004297521197720607
-0.0030862663657284404
-0.0031993854761303404
-0.003372483567309095
-0.003994607686722861
-0.004098869310618117
-0.00408204402696392
-0.004306746000835727
-0.0037477640578138694
-0.0041851913523101225
-0.004158400503667894
-0.004245413671642021
-0.004521646899696399
-0.0036462595766985364
-0.004678886056589383
-0.004800788914742778
-0.004368991043647477
-0.004456208473972645
-0.005088241951901659
-0.004711318564102908
-0.004852453966207234
-0.0049980406528605074
-0.0042432396291816775
-0.004918860104709125
-0.005331946885068298
-0.004337514736503906
-0.0048453355298709025
-0.004048993792452662
-0.004053076441653851
-0.005509739344676568
-0.004543596569544437
-0.004568857444632994
-0.005454161204618856
-0.00430862775037988
-0.005364097905357358
-0.00572673375792229
-0.005116287658827094
-0.004725445165340611
-0.00562458794231917
-0.0047184908283686945
-0.005206836873893218
-0.0050210735238860405
-0.005129622798494271
-0.006083418357872275
-0.004926453845670824
-0.004835085012317505
-0.005195533835158631
-0.0051997365483228315
-0.005394206257554228
-0.006226494893944771
-0.0056069197880116856
-0.0060581841387547875
-0.0052473995405223585
-0.005207980667511471
-0.00525548697750045
-0.00589744525328432
-0.006073606179578251
-0.00588127038209418
-0.006191737779929783
-0.005843537664055385
-0.006434345883034594
-0.006157938791532514
-0.006492228744331462
-0.005628914658488214
-0.006084507809896065
-0.0058014478387507845
-0.0058053429122016395
-0.006225024572857998
-0.005943753552700759
-0.006466748366673608
-0.006818093680735123
-0.006032538596338302
-0.0066543824327581266
-0.007100975433006132
-0.0071795131918758436
-0.006352139421797765
-0.006706901365173441
-0.006635079318762561
-0.0071856404580653305
-0.007480881457393429
-0.007593144296129063
-0.007682199288392805
-0.007407012952147662
-0.007629677125047132
-0.007080684688403608
-0.007708466065239259
-0.007177336565292864
-0.00796746758517979
-0.00721030510201883
-0.00832192068467058
-0.008125689970808928
-0.008267131920907373
-0.007940099760918707
-0.00850656348898914
-0.007359658405888806
-0.008268944979600411
-0.007315218220851604
-0.008570571696908802
-0.00817256361409802
-0.007785978212973167
-0.008641549016555894
-0.008034906142720642
-0.007972874621908998
-0.0090007393299232
-0.008953925473185282
-0.009013358250859077
-0.007898707661003248
-0.009088822175533744
-0.007918502631268533
-0.008304974681781416
-0.009101271276115881
-0.008900889442723964
-0.008156512846319897
-0.008664972284411184
-0.008538100753681187
-0.00846607613639
-0.009635266618979415
-0.009728369070939767
-0.008585780511297873
-0.009570973773905991
-0.00983032112658469
-0.009863626112393695
-0.009766603320818301
-0.009645256944221602
-0.009031458653989152
-0.010300808029775368
-0.009203562012033034
-0.010534239237775685
-0.010115029498491076
-0.009770246112766869
-0.010611537245638014
-0.010139306145338868
-0.009688294204471124
-0.010865446528081184
-0.009525412474000827
-0.01074429972955846
-0.009735865106210646
-0.010726114584180319
-0.010688795072753656
-0.010291761418926937
-0.010091529440266516
-0.010772632273587731
-0.01117501413171139
-0.011143951672674682
-0.010870147004297575
-0.010981009176843172
-0.01176748248851472
-0.010572474322980698
-0.010808670038951166
-0.011620133114006366
-0.010713026593697638
-0.011349850794185158
-0.011585257163192397
-0.010782101302844588
-0.012265568441760449
-0.0121693586482232
-0.012357356153067661
-0.012153783131276187
-0.011940028108043158
-0.01128476661761505
-0.012460813529832018
-0.011903479218731514
-0.012666449881396313
-0.012876144986391396
-0.012110164292985491
-0.013045023124179121
-0.012143319258016715
-0.012658629214920237
-0.012609631718899018
-0.013207692948063031
-0.012151464367521158
-0.012765780400015424
-0.013514281036531555
-0.013483944512209115
-0.012773376309565336
-0.012632610241207851
-0.013612779923319255
-0.012950795091591012
-0.013859239780478384
-0.012704816381843627
-0.012779667430230466
-0.013229866925064386
-0.013084869053017983
-0.013059999118658516
-0.01300019605578062
-0.013652098650871294
-0.013432858420972579
-0.014093569374235252
-0.01394520982415168
-0.013865247870239772
-0.014415840977812162
-0.014001951780148724
-0.01427310610050471
-0.014350776571914104
-0.014979955552129732
-0.013808735402982926
-0.014501716259810123
-0.013995650398449003
-0.01474709310131885
-0.015288021098775794
-0.014401778506832896
-0.015444726199566668
-0.014969416760778835
-0.015474473177212107
-0.01502582988645928
-0.015938197962537978
-0.015103218992186964
-0.015169408824380243
-0.015182269738939375
-0.015746640145882194
-0.015465950614892823
-0.016099623881368843
-0.015779893937570344
-0.01573523997134668
-0.015498940307350724
-0.015607982403478137
-0.016460607139136146
-0.015552090293374477
-0.01668154734408146
-0.016266944648910157
-0.016447600958847577
-0.016363675860858917
-0.016379581185201157
-0.017355891888605857
-0.016322052280640476
-0.01724572676800805
-0.016565783901723204
-0.017457913719733518
-0.016464002496153443
-0.017784821585976943
-0.01793121010405357
-0.016912859849727797
-0.016823197987902598
-0.018299597564661145
-0.017785838352701266
-0.01801411688991707
-0.01792387547081392
-0.01720992591649644
-0.0183873534791285
-0.017346550300053803
-0.01810490164338356
-0.01801231912285164
-0.01861891911552979
-0.01897200266422587
-0.018179922444055422
-0.018811645271895664
-0.01891324342704977
-0.018647400460719932
-0.018330014664126884
-0.01885906366674145
-0.019198578971235
-0.019470070035821144
-0.019658161889554014
-0.01915986410073756
-0.020001755257567703
-0.019171046102303
-0.020157224296185276
-0.019803723537502045
-0.019183134963303372
-0.020290424108434735
-0.02017631404993472
-0.019746374959356647
-0.019538130436418954
-0.020643987704931897
-0.02052416174063228
-0.019911097900945085
-0.020664079177299243
-0.020493961160947333
-0.020809841647590543
-0.020541908611698575
-0.02049393724019328
-0.021364691189109605
-0.021644682771409608
-0.021454634353355137
-0.02083817225170767
-0.02082501396814257
-0.021636812351998276
-0.021544739502092885
-0.02171074336951501
-0.02104904379442776
-0.022048886139941482
-0.021617918339706867
-0.022109188809561302
-0.021826778029461705
-0.02173730893332901
-0.02195822701786263
-0.021792730853143944
-0.022617942338448375
-0.021796647891862867
-0.021681245746926852
-0.022150698236062173
-0.022224606474007664
-0.022464996316060824
-0.022455835023835694
-0.023306829730367445
-0.02230102850405
-0.02224734784527084
-0.022776335099579277
-0.022568275271703263
-0.022745820533010996
-0.023437639630850802
-0.023217479273554685
-0.02381954222885301
-0.02287432155721208
-0.023558292877567406
-0.023752847236077224
-0.024354639125846008
-0.02349134586768456
-0.023803967895035284
-0.023962475522564745
-0.02438370816043816
-0.02503180655756347
-0.024946675246960738
-0.02469587905672594
-0.02509402202895636
-0.024499992028694323
-0.02406975693657143
-0.02531047692256804
-0.025008237154796928
-0.024472492817427156
-0.02578068117180272
-0.024835188342451225
-0.025202658470547635
-0.025573698550207104
-0.02595083840682788
-0.02496393230422578
-0.02562846941145648
-0.024926285005091746
-0.02592938483240168
-0.026473891907744632
-0.025397134571286725
-0.026705640839074802
-0.025816715955745688
-0.02565854151241282
-0.0259903329240089
-0.025916506012155754
-0.026584202156830952
-0.02660568162661253
-0.026540426931258482
-0.02625409219994731
-0.02750552507763
-0.027312268060236334
-0.026493560251305625
-0.027414343274968684
-0.026832084176748868
-0.026427519961064596
-0.026933695524279374
-0.027809652333435228
-0.027835457414346936
-0.028149963825961456
-0.0269272252548986
-0.02779854154525812
-0.027773697480602256
-0.027442738595246246
-0.027400284027267605
-0.027285469080241917
-0.02770736086929019
-0.02743147813767296
-0.027909100141941784
-0.02822547314596116
-0.02819093750272481
-0.029161071769988018
-0.028745354027833212
-0.028769197017893402
-0.029456784992011518
-0.028464336393211147
-0.028193514398500374
-0.029695606132849026
-0.02922107151353444
-0.029176169372377592
-0.029650057437682585
-0.029806310789130944
-0.02872728036998076
-0.029185414596125846
-0.029990733277997922
-0.029302569137486828
-0.02964516410163827
-0.02935879368501524
-0.03029419395874641
-0.030104288819883432
-0.029619476163139064
-0.030232530045282518
-0.02976375442407439
-0.029423148627224387
-0.030341817284383822
-0.0300768200233371
-0.03095600956315716
-0.031194072423030173
-0.030671444063656086
-0.03108649480734692
-0.030038578802418177
-0.0314978026451948
-0.03061573401628581
-0.031461138804097996
-0.031075312977739245
-0.03126049288280134
-0.0314617806238159
-0.03169189460137802
-0.03086682117681542
-0.03148668693137008
-0.030827018834311437
-0.03203307590826059
-0.03162391995188278
-0.031487833394386724
-0.03199324198243346
-0.03190108612243407
-0.032172154405956666
-0.031244521820640563
-0.03129448619908236
-0.03191637631290643
-0.03219881472892619
-0.0328201867974826
-0.03283174778772085
-0.03177335210541243
-0.032462028660589455
-0.03225540125463674
-0.03248000158916601
-0.03285810775435302
-0.032983322306575885
-0.03209227021049805
-0.03277638114944801
-0.033460460139297286
-0.03338151420085329
-0.03351713398613297
-0.0330990356893568
-0.03222311390216865
-0.03251977576229967
-0.03367864657893075
-0.03361714927658254
-0.03377962303651509
-0.03337613134476517
-0.032558183590375434
-0.03329558692487951
-0.03308295530823988
-0.033133473805226674
-0.03374402871274497
-0.03414155534322675
-0.03321704525053065
-0.0330315065109375
-0.03350729140282623
-0.033407495207475234
-0.0333277037746428
-0.0344501798971225
-0.033662658831342514
-0.033660621319317456
-0.034633296448344855
-0.03477914388135205
-0.03434594223126694
-0.03446777248667058
-0.034072064506697274
-0.03445147127525687
-0.034642874975546585
-0.03394110125717567
-0.034686603580522904
-0.03514750989352997
-0.03479753927569509
-0.03427995358557187
-0.03443640459365916
-0.034781314138088076
-0.03391298537585137
-0.035276717175741094
-0.03426749906748492
-0.03537451606399442
-0.03484383899897984
-0.034468244985841334
-0.03542864999528067
-0.03494751134202409
-0.03473119356157773
-0.03484923464509539
-0.035224987833355606
-0.03471108764913965
-0.034331235285521206
-0.034492308696742385
-0.03439891815243316
-0.034911016608071686
-0.035958509755418186
-0.034599221244628345
-0.035878124163329736
-0.03536260551415997
-0.03587532061902506
-0.03499598992321753
-0.03536595530485701
-0.03530534879203639
-0.03480529202640946
-0.03611026470060006
-0.03575022873992673
-0.036082692590020726
-0.03548766183427972
-0.03587820711350677
-0.03571532186982328
-0.03565392580247109
-0.034937580974729626
-0.035460034939021466
-0.0351418581578651
-0.03506952870968423
-0.03573945272662519
-0.03592990311853511
-0.03635715083938914
-0.03506658072213974
-0.03626651960036978
-0.036368752642572846
-0.03558089020737228
-0.03652689367616205
-0.03636262843823396
-0.035393543342019856
-0.035683003020763195
-0.03575671201058237
-0.03539077521372126
-0.03542065330364775
-0.03556646273025962
-0.03639071377226742
-0.03566309869246866
-0.035857067795620035
-0.0354377891425774
-0.03563083507447809
-0.03542141433511186
-0.03623284854665475
-0.03597012335869867
-0.035562676312014235
-0.03656743219241623
-0.03630216228436807
-0.035489104074160116
-0.03633402204771979
-0.0360363047704085
-0.03606098647535771
-0.03587774979094373
-0.035770087382503105
-0.036348642615140946
-0.03593416899039387
-0.035566794590202115
-0.036183419122600126
-0.03580901519643807
-0.03640061005119479
-0.03604571493364092
-0.03644389586795327
-0.03629525688550487
-0.03511338693543931
-0.03547489202371296
-0.0357877808949343
-0.03635638834046367
-0.0355756332600224
-0.036027931481093574
-0.0355490935999401
-0.0353360883965425
-0.03587640664118186
-0.0351704852641657
-0.03560359136373254
-0.035961658714244914
-0.03566174720637032
-0.03583287687732502
-0.03485319393374026
-0.03535566942330011
-0.035855053779147036
-0.03465363380981564
-0.03575374201280726
-0.03459933565797215
-0.03486259404910793
-0.03527057129018368
-0.03571004618723528
-0.035173496830679614
-0.035814432552679513
-0.035479113670468
-0.03536855415262053
-0.035000622239640164
-0.034979424547880625
-0.03443103255413588
-0.03453695589207598
-0.03521603969490292
-0.03481612822516816
-0.03473436981118849
-0.03513970937821753
-0.035292209339072865
-0.03434352174399912
-0.034060916881475764
-0.03407015705809007
-0.03416610314711868
-0.034421164319723814
-0.03513318098053721
-0.034518089673260685
-0.035007636369662636
-0.03457646188845354
-0.03421607817186187
-0.033818456026135736
-0.03470602566953818
-0.03442929545786979
-0.033625886006288054
-0.03394062106497172
-0.03355993175167963
-0.03456744185103718
-0.03395163276983312
-0.033052294867739404
-0.03311729326098429
-0.03431484084590258
-0.034231232769491374
-0.034202358484740784
-0.033482194600025154
-0.03359863979808725
-0.03319454583400465
-0.032658458230558546
-0.03313797444772586
-0.033363014215880095
-0.03293883854401769
-0.03226484136452446
-0.03341555534845759
-0.03232255912258985
-0.032660474401056974
-0.032067324027425105
-0.033104905141085675
-0.032360386313453816
-0.03269241512120946
-0.03199898633545516
-0.03266160089247826
-0.0324872874243842
-0.032384505389577115
-0.032481803586713466
-0.031924918455542184
-0.03131976146640094
-0.031268278310936704
-0.031422546027150174
-0.0322114255759264
-0.03227850567123288
-0.031354152633296335
-0.031985105351625256
-0.030755163516509573
-0.03142977702061066
-0.030634776361421315
-0.03134748094322527
-0.03068748331045767
-0.031492779219610696
-0.030903181683795425
-0.03093103230088774
-0.030708708812174634
-0.031205708322259152
-0.03084457858355841
-0.030124849585101216
-0.02989067271961539
-0.029490162993411017
-0.03060804317119168
-0.03045497822808803
-0.03053130825865167
-0.03029130155347329
-0.029654942730802204
-0.029395281266349348
-0.029607998754652795
-0.029576524552855848
-0.028937897680631625
-0.02842175062498384
-0.028650534263686276
-0.029476763268529847
-0.02837805150357675
-0.028147417872164314
-0.028240474174698032
-0.028263022297430693
-0.028020524702645513
-0.028663410332066635
-0.02739970112249535
-0.02834264877963912
-0.028423919971789766
-0.027601532010761338
-0.02834188010799389
-0.02722010955917241
-0.027495043268126924
-0.026832679460162115
-0.02654020960982405
-0.027573358571050012
-0.027038720007128658
-0.026459637469617207
-0.02728332161285894
-0.026222940398558766
-0.026914737927485825
-0.026822635573955155
-0.02675369580512888
-0.025898294368608223
-0.025507208585081476
-0.025711720054755624
-0.025691333500994614
-0.024964596535732672
-0.0260788585631113
-0.02553789098588361
-0.024719916110791683
-0.02503433794256173
-0.024990562103872477
-0.025210163496147197
-0.02532074490152789
-0.02378350191929443
-0.024474964371665728
-0.0243157196659182
-0.02474505677455585
-0.0237730281860326
-0.02387307114973038
-0.023628171853488165
-0.02369357159421251
-0.023358777229018145
-0.023858410456155516
-0.02265376136299166
-0.023454567436664273
-0.02337301340062904
-0.02262044518894056
-0.02305076797994607
-0.021932853235630018
-0.02155345100020025
-0.021800563924486996
-0.021301393669612652
-0.021459540471130994
-0.022148424813814276
-0.021453491814475565
-0.02152453928931459
-0.021144560389397674
-0.02144991919332294
-0.021336313745658753
-0.021146696020211603
-0.019988695372135344
-0.020519386253804
-0.020428049001823587
-0.020316547967574424
-0.019226080318864608
-0.01914238030946588
-0.019075263660109823
-0.019526063941880976
-0.019321421431959165
-0.019734248833430817
-0.018236222071162857
-0.019036494672835757
-0.019244162509903462
-0.01850939090683421
-0.018310520204227878
-0.017914243983609527
-0.017182628872177252
-0.017534556496155665
-0.018083223772683888
-0.01741502368424547
-0.01668792320533613
-0.016726273758581364
-0.017610155812531655
-0.016277437150052844
-0.017108153246447516
-0.01678343743624181
-0.015496771203987883
-0.016634745791821146
-0.015336969222088225
-0.01592335241303072
-0.015483780950676932
-0.01490793904999625
-0.014794402257057589
-0.014484169567740115
-0.014425165128939061
-0.014228938792334576
-0.01444282991525464
-0.01433297777031814
-0.01470847706532789
-0.014062841616472473
-0.014309330229092853
-0.013220151501961585
-0.013762307770895401
-0.013375797313041698
-0.012380239724643865
-0.012232547383838267
-0.012368687327362163
-0.012161861367446824
-0.011820597422758207
-0.012282845119601654
-0.011352515109442856
-0.01222198116035564
-0.011154642692255285
-0.011775723142965504
-0.011389981471458052
-0.01095212413877913
-0.01125703961226946
-0.010623057045166886
-0.011148420506002638
-0.009782941764562418
-0.0095974132169115
-0.010224799271190356
-0.009297171121289992
-0.009154410485777873
-0.00936646870683464
-0.008790682973457763
-0.008617000371821398
-0.009119669207845536
-0.008861388059677832
-0.0077545105800120835
-0.008619540079947632
-0.007726374029506716
-0.007674933016145227
-0.007793244964505252
-0.0068908721748854726
-0.00675738162614577
-0.00789372162073007
-0.0071627158554768535
-0.006688288943312416
-0.0061432838243925285
-0.007150515123118198
-0.00628446200701433
-0.005708393562713672
-0.0065684577767541885
-0.005512409981561684
-0.0053253616031970555
-0.004574261611907617
-0.005279568977606406
-0.004547971016593497
-0.004674376518993009
-0.005138256567710377
-0.003944671122855948
-0.0046050547577769245
-0.003630067960218523
-0.003949856609669151
-0.003948442508070053
-0.003941959354313777
-0.0027079643626608174
-0.002478718137656839
-0.0026295244912920538
-0.0028723009976204
-0.0029947736928586537
-0.0014274478596596383
-0.002412589296211718
-0.0015087229943298965
-0.0019915892166080637
-0.001893861094824494
-0.0014070107380134368
-0.0012219457196630274
-0.00013483984481311949
-0.0008886613958930911
-0.0011518653659268237
-0.00021314683719759879
0.0003102166077403934
-0.0001690242291272389
-0.0003619199992566847
0.0004893377141502095
0.0012539023099143699
0.0008449364000388739
0.0017206221010745112
0.001110034536694934
0.0018406479881229556
0.001185858126275757
0.0013732194473349967
0.0023415792479361194
0.00229868494644858
0.002248712443259714
0.0025660895092047675
0.0026129720280756493
0.0035317953328091
0.0030427109455772906
0.0039103316190127625
0.003328642839058145
0.004554767971551726
0.003988646715041315
0.0039924685314808766
0.004362640649882784
0.004169226169488445
0.00439388444954846
0.004361000738805013
0.004517017218600809
0.005785728845878414
0.005184679759910713
0.006464793311571426
0.005519758754058297
0.006599319176616205
0.005749307790741611
0.00597360704126632
0.00610888542402291
0.007153553915093935
0.007485712443423112
0.007333081956743653
0.006797229800746602
0.007201653791996056
0.008029515185240563
0.0074333204589488635
0.008420761680479635
0.009217424250438885
0.009068648743285815
0.009199774408869649
0.008900212636039732
0.009748824789995916
0.008694815423833668
0.00918943186432605
0.009778229838662552
0.010140093334486745
0.010077822593820113
0.010572388661713032
0.010900575155225436
0.010618255678560047
0.011528815654745296
0.0112755864561863
0.01196628661874063
0.011806588328115406
0.01111530592631199
0.011419759403072017
0.011596076718597132
0.012040351131884718
0.012312293650079149
0.012719483209564392
0.012154798955894728
0.012407397815458009
0.01269035493343525
0.013334832516447811
0.014154198114122425
0.014202069957649973
0.013730995841414278
0.01363787701412028
0.014101332719308855
0.01390720157090205
0.014053346912860256
0.01457723532648048
0.0142426458668158
0.01457092713688377
0.015871978560783904
0.0154250780168338
0.014976932817977387
0.016317725397951545
0.015987700123065992
0.016137456325413982
0.016004163720638582
0.0160826382324496
0.017054785981722137
0.017327522726808833
0.017427399590730037
0.017300203929938973
0.01765415643401264
0.01780304734572935
0.01801871080283289
0.017544221579909907
0.01853986433689651
0.018339876801839815
0.018821198528509612
0.01876883525500026
0.018245980398920968
0.0196042514396075
0.01968731698416404
0.019511486405019984
0.019224073762826616
0.01953148119159335
0.02046532991413685
0.02045221848056914
0.02019622025060573
0.02036973825956217
0.019797136840536005
0.01992547152366731
0.02070637520077142
0.020477342460249726
0.020686101267983467
0.0209179782460903
0.022086727046727147
0.020992935246354132
0.0209976920438652
0.02155319026171966
0.021970269022940924
0.022399340524287503
0.022749391925045426
0.023170141139312077
0.022988137289452492
0.022395040701251152
0.02235670910944027
0.023621247958387402
0.02268000296015029
0.022959238855460903
0.023589416377246385
0.023860860357195392
0.023206662432628637
0.024320728601089615
0.02340061366484396
0.023759776332906588
0.024619068669439248
0.025257952820589766
0.025268448467678388
0.02532131517763392
0.02533304263912785
0.024570274942431743
0.02548691982686344
0.02555653447682799
0.025566991688641738
0.025429996130321875
0.026187795175052115
0.026519681285781135
0.026208796528653287
0.02668592702870799
0.026617166947403965
0.02705508341584106
0.026523838565564607
0.02603473470414813
0.02738937785442786
0.027542619720003145
0.02639890366935921
0.027931288780374153
0.027193901776923345
0.028136049852187817
0.027726169530132766
0.02830006792622241
0.028563456525186763
0.028585185056785742
0.028216033166783748
0.028545431950803755
0.02785843014002944
0.029057235828693823
0.029333108906946025
0.028134158488358665
0.028624776632397472
0.02940946598177971
0.02886245793717475
0.028753295693609716
0.029530206430193988
0.029064997535856663
0.030099563802493044
0.029860926820895934
0.03039730864352677
0.029647396986638548
0.029633079592452843
0.02952825367904416
0.030472318504340793
0.029717774197482904
0.030083034587174855
0.030352441190584792
0.030869908633699112
0.030976863252497107
0.031574669444756676
0.030577129028180904
0.030583790546427486
0.03125834338511916
0.031658775256318834
0.03140403266736884
0.031187997943627307
0.031881490363377236
0.031042092218922013
0.031905089971406536
0.03143345855009963
0.03183111255134838
0.03255481252592989
0.032616625295351684
0.03207592167719098
0.031626205736161254
0.03221357974635774
0.032740878463883266
0.03207276640850694
0.03319381681483984
0.033202311102207935
0.03275211387035032
0.03294200629357067
0.03241063153190369
0.03315893347588736
0.033751568983281195
0.033551566254852026
0.03310381295952106
0.03322965151745166
0.03380992058085496
0.034219226533999614
0.03421490901361145
0.033341115763934316
0.03349233278454686
0.03362628112759856
0.03419417083059602
0.03417296554194697
0.033686569327718706
0.03484497035351321
0.034651519706456115
0.033855842772530995
0.03512666332030794
0.034043782185034274
0.03497696973509326
0.03489341992424378
0.03531441179373433
0.03520946414641328
0.0347645811196551
0.03548993306995026
0.03552663408184051
0.034391804006097336
0.035488137685499015
0.035804401899221606
0.03474472230506952
0.03580493374479379
0.035988845715634495
0.03549812872533239
0.035815541332192745
0.03534250502874411
0.0350618321508128
0.03485929707174585
0.03509029880736909
0.03516149713474969
0.03501114692436297
0.035801944538620546
0.03564082852728084
0.035603643060442655
0.03608986618275838
0.03539812315146673
0.03584582117016133
0.03678549454750406
0.03628076082781593
0.036890746951216996
0.03661141387581369
0.03646905929694278
0.03635710678442443
0.037049878086167
0.036271720296230874
0.03632734554431277
0.0358940742662551
0.036944411670083534
0.03583007104568545
0.036080768992008246
0.03597029531687477
0.036719140581972974
0.03722549417704471
0.037410681281699956
0.037449690513543125
0.037130489937514166
0.036890593759499615
0.036531969120450265
0.03733915232787346
0.037173585994288154
0.0365926954712096
0.03732868470955405
0.037121725772781916
0.03655657351826559
0.03773725216400869
0.036419369010361864
0.03660961952004402
0.03710334657102006
0.03684106553844934
0.03692884119611386
0.03663921323587476
0.037518619949558726
0.03715871164598642
0.0371671826632829
0.03708125243119555
0.037001458127513556
0.03784702687461089
0.036597557247399604
0.037588002823842726
0.03662304554650832
0.037688591136050935
0.036531494623466235
0.03787571626509649
0.03760576913630161
0.03714705270400004
0.037851889296413324
0.03710343513034903
0.037056394897132375
0.03765040562880375
0.0368541511348577
0.03684476247059373
0.03770637576934522
0.03704864676598371
0.03699040340317194
0.03729053151267828
0.03724325069608547
0.03758113231692209
0.03740220182743203
0.037387710803658006
0.03669779777129584
0.03765909306303364
0.0369645557541877
0.037012470998407175
0.03698878366287666
0.03694522322985504
0.03788642776563598
0.03697346266917019
0.037410848763265295
0.037901072900602566
0.036507769577801316
0.03772602413618338
0.037441109703840125
0.03700109282305819
0.037713125777755076
0.03663200630255807
0.03691727204316688
0.03759591181436542
0.037558240925608145
0.03728588791861384
0.03629896902816347
0.036943674611481514
0.03666966448725447
0.0373004127687335
0.03697298606694131
0.036321756754003225
0.03746480005333151
0.036590291317862254
0.036594601842064506
0.036457277450704234
0.03734551729999483
0.036778000327971634
0.036641007609107476
0.03615544443172066
0.03707604668422674
0.035937537808839716
0.03713631482696955
0.03655312230288498
0.03604073783769805
0.03660531625531557
0.037199564308662246
0.036496834775602685
0.037069662033867114
0.0362603835409168
0.03632397100180144
0.03647060949903281
0.03597404306592372
0.03666470883705075
0.03659743203477239
0.03673252775519546
0.03561625144201904
0.03543927553408088
0.03588587304427955
0.03538737707251326
0.03665965183145931
0.03658955762845242
0.036464867919272614
0.03648873294514567
0.03635944199878833
0.035619884291813696
0.036281977896644085
0.035837508258013046
0.03500714976698009
0.034974850336322916
0.03516000525424023
0.03527715104510702
0.035461266027925216
0.03549448118015372
0.03570153592750845
0.03570472669835628
0.03576784648491947
0.03558480197143892
0.03441654738349992
0.034367371419451474
0.03470631648499388
0.03419738253638872
0.035544722201371656
0.034997199396049984
0.034739534268599735
0.034106507446083914
0.03433852245952436
0.034005020038338656
0.034633352949587415
0.035261373073447365
0.034528269221134056
0.03479766528512401
0.03475571237498813
0.0341405367089459
0.03490343442762954
0.0336093724823983
0.03461394957902201
0.03396495821961923
0.03399780762000908
0.03360590691579763
0.034113481613869456
0.03421907392217236
0.0330527439131543
0.033623524903094
0.0330936747366068
0.03367418058527053
0.03382016056746535
0.033342529771607024
0.033891909402329196
0.03358650468145188
0.03297939435917635
0.033757077117954344
0.03375275319940084
0.033639412795682916
0.0329494738878123
0.0336200103944141
0.032521952883628386
0.033069084242848275
0.03233403066719062
0.033047657777650986
0.03197161601024733
0.0317499937822562
0.032046787643325046
0.03215083173333393
0.0316122982264964
0.03221418261293886
0.03221197700478984
0.03263919146545343
0.03206467929593229
0.031363905044023366
0.03198060934741658
0.03120083084823248
0.032352673755348865
0.03172878752441177
0.03176885136114489
0.03164239487012713
0.031006903753124
0.030744671824621223
0.03195146499769409
0.03101302980765641
0.030620253732523594
0.030825899523428717
0.03146283721253547
0.030315575469174252
0.030461896424505693
0.03144686155043336
0.030779634296983067
0.030030032897925465
0.030017555571060752
0.030842095715247854
0.031070384606226957
0.029986502651506076
0.029661075555014762
0.030188064267198944
0.030413501637361458
0.029836463695713165
0.029560175871025794
0.029115379514985048
0.029203342417887877
0.02946931940747892
0.02996502434321762
0.029781103758588983
0.029939612567783925
0.029553179006244715
0.029698131026303504
0.029764767995835818
0.028504449975386363
0.028447144944706574
0.028980417054475977
0.028570989227316608
0.029135256520734554
0.028809239714754378
0.02803369991173743
0.02906100335987569
0.0289960407612534
0.028961603191415736
0.027595470402752387
0.02862188995488069
0.028112384231032784
0.028534155552189484
0.028550794819684183
0.028208797843932074
0.02782931790984663
0.027404038907693405
0.027888564868527435
0.027252471539834382
0.027939444242323346
0.02668700246424517
0.027252302579608235
0.027360006203260016
0.02674962399289925
0.026936446240746995
0.026797443436583
0.026472776639111045
0.02652655813411168
0.026352615345608815
0.027182294152386745
0.027038894748665436
0.025712875807165112
0.02644680381187778
0.02677928548143972
0.026260165888248175
0.02554694577965941
0.02635584609158224
0.026256514089666692
0.02633323037291758
0.025769079045504902
0.025408531387512957
0.025101118657233336
0.025678357920580406
0.02490579784543537
0.025713681452050732
0.02526654192172914
0.025773126884632014
0.024910547972696095
0.02538852020775604
0.024310343958655247
0.025271669225536673
0.024524951436629496
0.025071406689365045
0.023854563556040875
0.02501415128034454
0.023593330175879883
0.024219702997947713
0.02390233468593776
0.024319154544907556
0.023507345437113688
0.02319812902462286
0.023277722510282928
0.024160483255944006
0.02311852052509461
0.023650681700624933
0.02342062285765902
0.02296545221711901
0.023932486990529047
0.022987595957429104
0.022519492514469
0.023257019929790346
0.02286364195766243
0.02207700220648339
0.022417525246218026
0.02282641292217708
0.022331680174573484
0.02196971380196069
0.022506827027028133
0.021657951006345672
0.022544650552314582
0.022420782228478688
0.02138581633312479
0.02270142768299661
0.022227549670892587
0.02175137013762814
0.021535274882353402
0.021592802997423065
0.02107347539362484
0.022137536715849306
0.02160383240486734
0.02060159935203738
0.020483911111697627
0.020806508254770158
0.020434482122426875
0.021059167077577975
0.020399691988951446
0.020928800124867756
0.020052307098771854
0.021008447528687444
0.020685518862990002
0.020678321052610638
0.02056368027984376
0.020705588678364622
0.02083178032067764
0.019536760795310103
0.02007018033874361
0.019533305151911408
0.01978021907705415
0.019344039661374737
0.020001667068490835
0.020241566996170805
0.020072009394166472
0.01984670411907906
0.01863228086590574
0.018779221306096997
0.018585374052075256
0.018828073110134368
0.01828424593831993
0.01865386807100521
0.019487270015347963
0.019245122566205516
0.018946772412801148
0.018242454073283215
0.01883138553692609
0.017909011559143866
0.017925246942196774
0.017933095507435333
0.017813680974075805
0.018025150976022867
0.018208579253142225
0.01753236487115758
0.018368976839303542
0.018508323806466248
0.018031895273959
0.017582421242587097
0.018108132813118478
0.01678863266507864
0.01799965287969858
0.01790237837778328
0.017362454598572497
0.016667403205688637
0.016731629653126325
0.01704746711884964
0.01655717848653772
0.01620790600839272
0.016289311858672547
0.01639028118350281
0.016146924323158132
0.016044768468649155
0.016783243932109438
0.01627065814050991
0.01656624257813212
0.015987426584818477
0.015812359062853106
0.01564752537185622
0.015766412815134006
0.016270417026223793
0.015078529862204895
0.015405329640699655
0.015223096141019445
0.015643083378517848
0.015329124327325116
0.01566916656115755
0.015537563783014192
0.015482369816539157
0.015556229684624086
0.01440681865574533
0.015285419068102475
0.014479990438993283
0.015495855620127268
0.014598685732912986
0.014046041240130086
0.014843644316343172
0.014975227461400283
0.015282081216123108
0.014392210835300172
0.015025066234270837
0.013982996621189351
0.013911857601227623
0.013699214011620392
0.01433405914444618
0.013367557712888122
0.014039177339909925
0.013570511515026008
0.013210809228160158
0.013181190729353481
0.013385857740355793
0.01399083957699185
0.012890154958816818
0.012737463871450192
0.013262120784341361
0.013566554447777171
0.013664440522585935
0.01381071720551345
0.012745704336967317
0.013209401192825987
0.012666123826214931
0.013124509967590426
0.01232162583584395
0.01244827345712378
0.012375250974898031
0.012515334207727607
0.012289421757799537
0.012999646008342624
0.012222240581632036
0.011876124965627823
0.011612991466010544
0.011870099586440594
0.012908287159474703
0.011784814172136308
0.012445933046325833
0.0121133486886716
0.012172631127972008
0.012568815758652277
0.011937142619000855
0.012211127021621384
0.011940297165292811
0.010935378708452572
0.011964768475959857
0.011198437758447997
0.011360809408449614
0.011934728441572093
0.011951976499077506
0.011152794030450093
0.011290753763480986
0.010386500123792533
0.010537428643982879
0.010615657856238718
0.011640382026505766
0.01111093518998724
0.01078550432419084
0.010977566946035803
0.010523474457566953
0.010607380659053162
0.010107206007729717
0.010021772350461053
0.010893171069057824
0.010709492351792454
0.010864882547550208
0.010520794457829444
0.010353287959628922
0.010529271113315346
0.009985733686110346
0.010618694232128465
0.010086029556481453
0.009320691097173081
0.009518242196581235
0.009853795974040432
0.009329841813436943
0.009520819178051915
0.010376872235952551
0.009020079511130388
0.009298195845575938
0.009020066091838638
0.009961381835393386
0.008898875280083771
0.009559780777630457
0.00957476158418838
0.009019673654524628
0.009090682085975821
0.009432895630699534
0.009355909894308644
0.009219701003851999
0.008979752273464413
0.009357936000304976
0.008461415857059897
0.008572286547400453
0.008502851808138161
0.00828704068996907
0.00939481180660886
0.009021091904088178
0.007823629849587121
0.008672129954090576
0.008692219891401004
0.00811154504146813
0.008365604487288491
0.008062668747038265
0.007903937870412773
0.007873677409577694
0.007737358220456527
0.00802720288121873
0.007590391800811717
0.007895865146075726
0.007846262437690299
0.007223478614843163
0.007557475108884426
0.007553038597575783
0.007285596783724584
0.007464211691331351
0.008039444003730249
0.007950729783196697
0.007632855595579323
0.0071614827489858025
0.007810268174601903
0.006859996831506297
0.007354648177277918
0.007795965275484917
0.0071352662811357105
0.006882483424345864
0.007050728358670119
0.006775396305282825
0.007815092867360112
0.0077492118791012456
0.007724554049494677
0.007346506486577579
0.007666077863348723
0.0067913721992171145
0.00684182766895136
0.007509673546887507
0.00630095487660586
0.0066209151330543095
0.00738870674211441
0.006038506141985731
0.007326965975450925
0.005997784251946774
0.005928211708260938
0.006225386986223356
0.005875530902210523
0.006891303499629233
0.006610160866425217
0.0069362377176652446
0.005774375239716353
0.006592964337815016
0.006903956252227963
0.005499143867173352
0.006066277867043542
0.006398228019508697
0.005951645970107248
0.0059279887662843055
0.006379534602488252
0.005269319659574839
0.0065467323520488965
0.006640103253998525
0.005479643480082286
0.005520570398242646
0.005512870937276976
0.005538342550398557
0.005676558420137034
0.004997015474119184
0.006365321247032479
0.0051029419317561225
0.006080690870032675
0.005294457764704673
0.005301900921664848
0.005583507627844384
0.005459340692613434
0.005220801631060085
0.00589425894256876
0.004954206290060961
0.004605029041100566
0.005102148143514674
0.005850200332649924
0.00478124386397551
0.004988299052546085
0.00557222898734429
0.004514642180534293
0.0049364974103646925
0.005670245895256499
0.00456977534794494
0.004258013611513929
0.005536562801724666
0.0053439687697598255
0.005538573169894613
0.005365481990370492
0.0044897887009982635
0.0049983306913282
0.005278739569214722
0.004788922228620948
0.004466339756392427
0.00487685103306415
0.00512370077646287
0.004753994367728411
0.004165601960111739
0.00477880787598696
0.00495890910796763
0.003734576125364702
0.003950033202101263
0.004412742836533323
0.00503483742327504
0.004432342116376254
0.004136497747136894
0.004178548903032633
0.005027292036161328
0.0036579936893414143
0.0035749179145350947
0.004935333863953207
0.004660631886995547
0.003405819887457376
0.0038740690134947266
0.0036962342522345077
0.00439911342331956
0.004288405109322237
0.003442341226084701
0.0037572921547258517
0.004240455561656397
0.003508441358545241
0.0031848622963885245
0.0038747850058845077
0.0038210910310261287
0.004346333150180841
0.004496091869322007
0.004482197990211596
0.004148660864017101
0.0034761736571984675
0.003598703912808617
0.0036646679625090004
0.002914916022426101
0.00437665588974322
0.003284455427869765
0.00356019558379984
0.003009545087647376
0.0031226738366664504
0.0039254449224320025
0.0037951973046569266
0.0034178214848865247
0.003399857701375851
0.003078154232763175
0.0031053100008946776
0.0036130848700835307
0.0032032550111860862
0.0031710176705267617
0.002798804128636875
0.002684612623317394
0.0028803824271848057
0.003016949446618286
0.003862157023289521
0.0028371821795210913
0.0033742628898522048
0.0032191087786771905
0.0029867912809948658
0.003515503189392206
0.0025593499885484
0.0038090739906857076
0.003767378565177432
