-0.0015550139629974056
-0.001704253720786436
-0.0023055859935258924
-0.001259709080363441
-0.0013673061955911585
-0.001243684385380815
-0.001500988991881881
-0.0017047665358737364
-0.002470453897065019
-0.001709794360272659
-0.0022478887588702817
-0.0013367772935004062
-0.0013332420168946629
-0.001952449842316006
-0.0025981445542895844
-0.002449392569043878
-0.0014423011776059523
-0.0017994732610243272
-0.0013889291383878525
-0.0021812458505133807
-0.002559760399055353
-0.0026661745008663943
-0.0027190402521177835
-0.002510404718032141
-0.0016686573649346205
-0.002169426111885166
-0.0023583913675687394
-0.0027303923116948656
-0.002328654259201352
-0.001653863128700316
-0.001961533459247226
-0.00173487046821421
-0.0021895219878441136
-0.002787932315246494
-0.002192943408926816
-0.0024218492398686902
-0.0028918623057664875
-0.001729167637717104
-0.0022858418244412373
-0.0026792613440903283
-0.0021005170652108733
-0.0018802853541013422
-0.0022465176860011374
-0.001902343036097943
-0.0030597998705730006
-0.00220773386061483
-0.0025366008266098122
-0.002869493035992649
-0.0025235264070644923
-0.003279019741526577
-0.003072909858161461
-0.0034187490581026603
-0.003460163837967942
-0.0030071520253938857
-0.0033829582800749625
-0.003260373081989187
-0.0032655375313873133
-0.0029162761268344242
-0.0028276091585380234
-0.003018032568444441
-0.002586576363771256
-0.0025737634865748947
-0.0031939959657718586
-0.0030153446559210042
-0.0036757145599638857
-0.002854377655923778
-0.003057462054322807
-0.0038398373382791564
-0.003977618565048019
-0.003710324214916297
-0.0040815476666212795
-0.003198460816464881
-0.0028622055440600896
-0.0034055716864496697
-0.003366268929540423
-0.0032276917413376236
-0.002853106732275951
-0.0034290370782959507
-0.002996257330553147
-0.003023710512585014
-0.004253631456407041
-0.0031067681609484427
-0.004229401699811102
-0.0035949277649508886
-0.003956768130335399
-0.004244310128315926
-0.003592636570511855
-0.004257416691823741
-0.004666674275262364
-0.004331840090416125
-0.0035420798079898474
-0.003354574796615825
-0.003600356396221388
-0.004579892287165361
-0.004067571139266308
-0.0045521404631226284
-0.004592122335185612
-0.004736993158220586
-0.004917403123002629
-0.004015884317398709
-0.003979237299351668
-0.0048491154757712785
-0.0039032028299894462
-0.004148299200731704
-0.003909982160768944
-0.003928046479699482
-0.004193081076133176
-0.004641737965008543
-0.005262110017233138
-0.003969404574935041
-0.004113475251023009
-0.0050992019303820755
-0.004799643747065104
-0.005541725448287356
-0.005258450400700191
-0.005428291292899839
-0.00453445696171558
-0.0056512487553785525
-0.004478907710154641
-0.005520564182954327
-0.00532523401125986
-0.005867908500880077
-0.004607487575386287
-0.0051252655437433
-0.005475535870092318
-0.005978602344900532
-0.005350653550486483
-0.006156294288353013
-0.005324136251739713
-0.005856786598954129
-0.005728088793393807
-0.005602883650599055
-0.005179802844410564
-0.0055128913524051075
-0.005651654009701127
-0.005321773390385173
-0.006495669503268824
-0.005468576580399931
-0.006476828727828301
-0.0061187268687088745
-0.005521969118626519
-0.005825394320693208
-0.006474782012167418
-0.006494928175393342
-0.006724030394926481
-0.005974986450495298
-0.00580432478587119
-0.006387677889882016
-0.006216291398285901
-0.007092148163887231
-0.007115392882742447
-0.006859320835082569
-0.006775499491940138
-0.006492543614214439
-0.006787932443080218
-0.0065427732748593965
-0.006873834847831572
-0.007054957829929072
-0.007083195986948676
-0.006284579800463531
-0.006276682583024706
-0.007583974785959507
-0.007099741797098768
-0.006355241513495125
-0.007399635958302228
-0.007824833891923323
-0.0068976395850909806
-0.0068813702658090045
-0.00686069977241035
-0.007616294687203175
-0.007309728159489863
-0.007014012827882779
-0.007815460230842269
-0.0068978005722070525
-0.007596477197928177
-0.007886598752330392
-0.007392880770917697
-0.008438630668819698
-0.007426294624684225
-0.00804851138776286
-0.007822258270109411
-0.007942482817570403
-0.00813821926286923
-0.008760732436787674
-0.007649006776630404
-0.007746554716453604
-0.00762350733307446
-0.009091317858184997
-0.009000090698675682
-0.008666868008340716
-0.008487312445771838
-0.008718184611995448
-0.008564945634356076
-0.008608341979829466
-0.009237154384328013
-0.008399460703920898
-0.008275679546520205
-0.00969330714516003
-0.009690982093083262
-0.008567042357813585
-0.0087422472876786
-0.00961936334119526
-0.008711568220431138
-0.00995986266738625
-0.008719155243785708
-0.00959480353313906
-0.009519078390010321
-0.008845810665616367
-0.009197696739949981
-0.00965163351141611
-0.01032630053752924
-0.009563250475758456
-0.009753116307389452
-0.010588022450267352
-0.00991808234392483
-0.010573667516484623
-0.01019194008036528
-0.010849899294309047
-0.010631279445669752
-0.009690763951475093
-0.010863985191077747
-0.010933936127665368
-0.00982417570542556
-0.010102634444734738
-0.011390078921237359
-0.0109017222473514
-0.010394948633685263
-0.010230697630426257
-0.011394205671450554
-0.011638596633621764
-0.010613577888060225
-0.010368127888089272
-0.011089699247764479
-0.011338577528972283
-0.011575295016629784
-0.011222895773055382
-0.011943450778081387
-0.012134738470860737
-0.012285438892819262
-0.01125712592415496
-0.011815133102747413
-0.012388579759736354
-0.012491757994984894
-0.012602516866053399
-0.011399779710098633
-0.011994733686990678
-0.011872603107862771
-0.012348370455949886
-0.012804266916697466
-0.01282192453400393
-0.013075169781884393
-0.011793310702978836
-0.012843724673984971
-0.012746231777414479
-0.012464911017617703
-0.012691086558898739
-0.012760886647800883
-0.013474445451774664
-0.012297969283688861
-0.012904508262472981
-0.013669370065037047
-0.01352555037897175
-0.01333707165775924
-0.013885688199572026
-0.013637962613951497
-0.013123497189439684
-0.01306973012201901
-0.012930899020938174
-0.013106025498351393
-0.01364542211328799
-0.013861383063865045
-0.013993783465368321
-0.014347548879434954
-0.014356485203766043
-0.013760485873897705
-0.014410862534806142
-0.01470170553332117
-0.015113476944916987
-0.01449533345805832
-0.014559190323980549
-0.015295394158708873
-0.015421446451289818
-0.015484106767003647
-0.015009295181644408
-0.015299607075438678
-0.015330814589695723
-0.015770282510831946
-0.014562212982336686
-0.01584401552814022
-0.014909446514804279
-0.015558342797632114
-0.015284909481823403
-0.014831620022804314
-0.016007023737250367
-0.016405140041397172
-0.01630346335357376
-0.015302313446037608
-0.015310768639899445
-0.015899168968575152
-0.015414693374109502
-0.016782509377698804
-0.016300600527588856
-0.01694109310361376
-0.015922408033546907
-0.015937431193368618
-0.01692527020007334
-0.016967785254411526
-0.016051550549978817
-0.016125548620976406
-0.01737436385121784
-0.01775101957355338
-0.01739409243207684
-0.01702026620120212
-0.017155418995855546
-0.017394717047916317
-0.01813111754602239
-0.016907304880235584
-0.017721814925872513
-0.017803734534785173
-0.01809398553771138
-0.017817545358961105
-0.018191682720652264
-0.018344527187338328
-0.01758273210260843
-0.01749173806121299
-0.018748944303409804
-0.01802275264366533
-0.018445215803972105
-0.018739283463521914
-0.01930212272822262
-0.01857222465697203
-0.01930721901068408
-0.019581477470201412
-0.01911152698106149
-0.018814942488721217
-0.018618817440757184
-0.01855886635249378
-0.019652657729717492
-0.01976073242338965
-0.019963490676258907
-0.0200694810891977
-0.02006794245835705
-0.020275025011605007
-0.019230051597150827
-0.019229601921256584
-0.020333552009882086
-0.01988629785564247
-0.02048577508672945
-0.020961571755409452
-0.020740492701623984
-0.019774051962514083
-0.020336146774415493
-0.021260730707302923
-0.020930647089464818
-0.021330916613653522
-0.02130005215548467
-0.021203377402160693
-0.020727690593419848
-0.020582631782218634
-0.021731817860283324
-0.02085299653504685
-0.02190510765215388
-0.02183391000094009
-0.021267052368697338
-0.021501091823386644
-0.021084775264249022
-0.022172821017504212
-0.021168176628636494
-0.0224267210130749
-0.02216142855950854
-0.022306868887801156
-0.022230620034621656
-0.02297106848580376
-0.022664544329414928
-0.021836615287500687
-0.0229532284744372
-0.02337895546562112
-0.02347360344758675
-0.023093578900191564
-0.023174023724575932
-0.02353895575332569
-0.023679055469732216
-0.02312451349324208
-0.023815291087086483
-0.022948941391505898
-0.022833923744319497
-0.02414926363689363
-0.024056176023611077
-0.02296267773541046
-0.02446126323880442
-0.024218130521623298
-0.02384594766869289
-0.024143350148234613
-0.02449275733915258
-0.024781001482773082
-0.024303136440709677
-0.02385376507334007
-0.02514224265671882
-0.02523017261446218
-0.024439045799390345
-0.025417760250158086
-0.024559836343135466
-0.024210795614136943
-0.025132966406922922
-0.02553328180003476
-0.024501831387599097
-0.025416322291887478
-0.026026313648227065
-0.025446572944033886
-0.025978485714593734
-0.02497330129537776
-0.026093979274983244
-0.025035635119644545
-0.025342317747333303
-0.026508796942544845
-0.026091070510618843
-0.026152502485519622
-0.025497140374249404
-0.025743938040536228
-0.026302211636791858
-0.02605049888734145
-0.02607942401754643
-0.026487769071306785
-0.027018360170099988
-0.027092056987281867
-0.026812002715190478
-0.026900759303278746
-0.02772654978779312
-0.026512913047441425
-0.02647290734938821
-0.028003127316083995
-0.027014757763486427
-0.027119346770297828
-0.027056701943084138
-0.028001317725274096
-0.02704832084971968
-0.02755616845627491
-0.02769588628325917
-0.02835492064693738
-0.027610113674309704
-0.028836701397280843
-0.02809907483374263
-0.027654748723531127
-0.02768523736900462
-0.028906154937761785
-0.027824708092058503
-0.028741234166028296
-0.02886061266451991
-0.02828572772782979
-0.028108106089777273
-0.029365602042839403
-0.029590841640737067
-0.028984302064785403
-0.029476350713288694
-0.02950285187667764
-0.029776600835022482
-0.03003909787834573
-0.0293570171070399
-0.02959826811309817
-0.029925069689871152
-0.029292895252183884
-0.0291853343219693
-0.029401400437798417
-0.030195014894856466
-0.029518711500899922
-0.030050218813602307
-0.02954815136472737
-0.030598760215057738
-0.02969884283641588
-0.030292619163469214
-0.029990999084610757
-0.030396233247999872
-0.030372619817344484
-0.0306667723387668
-0.030666399016739575
-0.031340559042871856
-0.030764324632020657
-0.030498299668069974
-0.030546954693720298
-0.03113531086765297
-0.030931083918529022
-0.03128872408169435
-0.030829759018474737
-0.03063996079107614
-0.031202425172734503
-0.031464718402165255
-0.03228718879266725
-0.031285637778348176
-0.03106570697603381
-0.031977604625793465
-0.031489588112006556
-0.032432972893143654
-0.03238057539149772
-0.03155571810251003
-0.03158497468870673
-0.03254360551750709
-0.031564558269531036
-0.03272458752348458
-0.032946098697592026
-0.032502223421169645
-0.03299611419156415
-0.03188261125227921
-0.0326985038238763
-0.03284389124483165
-0.032141043898688236
-0.032775931052610285
-0.03322746165143581
-0.03261657897188293
-0.03362154886970161
-0.033639489820812905
-0.032715417648686296
-0.03252915041421164
-0.03335473950082888
-0.033561873609632184
-0.032630650930556164
-0.03337044330881866
-0.03313071438532716
-0.034124489251024306
-0.03390056806548381
-0.03369821149406739
-0.03419285565014331
-0.03312145584703669
-0.03329408338578325
-0.034057521476760055
-0.03446337216632259
-0.03339527785456409
-0.03452993407843174
-0.03456248957788026
-0.03385152981509807
-0.03454618342728639
-0.03424553019058869
-0.03391571235195865
-0.033901303587540406
-0.03476077479883153
-0.033921567810735374
-0.03363372682996176
-0.03511404075176116
-0.03468837584910709
-0.0345234002595813
-0.03511133360722642
-0.03426377478111346
-0.034507904158730555
-0.034561156012581036
-0.034742971618907575
-0.03419710225739144
-0.03503999378859067
-0.03433321527711202
-0.03483360209398679
-0.03503209450470682
-0.03496715588142072
-0.03496693157426059
-0.03476053554525262
-0.03520727555247503
-0.03441017980305538
-0.03538196247326539
-0.03487320893830653
-0.03487888626477537
-0.03455961893809087
-0.035547304561102236
-0.03568620753480409
-0.03476097241574929
-0.035780317390759195
-0.03543105839580437
-0.03601164335753115
-0.03465411779092196
-0.03480261257785698
-0.03597466794481951
-0.03536106518258276
-0.0356673721023031
-0.035307659567044986
-0.03543470676319477
-0.03541880972535031
-0.03496656585913805
-0.03561231694525896
-0.03518951858818116
-0.03592416644869798
-0.03529451566349931
-0.03507127581250898
-0.03605692094518995
-0.03508028896192222
-0.03577637713954427
-0.03498433300181344
-0.035558291209641844
-0.035556706115309866
-0.035135466517359805
-0.03519563153424141
-0.035107179117053404
-0.03520968598173605
-0.03514009851366477
-0.03555019363786756
-0.035472207410460165
-0.03582685351735977
-0.03518976829825786
-0.03540863830054522
-0.03652092568238196
-0.03576365143716353
-0.036237995060730256
-0.03584749777882217
-0.03544532741017476
-0.03607092381117164
-0.03572008596916131
-0.0352799774357034
-0.0363165535526702
-0.035973506531054696
-0.036371980716892995
-0.035650846827223706
-0.03637383474809511
-0.035870928345640624
-0.03547068591967846
-0.03647816644596609
-0.035633921079951635
-0.03635050257246501
-0.03648362350714758
-0.03539511107622738
-0.03557650846342207
-0.03539062640016917
-0.03623640090973798
-0.035689620457718924
-0.03592700579403512
-0.03599394526091415
-0.03619717325230451
-0.035759205732048056
-0.035052969832737875
-0.03554924477587244
-0.036338957259994496
-0.035746853917516044
-0.03513988620177701
-0.03553981519393931
-0.03620377843274977
-0.035932425614092385
-0.035396926029004225
-0.03630672412758315
-0.034981176534445865
-0.034887916337402694
-0.035059229738280066
-0.03482007510238702
-0.035678085945177386
-0.03490850966557266
-0.035586020511526796
-0.03531435333854137
-0.035375592075319505
-0.035145432792982115
-0.03534311327654073
-0.03542734904895292
-0.03464948253315123
-0.03551426701385903
-0.0355248831786546
-0.035795883570716565
-0.035207716854661064
-0.0342672496577305
-0.0344771398464187
-0.03458528669057676
-0.035309265264945745
-0.03473491791845372
-0.03474761925298697
-0.03539823390647533
-0.03455568883973164
-0.03435909290962699
-0.03413264133296407
-0.03489407857399046
-0.034558752607143195
-0.03466297631577595
-0.03487452252686774
-0.034896773979753756
-0.03410060821506166
-0.03451636449793471
-0.03362055465773236
-0.03411057444686115
-0.03406427801815843
-0.03448254204055353
-0.03416933044428853
-0.033357909730616364
-0.03447989925606443
-0.033248104460981365
-0.03381453509472019
-0.03439694217319053
-0.03406153881240209
-0.03374716561564929
-0.03297197275910412
-0.03322516041970455
-0.0341466761484892
-0.03284895577673357
-0.03345004505775398
-0.033925082597361884
-0.03367318889014342
-0.03352649482227422
-0.03300319508204766
-0.0328645653351546
-0.033583048777004854
-0.0330450177130014
-0.03329772673197458
-0.03249642096449471
-0.03193217185795948
-0.03278742599505379
-0.03192780623823827
-0.031768532446167716
-0.03255446593831946
-0.03177175089620346
-0.032459238961618515
-0.031521593933469115
-0.031665167911402815
-0.0320971625251783
-0.03251936495023602
-0.0323123032761052
-0.03170798153283156
-0.031236308019457995
-0.03113262362789826
-0.030907879887642452
-0.03168896617833991
-0.03190741414919051
-0.03081125941858509
-0.030565715822774446
-0.031492670060189805
-0.030077517684979117
-0.03118018138273157
-0.030720773679427785
-0.030697589159555963
-0.03033402209013895
-0.029680902767600065
-0.030184761544150274
-0.030523408209882887
-0.02976795580407571
-0.030627212327652448
-0.029887514843518637
-0.030403421155953205
-0.02973314748833998
-0.029439519531899543
-0.02885421429521555
-0.02871777518260572
-0.029593479850778835
-0.028458644900642923
-0.029403804690232644
-0.02948522718598094
-0.028260988245615484
-0.028922144190408075
-0.028166701952955155
-0.028645834655795687
-0.0277837786164934
-0.028634216268384954
-0.027849439284885865
-0.027344316105289614
-0.02746743383119387
-0.02763925962112264
-0.027784381852487723
-0.02711888027427869
-0.027150023035955918
-0.026814971670283384
-0.02727595284967102
-0.027592858013323243
-0.026666224682706435
-0.02670937900554178
-0.027160031143024524
-0.026577695737916865
-0.026759464996127996
-0.026648227680898844
-0.0260659723338122
-0.02603850358892098
-0.02569003168210497
-0.02637449981414156
-0.02501461924866211
-0.025732777983130693
-0.025891629374030865
-0.024578026465751694
-0.024415536465705066
-0.02437120076198656
-0.024361114119685875
-0.024720166995846386
-0.02495001522175392
-0.024165501742620762
-0.023721538751550857
-0.023707946312057762
-0.02438359531206609
-0.023895911569821245
-0.023040322869948462
-0.0239328332710096
-0.023303836871595488
-0.02383912449177021
-0.022764170237526242
-0.023783585505211126
-0.022861745887908933
-0.022850703614586736
-0.02196943402808931
-0.02270612593104871
-0.022784184727532516
-0.022014507846784583
-0.02187071164228847
-0.021205816391828298
-0.02146192235825527
-0.02189015681858033
-0.0207221429896332
-0.020697288890977543
-0.020535164281087114
-0.020768801401759927
-0.021082924135815643
-0.020494771134503563
-0.020014264410459715
-0.020789941567117876
-0.019974774605430547
-0.019580465875443345
-0.019338616546158618
-0.019840458285319152
-0.019455594903856288
-0.019297865294610035
-0.019749452080956728
-0.019763961088213045
-0.0182137792903833
-0.01929229703907565
-0.01852356545426991
-0.018802650455457526
-0.018573292603755797
-0.017864587340141663
-0.018216881060940104
-0.017788535011477258
-0.017544958056709525
-0.01745489225104387
-0.017393365284676388
-0.017046203230305635
-0.016368736469454456
-0.016078006347485494
-0.016386554841972455
-0.015697067622510247
-0.016263941681353318
-0.01676192594745587
-0.015526691292606637
-0.01621001382295444
-0.015987197030396146
-0.015785194171914877
-0.015011693461141968
-0.015542272951866222
-0.014757156464166631
-0.015072662702040898
-0.014790926006970082
-0.013838524567649592
-0.013777697187925627
-0.013611606091970742
-0.013977407059918328
-0.013632174417002938
-0.013974064926159897
-0.012733307442556761
-0.013024516967275024
-0.012449442722141517
-0.012351223828718777
-0.012114210447069422
-0.012666545166043965
-0.011669202103471409
-0.011735328401276604
-0.011561095184527257
-0.011554830915533687
-0.011689128565605514
-0.010915553423410497
-0.011070308332064223
-0.010615716679556282
-0.010773185189326323
-0.010571912364585948
-0.010174463213196852
-0.010863281562355139
-0.010658936211005427
-0.009573036299761003
-0.009585558685814455
-0.009105027811291926
-0.00901488284361897
-0.008680048380263329
-0.008431486214260943
-0.00861164878375788
-0.008403033297568713
-0.007714895710101346
-0.00862654147053814
-0.008656736953054174
-0.008300145862253017
-0.007865330239178053
-0.007213488013240219
-0.007847151165091932
-0.0072605650789976375
-0.00750714826067991
-0.006803480785951494
-0.0069097149265212
-0.005667667514252464
-0.006194641852929128
-0.00619132041612397
-0.006106032398042484
-0.00500185402850643
-0.005313814037848339
-0.004495462512413164
-0.005530626565417134
-0.00444384097402131
-0.003758886712165279
-0.004745703475806162
-0.003468990330427616
-0.004128685008735466
-0.004163853435107869
-0.003328609530005872
-0.0026001545450108255
-0.002531802748690821
-0.0035614807081357147
-0.0027869150214341965
-0.002697762743932037
-0.0026271656181858323
-0.0020359498673665527
-0.0012508415506048442
-0.0020140284779957525
-0.002325127022991217
-0.0013466595126374274
-0.0010316785361547459
-0.00039059728478801144
-0.0007683348117754564
-0.0006737563591191694
-0.00025054262795651364
-0.00047564348490240435
-6.0419049381311816e-05
-0.00013375892585938774
-0.00014358973183775778
0.0008643859009098505
0.001120905956433792
0.0013698654623861574
0.0008883593018137995
0.0011243900179456335
0.0018754032322409638
0.0009818178122118978
0.0015905439958810916
0.0015725582759736976
0.0030644308834847115
0.002531170998655989
0.0024891689303310096
0.0024781539783442098
0.0026050745254103825
0.002962341321395568
0.002736753611218407
0.002921909013519129
0.0036608857272066885
0.00383158953174942
0.004409954899063242
0.004334217698270855
0.004967123711377303
0.004932240933780806
0.005235349187058826
0.005698137431367277
0.004691118430712751
0.006075993965300237
0.006027872644842185
0.00612409798581301
0.006501300233559279
0.007013829532795772
0.006677159714314644
0.006294831856609589
0.007061448276813804
0.006493479577855994
0.006586405918535847
0.007098141793646895
0.00832304349735133
0.00849352346755075
0.007664595825778387
0.008247746424875893
0.0079210754316595
0.008898074203141391
0.008946031262325738
0.009007334327449823
0.008928401163823246
0.00957344586579995
0.009838447686022662
0.010087668504394893
0.0092738789233765
0.009697570540368421
0.010590000393037246
0.011135085999917062
0.010147804865430043
0.010437144238359798
0.011536278581327608
0.011546423542525297
0.011847246564143543
0.012268161863848884
0.012400192539146867
0.012429486628309562
0.012161453228691629
0.012293113984825677
0.012397944213340825
0.012655203519964782
0.013123024132485176
0.013138855184694893
0.013322560774958424
0.013747900229986964
0.014170241321238258
0.013443913353074334
0.0146502432465044
0.014899778746213569
0.014650813406303958
0.015136593476351696
0.014256936384421808
0.014639232660497813
0.015582238148724689
0.01466530260784824
0.01615755624983947
0.016375538786781354
0.01647144602245803
0.01657409528445379
0.01678372993138294
0.016444958910003797
0.015916528616189262
0.016808230711622595
0.017360562893090025
0.017061520402857716
0.01713726984349753
0.018104320761060184
0.01713021766977344
0.017805457553198064
0.01807158229396706
0.01734048653033471
0.01797986532212473
0.018327229890899504
0.019213253800396814
0.018627841195171635
0.01922744806079091
0.019539068463207715
0.019937818846990973
0.01976401399029326
0.0189082913029433
0.020035790880003762
0.020047695789072874
0.020195000156685995
0.02004967413054329
0.020352558909094407
0.020514376138994015
0.02086867410692197
0.02018936482718906
0.020616968917056458
0.02109601130061374
0.0215176900281033
0.020894559523024544
0.021678094748178577
0.02127754798666039
0.022517945760260602
0.022845859253155743
0.023025341442060122
0.022806361744897953
0.022140879319643328
0.022303490547501213
0.022352581233381696
0.023228361508526554
0.02257851298409911
0.02381285789309989
0.02275777349251731
0.024265938201262306
0.023067555866035778
0.02461605387493023
0.023666317924950563
0.024022168877949977
0.023958123263125068
0.02394342818184265
0.025348260876159562
0.02552942303564587
0.02475870632850618
0.025441981701423512
0.02532047490989242
0.02562821191994949
0.025360141272106194
0.02593044063642832
0.02610715673578444
0.02540903572230971
0.026030725073139478
0.02690636724033748
0.026692650350687207
0.026858290469329103
0.026778755909596226
0.02650068070220318
0.02715476997159192
0.026850169884613608
0.027316889819903503
0.027137905060619427
0.026984630669276363
0.027468399712064585
0.027132010714487887
0.02780189693186165
0.028264143257330007
0.02837530445535471
0.028631025165963962
0.028926280524194034
0.02874669054450055
0.028781659178875655
0.02833017365515137
0.028212067800223256
0.028848076120399923
0.029696187283923488
0.028987193722085143
0.028964390125809356
0.029892817007361197
0.030057345092742094
0.030117405251563156
0.029243457726690594
0.030153239725598805
0.029435525353960695
0.029919983792617785
0.03019798319722112
0.030663058139421568
0.030388417437193876
0.029790528426318522
0.029911578751291842
0.029958132632102587
0.030994294015178
0.03114579331706384
0.03042657609137362
0.031692073005638005
0.031456779436133384
0.03063042956249198
0.031481111992822865
0.031061234173597754
0.031085672033806546
0.032343727303335415
0.031465443213294156
0.03233968239284809
0.03142721441048006
0.0318627626358387
0.03244520038930541
0.032787835782437304
0.031916618471751465
0.03277806308610314
0.03237538701318157
0.032231964700446994
0.032005764254760295
0.03278077858359192
0.033299375879322114
0.033222920555520806
0.0323391703737051
0.033283801869911214
0.033619980121540514
0.03259160653392928
0.03324961291944582
0.032747140749688465
0.03337790802877111
0.034219433601183756
0.03390650211507402
0.03384151491325002
0.03369006864702512
0.033444006080199394
0.03434621969763189
0.03362921288999351
0.0347374783116157
0.034716076313706816
0.0346765246099439
0.03492345107065892
0.0338942812248591
0.03516812177846896
0.034317814826019
0.03392331264844383
0.03447977330535768
0.03493125078754093
0.035316234725764846
0.03467898946401877
0.03454430560660383
0.035457791477587694
0.03542802540002932
0.03456658340492125
0.035581900801707325
0.034915885462426556
0.03489743071484394
0.03514782948707672
0.0347682616119928
0.03546698314499713
0.03530779234911977
0.03613182995530287
0.03610852985929241
0.034984741773579374
0.03597971415828896
0.03522824878336796
0.03618887078749031
0.03542962111466158
0.03529995583728118
0.0354080948831726
0.03659382238553137
0.03616649876683209
0.03684137731634424
0.036870357262650165
0.03557662497526349
0.03624672852109013
0.03582258303516232
0.037077923527183206
0.03707628849293838
0.0365483701812099
0.035929106511640704
0.036435339846621784
0.036705129795575255
0.03626111393158443
0.03735038383622297
0.036399491320164096
0.037142324716705276
0.036172288779510016
0.03611243786131222
0.037107466530742254
0.03661713335474067
0.03750186473345208
0.03671281545521901
0.03745225050015808
0.03711268899388983
0.03669434834568457
0.03661386885318619
0.03635859850991693
0.03691922532482178
0.03710687668443675
0.037184301720826145
0.03713162925263061
0.037079921738640075
0.03687169404799225
0.036500360900971925
0.03700180307699502
0.036419148316587886
0.03669276471733534
0.03778659739418402
0.037436929173876185
0.037385505432131094
0.037395884973541564
0.03703159211876929
0.03675649600519104
0.03679092001703054
0.03670945579200051
0.037174433783081995
0.03800123372892699
0.03773576091754828
0.0377405774468994
0.03782318730347899
0.037637031978377096
0.036574798452146014
0.03770442828221549
0.03669211412219419
0.03798921818918429
0.03713657671864805
0.03734926614639615
0.037018462555335314
0.036834499229488546
0.03679131976017648
0.036661028101756296
0.03733043052604368
0.03768094889131494
0.03772123188816496
0.037384932408541044
0.03731980590238378
0.03705397530042971
0.03788782200233174
0.037644074294948454
0.036533247687543534
0.03687335612702731
0.03777095384336936
0.0366466183253756
0.037579734417447774
0.03720772192839187
0.037119509549167845
0.037474586191285894
0.036538969238166616
0.0376697038463749
0.036762877990844246
0.036592766065933396
0.037606354666665814
0.03675803201893972
0.036338714210352965
0.03691443040487319
0.0373471692287154
0.03702676009737461
0.036505745369004444
0.037538466436233556
0.03648147248632113
0.03742059297008478
0.036761749314397164
0.036244859570788664
0.0364082969953089
0.03606000499189255
0.036839131181336436
0.03704596356220518
0.03724808588512216
0.03589195391794957
0.03656816906806516
0.036274082674678555
0.036776752563525195
0.03647774561188098
0.03650014443532442
0.03622829312914384
0.037115342371394515
0.036990421831635166
0.035781774615667214
0.03558888564109919
0.036389909654522774
0.036060246396262714
0.035503802187049724
0.03595169432553707
0.03671175884533137
0.03636971607692355
0.03530866230691899
0.03566883902770225
0.03578401226227005
0.03648516329874311
0.035100239153019325
0.035504398920888504
0.03518294132581336
0.034988727167721854
0.0355336529531099
0.03487559160037126
0.03608086702145529
0.03508559063172246
0.03551744565773355
0.03599081048434671
0.03562165705046889
0.035343398949277224
0.03481069468381719
0.034528553343745945
0.03550569993539641
0.03458482222966863
0.03505888077074916
0.03538006220118172
0.03554740863909592
0.034287307247181244
0.03553299098426481
0.03415632174778422
0.03517672758062685
0.03486439273532464
0.03444113628920063
0.03522203712745504
0.03490930518851763
0.03405099324473742
0.03510634923036027
0.0343892437667371
0.03498071001590538
0.03395813250963319
0.03394336519715417
0.03477619615378978
0.03357369290374114
0.03349326150782267
0.033506083354189316
0.03447133772641913
0.034550270153285344
0.033620319138897944
0.034392374522800584
0.03326845900426129
0.03310586762494289
0.034182605388546505
0.03295969454515175
0.03323855701143054
0.0332608764669838
0.03289065549005337
0.0333390473357666
0.033724986963429605
0.032650404393337065
0.033262651758939096
0.033604496176431665
0.03316681110332752
0.03274975422780737
0.03293048698230526
0.03301186053832009
0.032514210725395676
0.03286400061775212
0.03307922449083146
0.03248476543016896
0.03243934446828255
0.032093831072057113
0.031577209170405726
0.03241907374603977
0.031911246113044474
0.03254496819252944
0.03240806521918125
0.03228759474391281
0.03215944312890813
0.03189217577073358
0.03200365591415662
0.030944311631613788
0.031731470330618336
0.03171704842657059
0.0315499210846344
0.031898090168831404
0.030834623912945718
0.03165354219178688
0.031052476889273345
0.030410038455104604
0.030914481340086744
0.030804766328486378
0.031013642130476783
0.030826125529754795
0.030061019701722633
0.029846288065047428
0.030919265673694414
0.030996688333228977
0.030403326112911043
0.02972893689245706
0.029668845636967547
0.030371123006728847
0.02921230088343699
0.03001461069134151
0.030190943059553603
0.029030006097606732
0.029440808041896523
0.02928256643234504
0.030098708321753747
0.029109890297491114
0.02997583085980369
0.028843119420797942
0.029635335053870365
0.02971611495044765
0.02904993502072007
0.029344556573011386
0.028948791086121025
0.028634347202081363
0.028236848004738874
0.028321687464643086
0.028143892863530102
0.027807941418603557
0.02882101484465982
0.027556944423353113
0.027398018861021695
0.02872368077405078
0.0283263545759753
0.02760656972507517
0.028167454715976942
0.027020212465485985
0.028017691319207273
0.027044776862967766
0.02700248491318897
0.02656233116971512
0.027359476473047813
0.027000318562392208
0.026660715122305938
0.026441276346677995
0.026209236225231778
0.027093526419805294
0.026436293445573526
0.026262461405732816
0.026759609250778676
0.026581493847874994
0.025998790994904014
0.02637454578133353
0.02687715838280626
0.0257909257654074
0.02676649032929788
0.025984072518557763
0.02624686604712116
0.02554180109758924
0.026435470126592253
0.02493027124421768
0.026037347055860402
0.024951921162328472
0.025416436710303938
0.025581965070390424
0.025645869955428842
0.025764106118795916
0.024867952611244495
0.024411763426510278
0.02498038979025326
0.025258400488743858
0.024204174216633383
0.024851590249408244
0.024178797027593152
0.023673131948807193
0.02434526719792329
0.02477429329618465
0.02477696803606433
0.023529947160562
0.024294290925562942
0.023316381595836565
0.02382227863166683
0.024044812417758826
0.023365383807593402
0.024215442147581444
0.023808874248863444
0.02324467143086201
0.0231389981140338
0.02389139547048465
0.02320973072262329
0.022286603622512446
0.022723420951281766
0.023488055747302367
0.02231437727775437
0.02217773618960861
0.021894848582716033
0.022698915495042767
0.022651954636725487
0.022691505934834565
0.021688967746975787
0.021650254624943736
0.021910022511938573
0.021602266817871266
0.021828410618733154
0.021138952177591572
0.02236738635515887
0.021150809435791514
0.021072438398320376
0.02072155201324088
0.021519884712919542
0.021775759067192275
0.02093876227639929
0.02072585663311687
0.020996705964824107
0.02084954571135296
0.021139304625196257
0.020877846185440488
0.021318304700487907
0.02051893303847655
0.02071464237960674
0.0202856556708527
0.020045335352627754
0.020892178419283845
0.01954218240361378
0.02033558962162091
0.0193251024996038
0.020114128553749402
0.019524282017318224
0.019646555390084846
0.018992617654958934
0.01973850754815003
0.019714736966523604
0.01899428724444441
0.01907884855730451
0.019581214434025152
0.0196202686725461
0.01924586622583883
0.019442636419827748
0.01891021913059185
0.01882082972835562
0.018292365660584804
0.018257312406838
0.01901166284096657
0.01836538287791798
0.01789340977215609
0.018845207195976925
0.01891097283634618
0.01807687434227822
0.017567388865893485
0.01853290004055823
0.017312500773107
0.017435373557841388
0.01772768818343043
0.017735780319419307
0.016897139818092717
0.018230213177882464
0.017999900318200136
0.01670535787688715
0.01703087489358432
0.017061858445876658
0.017408609206075704
0.01717949993629488
0.017469476459114095
0.017553558877933244
0.016121183174441674
0.016549609583427532
0.016753488486840964
0.015901586497854493
0.01703248954974346
0.016767237683121213
0.015953185907277363
0.016310668446476387
0.01607848566105813
0.015836180832119826
0.015747781929788218
0.016550797002847055
0.015518485662185168
0.016102471015128385
0.016273790918107014
0.015119429956282293
0.015587552852344148
0.01478840794860464
0.015134704449658
0.015953564879496333
0.015767417813739838
0.014623433074950206
0.014774505857309893
0.015129522006057206
0.01569992663910934
0.015359270072765278
0.014725907174732848
0.015338081496190382
0.014050246158902933
0.014918059142969453
0.014947701013364028
0.014344159259752265
0.015073847050610462
0.014034303706447492
0.014951164050270686
0.013502856752230454
0.013492636642754028
0.014160483046710385
0.014054949323043756
0.014575776224819608
0.013816624046642668
0.014421850793209987
0.014299772861160761
0.013237004741769129
0.012865457165155195
0.01322302715033173
0.013203353835055134
0.012927583097725934
0.013884539630214797
0.013479712261686622
0.013000852910702564
0.012411860964670842
0.012668311691573642
0.013438807178042576
0.012952329462526054
0.01218888945175444
0.01276805935461857
0.012266638002677277
0.012052378928743569
0.013139957467281306
0.012263248737178115
0.012990954132983639
0.012473193916405402
0.012952344387338218
0.01196391268690346
0.01195565486317396
0.012822445023545423
0.011670702236751802
0.012626676119718858
0.012018962124862448
0.01249189847738706
0.011279782877379619
0.010990191704973269
0.0110104723660777
0.011782600173563479
0.012238172080312214
0.011886258733867242
0.01151367330340978
0.010570806660612289
0.011028350920944226
0.01111214738255391
0.011057229808633476
0.010722945484720725
0.0109341177826014
0.010415423911204723
0.010935239789508056
0.010655822045036172
0.010704545520346614
0.010288763539314726
0.011096336184551263
0.00990158828260371
0.01011359966912843
0.010542439212064195
0.010393326253582425
0.010898334935165083
0.010570347454789396
0.00993041319735819
0.0105000404121407
0.010525041888829887
0.01065337836020854
0.009682686815512431
0.009295520836029034
0.009252707684347718
0.009462789821541067
0.010108161352580212
0.010292042748378706
0.010354034740954294
0.0102920413061793
0.0095884787107709
0.010123026381376502
0.010016135210967423
0.009370235197261271
0.009635279997708341
0.009360695906283883
0.009408734054535113
0.009035077698532476
0.009370724789553714
0.00961774923340363
0.00893057638213719
0.009322208588808025
0.009078800672628631
0.009154495692806611
0.008963671606501326
0.009199990220649752
0.008608063923352427
0.00925382213422267
0.008993177167837783
0.009236264424284239
0.00833928623477427
0.008901008292995123
0.00915756595224384
0.00832494828433987
0.008718801438253689
0.008296429545962818
0.008482362646654222
0.008353267138021352
0.008095516154561043
0.008686005366634499
0.008541670749596436
0.00832522646006322
0.007653711903577556
0.008512151784675372
0.00735066712213405
0.007170699417217422
0.007450640413430357
0.008060594148871785
0.00744816951706142
0.007557766628791824
0.00726109290547718
0.008054296217393227
0.007903656793825278
0.00792161567999604
0.007807952774784574
0.007837011698279434
0.007466008580346259
0.0079073843573415
0.007146354811120684
0.006597240897282905
0.007183610138378381
0.006429456443040424
0.006743980630255063
0.007478772648099484
0.006748134288830046
0.006852623767391546
0.007496141345337862
0.007274968457778118
0.006810420138497918
0.006325044705986761
0.006214843616411151
0.006796580249329
0.006043462844043245
0.007018028817012829
0.0065701090818982115
0.0068972227576952665
0.0057336434253000956
0.006557612767185958
0.006493461908950073
0.005597659145653445
0.006413997361690922
0.0066464478130577025
0.006454559904379738
0.0064972900600305744
0.005727126647661433
0.005473216872308268
0.006040103040211626
0.006265950391716932
0.006321039892171465
0.005931778485765422
0.005910454565129142
0.006603056890402505
0.006468810718325676
0.006372681621005924
0.0050764986539992485
0.0051090532331435345
0.005366675013411961
0.005625535515681125
0.006156403603181173
0.005601401748571194
0.005439990592986425
0.0052839814193238995
0.004899689687389277
0.005253591555739954
0.005183072234405166
0.0051850593301691755
0.00509486949396042
0.005614437106073163
0.005970891213213054
0.005535248475681871
0.004606858667092991
0.00578612036075047
0.0045516887155663405
0.00458435974256186
0.004385631327638414
0.005217634448655974
0.004924409878823811
0.005183893227505427
0.004356549056633749
0.004722587422138452
0.005548228476647398
0.0047351683772157835
0.004630668380764655
0.004434469795705684
0.0046292491465179265
0.005382362617386773
0.0049198623239767435
0.004446686519368546
0.004078728499201465
0.0047683492807361685
0.00454857130550334
0.004661526296556432
0.00391445122854532
0.005008731808380599
0.005203783017864304
0.004083127328665676
0.004479577662086149
0.003937778660978535
0.004490838914411137
0.004695618510647117
0.004246445590492276
0.004071090324105562
0.004589335971060424
0.0037321248327022594
0.004798126566056731
0.004290475740023216
0.003826325197089272
0.0033713045990562867
0.0036003631855664954
0.004596775672139489
0.0037869630440297863
0.003602074666488012
0.0040944841237785705
0.0039380570974383005
0.003180754645831631
0.004005828085334074
0.003603469808368064
0.0044324448928030995
0.0035010975083870576
0.004193359175760467
0.004234498953877792
0.004121738350780124
0.004090405989320255
0.0032231696517466516
0.003303731972592456
0.003553317322147392
0.002898913957648863
0.003753923641876885
0.0029970797120225496
0.004007114325846941
0.0041512686314884115
0.003496628358437691
0.0034095652735999507
0.002745671166540943
0.0033907047386844687
0.00317833827800424
0.003928569204665802
0.003874034644967634
0.002853798153617918
0.0036818003963655097
0.003595095792533624
0.0034045511008918574
0.0028277506648988733
0.0035747652195298896
0.00319735820829743
0.0025266736218012005
0.003759304924137316
0.002946028555784682
0.003709553418991619
0.0027340779169131705
0.00315355069415578
0.0025268885868144947
