0
0.041465730111703646
-0.00731321870597219
0.06827292697230701
0.07980018274073641
-0.014428169643664682
0.06237366650004261
0.04185238055255339
0.015657222335082606
-0.0013751722492730545
0.0630734923641406
0.004511962304622037
0.039648858484948146
0.024455438422172526
0.05559464232565363
-0.01104552633306428
0.021415085713276327
0.0493199517923032
-0.01270068517250254
0.005184412111680511
0.04784024874626783
-0.0057642895395443455
-0.016827753004544328
0.03938428092697295
0.014042886131449574
0.04036213567973038
0.007876015301670623
-0.0015762309517315422
0.041155941033462304
0.06401921878605263
0.011050208434912993
0.025789611840920712
0.027911564022432833
0.003673578186081914
0.045185953740944654
-0.008870606378621946
0.063249810438164
0.045274142440185586
0.04195888317900193
0.0770382536674751
0.003345106056144225
-0.00992466944643388
-0.012920453202106082
-0.01605740406841763
0.023363342679829684
0.05590112747994644
0.059882132052122186
0.02431548686362432
-0.007954256383315407
0.016701906041270795
0.04113226047583905
0.011201080273046699
-0.01760765408469283
0.01652255798315214
-0.01883906706956623
0.047464560028588496
0.022111354989909206
0.0188549936285401
0.03206324338488234
-0.018746658742643224
0.024548220867075518
0.0026684829514279883
-0.015753889525995785
0.0479946938259586
-0.02197944012535743
0.04130498156429527
0.06628323647239429
0.037448554466304754
0.05066921446997852
-0.014483599633144955
0.05734414428809833
0.01781816766873039
0.01291502490586104
0.02977278557581381
0.06945607930031077
0.06376903972944728
0.04873392823983402
0.028736084584028616
0.016627033827219324
0.06130393161891657
0.004904960944716024
-0.01055365648739556
0.04320074147054314
0.02790484451487097
0.05622190491153488
-0.002779918644428711
0.0070350914644847495
0.05859502988691098
0.0634275276320411
-0.024187728890911597
0.04454507476654579
0.023563104674489653
-0.0016455847044999534
-0.016354130748268428
0.05891508525263428
0.002088096131925739
0.0358243382817722
0.03166770713993204
-0.02525901091457543
-0.005260151490501842
-0.0258541076819463
0.023795276041534426
-0.001845701327395123
0.015513154018323302
-0.029311211990804564
-0.0019224603516616728
0.02611158483352364
0.043725842790997664
-0.010347642449839718
-0.03246366607290623
0.06056482324858181
0.054388001822996204
0.030143842901093433
0.03828799305142821
-0.010923708170863682
-0.025963977278852794
-0.030905703086142742
-0.02014428711400963
-0.008791735180759291
0.012954290533595515
0.055528153623735664
-0.004084461406792958
0.03940034004097462
-0.034969161970932555
0.001209962779345028
0.054325172094854254
0.017978504328905097
0.015187709625011855
0.05392263128099295
-0.005507333434317564
0.003931691959946887
0.038633490813629434
-0.014052246974804044
0.028014046974398542
-0.0013416690244232518
0.04402516660639125
0.04832373233289401
0.033057444125816196
-0.017283922059606643
0.046839326485309245
0.025733594885566355
0.0393142943253843
0.05285713106648263
-0.031034712171954672
0.004748379665072064
0.015290061677473675
0.007333815032665447
0.04879660080753235
0.0474702531473671
0.04256507438375293
-0.026298321096166546
0.04019303214207128
-0.02911519311506193
-0.017469040147479204
-0.04341670895194766
0.02988668124514402
0.03344558488825915
0.030159460119935526
0.023737159715036836
-0.02889895369613911
0.03869870315739009
0.025415679608632183
-0.012281248346749582
-0.04546874875281512
0.024577756110843806
0.021359274625998258
0.031497935451635865
0.004198646691873663
-0.03595682408720893
0.027824278013002843
0.015233615466001958
-0.008211185347510842
0.0045484900047178325
-0.023854179566388804
0.0007591906583467728
0.016570339514046496
-0.01713156410837436
-0.012410622217150842
-0.0371661192693855
0.030569132851128278
0.04121159617008911
0.013746416824113789
-0.011561671205225492
-0.014520646601795056
-0.027895728038641588
0.010881880750040415
0.0323140707776319
-0.0009421906628503396
0.014690620033897747
-0.0329814989043547
-0.04120989373239664
-0.05431767268264385
0.01196651766951589
0.0019176081698735123
-0.0041405604041023295
-0.020711837099856023
-0.059980784871243115
-0.016700003388282328
-0.030251752627454574
0.004554824482977865
-0.034192346996619424
-0.06432293933254128
-0.027647452156566166
0.010655500045279875
0.0016801435524453345
-0.06138991642546841
-0.03833379814139588
-0.02120165058525065
0.0018641237145878842
-0.0503417976013138
0.02877050329969505
0.017703553955937618
-0.06345713501658862
0.01987312048651682
-0.031811962331971415
-0.01548101426842173
0.01779988577367539
0.013675490725141223
-0.03143928316863271
-0.059101363091365114
-0.0350650870005843
-0.06418229335097855
0.006480786873606897
0.010201409436064304
-0.006942246646116965
-0.018893786236556576
-0.06425693030454106
0.013197876963166433
-0.04200883371972426
0.02149519339175132
-0.018690990844345973
-0.06475485380825079
-0.05083729354260033
-0.008156671831542991
-0.03129513156047476
-0.048101308254475054
-0.0785222598977803
-0.0330631223553628
-0.018156504907784643
-0.004776987692484608
-0.06909466375291151
0.007550250862646241
-0.07361952774897773
-0.03308440577312425
-0.03107833746830818
0.013089283411536992
-0.005256640193439813
-0.006712373847788208
0.0025295144704684525
-0.0019111912025778777
0.004476495993248494
0.0006572605239988927
-0.05112250004537407
-0.0670092563816771
0.003987842919304249
-0.039689392382569716
-0.053542029323005634
-0.037927744624645696
-0.01983801530360224
-0.022713178790276914
-0.019824889774422663
-0.06343958121019572
-0.017923241485391025
-0.01175044391906832
-0.04817707735211501
-0.034732370877225666
-0.09261550291331969
-0.08222811988807893
-0.0659711442028749
-0.059664208343634687
-0.051507381113634954
-0.07467315769676325
-0.040374268194567936
-0.04199428292185156
-0.0005494305048154985
-0.07160684969885317
-0.03817522752369982
-0.0424289765232756
-0.06211176768253507
-0.07747813288874891
-0.021133407191274545
-0.08768454346998747
-0.007207658852598123
-0.03680397805745887
-0.017068711478565562
-0.041957927652236895
-0.08742868293495215
-0.05208936909500265
-0.015472257385467106
-0.0413535176180969
-0.0921681060326682
-0.0592911689831097
-0.10187071718498673
-0.08025562358885631
-0.09985275260909279
-0.03436861543952656
-0.044731281487329314
-0.03917937022750709
-0.0996819756768472
-0.08928249499805621
-0.0264799670186288
-0.052870719656382945
-0.05643790600195351
-0.09853848411018601
-0.04623096084980735
-0.10585462422215708
-0.07345113133544254
-0.05533354259226759
-0.08764488085562491
-0.019846968396345907
-0.07382096614266728
-0.07972909017502608
-0.051793710269120316
-0.07315109326484047
-0.06458672302652883
-0.1155715915934307
-0.1030687170996654
-0.04358943429554289
-0.0435205839227672
-0.09191199678774714
-0.033899646097766786
-0.12131917972209026
-0.08309336310990541
-0.05965836863631151
-0.07698504869150502
-0.08826966699093045
-0.03420231910067201
-0.08169752067267144
-0.058754599561404414
-0.07241333439156693
-0.05188563503661395
-0.062510473836972
-0.09366119832642669
-0.11071426381362558
-0.12475364395320893
-0.10443940480810543
-0.10185931528059033
-0.09782577635485443
-0.12997989684550162
-0.11380299109284878
-0.08668513859340161
-0.12906058304397286
-0.08718742844183261
-0.0469505139451611
-0.04491402795190727
-0.13626779501817052
-0.060900477442901405
-0.048733630254992
-0.0427066991813303
-0.12384854459879703
-0.04120373572436836
-0.0726111370373038
-0.12420678755165408
-0.12448268308987637
-0.05281693081249525
-0.06171309352128812
-0.11785825958800868
-0.05194845512671192
-0.0661436763175719
-0.11868001931727648
-0.1257181558999072
-0.0692187030558924
-0.1101308172380715
-0.13196748062173458
-0.08738641274554781
-0.07551433255865607
-0.0690021076013742
-0.06325833566081727
-0.10056653744873915
-0.11479641875828939
-0.06964645682340988
-0.10019106911080801
-0.06562699642297719
-0.11847200674756488
-0.14642599242098586
-0.14184875929746663
-0.09977045265240242
-0.06642947164935933
-0.10230975255387645
-0.11356547611937814
-0.15548878702711377
-0.07989849317425553
-0.0826937152227524
-0.13723870473436964
-0.06526671005216891
-0.08011580370124297
-0.13407318968234982
-0.08232369374408037
-0.12771345756414088
-0.14548684247811255
-0.11055680160649078
-0.11862404464313173
-0.1244741474205285
-0.14179286419871584
-0.11355293397449143
-0.11698099937002857
-0.08848025286947095
-0.16134454490096603
-0.13660955014221476
-0.09653576914704581
-0.09618094484061333
-0.10941368529844267
-0.1365319402277135
-0.1666337211422682
-0.15761799640006707
-0.11577873792152552
-0.11018502871218931
-0.13866339280704146
-0.09186834936151222
-0.13827656548985756
-0.10610445387404024
-0.14602642364554136
-0.11424851262305934
-0.13052991130557043
-0.10902606765198848
-0.1249445289632226
-0.1351218667540429
-0.07938572548686441
-0.10134900062996056
-0.1657832638725404
-0.16611620540120955
-0.10591205727438795
-0.11408549913617816
-0.1746461155261711
-0.1584338152017406
-0.16313030881142862
-0.11512133366334905
-0.16077897649835265
-0.13439608021544833
-0.15034151520337616
-0.09872935169489505
-0.12321715946595435
-0.08952960849734923
-0.14821103484863693
-0.16911834308632867
-0.18215264285226065
-0.14297569151249753
-0.10639952302297909
-0.13617179610834645
-0.11688625948121388
-0.1334875134135728
-0.12646548085964793
-0.10270341477933924
-0.19023903013769572
-0.18337963510369432
-0.12167555922541491
-0.09394424838239596
-0.143782752035649
-0.1508225942985125
-0.1749054065838102
-0.16734521526518956
-0.1603474530763108
-0.1897386774068522
-0.1372460187160861
-0.19494236235494414
-0.1444328042608306
-0.1631889986390008
-0.108642397890282
-0.1268887258184885
-0.11793829737411976
-0.18824122047838904
-0.11433947427144153
-0.17205605489437426
-0.16160544055776818
-0.1876167929690986
-0.19307046161962416
-0.17558458781526576
-0.1666189156153379
-0.10763803823728056
-0.2023549904074879
-0.11498743438318666
-0.14849943536539306
-0.1409623232785437
-0.15959341266088026
-0.1778256332185151
-0.16250194260450543
-0.1508067413001403
-0.11924815699662004
-0.13830634579912457
-0.14837314007332686
-0.15856202293857813
-0.2054846651470419
-0.19883609553426684
-0.12297982442749258
-0.18066442056530443
-0.16333621133277923
-0.16307234964389827
-0.1626854401084777
-0.15747556171767435
-0.16938572324822218
-0.14224445327694404
-0.16561229093273908
-0.1215424726754333
-0.13877500808454235
-0.2095990442343718
-0.20683722125470597
-0.17779890602760964
-0.15678250022088452
-0.2013849322027725
-0.21260850721836097
-0.19928719411048187
-0.1692463896316309
-0.14832371247013038
-0.1983041001736883
-0.138921815467508
-0.1848760172833733
-0.21875667070737556
-0.1657092362011262
-0.20578190874612157
-0.1834623234018639
-0.1524741725953219
-0.17314160497499434
-0.1576516138887798
-0.20825304442799064
-0.14900139977587837
-0.17895185785144951
-0.18630778478128118
-0.13429028923395625
-0.13779375691548043
-0.14479357459914366
-0.221519806880156
-0.13834812989535397
-0.1655547924904484
-0.21313204921259402
-0.2098826534300528
-0.1930497085313047
-0.21421225644169847
-0.18316513947835383
-0.18086790485372056
-0.1342134101764385
-0.16351757567029884
-0.22927802695095983
-0.18199589267762045
-0.22692603134857414
-0.1431763749138181
-0.21923565432417555
-0.16085547882397233
-0.21411086260688747
-0.16146114308609022
-0.21347544731477805
-0.143400840984157
-0.1603286247758799
-0.2303290077652843
-0.22435696067578798
-0.2140264084747751
-0.19430366696559168
-0.2130240959369739
-0.1975427693030491
-0.190546543887451
-0.14793949686256685
-0.20071192403306426
-0.1734055290067403
-0.21448067262474677
-0.15708469304509196
-0.1967599087687429
-0.2088104565359319
-0.16152202660180762
-0.16053379872120815
-0.14942269495928145
-0.1582878195767658
-0.23353948450648587
-0.1848241716725251
-0.18032332025304948
-0.138705183833769
-0.1758507954824292
-0.18827841236599602
-0.22769988608878258
-0.22880820450160377
-0.17183452903208918
-0.19657912586596454
-0.1587567480293655
-0.17959883078852598
-0.17107444353669474
-0.23619941909538833
-0.1887355370872331
-0.14917431526235575
-0.18150643723530974
-0.1665405775913777
-0.1711813151504719
-0.17879029833978477
-0.17193592560757948
-0.1942587778828549
-0.20489626013609247
-0.1462727335772901
-0.16163754086403845
-0.1730406603900097
-0.20862317291000282
-0.20530785513031957
-0.17547196496715056
-0.1988775511039072
-0.18571426984984765
-0.20100177007240844
-0.1929703683694198
-0.2327963266912944
-0.17769623832158682
-0.21478324969559193
-0.19384416594483003
-0.1501547294507345
-0.20190756182643102
-0.22681075335563683
-0.1691626514072022
-0.2368388254933767
-0.2154083107881293
-0.19270556446373133
-0.19590639601603732
-0.1629658329816518
-0.1634674379125503
-0.18976885311422073
-0.18377268123583887
-0.1715345130588033
-0.219228157691007
-0.20813733612699656
-0.17709148145477882
-0.185561989847326
-0.14846071520011747
-0.19709201029716658
-0.21076158961293326
-0.21816052351039372
-0.1907724640452483
-0.1939636071699944
-0.16477202408108071
-0.2309117079416776
-0.21137094485197203
-0.21238591043979987
-0.24032780823605968
-0.144317688300649
-0.22202460753523817
-0.22376312460705386
-0.2104894252805273
-0.15693353773054117
-0.21910806602763375
-0.2259164038452364
-0.20957160008924106
-0.14164988375358611
-0.15737560179905086
-0.22408145553357098
-0.183027765286011
-0.1738894128776624
-0.14787594920266367
-0.17358956940498088
-0.1997930422763748
-0.20334429812347574
-0.2153163827456373
-0.21438946419909788
-0.21198898218936277
-0.2170427301395638
-0.18043133505866896
-0.22251199948242514
-0.18066111599466464
-0.1524364658148843
-0.18974465351636186
-0.16340877632872114
-0.17170053222532317
-0.22990300648263365
-0.22865252447820913
-0.16756695910236213
-0.20744226983663844
-0.17253304860309124
-0.23047815960945442
-0.13542194623023474
-0.19229003172901582
-0.20071700551481048
-0.19928617643717045
-0.13390612022428366
-0.17890129770692903
-0.15597527097530786
-0.23030670878212112
-0.21401474465747597
-0.20224370938472092
-0.14191791424825667
-0.15370326415343666
-0.16378904837906122
-0.22447571650567874
-0.20885780840822687
-0.15211079338547165
-0.16135927672128836
-0.15755066916238042
-0.15609715729736628
-0.16599658179990784
-0.21155299120756668
-0.20370616574912073
-0.2154512714740829
-0.1705396434363258
-0.1563898200796223
-0.21332947031839475
-0.21737805568483565
-0.13923721803161826
-0.207258096301668
-0.1463261472424265
-0.14770246307741292
-0.21472008234138285
-0.12238118541640328
-0.16581688892315793
-0.16161465737831807
-0.18747624284445613
-0.200334297260106
-0.15798468355625958
-0.15537086822961144
-0.18479691559851671
-0.16314070966367136
-0.1540620512280088
-0.18467396238957273
-0.2120794888679422
-0.1495240419519858
-0.17224200202585377
-0.16817851982244847
-0.11714302592723497
-0.1766358269120903
-0.18119112912494545
-0.18862304159271664
-0.1336126253177637
-0.13982645363615792
-0.19429610999278277
-0.1730684137405828
-0.20722258226926274
-0.12849318076611857
-0.20506803349713362
-0.19890335264178446
-0.1254839359106024
-0.15097194723953158
-0.19115817830541898
-0.1466611482491479
-0.18819499123502545
-0.14358867192263453
-0.10822996903469492
-0.13462265851736635
-0.18452567652715743
-0.16551163739277125
-0.11577796423117268
-0.1613975895794989
-0.15305837794741134
-0.14712714778585498
-0.10765233738725324
-0.14119227532422213
-0.1930962298905442
-0.16719229829772442
-0.19363717259932217
-0.17019874881613983
-0.18585206941411134
-0.13260360098542184
-0.10898426548077449
-0.10321900639388881
-0.17266048644445806
-0.1808830301792865
-0.15088130842668598
-0.16661370468408715
-0.13148085641333085
-0.13335675919575224
-0.09968772970813963
-0.10512393893797317
-0.15945258574343957
-0.162401026902906
-0.1584456891168724
-0.17274534960577984
-0.11209300342941403
-0.0987465996804209
-0.15852649819620723
-0.15808627710804793
-0.08162167156378383
-0.08076122233772119
-0.1615635051315299
-0.07696464465122221
-0.1158521651426565
-0.1524791128193843
-0.1540392794832144
-0.1204701587421753
-0.1012791694325314
-0.10287513755684378
-0.1205255936611708
-0.07062903602620366
-0.0762143265595972
-0.10630597501677909
-0.116158750418314
-0.14486202594514183
-0.09293261874062227
-0.08313553500342019
-0.08077516907084437
-0.09033122394076196
-0.08016970951877515
-0.11992859287188107
-0.05746632717424506
-0.13460403135894528
-0.13871333086276247
-0.06849935264876766
-0.10252012069278502
-0.07910183030174887
-0.08884409955371839
-0.08407033022456317
-0.05438080791093397
-0.13918459778149353
-0.13299954372083045
-0.05989678278360604
-0.08771372920710195
-0.08366137675356072
-0.0705534957658267
-0.09622854670678252
-0.1010274237970322
-0.11201755579663276
-0.09167709109873436
-0.10529236041194151
-0.08958624410772223
-0.08696029284222298
-0.08313937287780274
-0.05687632987107172
-0.03339243781293191
-0.09961530112608916
-0.09496796465860935
-0.07700904179438126
-0.11859576298377064
-0.07864959810603227
-0.07542128482565796
-0.07819265430692199
-0.09409687120001595
-0.1175486426664827
-0.10816948571646325
-0.037329802640067106
-0.07241991555411977
-0.039830006261671144
-0.021771974886530016
-0.03262559345971551
-0.08404399734078905
-0.0672559887149155
-0.11059601654780972
-0.04682858261717125
-0.09781043922193434
-0.0904140455072261
-0.05082135271230556
-0.019342089193383927
-0.042411052870286944
-0.048209579340914716
-0.041918182759497505
-0.05054443288390659
-0.09163835581157173
-0.08908938046989648
-0.08502902014718691
-0.09290371833430153
-0.005069096924183045
-0.0056788641570088005
-0.06954148434096888
-0.07123493407452591
-0.06231447281342763
-0.036603431639344944
-0.07820440678312063
-0.031703611121376526
9.291207680167668e-05
-0.018588026866253132
0.012236516029244901
0.004308173279201841
0.009337452966851095
-0.012047829340185931
-0.011037494391528374
-0.0020196302780233627
-0.0006321699074786358
0.017521479274749577
0.020970022588321327
-0.0008498346846944754
0.021574416889182296
-0.02069063129640686
0.017181656039235438
0.027154607339672426
0.025135215198196295
-0.0284218867912875
0.0028996134576327742
0.015942653180565466
-0.014413434728992744
-0.03435388730494439
6.616647499563949e-05
-0.03959531388989596
0.019774114537623268
0.014478273554794564
0.01230788565107594
0.012298089206869978
-0.0156742029352379
-0.04874452274009838
0.02254069277893591
0.03512965317620977
-0.00705301925469002
-0.023491285987798535
0.03517165087967167
-0.03992223015765058
0.006263013726762814
0.03529500196194542
0.04585921749379866
-0.005430183945035701
0.026307865487129573
-0.018143279647389148
-0.021829200182835483
0.036686142661781045
-0.021855896934054386
0.06764300721316016
-0.013325351623202843
0.0022087200079912335
0.02788044008166302
0.04834744774318993
0.06576498174824817
0.07406929710951049
0.05495816299753847
-0.013556126867345603
0.0026472288681868225
0.05068287856940089
0.04906157457993947
0.05076990639859747
0.024972884905195447
0.056142142723367774
0.04153131166683506
0.06027402347191216
0.018881998121831424
-0.0029459249265445936
0.059472201409910726
0.02295353826935516
0.029894640189957643
0.04735187199587582
0.029625667517191184
0.0034632719812346504
0.08281722561207779
0.05374704331709489
0.09238482922667315
0.09518102593772242
0.03478968578910626
0.08898027304905738
0.05523612307654034
0.061159188973966924
0.07533141107662442
0.08428575663528662
0.07033122861018541
0.08946969129461417
0.07960096130706817
0.0570330018657693
0.024730821993465914
0.02103667556812049
0.04694794357895411
0.042840844206548385
0.04874816019577907
0.08227224781942048
0.10213428077574675
0.09963401427019089
0.12656713266484335
0.12996818061729726
0.10287642000373455
0.08573997729162386
0.052164795039063294
0.04473928205043696
0.06863834841203978
0.07268875490151679
0.043503552671514345
0.08224943296794263
0.04462336304067874
0.0719992755888433
0.1164738004359967
0.13504842203546025
0.10294406668401113
0.12801144973734035
0.12710136759273682
0.11338863029314228
0.11525461052752303
0.06836857126604674
0.11639861015255226
0.14406331186136906
0.15542831805077717
0.09267188129905032
0.0936295631687193
0.155647506837727
0.10956812508580592
0.11943191198920852
0.1538961477092377
0.12163077293531302
0.07012225599805436
0.1589980633138401
0.1554877738284164
0.1025416360920069
0.1522210260129136
0.11187772602026907
0.1366102112206961
0.09786837346782701
0.11700710158608868
0.08987009596483528
0.17800904285415772
0.12267643685022915
0.0858463566795743
0.1459626419775018
0.08934123342639456
0.10576767357562518
0.0926301775712267
0.13195779762264193
0.11278742591660784
0.1605537001365266
0.17411387786899774
0.10403243431928055
0.0972742285471564
0.11349635215063882
0.133362068797629
0.1160970435312032
0.17677304018205195
0.17883487229873996
0.18797632555107224
0.10654023392010134
0.1861015385344273
0.19398349695644035
0.10836433537451143
0.17825394249315357
0.1142361877975935
0.1320226007759036
0.12871318510999738
0.12978705249859368
0.19945625972555492
0.17399672628689336
0.12964652060243284
0.17445621199772404
0.21384801753114063
0.19141627418995089
0.11965848550682799
0.14800407486537898
0.20116405778831647
0.20067258852963632
0.16633623051486374
0.13875719237443962
0.1906590981753919
0.13651614118201186
0.15997036580162624
0.20320571290678913
0.1790155979889449
0.20219086268958025
0.18212003527869802
0.1646668916780828
0.22370160337707973
0.1402419863551234
0.14139618961807668
0.18619493754808197
0.22535237729996127
0.16890121688829704
0.15214898532476961
0.2358619033292426
0.17924071480586523
0.18586203313668098
0.23395447712286388
0.19648585093645599
0.15275956508289426
0.2318518619043678
0.15110709029402222
0.23128850010907206
0.23812123923922762
0.23267582751299967
0.20225012580977023
0.2237984512744628
0.19611611478002974
0.19364113048725975
0.21055203727928867
0.2116043282014389
0.1892217741210075
0.2201180541888667
0.20890246004562557
0.21274873128164104
0.24218841933813906
0.23973301098153424
0.2214657715867605
0.1955353532999669
0.2488973779813375
0.20389225968352429
0.18784546275420438
0.2579417772878119
0.22769931056997147
0.23531881822400705
0.19276762476343495
0.22763739312538578
0.17957395774018686
0.2493239479134799
0.22663400789211743
0.26349029700512716
0.25063386287086303
0.2386152066978677
0.2651757638746789
0.25985168687554083
0.2143102694542279
0.1896930001085863
0.2340778496847519
0.25574364869485977
0.2058603920516067
0.24510872193801372
0.18672444834571733
0.2409778210433057
0.24298115809187273
0.2373155716375421
0.21885713626143946
0.2334447551070194
0.24027813828286074
0.1935106061418577
0.20098992973958688
0.2389520397973251
0.21931362178018238
0.2553849304891571
0.22062591877771118
0.2643308918352729
0.22665948952325526
0.22644582908755734
0.27817155689159967
0.2296986759550605
0.2798233570379937
0.28657684489629426
0.2852251860582248
0.28116220979831197
0.27935696417241973
0.22819157051453878
0.2591822171126117
0.22193485319773848
0.21349404938984323
0.24063477697411
0.21901208876235045
0.24937129277686726
0.2859598579833695
0.2569741098804972
0.20815364102043046
0.27783492576813335
0.3000183416821086
0.27670129351742995
0.28377196659214887
0.29028207304899223
0.21630825818585347
0.2754416659074469
0.3037645696464263
0.2893735486538037
0.26361508089384755
0.24711627589627322
0.23261102362547792
0.2574193995931463
0.21900038075912648
0.22009340407515957
0.22652147054751579
0.2347686009080101
0.27522744863029924
0.2238259639389279
0.22452568517048474
0.2752770242658692
0.22687639226541056
0.290420296513487
0.29427314869734106
0.275452761965829
0.2892434030294291
0.3126043356957769
0.2742075228074683
0.2505309637420553
0.28830486715834325
0.255292418577065
0.24812979482751318
0.3239553674292066
0.252023002883728
0.2746487460876935
0.24321115983857136
0.2512676085400399
0.23171715176697508
0.2373084984273573
0.2838272964249243
0.23869649911979668
0.2357687977626541
0.23632124773183674
0.32769439728036553
0.28259638474834464
0.28007808866949246
0.31294335020433256
0.26818969695037564
0.2929181396692541
0.2773855356683542
0.23184508857217181
0.2565803474697287
0.2485175935751129
0.23327449250723978
0.3243242181288339
0.27289582801646295
0.2831209879683337
0.31477979497923025
0.3052314358817726
0.25569404366247334
0.23966871484366148
0.33450073043706297
0.24075276779347557
0.27342637230692807
0.28582477148020496
0.31864499426996074
0.3284420583611066
0.24910792757262384
0.2831407021546519
0.2506006103696175
0.3163977509627567
0.24213679510522343
0.30024917721647815
0.29712613525058795
0.3201679461756871
0.2901270746020393
0.3182701355957791
0.2685781112645142
0.25203486653715956
0.30891181624757075
0.33119215856494655
0.2586252470509731
0.27728563566639464
0.2611913605204684
0.2785260319671906
0.26496371721210493
0.24445465105226388
0.3005873058880709
0.3362889438202198
0.2824160577128206
0.24191265400150494
0.2551723041563925
0.2758329265311802
0.3342784296883408
0.31619521854919075
0.2748754886578484
0.2776943755877713
0.2840347690505379
0.33512215957526453
0.3208898068478543
0.25731981090738415
0.288138152729266
0.30783721657188023
0.2939649066119803
0.3190365031260123
0.33226657523517955
0.24445179951782076
0.31019962105498644
0.31749179474192546
0.3376080161803062
0.29466056010340247
0.28008083706436326
0.33081565140794816
0.27754785511652796
0.2844602536960568
0.2453720427228648
0.2856850621962476
0.2720528650258224
0.28837421150231235
0.27439563005643636
0.2560395847933549
0.2860268889707578
0.2925705459492885
0.272228964991626
0.2958117737611873
0.294346526633191
0.24170670040416745
0.33350531098497704
0.28269879721168323
0.32131077803122315
0.2999743444217709
0.310227435077147
0.24371845253055144
0.3011639153004952
0.29860662530958404
0.3124437150657162
0.28479463750455924
0.32420856357783223
0.33135686173534407
0.2946484924087243
0.3021348258862521
0.3214871827151401
0.32040636011944
0.2720112345584974
0.2552850090574096
0.273300006555735
0.28397175864583474
0.27463845864439673
0.27322240872694187
0.24912393683949424
0.3319139214182704
0.2945266650190027
0.3231272633834644
0.2419373536819808
0.3357839945788006
0.25165818383561883
0.2850968441492929
0.27083089630717494
0.2790431412198542
0.25409785596947343
0.24015653917082436
0.3094636848203017
0.33216332211699684
0.2902543420598279
0.2456347945403165
0.3182550624756921
0.2429561442962258
0.2636537824751146
0.32537622151282786
0.25395911223494694
0.26241294006478433
0.3241307214990259
0.2801788871724852
0.278639378226607
0.3029529008873333
0.27476979542401225
0.2607903405417459
0.3230826721312916
0.24097298561148536
0.2645063413980328
0.2521498667114589
0.24610861475255014
0.2606588387364158
0.3173838891575985
0.3167300781207575
0.2874736647162487
0.2890002817941225
0.2891124116617453
0.3172064984629255
0.25067142427643585
0.24439893488715594
0.3113255725683395
0.2468564434318489
0.28016455268714363
0.3029205453303446
0.2626038327796072
0.28038470613647504
0.2732366681581836
0.25648129449977464
0.2973913978061958
0.2758821892210096
0.2875358718532665
0.3202302967115972
0.27032630565452836
0.2708845999067832
0.27891429117148525
0.24655957297746064
0.2657954571063256
0.3190105804991092
0.2558095360544004
0.27424400727295917
0.24623651895829252
0.2712438962075217
0.27574466731526087
0.2992687788217784
0.25492462507026026
0.291237605553543
0.3030903970682409
0.2557793373874728
0.29518089527475616
0.24046346375510103
0.24179774835390885
0.29663898535299676
0.28081830041677747
0.24299774265394072
0.2571004249108634
0.2781785270389563
0.2899419859658483
0.27499181737520667
0.23849900240852195
0.2716719239076506
0.2427478335670115
0.21722456311007632
0.2704625971856886
0.26383626292567575
0.2800714333940066
0.24781859775924733
0.28482429377872776
0.2846030217261781
0.21849731773274483
0.2632581069065484
0.29782402127243746
0.26889767450190677
0.25939003002823197
0.28643122597930487
0.24261622556797838
0.2056396461479316
0.27176841499118926
0.27917211764108696
0.29839699651206353
0.22595553436432977
0.28350718080915216
0.21738927342145167
0.22480237297151578
0.2751309178769317
0.29492534869259146
0.23950670070230137
0.2642880530967552
0.2005999465802762
0.2197477274369705
0.22633825682127365
0.21070125711518853
0.20546431559574965
0.27361032301164967
0.22572629483907752
0.22578956571987685
0.24232015974088536
0.20468179446013526
0.20417593193512604
0.22289506714995178
0.19500366662497273
0.21171584266536692
0.24765725049440843
0.2001221272372457
0.2628526207490235
0.2517636586032335
0.24607879637756336
0.24145456223799372
0.21059207941339386
0.24757513516099222
0.24474886638466103
0.24740952059008292
0.18681158788766886
0.19045945823939395
0.2480008710222915
0.28379815244200235
0.27608898107002156
0.18447070967855997
0.22236934969614597
0.24104777640854458
0.20720928770829625
0.2633116597954787
0.2637152889872908
0.21881569749013713
0.22048059295956426
0.1856431794450309
0.24238584672475905
0.2665775411371222
0.2203401094119239
0.21574025940376834
0.26684338433528665
0.1885414214356877
0.2724539953568463
0.21183465605870838
0.2550125571743304
0.26413593122230766
0.20226613085101477
0.21649387670817205
0.23905772309467493
0.203415249057946
0.23409382145506324
0.21145885900196193
0.22504334577311091
0.22827144568602198
0.1826733763665127
0.23871827645995614
0.25709093598451305
0.2526316187544161
0.21032628938553394
0.17541614162642089
0.16443042069172378
0.2331042196601329
0.22807180781831013
0.25510270313361916
0.20819293565759103
0.24837753189408818
0.22940268815267068
0.25741177407964366
0.22197850626336663
0.21021751497491642
0.232927267032342
0.2337873596999293
0.16439486775932288
0.22797785371872567
0.20025338706788862
0.22968622847511605
0.2136627645907185
0.23739464068017035
0.1935632985114548
0.15569236570006678
0.22651812569024765
0.17132042209488213
0.1613994396271416
0.17085619020369358
0.2119904467965079
0.1668945796567613
0.24172094886337792
0.15148355105167705
0.2233490253559392
0.24103103136031978
0.24375462340735202
0.22494568772113466
0.2176208190488923
0.17269258680941835
0.23721360922389667
0.19376102467167144
0.18757216668969534
0.17555047624074857
0.23629122038190525
0.23472470690675026
0.15670557420624662
0.18706378210138447
0.15213764959565698
0.18209897254272586
0.15296822994701564
0.1560875132878271
0.20580031525878434
0.2216158124134061
0.21116179871567198
0.16723940333857312
0.22921212997890167
0.22010837090187912
0.22229445203448303
0.16913875305679066
0.19753464767173012
0.17237280254261417
0.1995948148142642
0.1646387692419336
0.14466526886188114
0.22310266471895182
0.21090260972872965
0.17740481343892597
0.14185549927078642
0.20199901932257497
0.21029377804133156
0.20038269904257605
0.16212822386948617
0.19533100063549436
0.2015854585795046
0.14905430587784108
0.16373671443155152
0.19147772696009807
0.14578515902460212
0.13364572041211234
0.15951780149757577
0.20044479512225893
0.20936355866181794
0.2194418482739831
0.12713734421326323
0.15602559766548724
0.15772009978443194
0.14796552579469222
0.21362057113903443
0.13132956510422025
0.16391285006815073
0.12669124747508045
0.15399037727749426
0.14535513863272456
0.18419109415470536
0.1209648589918914
0.19059639136194845
0.2047260473990205
0.17529797009242581
0.12372491251607143
0.17284893386148867
0.161519627246187
0.1208117595217581
0.13827302660341118
0.18731625782084677
0.15308860842709526
0.11827574033002859
0.11755145711393006
0.12357884105582244
0.1224122282123909
0.13815105773169753
0.1888111402714791
0.19669493870999288
0.183760805158256
0.19769966521037263
0.14052212314862922
0.17479451120243938
0.13907721190252162
0.19004570898657497
0.13482284536913147
0.1812687784424239
0.18288209103196962
0.14443470350006926
0.1481561359893253
0.12539085350366336
0.13868525184766775
0.153449222860808
0.19695961927527342
0.10521435935113924
0.1424958606119329
0.16341688550210343
0.14788436001311117
0.12299647295010444
0.13162291985006466
0.16268665476966676
0.15787177904793487
0.14128490330297538
0.14356548063196953
0.1746387041289063
0.14967979630207762
0.11664418144644031
0.09458049356546866
0.1355288990950455
0.17302156063403426
0.17035708768083108
0.1850533344179987
0.10325594478609404
0.11225593892581177
0.1405880013384983
0.139030357167912
0.13071446283408994
0.18438440694597552
0.14189078149795792
0.16845902668472607
0.17772811507696318
0.1191034406210709
0.1505470479444858
0.15903079383164637
0.1571476910361862
0.14728623803669727
0.16583145061937588
0.11329997470418118
0.11809389515497928
0.12772660287385695
0.0874339750559127
0.09527527814538475
0.13537214079993828
0.15630070453775546
0.14425921612320916
0.14556951767520465
0.12285607450901524
0.11997967731372233
0.15312075741657566
0.15099312794445516
0.1599504915265522
0.15349472195704167
0.1390724600010912
0.1152840865884309
0.1146157840745625
0.15102519637040335
0.1182915713832399
0.08208370496904713
0.1313802003316965
0.16407741451204594
0.08490472309902902
0.1364890864918104
0.12063843567733969
0.14683647691996055
0.14692604548915314
0.07970580471829222
0.14798879687007038
0.11543052837131279
0.11692273543578954
0.1624296592527824
0.08386267514677297
0.11700700530754202
0.1521211483049496
0.09490257150548062
0.10825166531529179
0.09300501921713643
0.07558804740944777
0.13063760151106962
0.14906494892060684
0.13548825349829308
0.14075897246301455
0.15916817342343434
0.1401472727477665
0.12265002740855906
0.11912642573704671
0.06320024045219892
0.11590231450460362
0.07847807446741846
0.09639357684742127
0.12581471653014845
0.14151980593202765
0.07028285563975847
0.0765359762620225
0.06110342943056261
0.1053301282153499
0.09682590349116343
0.12780594797282746
0.07203089832887294
0.088062570693588
0.10506871230759893
0.12043870063184398
0.06588978323023868
0.1483348268086247
0.09262266414861058
0.08205286588335059
0.08074236245907157
0.13417769030793977
0.10134367385385384
0.07347322267324222
0.08764034708445191
0.058886376372881605
0.11128801260976653
0.08922818179473246
0.08598693225760251
0.14366404809271427
0.13894245429111327
0.06041396494169548
0.13217079081841132
0.08925143901428773
0.11091296619385496
0.08566825963039174
0.05900074565076452
0.12432397308279455
0.14403201328264442
0.11508727973464239
0.10939425974678654
0.10498813588683815
0.051666277025218206
0.05180361722174147
0.12923856542461232
0.06327782177957005
0.07713507500549097
0.12217628786979984
0.08524136585212583
0.09552423875509511
0.11587026243634252
0.06138316989285576
0.13300166589973933
0.06037484944327953
0.10167399668182583
0.08115626274747927
0.1084427876531695
0.12927047000945907
0.06906619972321666
0.12654465158014472
0.10508000774104126
0.04559972981413651
0.08485713591028088
0.058821296667742246
0.07082059649256514
0.09192057751149109
0.13964388958573518
0.05132853564301433
0.10773560388437656
0.10372348261037703
0.12006404510750529
0.07713025064531674
0.043719108299135195
0.12805472394356487
0.07421604465280049
0.11114932496496246
0.10406589372859015
0.13122181089529825
0.12637368273011906
0.052074595830855254
0.11753506368626868
0.07946340291254086
0.13016407973357041
0.12111686101248559
0.0501209489790989
0.05347443174179647
0.07663273079173047
0.071104873763119
0.047984508666492606
0.11186824546508956
0.09873545933353212
0.1307655578625252
0.060810267610676406
0.05864394257648628
0.11053639306467444
0.048118992960331064
0.07123828997798075
0.13187596121975506
0.08476807280202064
0.07224449030075136
0.03362094108670239
0.07629050539738642
0.07876396746057904
0.08845413611700151
0.12037512788315796
0.08742936303314218
0.12037597536041256
0.031791967346191795
0.04912834276357006
0.10349795932892736
0.030654773954517704
0.03415240759913923
0.11821435866538696
0.11911051313272836
0.10298105822284911
0.10684955532498161
0.09799035805674736
0.11364902893605958
0.09261428245743912
0.0719201061238597
0.06560196130004627
0.12279032489147922
0.11512248389628466
0.06957456037043183
0.07825447925447875
0.10277906065672504
0.04550628795293872
0.122717431380875
0.059950484421432804
0.05178884589189336
0.10987491091498164
0.04755845726927149
0.06250049207903573
0.08571248533328431
0.05598109421563513
0.0775718309933543
0.05699388699826513
0.06282367656950821
0.12243413954882469
0.05886789240657643
0.07426654060651593
0.07960263070294016
0.06116032094107228
0.08228947454757327
0.09300827528252896
0.030749841627853547
0.08498602601247573
0.06221482616601383
0.029617797850733887
0.07314311526473025
0.10444886409713522
0.04336297105814678
0.0733527370738537
0.07877717491911157
0.07932010096355943
0.08433087037498319
0.04788817896019508
0.057344198282625575
0.05838210252093562
0.07822888954282813
0.11656601946206491
0.07733160380503673
0.03195081873224623
0.024523281799286464
0.023426475385326374
0.07553149667689617
0.046684953039621266
0.046345532682872
0.030222336630310966
0.06422209117993644
0.0730040540907715
0.07433734249350078
0.022727324512816012
0.0951063774483599
0.029835531188732993
0.06132366184661667
0.06713523953125665
0.10933858474156821
0.034988928557350044
0.09124509297517766
0.07315206292901008
0.0977255255620104
0.056291083742628936
0.09532671872565665
0.03601817917791964
0.07253452172425755
0.04381869516636169
0.03921917162911907
0.08507909281668646
0.06326554075964749
0.060628200681427706
