-0.0015934319632445095
-0.0019114684175868298
-0.0014911218244804524
-0.0021876805182968768
-0.0013165937365602885
-0.0016766067232421324
-0.0011871370262204642
-0.0021130912708278568
-0.001413642193859016
-0.0014127522087765726
-0.0022996960078704265
-0.0011512864587161443
-0.0016941246840073583
-0.002522401636101036
-0.0017821327012825863
-0.0023500902063541217
-0.0017690755157417132
-0.001714200607445303
-0.0015702039301974068
-0.0012582334078248163
-0.002336548698362529
-0.002665957411044797
-0.0022944176179746814
-0.0027902775462063482
-0.0022167850370128517
-0.0019713166422405544
-0.0019629218099318276
-0.0015476290860620137
-0.0025912744157402714
-0.002036618504989829
-0.0015236408771024384
-0.0018994892681470446
-0.0029865267811241773
-0.001579201485026397
-0.0015838853442685587
-0.002625281649779929
-0.0026964420550797666
-0.0018647050333802523
-0.0017449147438950167
-0.0025761940385034
-0.0017624333287064684
-0.002960013750944794
-0.0019358841039191703
-0.003212048919201207
-0.002981550892398466
-0.002532200841636297
-0.002763857107499339
-0.001949528403405342
-0.0033430947639962664
-0.0033413247618196504
-0.0034994377323533873
-0.0026019258903354874
-0.002356863847244965
-0.0027929625109084184
-0.0031406691559173277
-0.0027688422899986975
-0.0035588236849200486
-0.002430349007954576
-0.0022893229679306635
-0.0030683683787338704
-0.00348381978630365
-0.0031093721460946125
-0.0028556196762439404
-0.0037888752237521164
-0.003622022518271485
-0.0035110049675969586
-0.0032075802478950745
-0.00299515433843731
-0.0031594576593141294
-0.002959707236955128
-0.003604488341844959
-0.003700819625886155
-0.003076447612647997
-0.0040570578087660986
-0.003533562607399845
-0.002950130598919543
-0.002817056969748272
-0.004277754544326382
-0.004245270345067645
-0.003522152014941045
-0.0031717138844268187
-0.0033426947529141015
-0.0034345121714076505
-0.0036865056983780217
-0.004301696834725085
-0.003541653012842064
-0.004300000179071727
-0.004216642950552654
-0.0036317988892224104
-0.003791672772943903
-0.004562720512739743
-0.004584034570841655
-0.003439332432447113
-0.003532178732170982
-0.004203295264494016
-0.0036641679861721963
-0.003561721713039456
-0.004978090938281783
-0.004919708444797245
-0.004348777240690266
-0.004060030751143176
-0.004567087778765481
-0.004549096613613377
-0.0037131059607958647
-0.0045349746840969325
-0.0042559070955904355
-0.00520926096141707
-0.0038957264195370335
-0.004365495629763993
-0.005309779612113754
-0.004195263064832924
-0.004583904628994376
-0.004953342611993657
-0.005426379244784608
-0.004914211146621262
-0.004392616808925675
-0.004259581461568625
-0.005571204512542372
-0.005457077901165668
-0.004804605599254403
-0.004757615316612003
-0.005885291336729286
-0.00445867573758924
-0.005724417855062253
-0.006019932964576259
-0.004658953336019114
-0.005822387525339645
-0.005433679348896261
-0.005850889684402448
-0.006239903404177749
-0.005508725755263364
-0.006268126703839824
-0.006255339375852472
-0.005291679494885725
-0.005873342590323652
-0.005255688182676242
-0.005864050496233912
-0.005238974858179132
-0.00632467660783336
-0.005953711977882542
-0.0061789126963359324
-0.006599557182640727
-0.005742026123058325
-0.006304044788385604
-0.005581341397496779
-0.005493809583562884
-0.006663401928870413
-0.0056171475726244915
-0.0062579686893011865
-0.00703564945131061
-0.006352054136395689
-0.0058522379170838305
-0.006779985665089145
-0.007279719456880867
-0.006983961222694428
-0.00715171915873091
-0.006782114742770536
-0.006233270947050561
-0.007102909874221168
-0.006488235056095659
-0.006872132848924273
-0.007156632077346005
-0.007450716066919118
-0.007230544495209811
-0.007409641117197103
-0.007441866554775073
-0.007243986561633014
-0.007198096846310845
-0.007492834326980242
-0.0071859916060969115
-0.008063529565108751
-0.007688069303859904
-0.008227664320223527
-0.007643415508648835
-0.007942906823012514
-0.007415097619840929
-0.007436403472475755
-0.00754248207458403
-0.007394777946174044
-0.007373619330591536
-0.008355706335921516
-0.007321272329511763
-0.007956500017312426
-0.00857656106326383
-0.008308131678797188
-0.007617245258935987
-0.00833846604249897
-0.009061659215240003
-0.008754616520238342
-0.009179399172840847
-0.008707242644092663
-0.008452865984583172
-0.008312696806181895
-0.009449270152624464
-0.008785684057812049
-0.00837184639707427
-0.008730573290387443
-0.009517685881917563
-0.009510944440377216
-0.009298344131274897
-0.008905267523978317
-0.008599400281419084
-0.009702602203268525
-0.009951098417814105
-0.009450697564801618
-0.009859630862120222
-0.008939519230493529
-0.008943916081519874
-0.009239492446628798
-0.010442056313016763
-0.009288306891196812
-0.010232453275395159
-0.010319981017877676
-0.009726491348985813
-0.010174193678965694
-0.010464690612746278
-0.009755262036671784
-0.010742306776398522
-0.009592804406758098
-0.011017638225214814
-0.010806777625428718
-0.010579867958324288
-0.010788527746987624
-0.010174553528785624
-0.009931037181350941
-0.010462802216423726
-0.010122754375575407
-0.011244355056250535
-0.010378708570244604
-0.01087002039713534
-0.010713522861464892
-0.011414792912347932
-0.010533739669299175
-0.010706711702643507
-0.011548138743664232
-0.01212877892038388
-0.012040318336896574
-0.012039610270374368
-0.010962488760302064
-0.011490223170004789
-0.011945283250297747
-0.011925176086219184
-0.012250672076390938
-0.011419079833837154
-0.011573139095847982
-0.0118629934290141
-0.012286740588220574
-0.01173564678761941
-0.011649847565262626
-0.012126645752601303
-0.011772772603284175
-0.012738417355368594
-0.01230653805429817
-0.012164247968998756
-0.012744391498488133
-0.013042256826561528
-0.012961081752283506
-0.012983131965050345
-0.013716973271399448
-0.012850485216072793
-0.013134347111155676
-0.013482596109651366
-0.012944443232686663
-0.013240945717899239
-0.012769669284590588
-0.012961071270081436
-0.014297476645753412
-0.013865977867246108
-0.014341858285631188
-0.013504042200374261
-0.013468209155158875
-0.014645730675053058
-0.013405959675428328
-0.014746446455572054
-0.014643818084914719
-0.013952932665378366
-0.013885755934563877
-0.014786838609934948
-0.014526185386207703
-0.015118451389536743
-0.014979120889772211
-0.015467685715469973
-0.01463292419580495
-0.01413468283373706
-0.014657221128998452
-0.014425363249008512
-0.014674222995308841
-0.01446768507747438
-0.01581881891870378
-0.01595135556066064
-0.015863638462128703
-0.015472136114086562
-0.015027560859398298
-0.015773523487962793
-0.01634074755085242
-0.016255422489402604
-0.01660266807086278
-0.01568703601663012
-0.016456859918393484
-0.015511839702429376
-0.015990543499246366
-0.01609839304045808
-0.016707164815414968
-0.01660333855179893
-0.015986623396942717
-0.016780285125726865
-0.015984249519617896
-0.01694008336153621
-0.01693374150575478
-0.01695825662812252
-0.016448802009926673
-0.01724683718158399
-0.016455467103693482
-0.016906599199111874
-0.016604609359651325
-0.017538516006822845
-0.01819745068760469
-0.018207266316335277
-0.018406805567774666
-0.018452566507317025
-0.017594125046684138
-0.0174378639971528
-0.017383256823333373
-0.018700121553352437
-0.01796470878713389
-0.018737290304149726
-0.01777789083506785
-0.01837958376537716
-0.019084275495582458
-0.01829958285886076
-0.01882916773786934
-0.019363018061432175
-0.01883726803770943
-0.019513856427719186
-0.01908579530558482
-0.019180155715053406
-0.019147287171010535
-0.0188333574235851
-0.01892723162362634
-0.018782807710934293
-0.02022704142979794
-0.019760534744452066
-0.01895827248784642
-0.01910539603359091
-0.019767023225513228
-0.020093340652209593
-0.02023050935930701
-0.020244391932448768
-0.01956636732248239
-0.01960410801814654
-0.020784467428032517
-0.021157122331862007
-0.02092250431759189
-0.021290457610575828
-0.02004770294908781
-0.02147829195770407
-0.021200937751601038
-0.021363833354175882
-0.021304376577980334
-0.020937474619479524
-0.02081176374888685
-0.022010188421039165
-0.020811232635717283
-0.021313435650860493
-0.021260610654387734
-0.02104946364631576
-0.021693151189429088
-0.022047554644519
-0.022090440638366543
-0.021595048066925613
-0.02194216216713118
-0.021655747671630674
-0.022904289537491598
-0.02252582640878839
-0.0219489059808806
-0.023020153244248363
-0.022753934630789334
-0.02230261242184123
-0.022811106174611934
-0.02313074011807295
-0.022806078715658124
-0.023809028923775094
-0.02322689044069224
-0.023374861549709334
-0.023335363619735854
-0.02346084853418639
-0.02409321731868957
-0.024211185696177206
-0.024381501686880625
-0.023322858715785603
-0.024466412374722024
-0.02335062958305823
-0.024272511282053363
-0.023589138716261195
-0.024016916064026225
-0.023856634820790125
-0.024593759976474405
-0.025136903082053196
-0.025042602219050986
-0.023999331744335
-0.024655536297241806
-0.025117463631217744
-0.025056706596187105
-0.025309542239514503
-0.025617739882452587
-0.024601528184470058
-0.025687516319088603
-0.025725026295393805
-0.02538489067681904
-0.025526745717030015
-0.026073451737331246
-0.025118483529571686
-0.02525681091777364
-0.025558368923434587
-0.02607651352969694
-0.025813397082697916
-0.026074428884465956
-0.026851901370055904
-0.026778878955832305
-0.026967276237779347
-0.02681856932774563
-0.02668304874889796
-0.026268384926387337
-0.02659647429851106
-0.026521894758156347
-0.026981755231414502
-0.02711749187233523
-0.026776657011434692
-0.02727473539190219
-0.027377903483488644
-0.027086250432309226
-0.026809141413766863
-0.027301392521912334
-0.027288182752032063
-0.028057967030073093
-0.027906152650059423
-0.028220217623789547
-0.027123272312418442
-0.02788891881838179
-0.02864451994057613
-0.02884465044777939
-0.02863936801303779
-0.027905667548670552
-0.029023523083734584
-0.027908078229263725
-0.028086732988195695
-0.0280773391119561
-0.028696556275128956
-0.029125780709765993
-0.029038669386180944
-0.02950947347690849
-0.028882154833796615
-0.029237105080833072
-0.028780026131306955
-0.029074412273428874
-0.02947147252100716
-0.03002392378875988
-0.029738296912873025
-0.02926438801370128
-0.030340912368157766
-0.02982239208883864
-0.030160766038795396
-0.03052009953555297
-0.030376574817581513
-0.02993665813709152
-0.029820788114195234
-0.030547638846383805
-0.030465097335017646
-0.030884742970921877
-0.030862797526757427
-0.03030653403016199
-0.031163530014896558
-0.030102566202266784
-0.03100095561121374
-0.030399532670724195
-0.030370740520538116
-0.031038431617890275
-0.03137914312494886
-0.030795136181715393
-0.03094300934044171
-0.031760917330180445
-0.031106546242180965
-0.03069023912817349
-0.03179134802509084
-0.031014407711845365
-0.030954352267998825
-0.030802777604157613
-0.03230902624163799
-0.031495729557628194
-0.03221315065359368
-0.031360615063983875
-0.031832995431635994
-0.03133576414235601
-0.03153382887693257
-0.031458856591526904
-0.03242075972530146
-0.03203781616732012
-0.0326213425568268
-0.03227034141624813
-0.03208916250714656
-0.03177863010810311
-0.033067113542978095
-0.032713567649621425
-0.03220538419309148
-0.03341696880581061
-0.03330758190264542
-0.03330473990864023
-0.03331967961469736
-0.032657300338949605
-0.03374014281184866
-0.03328720022186786
-0.03374626964554849
-0.033098967188823165
-0.03269532586311908
-0.03386481403201899
-0.033010597486843166
-0.03296294507242366
-0.0341643057068561
-0.03325494969430059
-0.03290012983945246
-0.03324181037484747
-0.03294832513993882
-0.034133966385005064
-0.03440812276208968
-0.03348422790217289
-0.033957673506505616
-0.03458924920008462
-0.03465358041323908
-0.03348917605759786
-0.03467964198022228
-0.034135852295892555
-0.033410186477297474
-0.03401605324696574
-0.03458452087832291
-0.034852815013081816
-0.03410744629091719
-0.034753039621050585
-0.03510732389112791
-0.034474985857561494
-0.03517402758780712
-0.03495615867170351
-0.0349396387999608
-0.03399509063207635
-0.034197392149517614
-0.03465214524162882
-0.03426191756447363
-0.03537080937501451
-0.03467927937224248
-0.03556986250532593
-0.035003746487016645
-0.03442309565802629
-0.03441681427628751
-0.0343971677565923
-0.03505689267334783
-0.03519227555082033
-0.03565139446856191
-0.03501785637805509
-0.03585476878801097
-0.035194678981031964
-0.03558016089930158
-0.034659835949847125
-0.035260664852281604
-0.034679359186689004
-0.0358489724978115
-0.035130853283523326
-0.03540968972914554
-0.03512892965896444
-0.0351680123431952
-0.035575826941621654
-0.035889211046419296
-0.03627933550109816
-0.03569154067659472
-0.035148009595441336
-0.03522337327133878
-0.0362929461044168
-0.035353840611319604
-0.03498735054760155
-0.03491703873480876
-0.03543312047607647
-0.03630708522569656
-0.03510487946867387
-0.035906906568889826
-0.03648683144631434
-0.03589444265994802
-0.03506121849424462
-0.03528914441420097
-0.036277041569054404
-0.036478542974122785
-0.03521984206855115
-0.03590093347844674
-0.035206500531410966
-0.035302334917578816
-0.0362364796313307
-0.03632880704218919
-0.035889054930408795
-0.036060420913187445
-0.03531488623444393
-0.03646819490651082
-0.035631366209917546
-0.03571520649895739
-0.03557279875442532
-0.03574198332970671
-0.035385871117580854
-0.03653851834773292
-0.03607507300684865
-0.03524607625294262
-0.03577317414699586
-0.03580475279386341
-0.03546230446220302
-0.03552207543218569
-0.03612892938259177
-0.03560815017422599
-0.036480472289397256
-0.0363748711004453
-0.03601450536536215
-0.03513577485949743
-0.03509802243276374
-0.03542934228803905
-0.0362566640427258
-0.03544667899029789
-0.03652245997586832
-0.03632497411120033
-0.035998367327949345
-0.03599672056934044
-0.035021123924052336
-0.035186075792337734
-0.03620232345024589
-0.035878024630564505
-0.03552775540879224
-0.03595842038482632
-0.03574062535262058
-0.034868028255293
-0.03592524860613812
-0.03589328860752224
-0.03593241273530536
-0.03565204920569372
-0.03537448519578114
-0.03557016491693465
-0.036040437886220404
-0.034647231824470826
-0.03562583189869113
-0.0352587873024888
-0.034761631375016956
-0.0349591403075998
-0.03528792997900417
-0.03472862037418471
-0.03537320228558066
-0.03445929365461573
-0.035247780507243885
-0.03487107940206187
-0.034635903476240584
-0.03561673197090589
-0.03518899237771756
-0.0356184272721388
-0.035462335021685464
-0.03523855732989968
-0.034556440162485706
-0.03521898266609738
-0.03519355910183145
-0.03489152015419771
-0.034026001284339386
-0.034606549766368684
-0.03418590815080445
-0.03496038556270376
-0.03487916613629162
-0.03386267570621438
-0.03450118048585988
-0.03349678558082235
-0.0347489063718093
-0.03424888425401333
-0.03328853762405078
-0.03391764569770729
-0.033794822244023075
-0.03320776916833941
-0.03373175941309944
-0.03407255596222146
-0.03388625890449472
-0.03404311452685025
-0.03282860416921312
-0.03350438234296611
-0.0340316694269667
-0.033572337406969494
-0.03377952119462058
-0.03248970454290472
-0.03260901100378724
-0.03342346631645755
-0.032928005471637545
-0.03315668922119412
-0.033028962274994265
-0.03315562125781584
-0.0323524925597348
-0.03277970846383622
-0.03330688401906103
-0.032228027911928976
-0.03199008549550881
-0.032035503511539554
-0.032284787946780746
-0.03150460929596876
-0.0314960094184131
-0.03221506981301792
-0.032701594493425086
-0.03183096747243482
-0.03159655649606158
-0.031094954143154656
-0.03179371103010734
-0.031686189511941236
-0.03153550977810138
-0.03187556522095914
-0.03175772315413384
-0.030744616991523956
-0.031252220659733355
-0.031161315799124203
-0.03146297954414521
-0.03155217786076463
-0.030913061830808594
-0.03062219707683183
-0.030494265931959853
-0.03074363626045936
-0.030094437919806778
-0.03045780166563541
-0.029491839898830034
-0.030365726247606716
-0.030259982594173552
-0.029437951407945816
-0.030367484514333923
-0.029254379956414018
-0.029805926463968513
-0.029597430949463877
-0.028665505269138174
-0.028556348637987873
-0.029074730873642932
-0.02877722631405424
-0.029410245156435925
-0.029296910658588447
-0.02850753890004043
-0.02786198340713268
-0.028484505782027197
-0.028462042316352455
-0.028308319254554102
-0.02843087207643655
-0.028215984489540134
-0.027519810701123318
-0.027433448326296437
-0.027045848465132093
-0.0275352203955568
-0.027776765294452343
-0.027307601665901116
-0.027660409352765952
-0.02700440930271667
-0.027669775579104078
-0.026838435770979555
-0.027405006704505713
-0.026097258080715904
-0.026608400607007476
-0.025748537391065973
-0.025510893620084286
-0.025465359453208762
-0.025649371561205964
-0.02583261545848967
-0.025546731742978897
-0.025445257410328916
-0.025659464988637883
-0.025996517549735948
-0.025121349328559053
-0.024286485806067314
-0.024841636038690877
-0.02545846173875286
-0.0241958607938384
-0.024907540901976312
-0.024713441237305563
-0.02358354056469977
-0.024131881397233185
-0.024550225704221367
-0.023888175347535144
-0.02410406260758506
-0.022878007767715137
-0.022599711147245953
-0.023129666660807065
-0.022616563718693146
-0.0235388223870618
-0.022490311229101733
-0.022951481617082242
-0.021773606668764697
-0.022408342872664654
-0.02159152999882314
-0.021777720352432514
-0.021924453894233368
-0.021054393629101678
-0.021470342679679046
-0.02156860582696431
-0.02070494144509173
-0.020758820533379692
-0.02051887754249283
-0.020740467317187455
-0.021176225965710015
-0.02048791516932649
-0.020554528603296433
-0.019551560835708973
-0.020383803823043133
-0.01948363070840086
-0.01895404562569302
-0.020275632097958414
-0.01885491146912045
-0.0189094061321893
-0.019630440636129776
-0.01817854186288101
-0.018000827832214215
-0.018123753545156437
-0.018547018181696052
-0.017797098280944796
-0.01748784257093462
-0.018273156796874686
-0.017745230165917208
-0.0169132182641493
-0.01672342028715324
-0.017630625119163034
-0.016611753452643197
-0.016328434926551484
-0.017164662895937127
-0.016196657009706003
-0.016301253467679373
-0.016506292906460125
-0.016739667588845184
-0.01570427125826149
-0.015987900893205537
-0.015467466067464158
-0.014934672888101052
-0.0156926599882694
-0.015709668741222767
-0.014147076257654177
-0.014674719424269912
-0.01405099128613282
-0.013938719891906893
-0.013540142763735925
-0.014136637279253777
-0.013292967431522952
-0.013092626654198752
-0.014107892786076435
-0.013910636280098736
-0.012723024842733313
-0.01345633976189074
-0.01272863419067004
-0.013226457963317673
-0.012000717899765237
-0.012212385793866128
-0.011768669614001689
-0.012107482631095406
-0.01118820874119175
-0.010801918888958722
-0.010735085308670506
-0.011434343470724707
-0.011149157090041759
-0.010604723824978884
-0.011088326114926115
-0.010935137568762361
-0.009545983271479581
-0.00996989257231946
-0.009949579718093203
-0.009713132100273313
-0.009954578985481596
-0.009866556387836133
-0.00942985283996853
-0.008659054752877617
-0.009400764901829815
-0.008249205580910678
-0.0085786446357486
-0.007707392533730792
-0.007741468811687938
-0.006992590839819835
-0.007066746809106628
-0.006901624733784826
-0.007317671914950075
-0.007524550905832967
-0.006537334102985373
-0.0072763165300695825
-0.006118080222774569
-0.005748147384227817
-0.005757756380549631
-0.005547595839921317
-0.005890483630832381
-0.0047151740411609895
-0.005559172368320629
-0.005249089654903232
-0.005186338520204883
-0.004593669317582849
-0.004150247551115194
-0.0037526980236322134
-0.00419578716010979
-0.0032028470963482757
-0.0040997516417269056
-0.003116553671631706
-0.0033429143205268757
-0.002697849353807191
-0.0024863417252072345
-0.0023984332953008326
-0.002995010718738757
-0.0023257105267377367
-0.002649803193456179
-0.001231771199733524
-0.0016364266955357792
-0.0017940465923955077
-0.0017237292528557789
-0.0012316419881219082
-0.0010442789424805353
-0.0009012408590016321
-0.0003324583778336138
-4.3471252528244055e-05
0.0003888305141768212
-0.00041645696148284207
0.00024957683956189103
5.794176270069135e-06
0.00033385790207228076
0.0010741572205662728
0.0015918523864796499
0.000761364723838
0.0015114216897954146
0.002122886486832505
0.0018931729614438582
0.002039393231752087
0.002510576487965932
0.002265864803810469
0.0027836741425421247
0.0029186701328267816
0.0024641149594360635
0.003115104688301111
0.0030555836592636595
0.004149833234960352
0.003650898254139852
0.00393343593460594
0.004110347492455539
0.004851164467655789
0.004753137236508258
0.004654301968753172
0.004511803897146353
0.004452861815781198
0.005436211530961337
0.004697143862040613
0.005374011478290752
0.005927256104325975
0.006235207047688175
0.006803726332354328
0.006483457673021133
0.0066814592589482785
0.006501599089708092
0.007688032610874324
0.007019678115170328
0.006836089597694703
0.007206428220412719
0.007812059936354568
0.008454709043323903
0.007572665015580599
0.009017843560376772
0.007880737801169371
0.00822992035819761
0.009208051922320491
0.008543505317878085
0.009123820042023745
0.008791840946210163
0.009272967673511441
0.010077403363693711
0.010353819622535954
0.009658588429086977
0.010377440133808792
0.010129821233970299
0.010697068325844493
0.010307624495584774
0.011123723777424245
0.01123877671055603
0.01128029680278648
0.011780133951116845
0.01115964855102355
0.011855768832387861
0.012127669076725947
0.01172511930963805
0.011938392354163252
0.012498154756633559
0.012919109397571482
0.013735998554018441
0.013504254384555922
0.012952943738226034
0.013373323648329292
0.014483333809713216
0.013675157862048157
0.014055160287771826
0.01465960473655712
0.015308269318254493
0.014105921802921641
0.015072088736334109
0.015715729281333368
0.01482553413355598
0.015382046855378927
0.01514875737550479
0.016281652391868278
0.015327268573592578
0.01619850041171759
0.015639116678506048
0.016838117693328457
0.016946789004835566
0.01689569399515085
0.016405957972107296
0.01715047843033588
0.0172718649066936
0.017731886937999285
0.01731707330556052
0.017392626982293158
0.01804426972374254
0.018075775783672542
0.018773206065791376
0.01788232255637457
0.018082190572035133
0.01876530390888771
0.019345222573794337
0.019698292258350753
0.01980075983667938
0.020004485523931703
0.01955149464603633
0.01929314755144679
0.019419010631371053
0.02085319341668259
0.019809501106843562
0.0199168054954659
0.020644135279691816
0.02153421213842669
0.021036634296646126
0.020471117971121867
0.021780381931932498
0.021948455286683367
0.021753771964119664
0.0212206848164723
0.02234992523595629
0.0213962456455325
0.021539620094178775
0.022119368129605244
0.02217444003162237
0.023137060252549545
0.02279719893364885
0.022906121254249373
0.023647381071422568
0.023443853238260596
0.02339002928676787
0.023524058923100628
0.02419539749901361
0.023910113822087135
0.02468896366056404
0.023797753987806595
0.024166265026870425
0.024785663602265712
0.02426719840135072
0.025485931712846112
0.025365111946836136
0.024881877048852117
0.025776545922350427
0.02496009956568689
0.025525985747914565
0.026001186488770135
0.025789131376170414
0.025532608158062128
0.026686476911527965
0.025443510495405337
0.026435075411006516
0.025765114377811774
0.02708905812944144
0.02612013502254963
0.027600296963531404
0.02736198496002281
0.027191331053527026
0.02780061669222148
0.02774654997408828
0.028165292470571743
0.026958381063338747
0.027669569219241127
0.027198604389772292
0.027610633808948896
0.028376110521742094
0.027912626247238885
0.028744422251912247
0.028367365141579164
0.028210158848969085
0.029489615156707453
0.028303766485130655
0.029596342158504773
0.028410667348039483
0.029652915478155958
0.029641158181120165
0.029136871341935704
0.030088768979625872
0.029995198637452463
0.030251171465161236
0.030604092106166488
0.02974838822549052
0.029652989768130012
0.029981283946150038
0.030795668529979787
0.030755927845025385
0.030344899586097953
0.031350607737908376
0.030186389201276406
0.03137478417734654
0.030763532263404916
0.030376374226312963
0.030738760041298687
0.030917498577101587
0.03082164180649609
0.03197972838302094
0.03214356773540601
0.030995293017278058
0.03107368153615331
0.03163511052648568
0.03143602207807644
0.03264579955426224
0.032374354195413915
0.03181467417323128
0.03231190251339726
0.03288250946101434
0.03323253829636359
0.03224953272120672
0.033295073485577885
0.03254375573885907
0.03229425350132329
0.03234021866336849
0.03362424206663047
0.032870355220471464
0.03309741884002796
0.03371550425880655
0.033860701195063674
0.03378092077265294
0.03356377160448404
0.03344395873958508
0.03442984459958502
0.03385511149665398
0.034230202042339855
0.0346797839375956
0.033516225262856705
0.03424850310227037
0.03405354400173384
0.03427473175851861
0.0337861762753767
0.03376087588982575
0.034538727398551274
0.03500538198136877
0.03396652298742985
0.03482882056356581
0.0347674378789452
0.035041962062176996
0.03537672010834686
0.034710142067861695
0.0353348975064472
0.035428205339593954
0.03556904122704412
0.03504510010841536
0.034575083664206654
0.035804483916688064
0.03460711064110064
0.035620826030725736
0.03508672605658811
0.035454874223127354
0.035561785114255784
0.03549552916090539
0.03512179079164994
0.03586506492376197
0.0364119434591785
0.03620742540315883
0.03633867816726945
0.036202329971993824
0.03561571765598477
0.03528030577291123
0.03676257564609969
0.03590419541062151
0.0358447254273969
0.035785079181803306
0.036458270497314066
0.03656354676723561
0.037081609167261886
0.03678235186403764
0.03710376972926264
0.03606481979526744
0.03656877284778435
0.03639124551829684
0.03588596823854155
0.03601632477572752
0.036736806508174215
0.03677269171971122
0.03674772397260512
0.036018830605070516
0.03672081629666279
0.037088491877037215
0.036257218119994904
0.036306572823513954
0.036504243839722124
0.03654079639530291
0.03750612804192206
0.03626272028259629
0.037516003957868166
0.03666011528471642
0.03761920434571245
0.03759844064528029
0.03657411184840139
0.03771687412534733
0.036801498981451936
0.03770965807315631
0.036400454103041074
0.03685634316519767
0.03739779631204653
0.03686518406395726
0.03782366170980395
0.03693466737405754
0.03712984899683126
0.03775625805280461
0.03660639034221147
0.0366283694178585
0.03672328049350657
0.037598206287112794
0.0374771870224558
0.03704420746700274
0.03740309661354236
0.03686392952853645
0.03799258484340297
0.03778568677104587
0.03782048376124668
0.03783859189606346
0.03677180597510867
0.03672299181663312
0.037666111108252895
0.03784204292807689
0.037294507953984056
0.037229585851524735
0.037279293584531754
0.03784478154189707
0.036657625478229365
0.0378808555791844
0.03681461102807265
0.037100864819095664
0.03740597375027146
0.0375526730412681
0.03669844400336075
0.0367468387128373
0.036584026534505015
0.03691282650323637
0.03748606852370763
0.036720971085047356
0.03664117495042807
0.03783458604426629
0.037594997009064025
0.037209377545520894
0.03694995954692711
0.03732379283463667
0.0372723638002705
0.037544381435742735
0.03629256454484518
0.0364045522351001
0.0372565530638278
0.03646036074532296
0.037680412931985506
0.03623927723592325
0.03714038412769273
0.0371481981559984
0.0367076518159464
0.036745826246380106
0.03749809299706315
0.03674950074503219
0.03601272046366656
0.03732092103728362
0.03602727579468001
0.03595195256206807
0.03705721784614306
0.03596960142030445
0.03723593852617373
0.03582167591620177
0.03690373149364229
0.036876546159582524
0.03631515580378771
0.03567930758011471
0.036012850097324904
0.03689952811131007
0.0360686790893624
0.035849111004748004
0.03670334750531431
0.03677520677902281
0.03542471095077948
0.03668530051953263
0.03628477173846733
0.036491919371481406
0.03625477815425982
0.03625431327143006
0.03657511806440941
0.03639747672203133
0.035443114762376875
0.0355618589718892
0.03615516392884407
0.035449522745694455
0.03631525330437894
0.03507055863136418
0.03556425047759941
0.035313062829631536
0.03506366960412988
0.03538347820915402
0.03560217020196683
0.035603204858205485
0.034643474277745376
0.03574086954663291
0.03493317544316018
0.03549881694145501
0.03580355107398582
0.03442476966048375
0.03457238534190602
0.034501280583231236
0.034505428609897554
0.03465984825052288
0.03505907812997178
0.034020919553993556
0.03389753472974331
0.03512821670242506
0.03406382478924494
0.0338465218085915
0.03443996194170757
0.033753287776641175
0.03392916849025463
0.03483861841167356
0.034642782835943395
0.03406282513440409
0.03372401133334054
0.03389044171447868
0.03364980733611528
0.033907569746370464
0.03311938826553315
0.03397739811313293
0.03438879485497103
0.03414456283292907
0.03359558014339326
0.0329849552200591
0.033918067415035724
0.03390755801751875
0.03385299763151883
0.03352798164155453
0.03366711109175394
0.03378637801499473
0.03284031559999807
0.03259087317394523
0.0334437174782689
0.033255871926973254
0.03331307593666048
0.03200943891464738
0.032300341328189215
0.03275270049425918
0.03198685483484627
0.03207431098422752
0.032645647650779784
0.032431622853672355
0.032335560099894
0.03253646943310515
0.03208538874865753
0.03225457114760696
0.031524423724148404
0.03246750748908948
0.031134332671873727
0.031045428052238633
0.03195737789732286
0.031029006105309297
0.03198052307273067
0.031143971015278063
0.03172917677952715
0.03139509028878772
0.031208345397043334
0.030542556126014437
0.031220017783636454
0.03145072450508844
0.031229724698207458
0.030903065602538554
0.03025296598169296
0.030604795138612466
0.030507571821907022
0.030600972608082172
0.031059360513048393
0.03103357234071882
0.030977816595350337
0.03015251072532368
0.02945488288618869
0.030695754498178428
0.02974485110516571
0.029124723295867603
0.029916772312502234
0.03040573642430603
0.029399560717870924
0.03019287949531503
0.02998105785037571
0.028819393331486948
0.028832410634677202
0.029776218880968975
0.02935106200964645
0.028590887097870894
0.029244259718243248
0.028519713881239993
0.02886592582694265
0.02864708548540994
0.02894004537587348
0.02877960227385384
0.029015114589932993
0.028296659916405873
0.028199725338519395
0.028492772580633114
0.027410384996405787
0.02745052360142424
0.028488168492121293
0.02826644805688362
0.028415498726146154
0.027496698424977668
0.027440689874502596
0.027700534787067917
0.027569290745179796
0.027424501251972513
0.02724875469624831
0.026758720971366102
0.027865007220685065
0.027741350358796487
0.027355855771769445
0.026908961547550927
0.026256737864146156
0.026779426074865973
0.02731240214897008
0.026335033765195203
0.026849852026312637
0.026862728763232518
0.025652395243821957
0.025525344722049433
0.02677920361805266
0.025701518334382167
0.025867120954800503
0.0263373400544174
0.02509458957121155
0.02497713001942394
0.026109386456004625
0.025575445485093516
0.025712703229144023
0.024652509758381173
0.025702445089892976
0.024495627907853867
0.025334532996927603
0.0245328834027213
0.024347148352773497
0.025351699186865823
0.02456249352021967
0.02423670069979446
0.025183671215089076
0.02518650110845451
0.023911420690632484
0.02451121472196966
0.023583938625788954
0.023623723019314702
0.023782722802669156
0.0240376628615048
0.023669776502451653
0.02330801276093601
0.022985702444671446
0.024104854410295647
0.022947193944565968
0.023053447980641975
0.023756799482520196
0.022662479815388843
0.023120965122745748
0.022431454262787757
0.022914275447050266
0.0228506672995241
0.022348211860643587
0.022940166005623704
0.022737215385913598
0.02289583988722112
0.022539901324446807
0.022438706322207447
0.022417012547590005
0.02295573443099138
0.022259179675791694
0.02131380328671145
0.022431540440987264
0.02203823620282403
0.021399063300167654
0.021661844580194056
0.022181829488437287
0.0211316973662396
0.021102530252958503
0.02167955207888921
0.021921898509119946
0.021779689348291473
0.021406404546245515
0.020712388304991967
0.020253294889850337
0.020937567911991542
0.02078872669669348
0.020105115703510576
0.020263882363866097
0.020525918064660014
0.020437954635388392
0.020908809639935615
0.02039649733045665
0.020326168894854713
0.020330496400485645
0.019370238127158556
0.020376700615302282
0.019500530020440075
0.019353248513965884
0.019795652822596627
0.019359429820470352
0.020095163031903184
0.02002070649677935
0.018995361354881515
0.01851938135562735
0.01855221660689243
0.01872826950374377
0.018997266731989305
0.018959321419575407
0.019285043477078826
0.018565873163530155
0.01856058189590635
0.018306752797297904
0.01837539279047234
0.018265316575610344
0.01762306337919427
0.017671728437431162
0.018751579123289914
0.018270534169206692
0.017760009689375172
0.017408780025948426
0.017584702731096913
0.017533724067720094
0.017726465919289072
0.01835112333882901
0.016837116356540227
0.017964569160834404
0.017506877827066617
0.016722738002519905
0.01653588144343173
0.017160165082128868
0.017583832333691592
0.017074237099368575
0.017000730014268106
0.016132865825121214
0.017076884872660625
0.016243114271540307
0.015970358779672338
0.016339820542473394
0.01711965600053645
0.01583699483074251
0.01599620575143046
0.01665067894304965
0.0166227215181932
0.01670382446022959
0.015427643110636356
0.015427941870956556
0.01576905889566695
0.01603387435516041
0.015694974574799913
0.01556538239952345
0.015424939054163356
0.015314761850098798
0.015386685611430003
0.015736048921089107
0.01450269238639107
0.014667242172395772
0.014759134956720026
0.015704836619137838
0.015330156566904628
0.014501875669089923
0.014172080833550914
0.014924171815259695
0.014793566400920187
0.014443952138289732
0.014909962380006352
0.013950173452641771
0.014269066572430041
0.013551228958688533
0.013528987128170154
0.014764274040615465
0.014151150779860767
0.013563501844946837
0.013693918018767433
0.01372062080344677
0.013332179929258434
0.013883237000954235
0.013645297860875072
0.013405571478961736
0.013591152195977804
0.014073074196561956
0.013864889736762325
0.013447262424011718
0.013482829873760666
0.012721339688088246
0.013021914902476426
0.01298646639310156
0.013481540964494868
0.013231071810418275
0.012257121500955873
0.012045460990395105
0.013326596932794062
0.012548066818045746
0.01272068007487388
0.01209545176741298
0.012164762665277383
0.012809053924205447
0.012880691971171528
0.011988085028387668
0.012245079817726694
0.011702375783577284
0.01232660258811425
0.011707265757110532
0.011164162397324725
0.011622436514460186
0.012027721346951657
0.012291603604573627
0.01137858129790951
0.011095339161902017
0.012238551992686742
0.011762820097509901
0.011168095233818419
0.011244283275153692
0.011567704153556607
0.011449843233604148
0.011191784366261504
0.010698850876760556
0.011409472579248089
0.011417295592669635
0.010749356713071758
0.010838781417420852
0.0108544546930912
0.010169661085182025
0.010613441509408213
0.011211896278125027
0.01042689417371334
0.010897056029992786
0.0110615176467175
0.01015324902907246
0.010340163410184358
0.010205355120110464
0.010868888088330851
0.010826581831919984
0.009432434032916681
0.010053760856116749
0.010256129847612271
0.01013632245910676
0.010495410008722984
0.010381332893813593
0.009879132591826273
0.009792248903328672
0.009733363340161156
0.00989710134367728
0.010204366739508718
0.009139735803340774
0.008823639420290923
0.009557229298871754
0.009092376740350837
0.0094933682738917
0.008602123353960742
0.008423070339637887
0.009262809754914092
0.008979042278702318
0.008368680972085547
0.00835839726662757
0.0085473157946878
0.008332865539047956
0.008488084328809212
0.009182897536942188
0.008285545540788775
0.00909046878425363
0.007861094631814685
0.00906604008895178
0.008280120032132455
0.007971740359037733
0.008764728363567198
0.008157504936681551
0.007977743279925028
0.00773513887281056
0.008516048661783314
0.008560933394684998
0.007879934554249752
0.0073156734693257544
0.00795272319677048
0.007807477161775411
0.007198622960850208
0.007768109322813484
0.00852668371018655
0.007301430877300154
0.008340242818094803
0.008378599203938755
0.007014239771657305
0.007670647108092893
0.006815860531035377
0.00780487277579211
0.007854043920906457
0.007339613590869824
0.007397587247135631
0.007745063438845341
0.007980918201866492
0.0069291574482412115
0.007174021458795097
0.006464544634376667
0.006346740237232462
0.006454724589775614
0.006689111637623309
0.007537724250018598
0.007328856950417858
0.006884018284920906
0.006676546491410328
0.007470905692496826
0.006393659292882463
0.006994945940745542
0.006887061797411005
0.0071947968417737295
0.006920338822814829
0.006214723908370959
0.0064799236924342665
0.006545886535343105
0.00648325974149469
0.006532191536469716
0.006329421868213565
0.005714690542729021
0.0059807587819940165
0.0063498448583912325
0.00651178214899471
0.006468847372016567
0.006259905001401129
0.0053799937623977955
0.005361431085960704
0.006396950411074047
0.0062834294531913006
0.006332424406119753
0.005553683100186682
0.005485436564797628
0.0063549408763105995
0.005374000642741028
0.004958338976446923
0.00495888250389657
0.005870040877255517
0.005033637102386657
0.006231207418439047
0.005497535192259657
0.005742572894296468
0.0049515854618162524
0.004701915591765715
0.00602903547422635
0.006070116650950362
0.004953840672021395
0.0053965405122640185
0.005259869224079365
0.00453827262876181
0.004975706230634702
0.004521413858869729
0.0056116745306199894
0.00514178666584269
0.005633141807509203
0.004303213331217525
0.0048057812370624385
0.004697857180812421
0.004461661814933794
0.004330813726757867
0.004735911485898144
0.005349376995312152
0.005033172202416123
0.0046252839206897866
0.004646197423958033
0.0045930455492964655
0.005088212502053372
0.004137862913155172
0.0041601911837113445
0.004201100844832469
0.0045328029308884
0.004899135781120791
0.004175356725569783
0.005120120106467977
0.003742331438205623
0.005121355694305581
0.0038463746267102844
0.003711939816756465
0.004108286029248481
0.00490109396506124
0.0043116714276009195
0.003705159082280406
0.00433478758091
0.0038454880284038316
0.004232568609075085
0.00433124156827886
0.004360365223001495
0.0038908143959593923
0.0044141045319940906
0.004071061543410174
0.004339988264064952
0.004442652526894173
0.0035486119529772133
0.0043053490393579275
0.00402418784487941
0.004135707269533891
0.004484275127356469
0.0035584366186021316
0.0039653840101663085
0.0032713547944790895
0.0037181345984176528
0.004121050128169909
0.004300772597550426
0.003183340116200114
0.003268105640278993
0.0035894729064645634
0.0035951998935580503
0.0032357952854989848
0.003499451415544131
0.00373651972988062
0.0041372272134529466
0.003960736472315747
0.004008697790235736
0.003930249329452869
0.002909230241867095
0.0033545733383355783
0.0028366315359779353
0.0034628505197187905
0.0038466671492809633
0.003066370932738796
0.0032430185005765336
0.0026345495011088987
0.0026725122509256845
0.0030396622833326298
0.003672911284136599
0.0037441417912945493
0.003451173632292558
0.003195864817766715
0.002915636644815513
0.0025998143054355707
0.0037564007145199922
0.003064688490019566
