-0.0008670642694929582
-0.0011789818441382488
-0.001188704512471026
-0.001100152100367484
-0.0023570910454568383
-0.001953061987524752
-0.0018832392104816663
-0.0015571647990865742
-0.0016425860748608084
-0.0024135155248628535
-0.0014374507003031578
-0.0018383653842432668
-0.0019797156257447173
-0.0018681039072130277
-0.0014036744711879655
-0.002530726085019867
-0.002149543333796006
-0.0011993268829934183
-0.0013322918003929338
-0.002186770773588987
-0.0017537874790864581
-0.0017152382999808121
-0.002071790062296187
-0.002481721644641952
-0.0023500814654898563
-0.0022414244321061942
-0.0020875189970658062
-0.002692051594952058
-0.0019388076137712086
-0.002018802226004615
-0.002711934874124784
-0.0015558568366373176
-0.0023001213573334823
-0.002388052008947251
-0.0026754975725403764
-0.0017606476215429883
-0.0018642694375180632
-0.00275435928336505
-0.002681784623781621
-0.0021071993866753225
-0.001836116162820344
-0.0025375388969170643
-0.002210716928709713
-0.0018768997634868877
-0.0030239671747363324
-0.0031063585133522466
-0.003218165744431189
-0.002383827606985473
-0.003179394669551298
-0.002983635529425619
-0.003198985818761224
-0.0027453740073938187
-0.003056800515914921
-0.003498635299719725
-0.0033418775780381083
-0.0031227117335604813
-0.0035622215839464007
-0.0022129039750148592
-0.0030076904561992654
-0.00353409002785653
-0.0026590783935379037
-0.002832998418615098
-0.003127321816395549
-0.002668939026720899
-0.002892675282458809
-0.002720052450894939
-0.0036989412253541744
-0.003919446487308811
-0.0025227476621973136
-0.0038063834762275843
-0.0034762969941408203
-0.004071343698499881
-0.0039744856069637655
-0.0036549414846734555
-0.003450038633586859
-0.003917435513134447
-0.004175027429739492
-0.004046720221443324
-0.003025275346577944
-0.003192540274767355
-0.0031404947298235932
-0.0034289639417536934
-0.004320828748399832
-0.004175068028052543
-0.0035573696781362176
-0.004438929682190993
-0.004573548056512515
-0.0033182895499886326
-0.004122874697085141
-0.004357511747422764
-0.004147036331138687
-0.004515747677187308
-0.004764229718687249
-0.003984993128578021
-0.0036259606531985657
-0.0036837141973634713
-0.004766004217891449
-0.004656571034494891
-0.003869151413283262
-0.003667514417756839
-0.004426745732642068
-0.004338235646048161
-0.004167625708501174
-0.004631406199044338
-0.003984909407871295
-0.0039968745598221635
-0.005265749737363565
-0.004717495402937864
-0.0049425938951082795
-0.004247064266492892
-0.004459850183548728
-0.004712267565001316
-0.0052429064418952655
-0.004606857076586304
-0.004174948641155516
-0.0052618307245715186
-0.004346193554469489
-0.00487009217739657
-0.005139593230433757
-0.005281404334160945
-0.005484712005998626
-0.004503062147899921
-0.0055731566223374785
-0.005863085374687816
-0.00474387433099095
-0.004658103676164438
-0.0048783922392117976
-0.0048689311264818935
-0.005690165404400439
-0.005187197748907478
-0.005457379605855726
-0.006109822233608981
-0.00607183827513307
-0.0054417120259036165
-0.005118513605947376
-0.0064242383283054675
-0.00522900262496998
-0.0058518948203481105
-0.005770609309448164
-0.005262338264701188
-0.006112494810312386
-0.006316133805516428
-0.0066979398763035896
-0.006308064708585826
-0.005902215776860756
-0.0058546037373599
-0.006372253482089937
-0.005895173859751002
-0.0067330915165588244
-0.006804547551589995
-0.00582017579304321
-0.0061888282843221305
-0.006872095707391537
-0.006321977031394724
-0.006898938579757374
-0.006749099926870067
-0.0073406062936509035
-0.006307496865922728
-0.007123224044045082
-0.0063824835096008056
-0.0070317517666275454
-0.0069533310504244755
-0.006543526848908012
-0.0068496449333246695
-0.007679659653332664
-0.006770591970685284
-0.007547767773676376
-0.006597760681107724
-0.007712225719574736
-0.008040542878518528
-0.007637793703041646
-0.008076682509946196
-0.00794286510563362
-0.007162369199747163
-0.007423945220532027
-0.007948825199064351
-0.008092419249804887
-0.00798545394354981
-0.008357009603046393
-0.00850213194604309
-0.0076417980645791484
-0.008193764586760957
-0.008637029281711886
-0.008921512845962085
-0.008420405109885818
-0.008115284490373336
-0.008013000485653147
-0.007816653629763635
-0.008447990446887531
-0.008903647477211679
-0.008145329278489018
-0.008713170424629447
-0.009363478577443952
-0.008475094630660044
-0.009042516650849555
-0.008945064334177175
-0.008550699336754996
-0.00895217162707148
-0.009467044365034732
-0.009618729614342897
-0.009709283965664518
-0.008568764889982969
-0.008881372709744238
-0.009376812407725532
-0.009138098743201616
-0.009469038574927301
-0.00973773789635607
-0.010167442974471752
-0.009352545945805453
-0.01021139737130991
-0.00967616940656566
-0.009388828066421809
-0.009566759643518895
-0.009932071093512388
-0.010672597128151974
-0.009692134428715991
-0.010537380410653701
-0.010002208698238306
-0.010858577045324749
-0.011035113727596193
-0.010011976825164456
-0.01007067785618728
-0.010155435388672378
-0.010824123829712193
-0.01067870640977907
-0.01038142978673863
-0.010542151533027615
-0.010418794632223042
-0.011000440233598993
-0.010918544378074848
-0.01152375417873496
-0.011773691904939335
-0.011326968106102668
-0.011537026128520558
-0.011842364620331844
-0.011919290977013964
-0.011447270395558496
-0.011265722559279916
-0.01083191186493823
-0.011266893749806724
-0.012147936852179367
-0.011270519667236786
-0.012235872819307124
-0.011513660806742645
-0.01225700569346279
-0.012169235821084083
-0.012443505031998404
-0.012008979151002267
-0.012595834248333214
-0.012679938605244695
-0.013000533899377565
-0.012011261024428921
-0.012565818757604158
-0.012450878063394009
-0.012873142187557302
-0.013347518651597806
-0.012847729760669283
-0.013381295694756141
-0.012825029528771771
-0.012465438464797038
-0.01350783667964313
-0.013138787291937746
-0.013558041386816157
-0.01275716365002558
-0.013155318162748428
-0.01277395753464649
-0.014095791142079747
-0.01317983120607681
-0.013421293701888028
-0.014313626734965506
-0.014049582770943085
-0.01341456901470513
-0.013789670224906144
-0.013725269512029245
-0.01429981872302024
-0.014754295307411958
-0.014182229113666246
-0.014370089263308166
-0.01416681748419638
-0.014364770188382118
-0.014931836938103165
-0.014837403405659852
-0.015525971921518123
-0.0145324274572165
-0.01546753643816076
-0.015117909231687132
-0.014828548433307089
-0.015621217904843394
-0.015910938143051386
-0.015476919536878443
-0.015400044534151202
-0.015110427268452502
-0.016151555413097252
-0.01518764179856166
-0.015155050461341725
-0.01618303072416732
-0.015183924634616607
-0.015888771473337872
-0.01581734387277503
-0.015812368054549712
-0.01571808528226792
-0.016621592697313066
-0.015988531032472362
-0.016084092270149772
-0.015915951245423915
-0.016329654379254138
-0.016701805031381696
-0.016693815518662846
-0.01738962590214722
-0.01654544272121717
-0.017417081184350435
-0.016979801186051864
-0.016916358199158092
-0.017922432282356477
-0.017469041533510435
-0.0168141649698281
-0.01692861223880644
-0.017434480224787774
-0.017017707677694994
-0.01821593197834613
-0.018225813360215077
-0.017276409042330257
-0.017492848417872017
-0.01861345573799755
-0.018888607648274963
-0.018374871880169997
-0.018318639349384
-0.01833863600335244
-0.01842383902246102
-0.01835382518729838
-0.01828852277235503
-0.019061980942796385
-0.019317925465735974
-0.019662485118513765
-0.018458409993650823
-0.01871287426652068
-0.01973307808710341
-0.018908757063443644
-0.01993454362113338
-0.019550714255522263
-0.01991476195675642
-0.01971648742681918
-0.019593689570457123
-0.019971327119558464
-0.01952476539733411
-0.019418181682980127
-0.020036561144494078
-0.02011232318436386
-0.02054537876094667
-0.020765026357198735
-0.020615441216647865
-0.020439136297891333
-0.020978291178076713
-0.02062546884856555
-0.020090325623176083
-0.021136818987068068
-0.020692938041439124
-0.02091726909995646
-0.02141567041955612
-0.02114681424224743
-0.02086085263882066
-0.021039630422433744
-0.021561162899632634
-0.021039449790067395
-0.022115198266697726
-0.021490811955614
-0.022045898161927736
-0.022426326267336056
-0.02151074095710092
-0.021930742150118848
-0.022333586762587176
-0.02220720377726708
-0.022486306949902574
-0.02262295860181204
-0.02293342805516698
-0.022867765630583816
-0.02286604745106202
-0.02282557978737098
-0.022627926825042378
-0.022428464328255435
-0.022648016147947078
-0.022477626359942538
-0.02251884171380356
-0.023245215308062252
-0.023971485856652045
-0.02400528938716348
-0.024150207252355813
-0.0235846157542512
-0.023185654265585266
-0.024115305964371996
-0.024488602282675756
-0.023430060670361477
-0.02397826998601687
-0.02461968183194496
-0.02432923236386317
-0.023692189705908858
-0.024120927800128738
-0.024502264517303144
-0.024314891750706388
-0.024339204728656458
-0.024942119174754775
-0.02439985859583728
-0.0251883914649636
-0.024779792187246193
-0.024915574324728396
-0.025224684585869798
-0.025701841625230114
-0.024878302865910588
-0.025003090955351047
-0.025659728869573586
-0.026152102433846806
-0.025003989706291387
-0.026445935646236367
-0.025814422966817893
-0.025800972685334055
-0.0258795930318448
-0.025671795253395125
-0.02612354355834948
-0.02597517791299407
-0.026471031430623015
-0.025894699494598442
-0.026222951965480756
-0.027000624908714483
-0.026940166965231847
-0.026986529139598474
-0.02732985827931269
-0.02694039484999861
-0.027389628828240656
-0.02669037806754945
-0.027285078492677486
-0.02713659193242824
-0.027498475908673336
-0.02748256497375794
-0.026954477046619383
-0.02748938237190142
-0.028023972208101988
-0.027444196060470796
-0.028188958234921173
-0.028014467639984855
-0.027438324956326338
-0.027492620281859927
-0.02881058567015585
-0.028704251794371242
-0.02772870418406689
-0.028721482602708334
-0.028958485724471895
-0.02835177014500311
-0.028305690255651397
-0.029500490464987206
-0.029329784567251573
-0.02923676850275322
-0.029283743023665598
-0.028743423301436234
-0.02965518086310451
-0.029381407650969762
-0.029367222188150403
-0.028647406400253362
-0.028943930707802615
-0.03005327004764189
-0.029364372591166452
-0.02938297763245031
-0.02990262530767173
-0.029813162537032943
-0.02946604980864956
-0.029324343966706152
-0.030612786906741723
-0.03016209048455295
-0.03066009666436814
-0.030724772962070043
-0.030513460381576724
-0.03092718334649217
-0.03097019451911752
-0.03003900833186342
-0.030986093434692323
-0.030459807948569825
-0.030669864886950636
-0.030548710147424527
-0.03075898854493687
-0.03144156701791559
-0.03118138647414509
-0.031000448616076433
-0.030852371079594904
-0.030805330152901433
-0.03078391887696833
-0.031040255237440473
-0.031707996245891046
-0.0313664000923445
-0.03133025747062099
-0.031908141557158876
-0.031131778268587356
-0.031368125826434355
-0.032304057248737236
-0.032278099240140384
-0.03179813404272118
-0.03212876109298346
-0.031938640025977905
-0.03263025288408351
-0.0326719037797016
-0.03217888483173381
-0.03173765139473517
-0.03215928334643795
-0.03304976385162868
-0.03287155062704303
-0.03297218003983321
-0.032251722539668466
-0.03306966974470419
-0.033139290544968086
-0.03265180909893018
-0.033248949349145095
-0.03285905278191405
-0.03336837002993547
-0.03291255810789304
-0.0334496049893405
-0.033271711790716786
-0.032563559839411324
-0.03291398055361408
-0.03390241527398666
-0.03326450422472218
-0.034066223350403976
-0.034210269335805905
-0.033611092004522135
-0.03373580223848367
-0.034205365325199626
-0.03354222913931042
-0.03357971569913385
-0.03355656813569681
-0.03390058487120703
-0.0337805385689675
-0.03465724143648218
-0.034678112652220545
-0.03339682181289365
-0.033478354513655
-0.03390258704174623
-0.0335119964771922
-0.03489144248809019
-0.03367706769988199
-0.03411674682795975
-0.03467337558234533
-0.034662390429869655
-0.03418698360077242
-0.03388199073241974
-0.03386922760997524
-0.034263974312376995
-0.03529176687264101
-0.03529809131734368
-0.034865592350462264
-0.03478228521524823
-0.03445433571937709
-0.034409772282519374
-0.03419967483304381
-0.035684700863363734
-0.03533548365824708
-0.03510548984544318
-0.03466432280597958
-0.03547976834194825
-0.03545204430654977
-0.035661105219422014
-0.03495495990724559
-0.03501967655271758
-0.03594860335541585
-0.03529459487522605
-0.03555539566175816
-0.034958356913734515
-0.03570652964619863
-0.034791407770321206
-0.035319978130014
-0.035490545222042064
-0.03537929501554313
-0.03477207860990165
-0.03512444116176989
-0.03510416402156257
-0.03516926548651975
-0.03531677880834986
-0.03550042974014957
-0.03550124770665185
-0.03520743979699757
-0.03634174365099815
-0.035653367864554995
-0.03592549591229494
-0.036250206103186584
-0.036416934736485974
-0.036388595239408364
-0.03550671907067513
-0.03619827864344088
-0.03596204292345373
-0.035590169850566206
-0.03524143684658908
-0.03589859353264454
-0.03593210715393824
-0.035106702075082104
-0.0363747993838639
-0.03647392969913043
-0.03597886752466774
-0.03586555261307836
-0.036273088231849195
-0.035602761312588264
-0.03629034517064866
-0.03557425734987536
-0.036366745866361086
-0.03529060099495509
-0.035182216789145744
-0.03602916225187282
-0.0354888499618927
-0.03623589292159687
-0.035824094463519196
-0.03643077412757162
-0.03610357571027243
-0.03547568553275674
-0.03664636549374582
-0.03661357133355901
-0.03558130499176055
-0.03536688340470468
-0.03643471109275704
-0.03513000651707091
-0.03563727189246236
-0.0361832972590083
-0.03635823086611744
-0.03573288188849524
-0.0352912626200381
-0.03608738888761774
-0.03587197490982705
-0.036365076249511866
-0.035705580734339555
-0.035336806629683026
-0.03591267658968697
-0.03502402724248547
-0.0357982938697207
-0.036100073486787
-0.03498045699836889
-0.03606751353552982
-0.0360634338737837
-0.035400455401343366
-0.03575941130940798
-0.034824951894604064
-0.0360590332804571
-0.03484576059283611
-0.03602590476561947
-0.035063107736024376
-0.036064116101576255
-0.03504875499478853
-0.034795628468816404
-0.0359641471676422
-0.03519058204313175
-0.03514812872045977
-0.034838074769295346
-0.034502703551340635
-0.03462097455261121
-0.03510131276431502
-0.0345661035813845
-0.03489656609264446
-0.03505891812490333
-0.035192298908724225
-0.03434936662100289
-0.034512585786491044
-0.03536076773617191
-0.03431157737343029
-0.03502558363998535
-0.03515339424604148
-0.034143437999904366
-0.034167558815344064
-0.033944649455062544
-0.035265054923303896
-0.03512534581058559
-0.03423434438489198
-0.0344004118943289
-0.03442015682047472
-0.03423652024550139
-0.03402260893489607
-0.03465320121182076
-0.033521874819426055
-0.0339060460913554
-0.03458378672211868
-0.03350841178554118
-0.03363724074208559
-0.03346112841132346
-0.034411055761093004
-0.03303298504762135
-0.03367430742273598
-0.03393990003140343
-0.03359221094112493
-0.0337148833635399
-0.033132167155909185
-0.032925279408353506
-0.03334054928503622
-0.03330243187596858
-0.033694303643861535
-0.03314777977005878
-0.032309684107306
-0.03239642184325441
-0.032631596090699426
-0.033050692698749065
-0.03278709713294498
-0.031986701036170254
-0.03202773091279434
-0.03225653478471413
-0.03300018776032772
-0.03189980259169701
-0.03252243415371471
-0.0324151521705047
-0.03261838668970937
-0.031870814572214155
-0.03215122237528569
-0.031948743466080426
-0.03140889237779999
-0.031697306533954896
-0.031855251913164524
-0.031044097315991007
-0.031159275741354946
-0.031902883811504114
-0.03077638082287895
-0.0307646183931377
-0.030542258013674516
-0.03112719648812223
-0.030667203063150617
-0.030265919585788673
-0.030276712673273653
-0.03025123794690865
-0.030113843943720398
-0.029923197409007334
-0.030067463142586213
-0.029409608688354717
-0.029823044267231254
-0.030577688450401052
-0.029775794257797302
-0.029020467212728118
-0.029905635564657924
-0.030163558737124126
-0.030091920162697433
-0.029845267144040906
-0.028594091358909262
-0.029682396260562165
-0.0295622612437294
-0.02940958017953743
-0.028338854799927583
-0.028101959105295247
-0.02799775107824042
-0.028869590778893495
-0.02904427864263526
-0.028097921332648695
-0.027443334678735703
-0.02806533173731861
-0.02829270334246967
-0.0275638297537352
-0.02830663754494365
-0.027471915439255847
-0.028049350076427157
-0.026988142396626853
-0.027161834825493704
-0.02759729364592699
-0.027679212571571004
-0.026172705342584975
-0.026546100199290414
-0.026494223623308846
-0.027140238778693447
-0.026098520767583875
-0.026840801340860997
-0.026298924946112103
-0.025659794255672472
-0.025555080511241828
-0.02512222288231713
-0.02482415013588658
-0.025046439562929245
-0.02525500726318758
-0.025562311144500884
-0.024794774931588614
-0.024357010561427164
-0.025367974496743786
-0.024035109205568898
-0.02505020107728651
-0.024532382568889795
-0.02478774257494364
-0.024113488414653134
-0.024547484253186848
-0.02334324598880947
-0.02420992573213271
-0.023810733224955083
-0.023490072946438078
-0.02350104556140179
-0.02334873923573465
-0.023491903029876554
-0.022807994899854963
-0.021900560586440344
-0.021749254742801517
-0.022325090841690577
-0.02216444727663669
-0.02238103774920603
-0.022512579089316212
-0.021561516278827592
-0.02206846655876463
-0.020849153559289704
-0.021052817314361975
-0.021483262132814932
-0.02033593327357203
-0.021091379580159393
-0.02129189453534513
-0.021070953889036723
-0.020789555514757526
-0.020779876556859696
-0.020712209441042802
-0.019786688031986587
-0.01922814146976292
-0.01959793020777272
-0.019133027525954145
-0.018771537909499272
-0.01836374309572899
-0.01847317732297742
-0.019090348934189528
-0.018572944733136382
-0.019044343033465288
-0.01885437795734989
-0.018073973578135966
-0.018193110848228278
-0.017111946088881738
-0.01777468781038067
-0.017157415730000417
-0.01792562680368583
-0.01737225776710804
-0.016344494563184743
-0.01699137234556204
-0.015984006347822457
-0.015788984135190656
-0.015583272743943366
-0.016529500777781484
-0.01636749061940799
-0.01574720487168361
-0.01628289194766857
-0.015897555212362826
-0.014944566883749196
-0.01489492805954595
-0.015550034938966716
-0.014178033180625355
-0.01424625640443074
-0.014500740015692262
-0.014361363131513798
-0.01382153256780615
-0.013833852432716957
-0.013645229395841332
-0.013656606051516047
-0.01335253637337636
-0.012486138931724875
-0.012250549196138891
-0.012865407937909159
-0.012739011131968805
-0.0118981916322097
-0.012419905301491202
-0.011687242221258514
-0.011811505176397591
-0.011707392067847586
-0.011988461775160246
-0.01190427692490786
-0.011529528064598372
-0.011218914156213363
-0.010365902555239465
-0.011127502081938469
-0.009840295120195656
-0.01019639976026233
-0.01067823849768051
-0.009392442831044843
-0.009429783401538272
-0.008839968244990738
-0.009312743356518724
-0.00871549960935455
-0.008281058696448816
-0.008031396848789854
-0.00823203527472469
-0.007658839873451824
-0.007377741241072607
-0.007703174774662633
-0.00771208238133667
-0.007482715250422366
-0.0069486573607655195
-0.007275755563371928
-0.006786464809057016
-0.007043216850143659
-0.007337684725988178
-0.006157865076676957
-0.00566096558133
-0.00601042404431116
-0.005616570027220647
-0.0058194777397705235
-0.0055611667603394895
-0.005618400766616594
-0.005525276107166959
-0.005610489486093964
-0.005127769811647814
-0.003865171771541569
-0.0047171626203501675
-0.004109885413312663
-0.0036566241136498203
-0.0029788433177893796
-0.0040743135758440335
-0.003862977908207155
-0.0032233769917629058
-0.0036859336654860597
-0.0033578966710189084
-0.0024566203594461673
-0.0020436962826557207
-0.0029211342960364646
-0.0019352179527497534
-0.0017906084666775982
-0.0017562899468259975
-0.0014450329243829055
-0.0004411371519077605
-0.0012063350942423177
-0.0014528543275776247
-0.0007031320826013124
-0.00014603510251062256
0.0004996383441759507
-0.0005056817665925278
0.00018026633624494166
0.0008886876850270286
-1.4614167625051706e-06
0.0005999153638031097
0.0006325657957233947
0.0015461136085882195
0.0015343767197600964
0.001334928696201563
0.0021131929847417893
0.0012576034655304073
0.0024381931116209416
0.0023265385161275708
0.0031277944962497034
0.0020224024079203424
0.002544019631677115
0.0029324447264067587
0.0036359775893249685
0.003906291783656845
0.0037512988202550667
0.004030211817128743
0.004309385724101543
0.004766560076052755
0.0039045684953677336
0.004017371585283443
0.004313393790786062
0.0055797869572461285
0.004867631111787209
0.004936242436390825
0.005653996147798233
0.0063050357449782705
0.006175144781519733
0.006596918867712584
0.006150461450153732
0.0071968394592853814
0.006845909552705895
0.007706845633704942
0.0076656769159931405
0.007745211103377538
0.007230682235194969
0.00698175830879528
0.008470240347005439
0.008079785302339073
0.00788154218957067
0.009131645371654507
0.008997142655500851
0.008551181911473518
0.008415365548858189
0.009216767447653502
0.01012410022413688
0.009990043772453456
0.01006628802451017
0.010287811830090058
0.010754268653209685
0.011120740935700864
0.010801225716866349
0.011222969276654416
0.011413337228478584
0.011774485349108329
0.011750577362523138
0.011301130465683313
0.011889062655882328
0.011685695603128226
0.01162420987961832
0.012627037794419826
0.01257906644324736
0.013036011885636294
0.012888334218340286
0.012451748016594872
0.013265648215308788
0.013159818839903262
0.013132104469812672
0.01333584668737856
0.014222936230474674
0.01374685551400959
0.013494015036508707
0.014938773811359623
0.013987098286224008
0.014114300211215512
0.015028518643763882
0.014551615628500263
0.014716931353673936
0.015560071485780867
0.014984757572972015
0.01644310496586777
0.01648057373411999
0.016015914080486155
0.016819309212895765
0.01591796078646425
0.01651646252664653
0.016436819804058204
0.01633537029825711
0.01740571628151424
0.017519721679896006
0.016824705847377407
0.017963579127340645
0.017282842176367493
0.01747741505356274
0.01796365415156376
0.01845879798128172
0.018294828403896315
0.019383017106056298
0.01904556874065676
0.018851800393025708
0.019896454716250914
0.020059044267533823
0.020270021512208424
0.01985375584467116
0.019987602575421023
0.01982698849382631
0.02051838294747654
0.02027906685662066
0.020298003737933806
0.020317433841259086
0.020823031189198284
0.0216957351090539
0.021625799023371913
0.02135294355560061
0.021482658875064013
0.021448461945041422
0.02175771727052461
0.022611571934679678
0.022597961115446187
0.022955300011828564
0.02201705559654496
0.022389365164200422
0.022667639515242977
0.02251946890732671
0.02351815665382331
0.023779244375760348
0.02266819895991401
0.02403832146415941
0.023663275148976235
0.02374973554722204
0.02340160620550562
0.024411531365551933
0.024771647833610647
0.023654971070817925
0.02483650348417296
0.02521787404287099
0.025048430171294742
0.02567201064811791
0.025409119233270435
0.025042763896341757
0.0254275035740053
0.024809299472778476
0.025570187534932582
0.025754604335255303
0.025445925840379732
0.02596178973983822
0.02621616539207158
0.025922419685635384
0.026196105282844925
0.026573605354160663
0.027078568560994803
0.026449844460208462
0.026402680719888997
0.0266195125751005
0.02777481715270345
0.02719423519199555
0.026857554110386865
0.027120473696546035
0.027350755104589116
0.027160357817282318
0.02859937375889724
0.02858560802556854
0.028549663599846408
0.02891575844463197
0.028935766395638607
0.0291882699369306
0.02946312854430147
0.0281921130422522
0.028991714172020955
0.02916223690545137
0.028948865241951272
0.02960794017223806
0.02958388055227712
0.029749061551470765
0.03043347529737595
0.02985346544640204
0.029883780179308855
0.029540905938829173
0.030440288655066094
0.03012182200793423
0.029945879339631068
0.030441928990276593
0.029899597724685877
0.03040174514917939
0.030684794863747863
0.031163535154090715
0.031517518153989815
0.03128506146060528
0.03055262489609361
0.031291661784061606
0.03153639908061075
0.032124445859839076
0.031096798765941607
0.03164644085785959
0.03237550105923108
0.03205396408222195
0.0325907455502901
0.03159242688399792
0.032779506501807235
0.03194040933133162
0.0320011507655501
0.03314422789029395
0.03273151080543671
0.03257352215944687
0.032253859065318795
0.03217480314382066
0.03293821826935422
0.03253961620729659
0.03298848697785126
0.03293279605757347
0.033579893441705554
0.0327306527555371
0.033968511741958
0.03352354395676661
0.033758692823788336
0.034050874148825475
0.03323011656570552
0.03422786581429354
0.03338388044127472
0.03383917037384346
0.03379237849786698
0.034732634198365246
0.03466888124360012
0.0348849762100721
0.03492492112907506
0.03367513383638857
0.03376339113417834
0.03421188558015273
0.034151231291125524
0.035127413735895695
0.03515183079631854
0.035109960075880624
0.03540847498306005
0.03500254309844443
0.03539884820858384
0.035020051513502626
0.0353601767380985
0.03546521520652438
0.03548510734099287
0.0358973719845599
0.03570125253548946
0.0352229467106695
0.035112119611574004
0.035761762078356615
0.03614341085961679
0.03583305291045651
0.035740658616906756
0.03531682295233224
0.035356065365679035
0.03657487713042728
0.03612454441801721
0.036540430863843495
0.035347928577959535
0.036210519999767675
0.03601963822198465
0.036483589360377364
0.03551548063011485
0.03690453252026764
0.036235580853184755
0.03696146158821018
0.03587695353935363
0.03595292798705933
0.0368188144324593
0.03612220889189381
0.03583491842914584
0.03596968694414373
0.03719091216299967
0.03615685723659953
0.037252425811828686
0.03619215031982805
0.03647682708597314
0.03679946830095427
0.036491396698457704
0.03699582793320177
0.03658519261498422
0.03657750532690475
0.03679367687826146
0.03696866679782653
0.03678638197652535
0.03770774186694047
0.03622085510924138
0.03707859546110816
0.03714465184757792
0.03773237993567624
0.037376119507846736
0.03691435987690755
0.036942972675064946
0.03670213706686226
0.036411068367718125
0.03721181928082193
0.03783015079531702
0.03660898810105737
0.03688292077654746
0.03698868004397243
0.037117373510256374
0.03701453012132253
0.03686841603383436
0.03760693523105489
0.036672758202431564
0.03669833993111087
0.03761920689496104
0.03654812981987291
0.03685367077116226
0.037681022262656974
0.03664283221130071
0.037754926629916724
0.037480188738139436
0.03664089106964903
0.037155588203393576
0.036676603097389814
0.03655941008466953
0.03750568663637802
0.03775103779543128
0.03719010333036487
0.03669953976004218
0.03784684248620909
0.03668104088887186
0.03768932367271835
0.03699850946835978
0.0370857971164512
0.037487947456768075
0.03738242182372003
0.03716731613655678
0.037475020673818076
0.03745599571826259
0.037218488032493106
0.03756815580093173
0.03737811815759784
0.03711108614155634
0.03700154522416686
0.03753907992053086
0.03730312445438967
0.03647085395963049
0.03698737969400041
0.03697814843005115
0.03734115892144584
0.03665907239738748
0.036640950678697604
0.03754539635778003
0.03639457446811739
0.03694751576736276
0.03643563967394173
0.03746245347940168
0.03749730203937613
0.03614299160303227
0.03687690145385534
0.036370618975250936
0.03667856439306148
0.03748634929120725
0.0371287229819944
0.03631082928081327
0.03635737088654123
0.03730598849971103
0.03674202322283417
0.03674057165669254
0.036645133969228465
0.03615599623528346
0.035838441417691935
0.03683779651513091
0.03570726547754669
0.03660907211399095
0.03583081354378457
0.036721948511255244
0.03560757227197683
0.0361395765534534
0.03551876058962262
0.035678976678557
0.036278379477426355
0.03547342068235256
0.035823460081925655
0.036580497945393343
0.036679024800611894
0.03653125960387547
0.03614774672728548
0.03601565113990512
0.035771613497609524
0.035215690018873536
0.035437596381718624
0.03600197959197996
0.03616927794360584
0.03498092630124015
0.035421607792212026
0.035401378551771015
0.03531542474108708
0.03579772106122024
0.03570827561035893
0.035059439209225184
0.03562342952009652
0.03465703677906082
0.03536387597253369
0.03450914813650969
0.03452912124574258
0.03537514717327073
0.03503470487331091
0.03438980276264332
0.03541770153762639
0.034681130301133484
0.034487353051097194
0.03396851384963273
0.03504143224754926
0.03503735323964589
0.033759275932442434
0.03443733184106144
0.03378264674770848
0.034626309961970594
0.03489971553658935
0.0340144724648258
0.03390373943800268
0.034287739965492225
0.03400747869265829
0.03440931062247447
0.03355185550897005
0.03416427726036421
0.03318799630800482
0.03431655432817061
0.03323626019697057
0.03286090367384508
0.033206697560468464
0.033848393409626025
0.03352872104539736
0.03301598369305689
0.03367595650928891
0.03356863638365373
0.03301223891677646
0.03348514199357207
0.0335165591147383
0.03218671912857943
0.03337719908649814
0.03300122030099276
0.032436834147905644
0.033212592516104145
0.03304907208605916
0.03307889025362387
0.033062094762373755
0.03276500859773038
0.03180377367810423
0.03165000571739535
0.03200114355220597
0.03164933657487083
0.03203928907218556
0.032632024125765
0.03121543006214438
0.03135664428018816
0.03180679763540322
0.031771440868613644
0.031244078567949387
0.03209797995759138
0.031775823062349585
0.03150575916146871
0.03126411231315115
0.031901515760488976
0.031706197672245834
0.031287375850939644
0.03041278279531431
0.03154295698002052
0.03081622131385847
0.03131782409770603
0.03100047563614513
0.03077668953668407
0.031035368962672023
0.03028162657606772
0.030540738368706705
0.030378891385772294
0.029965964401816772
0.0296284762588883
0.030655881243101837
0.02920798643466299
0.030016048689149314
0.029253110382766814
0.029989979225076367
0.029254971938363142
0.02927838912164821
0.03001406835586761
0.02870435410955506
0.028731104238561733
0.02850785249060012
0.02950781759137799
0.029769587579599306
0.02862410290818522
0.02889716052475585
0.028514015880230514
0.028507192374765792
0.02922482643534293
0.028961789445404625
0.02836561736753904
0.028568072656479496
0.02862292511381697
0.027901393528090606
0.028208553052069655
0.02750280728669275
0.02785984470320916
0.027547685350159924
0.027955604229951518
0.028263625002810627
0.028253173509792655
0.028162218406292107
0.02676568072459928
0.027636819885403407
0.027993648517405073
0.02687057975791116
0.027905018536193624
0.02724844097849123
0.027127570833257505
0.026903810350673584
0.026879290577540595
0.02717593820058144
0.026736693157179244
0.02583898264716397
0.027020474264863082
0.026103587623705928
0.026701837570547445
0.025489809238606314
0.025866340195470242
0.026143369347902557
0.02537816229364768
0.025508466262718785
0.026315295950768536
0.025362813829213765
0.025979307450419147
0.024808401783829804
0.024887616762614563
0.024852796313202866
0.026004442608975317
0.025406681536748594
0.024349343227939153
0.024403573596649908
0.025190206020360005
0.025358434957739602
0.02472623840908603
0.024653579848689978
0.024516112818973788
0.024342106571324917
0.024980657050335062
0.02484751973075854
0.02481663194850526
0.024007838888767154
0.023677143762945774
0.023268613971967604
0.023802981226845907
0.02376734065538715
0.023598571122481107
0.0241450060677688
0.02332621877230198
0.02411338743354316
0.023164276962443393
0.022952041316395003
0.022774597971026135
0.02304852871206604
0.023425931019808194
0.022921809052591512
0.023226344190663065
0.023169989312446147
0.022876494897270793
0.022366296259922435
0.0225632194379888
0.02302072051390233
0.02235879750096368
0.021854864387148336
0.02204538841855706
0.021332000496562784
0.0225433973488135
0.021435787951228285
0.02166255819500509
0.021591420448237728
0.021447131464592123
0.021867867292964235
0.021806136767825966
0.022001297152472545
0.021235868853061727
0.02159454678216322
0.02059718271957701
0.02122310067756727
0.021129371084227067
0.02071027254807381
0.02083320745777126
0.020469030837004677
0.021022175340165185
0.020920794998092598
0.02054975227795181
0.020839659321408695
0.0209272165256992
0.019964040069984274
0.019444241023727573
0.020760898862882547
0.01927259044307866
0.020391646897489138
0.0192078139968721
0.019484220798785756
0.019416908692427935
0.019722083556060907
0.01877572863613354
0.018899928580069617
0.019802580380584578
0.018432604891843875
0.019799624925530095
0.018519849820613787
0.01840932697000876
0.019538747350684442
0.018367447668650352
0.01914366380516501
0.018598649081939637
0.018081472192758036
0.018827431713339664
0.017986513541031018
0.018054980515262203
0.01838428736121598
0.017377182170170934
0.017876198806734876
0.018512968082082307
0.017308720314642475
0.017355290744823972
0.017656959919717625
0.0171535830207409
0.017934630772221714
0.017828233460355395
0.01738792718120132
0.01803560816711351
0.017835069510273485
0.017075603919527883
0.01721088392601172
0.016390414209217954
0.017477669501090476
0.01716509975753501
0.016135879511611242
0.01726164878478602
0.016836428331489902
0.01592999983659326
0.015997811203162515
0.016016755356805603
0.016575152492192137
0.01602287639195301
0.0163739829560529
0.01675748219995645
0.015886445781031253
0.015584275715533977
0.016365375179362037
0.015827647169909382
0.015198803505150665
0.015531362354428663
0.015667025147810824
0.015878773720857747
0.015494681815072787
0.015282115009995063
0.015469690185086244
0.015130988100049177
0.01495007996484315
0.01522499548489631
0.01486309875539129
0.014904194391940346
0.014704384992405084
0.014603872949934205
0.015377260366859064
0.015023584220509456
0.01483866236206227
0.013777017182608558
0.013996897863232641
0.013584443668797321
0.013840379239006538
0.013459318788619896
0.013426098271669667
0.01326211493319385
0.013679789852241369
0.0131642079973591
0.013984508571732408
0.013526269200640042
0.013343199810603019
0.013630912227044571
0.013519864626410904
0.012917869398261278
0.01304775934521616
0.01336139504085462
0.012876508238458742
0.012744237664758693
0.012642794820546564
0.01266271162802138
0.01348335212130862
0.012578389006926023
0.013179910021248666
0.012756161178834276
0.013275679847767105
0.013070512984701263
0.011873981275255624
0.011935373966534336
0.012311698006674233
0.012384431136740651
0.012177979732971717
0.01252850523927356
0.012564501066048278
0.011789457097782608
0.0116573114860816
0.011800559120788614
0.01231927923717731
0.011497280412887764
0.011028475677799715
0.01199452500545809
0.011248128830889237
0.01090048867559714
0.011673452718739057
0.010704060066806055
0.010685029875870139
0.011688446962869406
0.011916968055210374
0.011359474304299377
0.011614869707018515
0.011780685304363357
0.011328459267538338
0.010777983200897595
0.011123884507573054
0.010840468520609818
0.010492661326816175
0.0102992568145968
0.011206218482358874
0.010918212956915642
0.010847647594990949
0.010512131909663444
0.009968544180455728
0.0096926109688222
0.009786694431281107
0.009653515490374305
0.00954960366165912
0.009643299227256244
0.009847280009182764
0.010738327131377214
0.00952878082544385
0.01024684738684037
0.010595232785658555
0.00960829204578102
0.009488950052418652
0.00944742109097845
0.009915466815672198
0.008976259523550986
0.009446795420020871
0.01013610881865986
0.009364938910650196
0.009351181509640706
0.009199031073947622
0.00917950871236795
0.00929936994267706
0.008924680761206142
0.008341769279822699
0.008780816739530186
0.008960536044859014
0.009176415220157065
0.008811874231018329
0.009524144632068597
0.008732499281310363
0.008565620981338713
0.008969862982418359
0.008748275209213879
0.008725624630249635
0.008669056287533405
0.009212407483176721
0.007873704910444595
0.008921000889617883
0.0077351826865948116
0.008919317909399023
0.007586623329236978
0.007882347542768377
0.008531251000634777
0.008052405908010301
0.00761634462108301
0.007879143721554687
0.007617529942134555
0.0074674375883405295
0.0073298276755281375
0.007632976292385077
0.00750537149579161
0.007110578191303373
0.007221543240124018
0.008006308083574365
0.008030302349306944
0.006797511473068697
0.00819530847002639
0.007698907060737224
0.0071227411212804355
0.00695719486195772
0.007563889835779203
0.007511386848033475
0.006638048010013022
0.007243008384073716
0.006796380210413306
0.006938989733673971
0.006764033407703892
0.006710716330242764
0.007040998627557386
0.006819230848167611
0.007445116266226024
0.006620482804508911
0.006276624011503601
0.006366302135245689
0.005958728483496109
0.006670798380692862
0.0059289487292025714
0.00640718651260359
0.006839899924644282
0.00706687142279003
0.00708709360582781
0.0060664406526224155
0.005722412713782975
0.006573608852614514
0.0061344548782498315
0.006377561692880748
0.006479716556539931
0.005513297537812635
0.005432666175586414
0.006666943454755316
0.005507078885027743
0.005407823800005814
0.006487393530532898
0.006484999394401388
0.00572719383003914
0.0062967213053334815
0.005766528899318886
0.0063872431305859595
0.005087047346441451
0.0056817944668931435
0.005139984217661518
0.004886771152524265
0.006062552348424641
0.005019115195829444
0.004809430620790322
0.00477452833953527
0.004821313340140616
0.005656480820400944
0.004970213325849973
0.005772563397239738
0.004759554709852124
0.004567555008788052
0.0058711359202022455
0.005196833832603547
0.0052648221698780645
0.0052506522863661155
0.00474661212097708
0.005165832906554291
0.004476963465788041
0.004608995182587281
0.004716155559509389
0.004430454091313533
0.004253105484354345
0.004912206469035297
0.0048615586838713825
0.005580293573320625
0.004125647035578581
0.004677071131348731
0.005447122875454806
0.004967076460585333
0.004720766187609318
0.004558707679050232
0.004744260045632992
0.004779982475033549
0.004381481666147747
0.003916054036787803
0.0044714429354607895
0.004427576288489954
0.0037976926750593726
0.003987158610893026
0.0038262742969285054
0.004679483200607543
0.00390630053877212
0.004773119482373639
0.0036602926866607403
0.0038755150772253814
0.003663890491921007
0.004035721905855639
0.004587920888818065
0.003720892813656845
0.003950591543009414
0.004089888483209364
0.0038380490150282842
0.0041140547209658615
0.0042776792780786724
0.0044281893307213695
0.0040518093528794236
0.0036949418306004055
0.003486410225773926
0.0032746506725535485
0.0038071619306925463
0.003643399740756258
0.0035017384932002826
0.003086516409362102
0.003615986717988396
0.004094946592859512
0.0036578724612061596
0.0032878224445498975
0.0035912969176183475
0.0030606149984363793
0.003112726870355926
0.0038656167731539585
0.004083312030957608
0.00388816282786984
0.002875413367860379
0.0035743894041053714
0.003002690240842823
0.003917559638573719
0.0038340690551831617
0.004048232121958475
0.002826591386777581
0.0037504268367670175
0.0035411988839881246
0.003639582813151414
0.0030195833382047304
0.0032168742475742985
0.003734894536083242
0.003101756992085126
0.0026177875847212444
0.0031193827354442597
0.0028891234011300376
0.0033711450960442423
0.0033263353184232913
0.0037432567853813875
0.002881065701462925
0.002481190073531174
