-0.0011219389129149284
-0.0014068576862345348
-0.0016459546293348054
-0.0016936247638669139
-0.0020933630153909936
-0.002083965215637076
-0.0018423582940849804
-0.0016613010990772707
-0.0022955452589112565
-0.002431696284817533
-0.001883164315797802
-0.0024038925979916015
-0.0011913884154397586
-0.0019405035736000218
-0.0018595458957830012
-0.0020971922461049644
-0.0011749155342276134
-0.001460108769792848
-0.002574368707476417
-0.0017848695714163597
-0.0027498793892786603
-0.0017503284812849069
-0.0014361342905937831
-0.0021861820680094107
-0.002280624830337582
-0.0015060553021394264
-0.0022626890151339644
-0.002700513057793444
-0.0020404091614762685
-0.0023320694302223174
-0.0026304987604718814
-0.0024033940535010483
-0.002316710393693806
-0.002792325436833602
-0.0016124552355650703
-0.0023771498127348753
-0.0024576939464703205
-0.003042552283385468
-0.0018850923574340794
-0.00189120794763006
-0.0024772591722237976
-0.003061375979507074
-0.0018695410315528135
-0.00191153852911308
-0.0019684794024454615
-0.0019538811726088454
-0.0031592911120255575
-0.002666909717556471
-0.0034222025082400126
-0.0028491859791704454
-0.00236004769377524
-0.002720187717140568
-0.002632060841577013
-0.0026182239474648607
-0.002277559087080849
-0.0025763163940057195
-0.0030294808723226297
-0.002272595108451099
-0.002977785634843707
-0.0022543619326600896
-0.0025424800543019893
-0.0037162267107984327
-0.003169602686904051
-0.0029803204242579754
-0.003013281535307605
-0.0031096990051717286
-0.003242250094650634
-0.003466931501891428
-0.0027395154622510314
-0.0028198669392045734
-0.003378286428876054
-0.004108245488644213
-0.003170358657485746
-0.003939710767410227
-0.003777379527173274
-0.003576073245044131
-0.003906401151859101
-0.0029791193010048353
-0.0030347064777483646
-0.0029218851787011645
-0.0033788866050483337
-0.0032811699159640776
-0.004353384503017316
-0.0031027783833953875
-0.004161370524910329
-0.0039205643984824325
-0.0032806976495667072
-0.004319959188971691
-0.004265271736476537
-0.004264351390135784
-0.00339347571161694
-0.00364480582259242
-0.004261210303083764
-0.003391971090658051
-0.0033969621577906706
-0.003552914564681075
-0.004402323381176791
-0.004637791834392437
-0.004869307495574884
-0.004379810937175072
-0.00408177020316779
-0.004702203327321474
-0.0038172067656104696
-0.0042734492369383825
-0.005026833441203969
-0.0045645606369831
-0.0043983421061110466
-0.005159786892407859
-0.004746417775227129
-0.004860730224498877
-0.004986273788603024
-0.005193311308879013
-0.0042489395764681494
-0.004774821695451575
-0.004878540857453383
-0.004509330349689693
-0.0053891992862040725
-0.0044479517879915395
-0.004514644901381647
-0.00515728868479146
-0.004941414220942873
-0.004859770472278497
-0.00522617877299281
-0.005648940887058708
-0.0052173440589913305
-0.0059456558120612405
-0.00555696437915469
-0.005245490205140632
-0.005188291034411857
-0.005376322896652804
-0.005761673715924285
-0.006242812344506555
-0.00609396422725196
-0.0053683477158013694
-0.006475135560552169
-0.005121755733815374
-0.005634416087739935
-0.005853577953457848
-0.006266550737545437
-0.00571777415919588
-0.006622242780300347
-0.006634354356933642
-0.0062165450820735975
-0.005689983974445074
-0.006064291861640876
-0.006592658409670351
-0.00619706719077989
-0.006050370737980654
-0.005629928214172008
-0.006781019563625925
-0.006593905770637963
-0.007056799018238036
-0.005932038771650848
-0.007325580021076379
-0.006069145445828445
-0.007011713577398497
-0.007171841380882013
-0.007220442271655018
-0.007535365698870676
-0.007493247622572581
-0.006904562471293792
-0.006792729934999025
-0.007555615203405473
-0.007555990696395615
-0.006404998739200882
-0.006678863295859468
-0.007181061221468202
-0.006985814996777767
-0.006765029338834634
-0.007432796451367855
-0.00763156044624651
-0.007481898477865126
-0.007217454602853231
-0.0072598076123354316
-0.0077597984286278555
-0.007055048560820012
-0.008514906398810047
-0.007082389046071229
-0.00808021414738571
-0.007259250524648161
-0.007270025444835922
-0.007658427530555061
-0.008137138479967231
-0.008075133743524303
-0.00755357900480644
-0.007644794069332692
-0.007893088299828224
-0.008072074219682882
-0.007942541142297418
-0.007826811407538522
-0.008704130334412167
-0.008785549645955711
-0.008490639141749579
-0.00899594757647715
-0.008234027234443
-0.009001139798475371
-0.008375086426711401
-0.008403413852609735
-0.00828586139266858
-0.008511314674028594
-0.00977486393208517
-0.008933104496588663
-0.008736131220645878
-0.009792451326298392
-0.00954051147478525
-0.009031390884249941
-0.009514679788303263
-0.0094957451392768
-0.010046476656285093
-0.010140038126401798
-0.010071890860673791
-0.009587487442391228
-0.009337973616566487
-0.00952328396959606
-0.010022527067012139
-0.009820568201703133
-0.009696053772686218
-0.010579788475777693
-0.010177024425926827
-0.009795683943827689
-0.0104973826956205
-0.009697961046924636
-0.010359258023386778
-0.011220125801969367
-0.010987320295747678
-0.011393451127216679
-0.010703514052329641
-0.01070834328859218
-0.010226100265951473
-0.011285587257601306
-0.010835495648441319
-0.011124529810694558
-0.01046870178380111
-0.010815567977356898
-0.011250312433600501
-0.011063268182482483
-0.011407467927779818
-0.011556595918302756
-0.011782826383818631
-0.012178080266212844
-0.011525298754599374
-0.011583884311371168
-0.011118347290839553
-0.012658573936985574
-0.011754576387764561
-0.011946563023109672
-0.01148319117803886
-0.012155349139058304
-0.012438152121847177
-0.01217245998351561
-0.012438338466444087
-0.011983908964640405
-0.013108536124923022
-0.011904464698141543
-0.013038976538711479
-0.012383727775398303
-0.012279581780799131
-0.013243043686498627
-0.012443808015513392
-0.012862382190148243
-0.013063356194183653
-0.01255540578536843
-0.013303828566625183
-0.01261836505074555
-0.012851298362958164
-0.012861373559682993
-0.013560065361571911
-0.01395660290763061
-0.013950453676800367
-0.014376344718210123
-0.01447824172076195
-0.013503482027061798
-0.01435257229779586
-0.014723066162574471
-0.013558195509461411
-0.014615254872533772
-0.014193134280639896
-0.014967049757044002
-0.013867838246517642
-0.014062941139946761
-0.01457403004015451
-0.014290772424631816
-0.014042442053845312
-0.015458416456341311
-0.01468039208773262
-0.014757155633850194
-0.014787107574581031
-0.015004282388357933
-0.014784905687343853
-0.015171194279060538
-0.01561015851282019
-0.015532775726906405
-0.015131194776796928
-0.016021267254596194
-0.015241959004318502
-0.015249891463321496
-0.015484632924302482
-0.015724248079816462
-0.016303721297607997
-0.01595230713404932
-0.01667642935309346
-0.01567446874088388
-0.015671173780924884
-0.016783376160213154
-0.017061616793449648
-0.017263314331295198
-0.017167157493546626
-0.017046283645284037
-0.017494072740898186
-0.016395566886980163
-0.016931751268308877
-0.017799349255031863
-0.017249964425873135
-0.0174750841825666
-0.016681719563987635
-0.016852291219279215
-0.018222353551589413
-0.017848415108670374
-0.017581824162412094
-0.017073858376153158
-0.01836069845707483
-0.017671067604055422
-0.018048968470269225
-0.018189726410583796
-0.018323180409426196
-0.01851245136202902
-0.018546939823369957
-0.0190886743596411
-0.017913328561825793
-0.018993875408608873
-0.018885932677200495
-0.018975362507435704
-0.018932895332788163
-0.01935278980589545
-0.019229138633141817
-0.019224712276116267
-0.018507203141692342
-0.019950305439217622
-0.01876655721297944
-0.01870130339111488
-0.019809361623217236
-0.02027498452179682
-0.019882978312374556
-0.02032705262722266
-0.01973195671827525
-0.019772646252280986
-0.019962072635102468
-0.02074181296929451
-0.020436839009469236
-0.0206308321755498
-0.01974685608399616
-0.019737645327196133
-0.020991551172014483
-0.01996875245252345
-0.020164484706166143
-0.02127601938942855
-0.020918250934385516
-0.02038012313996387
-0.02180875628004075
-0.020891875998818716
-0.02078372208483135
-0.02173580401489172
-0.021181085055023825
-0.020842779970077083
-0.021048652947326843
-0.021790962213835467
-0.021587399086081555
-0.022211552484146885
-0.02190554514591243
-0.022559684906477535
-0.022386815330655136
-0.022624731960210726
-0.02208750835956092
-0.0224752883182471
-0.02227719101507699
-0.02212806474576345
-0.0223602182409599
-0.023481200584884322
-0.022575114960282645
-0.023446311077373917
-0.022517959436742833
-0.02368306355115843
-0.022962476559078373
-0.022936344477584532
-0.023236984244759708
-0.023668699161278263
-0.024035453253701662
-0.02333408546191266
-0.02391690334041437
-0.023089774240568878
-0.024545441490793102
-0.024663480667419392
-0.023918796855877545
-0.0238091474107071
-0.024620705840867514
-0.024833928443848238
-0.02490500560369309
-0.024743439621861166
-0.025259853889876175
-0.024523795471135767
-0.024193441592186313
-0.025023260731829606
-0.02513599771194685
-0.024293158689650724
-0.025827050784717902
-0.025636275389714986
-0.025104268580358
-0.02515154638196122
-0.024739971207920427
-0.02597169329765536
-0.02558945141394955
-0.026370979220423044
-0.025124529669687364
-0.025265501297607657
-0.02637311139630711
-0.0253671866115558
-0.02677945365768797
-0.025700085613771958
-0.025571974481348965
-0.025611283472370808
-0.026037135719870298
-0.026176152108885572
-0.0272562797314601
-0.025983566343116073
-0.026385551406263134
-0.027308937502740164
-0.026508437037252086
-0.027630579892750796
-0.02664921942701864
-0.027041444085553566
-0.02740979320880899
-0.028097263511369933
-0.02797139522247439
-0.027788069179856576
-0.027262163483254668
-0.027429826429465377
-0.027798923054165484
-0.02792870483675766
-0.027373374230324096
-0.028026189302556386
-0.02752596903198197
-0.027663233806350714
-0.02781627050696238
-0.02869969897773945
-0.028513747067582175
-0.028904763114410276
-0.028607368297068645
-0.028614122311750218
-0.028837065346739677
-0.02848699214193818
-0.02935746591098282
-0.028851754486996117
-0.028685654195595316
-0.028456037939311212
-0.02875228652307542
-0.029548538755553782
-0.029474511363784203
-0.02923408590660974
-0.02941125632587369
-0.02935669116083488
-0.028999734094170004
-0.02939854145394853
-0.029323050487549157
-0.02951071979151363
-0.030355163074404334
-0.03058533162527923
-0.029497295495916575
-0.029494327532748294
-0.030381054955784696
-0.03086341264667337
-0.02998322179649778
-0.03033042459670147
-0.030649969155435112
-0.03097937407312086
-0.030633382199775464
-0.030448094334888404
-0.03051202472395896
-0.03050824788886157
-0.0313079396784495
-0.031028204106464095
-0.03153262134232569
-0.03081557188584566
-0.030519971604022176
-0.031064034581799384
-0.03109972752892546
-0.031219238784786083
-0.031074082782552925
-0.03141934782428339
-0.031136751593051556
-0.0310116038026721
-0.031448739898489585
-0.03190551133893936
-0.031968267774564026
-0.03126300823798076
-0.03186117508102266
-0.03180592076986627
-0.03154017149637787
-0.03299115700873832
-0.032236664580881
-0.03264470694496809
-0.03237796963525252
-0.03320275492830022
-0.032676987795194096
-0.03197844609770257
-0.0331226112572217
-0.03311113358669658
-0.03343950938768633
-0.03264748762221024
-0.03285343784628653
-0.03357751011244957
-0.03245665558173286
-0.03331884564200883
-0.032745371777675746
-0.033139186166515185
-0.03375555634503531
-0.03388387025074441
-0.03351347820396084
-0.033285927965470155
-0.03404166364499226
-0.03417720493805782
-0.034280704373351026
-0.03354363690405138
-0.03416450857184233
-0.03411985719247833
-0.03444563249682102
-0.03428243847444055
-0.03370282821826974
-0.033513421328851496
-0.03407183630893961
-0.03467893083473805
-0.03450857263095647
-0.03381531070082161
-0.034049426778299786
-0.03396260123921219
-0.03423745271966295
-0.034453709011282405
-0.034356914632062634
-0.03387499660480078
-0.034642302134631375
-0.0339668584142343
-0.03511644935460478
-0.03399193402147161
-0.034929725703648655
-0.035177384372483536
-0.034604469740249444
-0.034658263442957346
-0.03517847606787986
-0.03428690181054387
-0.035435044330191214
-0.03474592178041659
-0.03544680800501425
-0.03553505965344145
-0.035246754832608654
-0.03539488938490498
-0.03574678885875809
-0.035827920510644436
-0.03579102560849716
-0.03474424249244473
-0.035820737489166796
-0.03578141812864057
-0.035776281735771416
-0.03494082369691857
-0.03592833287582996
-0.035928811196870095
-0.0360838376658398
-0.035065232218580746
-0.034803302823558466
-0.03516003482878631
-0.03566289405442992
-0.03619000667328414
-0.03514631316475217
-0.03507673598468823
-0.035050650727886525
-0.036287765422656736
-0.03558371666880158
-0.03596477297327757
-0.035310440537042416
-0.03595404778424555
-0.0362881258716709
-0.03629114126307567
-0.03580637816549528
-0.03511615074530809
-0.035626208774291
-0.03502472149416598
-0.03512557350475221
-0.03593558474242071
-0.036371944267406295
-0.03646360104644504
-0.03652969486685985
-0.03522274678548311
-0.0365061295000433
-0.03535810247982537
-0.03626603098845705
-0.03584077762450097
-0.03574063901457087
-0.03540723646422697
-0.03638928487907015
-0.03567919140177267
-0.035556400712933964
-0.03651649016635002
-0.03516016503680314
-0.03662961782818495
-0.035692061577493404
-0.03631463877303998
-0.036477840273298784
-0.03638548290969879
-0.03620150991390778
-0.03661889542924672
-0.035492883894505764
-0.03612046053936952
-0.036058649211053645
-0.036533273359556466
-0.036195934558328355
-0.03553078206970928
-0.0351635994864999
-0.035415220739245426
-0.03594379639402741
-0.03618361008990146
-0.03655511596823362
-0.03568814861047196
-0.03538617404958269
-0.036483792853257604
-0.036074604354342975
-0.03549317413596037
-0.03563939770392274
-0.03588644333777478
-0.03554567896810548
-0.036413720761049345
-0.03590594907489697
-0.03493692769322922
-0.03487455242115879
-0.03587018827761076
-0.03511203530917063
-0.035790263207082576
-0.0347550317584948
-0.03511689376091976
-0.03560833444460101
-0.03538991220753655
-0.03510002491326099
-0.03536861759016025
-0.03524362975821866
-0.03523168380739386
-0.03516860512598639
-0.03561311859320358
-0.03591485695328728
-0.03450577160802185
-0.03509489723430224
-0.03443017680824406
-0.035741996560615566
-0.034654966886619266
-0.03471152316250634
-0.03557336364462895
-0.03451779659783138
-0.03501684027910423
-0.0342374502458965
-0.03453790226043193
-0.03483332856827411
-0.034229195543118075
-0.034805211689079435
-0.034671133422355734
-0.03517053658510174
-0.03484672731134412
-0.03448029240277043
-0.03458466800581908
-0.03364494796213888
-0.03455517351983482
-0.033940899691745866
-0.03458742532681352
-0.0346438507725857
-0.03373855065784974
-0.03367014706398523
-0.033906510518194384
-0.03399116686074732
-0.033957080036011646
-0.034069591078438266
-0.03304211011448373
-0.03319115606876146
-0.03418424076317719
-0.033943312109769176
-0.033047701863893386
-0.03403869818450434
-0.032634395757357236
-0.033541785601286525
-0.033403158864492216
-0.03382341510397109
-0.03264617169856902
-0.033160701007752647
-0.033378400205084105
-0.03348674200063176
-0.033501285760116455
-0.032713037183065584
-0.032357680646300103
-0.033279454424149056
-0.03254805883624304
-0.03179967886910197
-0.032885726197164455
-0.03231236693980179
-0.0316631454460996
-0.03240311923853919
-0.03246538518119717
-0.03179747743554684
-0.03178748300287141
-0.03158358600770787
-0.03147105256066431
-0.03181182231930029
-0.03138759514450675
-0.03206308104188616
-0.031766793848258604
-0.031077697566762267
-0.03112246573736288
-0.031013673180406254
-0.031584810036360336
-0.03138587742443285
-0.03036918473229139
-0.031033240023927666
-0.030546704143171795
-0.030915268293100075
-0.029893669011020956
-0.030803190508689765
-0.030123895631356402
-0.02945309543273526
-0.02951799781105074
-0.029785218075288566
-0.029254548282700264
-0.02963110389498528
-0.029542720865698556
-0.029108642124180753
-0.03002867437609767
-0.02918212926630246
-0.02867428645659189
-0.028743632212637465
-0.02969155261614545
-0.028545770760505827
-0.02839258004338641
-0.029078409203429443
-0.02849569016264921
-0.028838072453802363
-0.02867224790342691
-0.027854989450317252
-0.027560591079028335
-0.02872021818138577
-0.027920756546274707
-0.02791476536733485
-0.027601990403621594
-0.027442561846805442
-0.028097036438796984
-0.027352031592047847
-0.02665919512402356
-0.02645283782239336
-0.026935399537269582
-0.02615612067936619
-0.026127594767294964
-0.026256849591388402
-0.026335265300381428
-0.026197345655233628
-0.02665575035359174
-0.02643628594367912
-0.025333872293086486
-0.025028615433067114
-0.02556638699491835
-0.02502491943692336
-0.02525156077305319
-0.02504434302255938
-0.02448181379567952
-0.02512896656085379
-0.024770272460388133
-0.024296066403507684
-0.023943176978524182
-0.02385764754706078
-0.024438425959574434
-0.024258786217492643
-0.024278558307880744
-0.02355475074907725
-0.023295498554223314
-0.02315775803046224
-0.023668892756320878
-0.023974534541386594
-0.02385013448762145
-0.023645855073687546
-0.023076556031143
-0.02248621422254413
-0.021877806285031286
-0.022764552467077637
-0.022925849821307607
-0.022511575945495042
-0.022591861177368777
-0.021833776708428433
-0.02207141394814907
-0.02114316883064191
-0.021413758238742725
-0.021950521204177485
-0.021277986083268325
-0.020756393575685515
-0.020150014836623688
-0.02060684723469606
-0.02038588656030722
-0.020647037224129708
-0.020897671993392528
-0.020571882595520778
-0.019555111397270685
-0.020201989420308705
-0.018968588787268034
-0.018887572598345476
-0.01848193570530503
-0.019402950481147135
-0.01841101238537611
-0.018631255129310128
-0.018836835913994713
-0.01899544894409415
-0.018166204595166456
-0.018190754742629975
-0.01817301972398838
-0.01792375937818304
-0.017568269049531647
-0.018106512785991107
-0.017053708380744232
-0.016809264306064824
-0.017203809946962575
-0.01742912946081782
-0.016515555776672807
-0.0158433486734389
-0.016835343874019408
-0.015501433873121927
-0.016636237956078267
-0.015581128065547263
-0.015351770542484464
-0.015774937829348894
-0.014519860215176738
-0.015268412992296377
-0.014465840588367827
-0.014112816987710277
-0.015037389763315522
-0.014398550764768129
-0.01444221759355693
-0.01351647260905645
-0.014179373638564816
-0.013910632447937095
-0.013563143293172144
-0.01253381110114729
-0.01279229054050134
-0.013477178042784244
-0.013004865569179319
-0.012985156568145076
-0.01166726279131205
-0.012655818165665496
-0.012654104602781512
-0.011230226620018659
-0.012248404178057696
-0.011467220293344143
-0.010718237448645758
-0.011730230279860617
-0.010791214231047595
-0.01008049671012005
-0.011060900872029284
-0.01055332906003833
-0.009770947820118428
-0.010390869405023576
-0.009936605051815763
-0.00927230764838752
-0.009355030179506828
-0.008810224092933748
-0.009608548584088975
-0.009263094258189938
-0.007941614624628682
-0.007799668465105449
-0.00898043524703233
-0.007490889725396463
-0.0073020628172233894
-0.007031115518848704
-0.008067645590028942
-0.008002335564042456
-0.007518398449825901
-0.007080140228150955
-0.006034851236709182
-0.007282958607376638
-0.00683360177403907
-0.006010704383886565
-0.005337489155550629
-0.006451022420509509
-0.005175731135402988
-0.0061884773090135755
-0.0051312376706634565
-0.0044846258605425035
-0.005180889136318237
-0.003988232119211896
-0.004763871569103644
-0.004258884031041455
-0.004277681711420397
-0.0031540622168751637
-0.003799491710480651
-0.004167518936119796
-0.004068854835707547
-0.0030560669416575606
-0.002776141187216583
-0.002771207668268635
-0.0024112073862252387
-0.0017600399367735582
-0.0024005530303276338
-0.0022388792270243213
-0.0010923863817537494
-0.0008733899796100807
-0.001517652774888133
-0.001495801784678505
-0.0007609527566307915
-0.00026100787032934104
-0.0012526177086240181
-0.0009543482177201907
4.482547022235558e-06
0.000152039297831446
-0.00027246772565590497
0.00019674478473824308
0.0008873493458083867
0.0012200786396774097
0.0012226870779704034
0.0005595147932893054
0.0019636476704312515
0.001625715770197963
0.0013028258121514343
0.001469749040852775
0.001701061125307209
0.0028540337829955653
0.0030457029768987728
0.0031039308259837115
0.0028160685335081146
0.002965045681474008
0.003919170669449844
0.004166689523196688
0.004409227540983098
0.004521971609621499
0.004393596888930613
0.0037910358905564063
0.004430608427330543
0.005375210129571966
0.004488029077236358
0.004489321126482878
0.004910971980087013
0.006154999306936861
0.005175356287134206
0.006416505833400797
0.006158076978685284
0.005471621620223212
0.006881791377646708
0.006165950089437077
0.0070576086376162445
0.0075031433424377295
0.007762233828549181
0.007228661933365899
0.007573400882446092
0.007564295659362996
0.008335843684697766
0.008240106186011169
0.00787888194571901
0.007911675679302534
0.008804535061726014
0.009366720371234472
0.00901475391586014
0.009453678753390354
0.00996159199016931
0.009195473493700885
0.010045139751983295
0.009916555568768604
0.010377915078008596
0.010768665108452345
0.011095911130498619
0.01121234000141439
0.010945030400270502
0.010407024574011775
0.011402872066669022
0.011697885961597767
0.012008823429979576
0.01140810256894359
0.012663177054885014
0.012145706573237972
0.011767427395558524
0.012189937544770284
0.013247846273762928
0.013454355593126207
0.013622585374614247
0.013962950343825534
0.014128919649495367
0.013311899288252755
0.014239712852392783
0.014782471560950883
0.013523893495645542
0.014247501518030142
0.014842937688513578
0.014844921518310135
0.014643573592270224
0.014493210458359657
0.01528771921138607
0.01543356805622289
0.015272715706177574
0.01589493347580198
0.015940062241030135
0.015747270827724487
0.016563240371815377
0.016764369050774608
0.016617010777380793
0.01700479909363295
0.016918533699051393
0.017657263919312882
0.01768464902591134
0.018143024403056412
0.0170675583919207
0.01722462968679328
0.01864634479204163
0.018894388292344192
0.017931607798201177
0.018563147404115517
0.01834147970485088
0.01940484086969772
0.018923315337023548
0.01904668972123112
0.019623179969848217
0.0190659444163123
0.020317658040700196
0.019368855847452383
0.020595437866097403
0.02072772725846458
0.01984286715397175
0.020087702113046935
0.02049574909481387
0.02078795338143941
0.020570897629351815
0.02193713114578709
0.021514626018199933
0.021027040100508078
0.022018198607666524
0.021084333397773384
0.021591889532566848
0.02207019081665503
0.021946374840339386
0.022699195618954584
0.022511617840084465
0.0233120942340431
0.023212133251648566
0.022819981033706502
0.022915571239058873
0.022710825559477395
0.023916834523023737
0.02407339998591726
0.0233453309466876
0.02424320180641639
0.024134815754567114
0.024170477127230847
0.024867118788124372
0.02440682556416427
0.02541136281476332
0.025407343316538104
0.02537899524071887
0.02434165591746706
0.02517090115560899
0.024874047984447905
0.02522406187388105
0.026361033139834275
0.026292653718500623
0.02611445552627914
0.025393340418654597
0.0254835455591255
0.02694058066713235
0.026028372869734737
0.02710106517807651
0.026918098050588937
0.027302279619941687
0.026601931148878086
0.02653294826728344
0.026843679905928702
0.027825538058243476
0.02801358700059136
0.028024773637390574
0.0284107745452148
0.027587519272599635
0.027936225706488977
0.02752165827321993
0.028203649396626108
0.028011716310132162
0.028971289241642988
0.029138894511695757
0.028284169092409654
0.029116497283638014
0.02874126709631112
0.02856011218801912
0.029384218299213047
0.029118305638754897
0.02883219578437731
0.02947567680820849
0.029386207082963064
0.030214397041976607
0.02934552816848374
0.030403439782243982
0.03048106969784201
0.02978941019669419
0.030911283483516412
0.030234198172517893
0.03025586026354173
0.030595546126460524
0.030438510960607006
0.0309011889959703
0.03023601047063184
0.031336139528973114
0.030445495953093954
0.031259918941166406
0.031646677498858716
0.03155108465080535
0.03131059983392107
0.031155715504787938
0.031273188705864007
0.03212802962497823
0.03214762924059545
0.03263532484762403
0.03219526285585078
0.03154995826087844
0.032400908155822826
0.031736215531939345
0.03239911248129375
0.033142978158699335
0.032431773963166544
0.03238523940428813
0.03228592944232825
0.03352639711648821
0.03269978227962911
0.03294495546878294
0.033285436429985236
0.033833810057793755
0.033496084258444185
0.033112410228956606
0.03298075603961298
0.033848800162190745
0.033244649842329214
0.033658737287682705
0.033240128787611053
0.034330146365860154
0.03421468562792239
0.034592453361719726
0.03406828579885409
0.03385296542172036
0.03451017686295399
0.034910701770502546
0.034489189623826036
0.0350610396347986
0.03492841297367787
0.03399322578349175
0.0341476261858088
0.03503533875210918
0.03411263567717722
0.035467393354467566
0.03574263652188371
0.035547049743606056
0.03544289430225025
0.0358884924409526
0.035639714060060446
0.0356616250928973
0.03584183537138933
0.035013819470088706
0.036051802987107126
0.03488752368411591
0.035833893052087694
0.03532575965460243
0.03605227595547187
0.03561447104064367
0.036487436872688565
0.03615924126367278
0.03582982542650886
0.035309495699858334
0.03659941291981128
0.03673531272673463
0.036532453729737645
0.036816870246864114
0.035583671157572855
0.03555813812409182
0.03692920152413372
0.03610794923193649
0.03701680701923559
0.03710237779536792
0.036692624792128606
0.036212446119593164
0.03701817381474128
0.03578784999037438
0.03621280090141589
0.03727347673564773
0.03662890617436034
0.037238847050113585
0.03740679913249795
0.03703222179553602
0.03624509500400149
0.03714545176643275
0.03642328847303394
0.0362086863105979
0.03612724207876308
0.03618008750932993
0.03695106990632783
0.03692157163927788
0.037526362210975016
0.03642553481174903
0.03763757672437041
0.03739067515468109
0.03685571600877823
0.03676432305927448
0.036971950085825
0.036588278504233726
0.037031795714221036
0.037056680068113475
0.03643105331842412
0.03662205355557742
0.03704147022200146
0.03720417810337172
0.03665466902630469
0.03746636859967976
0.03656951566810858
0.03657590638115476
0.03748393429645068
0.03656551638431915
0.03782126774347655
0.03770496187973414
0.037308060172131764
0.037780247690113344
0.03797917836911742
0.03702297248736816
0.037571695028312035
0.03737274170805134
0.03669982942405336
0.03728849150517742
0.03661557943422381
0.03796524671810293
0.0378045767089492
0.037185315693533234
0.03714257411188408
0.037647512702148195
0.03761203534482275
0.03796106530733039
0.036812397148016124
0.037272067274514147
0.03684472830370185
0.037492794060415946
0.03754781985494019
0.03752131296465275
0.037276587599909115
0.036966432181511716
0.03756096973595163
0.037388097971356414
0.03697254309656286
0.03736868559789765
0.036612053846833525
0.03697510560547942
0.0377100003247942
0.03719915022378066
0.037311491675979254
0.0367370943180383
0.03711730818857201
0.03671174132247001
0.03768986723672352
0.03730739238660714
0.03764875482653094
0.03700180752475908
0.0367746653412278
0.036686247244695804
0.036910790412469016
0.036297153203947524
0.03710325882437612
0.03619267406973557
0.0372106157965945
0.037252608933359375
0.03674211602291477
0.037224953582744774
0.03639578729353972
0.03728740545066273
0.036829816018206896
0.0370059540395775
0.03659637755373
0.03645959381737645
0.0361520357407561
0.03642046579955847
0.03564165845554969
0.036301854634371994
0.03615609299459466
0.035684629370171424
0.03646616969543898
0.03571075116620489
0.035968686680749484
0.036164194391005836
0.03545495896752601
0.03673937070770591
0.0358163077208414
0.03568477829077329
0.03549839814000566
0.035633325557692955
0.03550721332496376
0.03588952325782157
0.03585591274928423
0.03560096162645967
0.0363869630663332
0.03488727827636446
0.03608228854562976
0.035464750080798836
0.035584806046243304
0.03563965599753065
0.03476486669237515
0.035297198274432
0.03523307207345179
0.03597227498807658
0.034970705437403125
0.03503154417380244
0.0355428990991225
0.0356675086241718
0.035559102720663434
0.03430565760247364
0.03561185738474981
0.03412133092931694
0.03502546583550648
0.0343622694684747
0.03412981901768218
0.034671142932733344
0.033918448382827364
0.03479854554008752
0.03370834377458528
0.034893544979614805
0.03460536520154641
0.03465193727927522
0.03479690207354833
0.03442761656887387
0.03363597265311047
0.033988359659140814
0.03464865003920788
0.034162604093004235
0.03392919041131022
0.03368612329969793
0.03311048852618536
0.03292590528615988
0.033536462458416176
0.03276841989950883
0.033801396034947896
0.033263221803870376
0.03334813093617706
0.03282464938956294
0.03283320526577747
0.033852400393684826
0.033082580802667454
0.0327145553922403
0.0326070376953766
0.03250032863940347
0.032373665991886735
0.03303693453157842
0.03227252859455289
0.03235850530539971
0.031920287359513605
0.03262295351410841
0.032770314008851484
0.03221479086886921
0.03179053026777307
0.03197758240467811
0.03223342198378006
0.03167086931170712
0.031466747808890444
0.0319492278690745
0.032098713711869786
0.03173032768250811
0.03167600808994245
0.031908449035840586
0.03076571493293123
0.031498889688639814
0.031642656609170136
0.03190207844402273
0.031576250246094506
0.030870547511378257
0.030652342431372607
0.031051193575001544
0.03134340185006438
0.030503328525172294
0.030563563493676386
0.030938060965597557
0.031240420599972882
0.029947152132837673
0.031156389458538374
0.030186133915748144
0.030910864501086398
0.030893776116545896
0.02984790970989578
0.030743238304876637
0.030149870904274328
0.02950929919180906
0.02964063077446926
0.029334795274550643
0.029785864433714393
0.029824706345700256
0.02973181736725757
0.02884925168417754
0.02940202807198546
0.029699530045510295
0.02875268535299954
0.0286893821878575
0.02849186462547242
0.028968384824659847
0.02848456295738648
0.02898571381182173
0.02864799189969827
0.028772153538865863
0.028956477526762704
0.028650222639474737
0.028793914301295836
0.027871456584856076
0.028569144996729034
0.028615235850985774
0.027232653754753127
0.027401970618103712
0.027610147647189175
0.027761425324854722
0.02761698896126173
0.02809413169717945
0.026738754490328413
0.02767807341361497
0.027119421256283454
0.027004552449616182
0.02775773141234464
0.026653513988879204
0.02763051818400665
0.0272689542023854
0.026786185520881748
0.0264291422778858
0.02654650098836517
0.026025913777521243
0.026493933265681877
0.02588009340004135
0.026645227176016983
0.02670478012094837
0.026123310324765656
0.026373833099804723
0.026644467578898826
0.025660724795810264
0.0260980076283667
0.02529382046608723
0.024919954768404185
0.025759148373633627
0.0256266906575688
0.02522241496140799
0.02541544170431091
0.024555627177293857
0.024660774569836185
0.024696960789465497
0.02446258795234888
0.02458207937918844
0.025382246842439313
0.025287119492684515
0.024415225539024202
0.02423171997972334
0.02383045749885089
0.023715631644282434
0.02402397878895708
0.02424489404735806
0.024376080092035814
0.02328387566518232
0.023341036876322593
0.024513219317802173
0.02423893103831511
0.02403147096258879
0.023098430076402325
0.023567286829327464
0.023677546711301276
0.022798625280313643
0.022966213459256854
0.02361694998887975
0.02242074658858043
0.022809913982241255
0.022093747774997927
0.02336820988895343
0.022360089690274334
0.021994178901615234
0.02217679751649659
0.02266069335474556
0.02257188887701174
0.022182038381528393
0.022780208540882627
0.021935096778083543
0.02212699192497714
0.021668179594669598
0.021738398167044978
0.021249343238032417
0.021920076439267713
0.02078187498090129
0.02218525795599852
0.021756504218986564
0.02099945767086037
0.021593953885044214
0.02078973898808225
0.020987157707798382
0.021623902606833417
0.02033047294124731
0.020553654525872333
0.020298063108700068
0.020411927783145583
0.02046909113837443
0.020087393196573985
0.02109259431930946
0.020303267800860964
0.020484740582180607
0.01968880820171491
0.020109610812894085
0.020504960411718943
0.019894303747873054
0.020063018258301042
0.01979732968664156
0.02018947996395186
0.019805723752168356
0.02004796580357822
0.018898892254937173
0.018528645351253276
0.018540482991992267
0.018428075320740155
0.019495051514105674
0.019343770786336575
0.018867909577046867
0.018779464909073913
0.018995136619315227
0.017913795370701542
0.018012937213657813
0.018398889356778664
0.018504008479815436
0.017682232155719978
0.017557629594785757
0.017702391954027893
0.017801302347183516
0.017501850759268557
0.018161016151208936
0.017855934071124843
0.017254863648450927
0.017379564008459168
0.017996666149488347
0.01697278684242853
0.016718851220219332
0.01768253838292303
0.016807560834544644
0.017364922557090743
0.01690488601119014
0.017345164280102923
0.017154978660690535
0.016578511372299286
0.01677669303095225
0.016593660579197894
0.01697426522042076
0.01584119647622087
0.01608189258997269
0.01676649972655602
0.0160214645067127
0.01606514258113457
0.01556292855096876
0.01586733205212095
0.015918731616559472
0.015492115805815155
0.016440400566314645
0.01580241090197543
0.015240043237812742
0.01530309664934722
0.015230506445888189
0.015383275363104992
0.01492719308402168
0.014731810416092523
0.015640728612872922
0.015565968418138577
0.01535199356355803
0.014857756506153475
0.014352741019085789
0.015335308295108268
0.014450903839086406
0.014113596906329495
0.014940941495626137
0.013951334015945794
0.015198955537698079
0.014313537844229379
0.013705648796260671
0.014585895826202943
0.013465312854152606
0.013524089111786732
0.014380124478386342
0.013473902218468814
0.013534867137631697
0.01428242815540893
0.013424689859284458
0.013592120800664098
0.014250696362034392
0.013252809354424517
0.013048745684675019
0.013947185469190345
0.013972717874997223
0.013314386378758446
0.013662611019122466
0.012882590037946331
0.012589419946559384
0.012870514486137229
0.013271559487091404
0.013135755530125977
0.013011053265866502
0.01324432110288303
0.01197753409517972
0.011959874999615852
0.01249952513567476
0.011945918629286545
0.011874469280916802
0.012449060263418023
0.012832135946406318
0.012413318466275807
0.011983054744313945
0.011831351581378468
0.01172561800017905
0.012131498532093282
0.01169243552821902
0.012206254004464777
0.012472281033351415
0.011620991374900753
0.011651643661029094
0.012085475752664016
0.011628337880990613
0.012073417637205514
0.011390453452770828
0.011202023481069152
0.01145970628147912
0.011309629162656598
0.011167577194898907
0.010974806801095404
0.011622285335772826
0.01058462274617861
0.011465928318971514
0.011567837534666092
0.010455078915029736
0.010444477668764768
0.011266825961526892
0.009962623493207865
0.010948344833591618
0.010054554021078743
0.010293915771185557
0.010350058084518304
0.011033459385776073
0.010323899724770456
0.010445765438011814
0.009528021472335635
0.010319760068781107
0.00959941334849027
0.009324487589922515
0.009569279312948768
0.010346612483067617
0.009101377113149747
0.01024034085086477
0.009665602518540317
0.00941487593146948
0.009577089858594382
0.010051589615159407
0.008803805282954323
0.010131378741903067
0.008791414173879016
0.009678501131888215
0.009304512382636515
0.009258332704021195
0.009706650369170568
0.009692743426445917
0.009494163429247828
0.009094937380596283
0.008927198194480969
0.009008235615592814
0.009384753241792328
0.00811043491138008
0.009118603282813713
0.009046597173969113
0.008274662048800242
0.00919429345162349
0.008245241504299155
0.008701049205666209
0.008650353597072915
0.008789241394447167
0.007961309795470318
0.008364707949662114
0.008743425262100252
0.008445041055979916
0.00842124761937698
0.007553957844497658
0.007531742889972477
0.008350827094354842
0.007331523185192659
0.008018358248578147
0.008211271636959571
0.0082379420373379
0.00831218889597851
0.007344194787213967
0.007771188392146598
0.007175875688537548
0.0068864767105141
0.006882064855568003
0.008014804430383875
0.007607073540260871
0.006781493943442976
0.006879879008054147
0.007307978249958433
0.006709797776709017
0.00743579320143252
0.0063852968917078885
0.007753800568617657
0.00657819770650783
0.0068730390071029684
0.006223326220737995
0.007036220226357163
0.0073496389237897005
0.00757696421574229
0.0067094248192973195
0.006208643074179995
0.0071889864563169535
0.006226618130675561
0.006518709040096445
0.006428301041783123
0.007115080969746354
0.007114032968423635
0.006401066945446184
0.006663496955830972
0.005659441529397242
0.0068861716806273
0.007000092641165837
0.005606854566292645
0.005759189972554166
0.005963349925344693
0.006893528231641539
0.005652860332215596
0.006466597656336613
0.006110997079902432
0.005276301344405821
0.006658446908695661
0.0054037450937598885
0.006416284404619988
0.005989307198761619
0.0054698157427217585
0.005111905157820565
0.0060440821376250954
0.005001063837369561
0.00639650429935176
0.005013434080136346
0.00583734166061417
0.005957529345608429
0.00546043984681716
0.00597453489344442
0.005365756558156448
0.005847314649383462
0.006007824142041264
0.006046014564417772
0.005497600234110698
0.005362997317618107
0.0045486629586304035
0.004885378897709528
0.005806120402699922
0.005108263694753517
0.005867748890622702
0.005618354807960636
0.005655489553280265
0.005172864895404954
0.005155188701196099
0.004752971787574098
0.004411868620418329
0.004613891253352052
0.005190768227674256
0.005191315020041056
0.0048295131324830815
0.005289428799772279
0.00442474263534742
0.005317049406230549
0.00419125735238825
0.00523584557497513
0.005373644594732268
0.0045765805561512485
0.004424955169623888
0.004167341325064293
0.0038374418088254303
0.00410269574360544
0.0047329995806222325
0.004053150400736267
0.004245101696161041
0.004162344500884129
0.0037493380533147594
0.00499001941900757
0.00403711745374375
0.004565574528094536
0.0037559553507785625
0.0037819578530337373
0.004476290134404019
0.0036987637564632925
0.004734468223776859
0.003599493832864746
0.004579602184342809
0.003933456776160804
0.0034577263428984114
0.00460575987908488
0.0035079000622332663
0.00465057389792652
0.0043563037234372525
0.003556056554303293
0.004114327761027068
0.0038888152307639382
0.004159698679553429
0.0031855172188319713
0.0031872775411986107
0.0037499020134762378
0.003009813421848553
0.0031533021407970964
0.003189086084736567
0.004325763223878439
0.0029755445457163784
0.003138283238539448
0.004110374876526929
0.0035979650489946897
0.003711656224957177
0.003977805387184581
0.003725540939387221
0.003915043790384806
0.0032553990577004845
0.003766206366082314
0.003412960880109561
0.0038204202670354256
0.0030882857527680303
0.0030801992476502276
0.0037633209967745974
0.003091407884636008
0.0037729413006146045
0.0030490462347725227
0.0029338918989784074
0.003169492347643397
0.0026545874180062207
0.0036523272364086066
0.002873222347019663
0.0028103816892169737
0.0028468304083736815
0.003101783280329815
