-0.0017199376731692054
-0.001045155699787823
-0.0017725687366460445
-0.002246646147882594
-0.0013927661688973273
-0.0010459161298197715
-0.0016702179852443222
-0.0019325293071082302
-0.0018125299022165645
-0.001815868865366101
-0.0011081802661606864
-0.0025312834772748113
-0.001299380437219818
-0.0017510306391698095
-0.0014562975830595905
-0.0022855946060254587
-0.0014214387508590153
-0.0023123770484438436
-0.0016044784887489618
-0.0026080732320905853
-0.0020436748758631738
-0.0024943399127530332
-0.001803514230813254
-0.0020019523353013535
-0.001744338220040382
-0.0017912412579383454
-0.0027571318249932355
-0.0014711106438427648
-0.002070106957450529
-0.002248778719438881
-0.0021600475511900055
-0.0015985483144596818
-0.003036989049155271
-0.0028832164045629596
-0.0017486456158257804
-0.0020071888065576605
-0.002944608957080694
-0.002527899193500833
-0.0022016805179058373
-0.002164138530070464
-0.0019657908768472713
-0.002646273133496699
-0.0022969591119143197
-0.0018049368867198365
-0.0032312302259058906
-0.002822594367685707
-0.0028849819488991394
-0.00228874046606127
-0.002505121457988655
-0.002062504457976832
-0.0024213171818974334
-0.0027386664965813826
-0.0021837726390930407
-0.0020998097369822246
-0.002789828475767453
-0.002920066493257913
-0.0034776327612354597
-0.003640912054392945
-0.0034045842057155128
-0.0027950637297418568
-0.0027695067208954732
-0.0023849375913892502
-0.003201776943002858
-0.0026375220089771855
-0.002554755204543964
-0.0035222003681930365
-0.0028611800591037467
-0.003965041381436967
-0.003963399930112262
-0.0031429861110397694
-0.0027846511899711547
-0.0032678825673959286
-0.004013188216290996
-0.0035082104568321558
-0.0039918883422764544
-0.004060121117712873
-0.003966283303964504
-0.0036691645327203383
-0.003760079274309136
-0.003392537951193447
-0.00315943804455991
-0.0032009437261144857
-0.004407025206810178
-0.0036998247614372583
-0.003061848086078027
-0.004047268704975997
-0.0038792625721133654
-0.004596964768476438
-0.003551515924839981
-0.004653146793509178
-0.0039046765339907025
-0.0033368570096866754
-0.0033538347431252002
-0.004766410794244121
-0.004784265030984263
-0.004499155886900584
-0.004230856349310613
-0.004808690698539766
-0.004603392603616805
-0.005024883341881208
-0.0037561448931854235
-0.003889363141030351
-0.0049863597821349324
-0.003964288457435957
-0.004421034824692336
-0.0049687058287999
-0.004987832653520879
-0.004549103727889708
-0.004083907351005431
-0.003948921636522672
-0.00431014219405005
-0.005345016626850875
-0.004079976419015497
-0.0048717022304291995
-0.005486523706132192
-0.0056085377124752474
-0.005384042160305703
-0.005584469348709406
-0.00545932017248025
-0.00521344243929999
-0.004752899872669502
-0.005875730399547499
-0.00538791657273425
-0.005070285829856151
-0.005282131917268548
-0.005481783912642171
-0.004641902607020761
-0.0061182857561516354
-0.005338958243253944
-0.005383714379541461
-0.005690536018195882
-0.005983114280994523
-0.005090759215201365
-0.005677113857516208
-0.005674036963897337
-0.005566383877688722
-0.0064750889691447214
-0.0063436295510096675
-0.0055947321274793325
-0.006517584541815664
-0.006239246506398884
-0.00649670849568806
-0.005804739756871241
-0.006438802042853227
-0.005512889847741918
-0.0060612265572796975
-0.00559813744226953
-0.005940903148415264
-0.005754478013973838
-0.006248668036246931
-0.00643730284409113
-0.007265706878097275
-0.007313549731941322
-0.005967515495537068
-0.006959273114464783
-0.0066364579760334
-0.007016935635120072
-0.006366608952114731
-0.007055736593531197
-0.006792613307610788
-0.007370934733342229
-0.006367216195563116
-0.007268881406158533
-0.006796027493721477
-0.007454034720229554
-0.006516336442924738
-0.006871675902334639
-0.007002090767536669
-0.007576359443239494
-0.007542782833117212
-0.007032243431151809
-0.00823219218900929
-0.00746163950590114
-0.007566572561601924
-0.007319033485943512
-0.007698359589639794
-0.007523224266336383
-0.007494563307546658
-0.007813829118358902
-0.008561149512650934
-0.007757870152569115
-0.008496945280294474
-0.008825834121151272
-0.008676759269179253
-0.007541795761561803
-0.008830700388791432
-0.008361352546327428
-0.007661662406244757
-0.008734371617966669
-0.009217715042109921
-0.00914549183197053
-0.008425328240989871
-0.009183742929441012
-0.00885438674472704
-0.008977018600758764
-0.008529627734786148
-0.008744772468691672
-0.008554977124915587
-0.00907540396443461
-0.009003096765819455
-0.008889942443156645
-0.00868428941181992
-0.009539690409504515
-0.009511302425478325
-0.009444618732715664
-0.008983712463801054
-0.009294848143005676
-0.010026685269383306
-0.010153782610411171
-0.009171477739405604
-0.009562139667010623
-0.010147742566195
-0.010310324679307445
-0.009754646464817654
-0.010547583187832136
-0.009868664060606483
-0.009825148012408568
-0.01055427758500086
-0.010267597575214988
-0.01072290997680381
-0.010316628565482426
-0.011031062417591955
-0.010245279284227507
-0.011088611207302956
-0.01077281199693383
-0.011182612601749816
-0.010557310916600376
-0.01154458267676405
-0.011348707765059661
-0.011290808943932407
-0.0109289950979711
-0.01111310822915396
-0.010553646996907782
-0.011796722450719405
-0.011853171632455048
-0.011899530968861522
-0.01075859697307737
-0.011214355347553972
-0.012175289331110712
-0.010994684148592447
-0.01213562691478268
-0.012429254620379948
-0.012188314761354305
-0.011536404251216088
-0.01180241787300358
-0.012377320023354574
-0.011727775113143437
-0.012126429925046816
-0.012146258838088756
-0.01205186403755712
-0.011925798292125029
-0.012141055648036029
-0.012825026669472647
-0.013065977034209706
-0.012744224829666622
-0.012459966200043433
-0.013537034424344348
-0.013615712106677431
-0.01364405332282441
-0.012701265964112383
-0.013638522828396117
-0.013162165154366553
-0.012648987581307222
-0.013260877466366765
-0.014169516728765222
-0.013080623299815089
-0.013061046232785154
-0.01296685215332234
-0.014427907913407065
-0.01340071622200088
-0.01454702361812955
-0.014206475260169774
-0.013947892843921792
-0.014858922216166755
-0.01417125996039639
-0.014938290495968062
-0.014766167418791505
-0.014238181387103676
-0.01466365759042032
-0.014461569202943168
-0.015049675738984247
-0.014839828077126901
-0.014688018598153118
-0.015105765443346743
-0.015466929172413612
-0.01452742966138854
-0.014873688208820691
-0.01504802714798396
-0.015472446536189217
-0.01563143643501495
-0.015991728714535854
-0.015530550449726411
-0.0149317473171283
-0.016029320481207265
-0.015144640563167985
-0.015981304978367427
-0.01544928432723847
-0.015322980369323913
-0.016772590658945763
-0.016475862571810874
-0.016766573584848697
-0.01607344903027828
-0.016670506428045847
-0.016438383085593717
-0.016281320653961217
-0.016063392696526492
-0.0165932970373807
-0.016521745905511438
-0.017440902468764848
-0.01682804893410139
-0.01658516394363337
-0.01706157210469738
-0.017423992275281727
-0.016827178860382278
-0.0177540140329429
-0.01770209637840424
-0.018087607464636255
-0.017195638707549952
-0.01712496495793619
-0.017554488221559052
-0.018462798743886965
-0.018194375558111323
-0.01781620364624766
-0.018078035530147363
-0.01821062266864884
-0.018319303434828123
-0.01765993941934879
-0.019045688683820238
-0.018759338471673014
-0.01936141634375542
-0.018162841740653947
-0.018884678708980043
-0.01898295484557148
-0.019154416436808194
-0.018781488188783717
-0.01863865549669117
-0.018733836670858667
-0.019297733038198595
-0.019482670965017015
-0.019580761424520577
-0.01916324972127153
-0.01960593741049994
-0.019475199788884706
-0.019850465154344563
-0.019365711789999705
-0.019692009767758374
-0.01953370397277904
-0.01960674400029794
-0.02083882112367133
-0.0207186636823004
-0.02042608291729998
-0.02020483324933094
-0.019997449451623205
-0.02015841878909275
-0.021333857185555662
-0.020816373733962473
-0.02060074269563233
-0.020710333434001693
-0.0211761343659518
-0.02161110805997807
-0.021282517931056334
-0.021838954355643002
-0.021137639129596934
-0.022082649942087893
-0.02134494762783153
-0.02168121048960338
-0.021776699783799477
-0.021179517324903047
-0.021887228558070793
-0.022405074731726496
-0.02154655931901307
-0.021952044286800147
-0.021816393156015267
-0.02299753345190011
-0.0227734351976616
-0.022658175527056294
-0.022231203961163612
-0.023152458067078097
-0.022256722507474597
-0.022251800475022045
-0.023014476720016698
-0.022945291433565898
-0.02264674934031785
-0.02314084031232097
-0.0240512472720921
-0.024196689383267554
-0.023426183038067896
-0.023953310967459843
-0.023292591422344022
-0.024022454779547005
-0.024098978821882378
-0.024256767434684846
-0.024021716057068557
-0.024190362262042058
-0.02424909495213553
-0.02423743031937777
-0.02490109404910099
-0.025036037479714543
-0.025262331709006755
-0.024958243760966857
-0.025471864469693285
-0.025125567704236167
-0.02546387740041433
-0.025308688802743947
-0.025410270152667554
-0.02556481867485217
-0.025147005937804882
-0.02536087446104556
-0.025834979692995023
-0.0261387621493694
-0.02619896353839087
-0.025433604584815007
-0.02615094367916098
-0.02583291897618131
-0.025988117475357505
-0.025393991364052747
-0.02673256028451213
-0.026387528902867247
-0.02642481630411067
-0.027052257775607033
-0.02624788026062433
-0.02599922549062247
-0.02636356062013164
-0.026249129984357633
-0.02637853931092486
-0.02634148738620635
-0.02678567919922172
-0.027176257417203288
-0.02675683225433873
-0.026858868600633704
-0.026976136926510387
-0.028039132324562673
-0.027602693608012308
-0.02803931207863759
-0.026984421524200723
-0.027440219441741413
-0.028183153212920337
-0.02834829300718903
-0.028330198120295944
-0.028266094500659856
-0.027583069925180635
-0.028339645213513797
-0.028271260107668155
-0.02785506450116711
-0.027692625508499664
-0.028126016328775497
-0.029180260522119247
-0.029112722030620833
-0.02941746041058933
-0.028660642586246964
-0.028989900174211044
-0.02844626598594887
-0.028336759733231052
-0.029061256045049253
-0.029207487935771288
-0.02934092774961809
-0.029950971041395564
-0.029543469088630855
-0.029870922767978626
-0.02978403607095386
-0.02929697424590709
-0.02930302949289074
-0.02988652122103761
-0.029233658942312703
-0.030285510791799298
-0.03009994363345775
-0.029590752224553454
-0.03063361714526726
-0.03026351747777775
-0.03090013890302963
-0.03052733434508763
-0.030518818681867444
-0.03128356963276981
-0.029933978185454638
-0.031157150423402957
-0.030465764992429756
-0.030441536784112412
-0.03080978339977805
-0.0317265721218426
-0.03121240785997949
-0.031348172821638036
-0.030930703710496207
-0.03136907199862753
-0.030731439679048737
-0.03078534572013731
-0.03182274756600975
-0.031126080162947482
-0.031041835093507702
-0.03114075750371448
-0.03146952026158705
-0.03151401883757526
-0.03248692190573759
-0.031480643437578955
-0.03168506779416841
-0.031822735798755934
-0.03209301347551837
-0.03225216961782745
-0.03231346381946124
-0.03282126226039133
-0.03198088033000511
-0.03236855858649432
-0.032214676404228634
-0.032837150531272494
-0.03213732386731708
-0.032211718353905495
-0.03301056683543774
-0.032459516331253255
-0.032122371976860915
-0.033662300693193994
-0.03352850207267048
-0.03321818769448262
-0.03240995150390586
-0.033026292252184425
-0.03262577287029067
-0.03330903342851023
-0.03351781060855653
-0.03321729415928739
-0.03280820606411771
-0.034136779971006566
-0.03352945810167112
-0.0329177986298999
-0.03427166824627143
-0.033043862229930006
-0.03326297284012005
-0.03389351854650577
-0.0338057702298663
-0.033274934025546966
-0.033539345166295
-0.03327124454708323
-0.034074991426770215
-0.03443786935453156
-0.03415943562390647
-0.033769524029175005
-0.03392470396576669
-0.034186143365711706
-0.03495924385118368
-0.03467795539264849
-0.03481549854486408
-0.03457194450260426
-0.03383525378015902
-0.0344892846895936
-0.0339167606153596
-0.03404463139568516
-0.0352445654795734
-0.03404719041952829
-0.03522295412988713
-0.03425516837236262
-0.03414801347295737
-0.034563382108957666
-0.03493107303993278
-0.03562387938704011
-0.03530304548556359
-0.03440810382909777
-0.034473177586010546
-0.03483769858748881
-0.03531916208197026
-0.03479809780109223
-0.03579865880893919
-0.03462179089201147
-0.03599358631537431
-0.03565699759100939
-0.03455836517925549
-0.03483859290058755
-0.03462642858816977
-0.03485739752241904
-0.03543101750803246
-0.03609842475360985
-0.035709234680709266
-0.034891901536714905
-0.0347752307824745
-0.03574507044024208
-0.03590178000438574
-0.03582806775312083
-0.03599889571153854
-0.03583576777483706
-0.0363135706716475
-0.03602451809037133
-0.03625257431178608
-0.03580364428130292
-0.03606725415156361
-0.03593072527803629
-0.03589668019897674
-0.03510541683195568
-0.03539758252194052
-0.03649513688769487
-0.03638430986464907
-0.035808722765137524
-0.03533886163713943
-0.035255278825906185
-0.03509518146211066
-0.035764502646910196
-0.03609148800531612
-0.03568875653637542
-0.03563172874004105
-0.03601606550659463
-0.036555480709696136
-0.03635261710820335
-0.035314762580873946
-0.03588912001403467
-0.03620314293667953
-0.035891684357892285
-0.03620745110230107
-0.036343872206010486
-0.036324857760059476
-0.036527866232011486
-0.03577115525845222
-0.03612680518146455
-0.03528634441899312
-0.03625180845059548
-0.035332700134366776
-0.03617300994641971
-0.03616676334504613
-0.03654725187703166
-0.03615727241125607
-0.035205160153498886
-0.03562975644332117
-0.035427106309044165
-0.03570535087489753
-0.03534456930493809
-0.035860846230633
-0.03505990931061845
-0.03542393366630703
-0.03564122633416687
-0.03536881322937944
-0.03644736615915473
-0.03543987273415465
-0.03562089910802273
-0.03555410647754045
-0.036180577217130486
-0.035240751471456604
-0.0357767005963085
-0.035647603007464584
-0.03556735633987624
-0.036106782212655404
-0.03590449845581002
-0.03607439929198702
-0.03517684364533638
-0.03607894053924623
-0.03575993561571323
-0.03492090273693306
-0.03473628308395431
-0.03528639475003261
-0.034841754877294115
-0.035720826294491165
-0.03592329772243153
-0.03593578964793704
-0.03573610451431058
-0.035709223096114545
-0.034571074731197284
-0.03517659777647154
-0.034468668126501206
-0.035210476029255346
-0.03556266754116277
-0.03486432158295066
-0.034995754169892965
-0.034537801164670937
-0.035370563342306545
-0.03456158432956458
-0.035079349186496425
-0.03507693136012486
-0.03524600084753683
-0.034273840188517916
-0.0338575133165604
-0.03432342248866062
-0.03492176510346097
-0.034026286077870886
-0.03428407094012289
-0.03473796753395973
-0.03352055433341925
-0.033913843884266
-0.03357356177725337
-0.03341243277154215
-0.033394291882139555
-0.03387263920864359
-0.03348062016892829
-0.033616382834259724
-0.03384757473207028
-0.033218566496671924
-0.03384679206744644
-0.03386523065091085
-0.0337961353051779
-0.034104436231471066
-0.03307219961376643
-0.032896374001943146
-0.03363819475995277
-0.03304733039093061
-0.033591722254618026
-0.032623804430080235
-0.033151090896133266
-0.0333702156606414
-0.03327951390596753
-0.03276739042892405
-0.03301163919574658
-0.032043215507092104
-0.032082879291059935
-0.03268153911374934
-0.03269653997800553
-0.03176808313828148
-0.03160776106966518
-0.03157811000290823
-0.03226940537254367
-0.03145674727860302
-0.03171269293232894
-0.030972987076188566
-0.031482313809536706
-0.03079743741164369
-0.03196183322672997
-0.03147589102582622
-0.03116410827190341
-0.03153310698975444
-0.031087038285571435
-0.030298860952841025
-0.03023443316957571
-0.03017026695378018
-0.030063270443823467
-0.03001749650251362
-0.03049857716460627
-0.030745176702456207
-0.030792883390408567
-0.029812343565787085
-0.02940366570922264
-0.030023387560323807
-0.029956821548645207
-0.029895825815586568
-0.029503909902039566
-0.030210855322972397
-0.029529913622296258
-0.029420548841533327
-0.029460310136472122
-0.028698565505647998
-0.029105674071400363
-0.02895083930726283
-0.029519797077982305
-0.029317033870398235
-0.02875450717038618
-0.028017482451556747
-0.028294980099129608
-0.028690047216142125
-0.028584320392898335
-0.027524746789379766
-0.027778049443085158
-0.027404468629198438
-0.02731086603127041
-0.027372773746818926
-0.028251878866383962
-0.026935335028474748
-0.02704166374745987
-0.026597787778479397
-0.027761812141669878
-0.02765097271017414
-0.026553956603396624
-0.026998354706546424
-0.02618983531848885
-0.02689533657087698
-0.025938606174406763
-0.025701492141109006
-0.02594135658748678
-0.025911409322566036
-0.025579747106694393
-0.025776981574609982
-0.025922605276516315
-0.02581851101438065
-0.025599963999459463
-0.02496268539961821
-0.025570601802489937
-0.025554667001562014
-0.025222448310740914
-0.024178567052943002
-0.024608202211886098
-0.025000520163284336
-0.02377553863822103
-0.02369516565616768
-0.024649693687110022
-0.023119012522609002
-0.02388974530578347
-0.024130804918351213
-0.024049416561011786
-0.02319315031985574
-0.022325376959184972
-0.02288766035711867
-0.02272401029285333
-0.022615062554422763
-0.022727952731279717
-0.0227936536524725
-0.021645904701512352
-0.022303656437523214
-0.02206247384070574
-0.022217645308069675
-0.02168988045908744
-0.021891700279103525
-0.0212709714728215
-0.020431283033053797
-0.02020404907776625
-0.021480470842485114
-0.01989979607114522
-0.020122821046061824
-0.020146217594122995
-0.019489050853322164
-0.019919986625463678
-0.020484128945659753
-0.020336690531016714
-0.019728691402689492
-0.018925982450590476
-0.01928421036496063
-0.018950442040580644
-0.01896961066747569
-0.01875008464005155
-0.019189513582992146
-0.018874663926766042
-0.01766195777014406
-0.017868569136023513
-0.017211965803656595
-0.018387665596298286
-0.016976520877934085
-0.01806041378437107
-0.017220822456982202
-0.0177964019529459
-0.017571569810806147
-0.016338088250101756
-0.016525613304241144
-0.017164274090972674
-0.01668128767824062
-0.015680148470819704
-0.016189428079132265
-0.015720013534885235
-0.016050744780594272
-0.014898071089591259
-0.015949313820806884
-0.01562933977180034
-0.015471877653721072
-0.014069359242980006
-0.014599642454531488
-0.014935891795858634
-0.013965713992811487
-0.013714899769283721
-0.01370255669466055
-0.014348935096471989
-0.013041198795559348
-0.013038235287871224
-0.01255684825260455
-0.013220762576431648
-0.01346272189393768
-0.012344559536582223
-0.012178642473897527
-0.012932512942765081
-0.011778563335384894
-0.011096315738964687
-0.011845210617483516
-0.011990820821419003
-0.010612470580581528
-0.011208914825312527
-0.011415388311843563
-0.01116954616542698
-0.009824119487582132
-0.010643928681146183
-0.009690223869088571
-0.010727731655539287
-0.009064906855705188
-0.009017618064281375
-0.009845263831462964
-0.008632230718834557
-0.009224786188577357
-0.008633575773327568
-0.008553890061964584
-0.008511179039309074
-0.007683136025845364
-0.008005687578986512
-0.008373982918536717
-0.00805812452984262
-0.00803539508324785
-0.007896949346949683
-0.007652816253222891
-0.007194424458978323
-0.007446721225358246
-0.007214642549996226
-0.006641093550370539
-0.006844505032598155
-0.0053860382293222445
-0.006570086374950607
-0.006296527366865468
-0.005132428742126486
-0.005701528675942833
-0.004758933571550377
-0.004333532336730625
-0.005017444526647562
-0.0039026594274882325
-0.0037538916314454125
-0.003415648248096437
-0.0038927020071952466
-0.004172455393802488
-0.0032004651085387045
-0.003989933840317807
-0.0028243799587514733
-0.0022025436359705817
-0.002034345060569652
-0.0024792058723539846
-0.002762337635066494
-0.0018540509691983053
-0.0021834298952921006
-0.0010240639983840048
-0.001845408981942046
-0.0010178326504205538
-0.0010344686861856875
-0.0006931722396300237
-0.00044456537777732056
-0.0008672227367933778
-0.00020239578337327216
-0.0007812223501057439
-0.00044257421903398094
0.0004521424189689213
0.0009863185430154357
0.000591845241649818
0.001398568952583877
0.0014272611309198654
0.0006947576317445543
0.001603446547224359
0.0008601005556870927
0.0020191273574784088
0.0023965554272628513
0.0019251729859498705
0.0027389769099833415
0.0030761818160619436
0.0025645264367993846
0.0032052541051761424
0.0037206181653792222
0.00343997316631043
0.002804588757161559
0.003013046304520637
0.0038415617615929123
0.0039435470050182666
0.004926410745412615
0.003998852838591805
0.004983857433629354
0.00483486283360129
0.005181030061224445
0.005514885615654292
0.004999743398959639
0.0052814787589381225
0.0064694564684542434
0.006089699442257906
0.006620474421638737
0.005727509785342037
0.006974203461102842
0.006826787162728558
0.006900025294621268
0.0065430453420560536
0.007300057592871348
0.0069692562074061114
0.007144911297857878
0.008034598469214622
0.008045802971393937
0.008162444476027713
0.008319378792036222
0.009235863425617831
0.009167774082445347
0.008578214368980779
0.009298047094560249
0.009360326391508883
0.009991395403113664
0.009801969622989851
0.010659238424539799
0.00955235401621368
0.010317193191037079
0.010023336122332216
0.011336360439752526
0.010886064943462434
0.011389704188531859
0.011453919301469162
0.011897542767978818
0.011424388810140237
0.01177810491428123
0.011935572610830607
0.012280910149167008
0.013156273460958845
0.012898525646830849
0.012770877409683882
0.012895425204783298
0.012569579820113816
0.014060921592717024
0.014179006268739589
0.012971736361033557
0.01419164906258914
0.014014704313790077
0.013962756190797926
0.0136774328703558
0.014896509261050071
0.015247865502428673
0.014575425414671193
0.0153492352000988
0.015218475806507573
0.01546238359336655
0.01583988801633888
0.015700188452254148
0.016002445297666954
0.016471102686160095
0.016989180776988626
0.017249137222343926
0.015957766390117072
0.016941510869416723
0.017066156027195304
0.01729871289429343
0.016688034887520128
0.017691768395957222
0.017358462730681336
0.017762174681848392
0.018651686327438
0.017552895219432877
0.018087481830718066
0.018196432464074572
0.01819161048084916
0.01919357374233077
0.018775980803055342
0.020004008014922987
0.01884760191503279
0.01945444439120213
0.01985030631981343
0.020615004816346656
0.019421434197728377
0.019823177316165543
0.020784957480129353
0.02050398365575096
0.02018108847590789
0.021548410326430952
0.021353688535579448
0.02129872832609513
0.02062590950886063
0.020775914157940625
0.021351352874537134
0.02134001959292393
0.02260673267553943
0.021752112678134244
0.02265125394764924
0.022030906987599012
0.02189510030960504
0.022098986524484446
0.022624539382499375
0.023434754396510694
0.023648403489787088
0.023080463478287305
0.02317232084188724
0.023027845907687576
0.023561970668841237
0.024604758671917717
0.024453036943805788
0.02463219912559649
0.024345834446975356
0.024703520785292872
0.02453570712085553
0.02477325840053039
0.02478265273019295
0.02474359810389546
0.02474352935115755
0.025095585513919955
0.024919794966296094
0.024945938167393492
0.026448604421128202
0.025214386600484726
0.026067734490098478
0.02655758706511412
0.025840406426426547
0.026991425491903635
0.027328378560536156
0.027237829118944484
0.026133958244605297
0.02712858623840559
0.0276026473767619
0.02750857267644456
0.027872856920797384
0.027057781105477047
0.027817783523663278
0.028374218961519246
0.028334318511453457
0.027635010243534375
0.028820059773398528
0.028312015839825903
0.028930372267398655
0.028529956651991036
0.028633070368536663
0.029330653545236802
0.02838855133901247
0.028396500025139524
0.02901557755562465
0.028936789407851757
0.029923939969397833
0.02927377290753944
0.030067913880919853
0.029760441517649328
0.030155248916613853
0.029888392349075154
0.02996729081065478
0.03088023496326167
0.030044017756244382
0.030501212749731554
0.03062882377238197
0.030371585231621104
0.02998142584410962
0.031272420800371944
0.03145665027976135
0.031554141893287375
0.03175167154032533
0.03100494997506014
0.030664833907685648
0.032165410243093405
0.03160054781746956
0.03214031746535743
0.03152676365759948
0.03247943575370824
0.0318846006222352
0.03157913335778067
0.03201491387211107
0.03205152911195574
0.03170048910224502
0.03251212832857418
0.03178174309005076
0.0324842802045135
0.03237322084623427
0.032879104753071695
0.033003397604673426
0.03364140859420778
0.032735424225508784
0.03270717578512087
0.03265186316916201
0.03285619425282296
0.03291546668304087
0.03389349229218257
0.032916385473204884
0.03397452990853821
0.03392570176711389
0.03346339568363109
0.03455628804991833
0.03459309613519897
0.033284823104944135
0.03427528954296911
0.03460052072078722
0.03405653763493424
0.03484653065617705
0.034691109740038986
0.034198463418976165
0.03501690196046307
0.03489678662991128
0.03504842613097865
0.03478508859355605
0.034713482076949284
0.03510842626827501
0.03478612370772739
0.03470229418538973
0.03463973882343863
0.03459168359562109
0.03526591508937339
0.034563743525322446
0.0359367507384023
0.035986018854819675
0.03490905308568693
0.036029452235777304
0.03602591774204513
0.03527023831874149
0.036252441031906696
0.03529454960032652
0.034998850881446365
0.03541584725701829
0.0356351494327906
0.035723321130358414
0.03536895405951393
0.03545684479474359
0.035577914527558145
0.03584048422063449
0.03623951773715082
0.03552519408926907
0.03649040359802536
0.03639406485446721
0.036667574015200134
0.03676816503996741
0.036005472978864944
0.03705890456069433
0.037153722240477347
0.03599544867288715
0.036058848768509184
0.03668862183516405
0.036863819623963553
0.03594606340419836
0.037247906719723035
0.036334527248463595
0.03693025851956984
0.03713564353280013
0.03678520732814438
0.03621378228457128
0.036357161905257424
0.03646993923366111
0.03708036656347416
0.036435302171697506
0.03759824839575018
0.036781292958147416
0.03626597431712097
0.03726847691569564
0.03706641500072238
0.03686357371616962
0.036445435611743224
0.03668471667917271
0.03683160546249106
0.036930273269382786
0.03747475236467679
0.037797802503812754
0.03740819933464115
0.03748140264549135
0.03707076551045909
0.03687683768104841
0.03788982046238626
0.03694183436206672
0.03690227908459864
0.037487660912083734
0.03693800962740307
0.0366947680145319
0.03719891656441327
0.03716620666299297
0.037237467162304555
0.03656247579661854
0.03802171642687872
0.03677256727427974
0.0377063195810563
0.03754712180087363
0.03803726975864528
0.03781181751638365
0.03737935585021946
0.037120540309900224
0.03744711472545959
0.03679048049546677
0.03724868748386738
0.03713545879379316
0.0370895450777258
0.03721499201613043
0.037479008247574844
0.03774388390274341
0.03751494152842876
0.03754728417277373
0.03770217071959153
0.0373336171293186
0.03755445952382741
0.037391779167621896
0.0378110333871351
0.03697555998044763
0.03665147206632642
0.03753714326598571
0.03677853935323268
0.03712921654430187
0.0371451787991165
0.03656225423327336
0.03722253514425812
0.03757457806399947
0.03710725312496724
0.03746942575111986
0.036314917469737945
0.03669350821383641
0.036505212823162894
0.036322897693858616
0.036491180636199674
0.036738692079978694
0.036289452611671956
0.03684719002472099
0.03629335260518367
0.037019919784109734
0.0360455908051216
0.03728107891956417
0.036740149573699296
0.03624912959453045
0.035909409245194375
0.03626787194385867
0.03688886632370695
0.03693721201306997
0.036869828629560446
0.036518632605036794
0.03698991198054635
0.037118147557698676
0.03578224679846483
0.035942199761214495
0.036274319404704686
0.0366270602812762
0.03672655246963636
0.03639095062765105
0.03653581847192201
0.035442074240278475
0.03652350235254623
0.03624352750813693
0.035813855072880645
0.03540517377634022
0.035927080386971566
0.03540003461254533
0.03512324229211513
0.03544352397903864
0.035644132691422935
0.03517800801391434
0.03591659280418081
0.03622201684286407
0.03548895342401362
0.035447710377622545
0.03499094766794837
0.03495858429171253
0.03518365094956411
0.03594135599972943
0.035342062805546755
0.034887957557777904
0.0356092074135481
0.0348143565017079
0.03549833970430523
0.03511659644268834
0.035142566286440226
0.03451293612902929
0.035453917580053756
0.03414604245684348
0.034994783381352396
0.03532662377684978
0.034781879694804015
0.03459270184282011
0.0349667304681441
0.03427444339080101
0.03382709882211243
0.03422455556764606
0.03362019367569231
0.034668440280868906
0.03377518945608071
0.034271153032865084
0.03375026040473581
0.033913732854157524
0.033296294864047435
0.034275462615228736
0.0342471949982979
0.033039115410868174
0.0341177312295024
0.033563266920630046
0.03307248423300558
0.03287449070708563
0.03284780856136841
0.03362448049516054
0.03347750729718197
0.03262449132877759
0.03276848948344172
0.0333900491253032
0.03367685494662356
0.03241538245262161
0.0331416977854526
0.032187974710047224
0.03330823781624591
0.032909742585539165
0.03252103569296589
0.03303807772315217
0.03310437095352751
0.03300164481899341
0.0327612268366969
0.03287810546376198
0.03278717414635163
0.03144285381789334
0.0323216404615585
0.03239342231175259
0.0323525691486821
0.03150229036976811
0.03246403872204034
0.031996983692289704
0.03192422269533964
0.031692868983720306
0.030779168702782567
0.031228884585831892
0.0309227594187531
0.030914926395403292
0.031095498452408624
0.03184092082696036
0.031050476740651478
0.03149222742705642
0.030847782415100982
0.030314974472626884
0.03142658754631511
0.030858805177144177
0.030010067324451967
0.030982941484659448
0.030621909473320448
0.0307491942939123
0.02976702327721305
0.030771718032978596
0.02955403812742292
0.03045280681226094
0.030634189907655936
0.03046755416794044
0.03020057746284186
0.030375822573117096
0.02934969750685412
0.029251682278085372
0.029247193905971622
0.02986572897259903
0.028730039853653695
0.02963219926295415
0.02925257732362201
0.02945306443483423
0.029283143886236374
0.028467435021254543
0.02838469800558731
0.028655374530309058
0.027985287494820866
0.02915835240749521
0.028533827804912735
0.028311179050466394
0.028847439587968364
0.028378611942302092
0.02796188186468098
0.028389939449712895
0.027775613936995215
0.02743914153999208
0.02735300563521975
0.02720068671345468
0.028240371868897576
0.02774335041457473
0.027042399577788243
0.027106585654594062
0.02686061431986818
0.027403534776144396
0.026686447507174676
0.026948098183204275
0.026836473691608638
0.02662689347610795
0.02728737910664751
0.02729429459648493
0.026291231123533352
0.026777625007248698
0.027087706284553294
0.025629714086439912
0.026631142917863112
0.025997735792142904
0.02564907488281072
0.025560414786799608
0.02596678771776855
0.02544680615800855
0.025439047036608556
0.0251291083702642
0.02605153243916057
0.025831457717342698
0.02475269155258951
0.02474812275467976
0.02498241202623513
0.024666866053982505
0.025477956489321336
0.0248224031993611
0.024496998653688328
0.024920428934767428
0.024054107854167513
0.024202465383606868
0.025020328605992192
0.02445352805036502
0.02425616507548903
0.02414388072268821
0.024485724724793295
0.024028672008266094
0.023940345958697085
0.024259105695023778
0.02354424767623807
0.023680634425985916
0.02336992309029832
0.02394793315236881
0.02407826098299596
0.02329211786627165
0.022810684864378403
0.022681006383240117
0.022941778860886282
0.02353363900001863
0.022925592363886697
0.022305059831415473
0.02241525524160308
0.022991549032504655
0.02308545068577836
0.022667452738237732
0.022931946383704667
0.022667115440868343
0.022624111536215817
0.022803969572540665
0.021770787556078346
0.02231457243193344
0.02225313976501989
0.021778589866101542
0.0224356743781661
0.021313856295558778
0.022036600087623183
0.021385796642478926
0.02187032654276451
0.02064221230202187
0.021137258038552223
0.020618242196520163
0.021455056491258617
0.02092528847764106
0.021193421699929466
0.02135732980872453
0.020818465825923282
0.02032354714389566
0.020545226255537143
0.02005279012402125
0.02040216828558532
0.02068700152382892
0.019505480404391467
0.020852425895598575
0.019705599852763798
0.02024818266508165
0.01970518498484706
0.020321617965447156
0.019669167025900252
0.01904767195279923
0.01933046998332208
0.019933100832925994
0.019943456325668147
0.019549566969495526
0.019429881108553232
0.01972592015236708
0.018388253685784357
0.019605947659039915
0.018908520717655034
0.018378019171245416
0.018272510352996874
0.019412243568146484
0.018984256812497935
0.01894106868163266
0.018347069346506022
0.01887316088872732
0.01769303659417721
0.018880949899207623
0.0181333158605047
0.017959778589511373
0.017643281562945014
0.017118220144708277
0.017959204312971173
0.01772648829243638
0.017830636927045004
0.01741259674340067
0.01785397865495958
0.016983441734599945
0.017846921127190447
0.017515385803784114
0.017848735037964615
0.017707987793869142
0.01659464450782344
0.01702505338391317
0.016605520954362223
0.01620326235272482
0.016691532351056176
0.01587134226293564
0.01579574446125376
0.015991734177350104
0.0169859244056498
0.0166135918997095
0.01615295577572434
0.015515261512582737
0.016207368679290412
0.015643955522527363
0.015856773460641786
0.015774313842820725
0.015145697910961898
0.01527245126387785
0.0161091539126085
0.015363451682187862
0.015104382773832397
0.015687356207556766
0.014965127209777824
0.015412883477679811
0.014481980619615985
0.015176595142052472
0.014254130530560795
0.014521886093847735
0.01478413036709819
0.015514365742219082
0.014396050655848792
0.014789892203014965
0.01421391947049939
0.014721987614102003
0.014355882983968622
0.014144136636916983
0.013630382933200296
0.014093720716165645
0.013377936104668866
0.01387889894954337
0.014404709680240843
0.014058846360037543
0.013319694430517138
0.01320293522701495
0.013136492357159583
0.013027964861774141
0.014097768863249626
0.014172762601998505
0.014053113325425083
0.012795226337636634
0.013286274990801582
0.013071625101746991
0.013274998936591679
0.01246737348135817
0.013501176674592032
0.012409375266889476
0.013055183641771882
0.012132227711340817
0.012232176809725687
0.012055104114565675
0.012988139534073927
0.012204649210001724
0.01248468268673491
0.012365400589067812
0.01198471168001801
0.012040243021412966
0.012584047383758373
0.012287054796187323
0.012314885714051139
0.011480829603885818
0.012184644526091129
0.012310083420623529
0.011123824054716878
0.011497797065755905
0.011667577834062845
0.012106046793755173
0.010921896889420015
0.011595498975005463
0.010914733581543296
0.010997872406412966
0.011586886879891962
0.01186899116872863
0.01074684101304829
0.011065393565627312
0.010738675021395241
0.01105341479452123
0.010765211805033916
0.011212926374938434
0.011182142592171889
0.01006416734656362
0.010200288845850367
0.01107808366935513
0.010982932408406835
0.009949068759181385
0.010723753106345704
0.00980913617935681
0.010233870583776146
0.01001432769357636
0.010199371400016378
0.010341984940337605
0.010723552191130093
0.010138260813705084
0.00928101415676146
0.0105560396349018
0.010031119972434268
0.010148118756884426
0.00958593788740311
0.009522599801949035
0.010355006977442696
0.01035747821289759
0.009198488539037479
0.008802141440856231
0.009306981379503886
0.009704157841232373
0.009267829894392829
0.0085725412562534
0.009556113218691695
0.009833421433790221
0.008569566337077155
0.008676716427627986
0.009271358180035116
0.008976355217426362
0.008264653289214725
0.009525403344952693
0.00839132300566264
0.00822254822385913
0.009097336325450064
0.008658621509166634
0.007908606377282777
0.008483543806557418
0.008853866522640854
0.008978286357409397
0.00822529171113622
0.008934271389131367
0.0075681269687098715
0.008959927841015364
0.008395462865582999
0.007779463148387927
0.008823741810036813
0.007908608643717173
0.008089796518310969
0.008555326336163833
0.007708948313094291
0.007657452552794982
0.007105022394947085
0.007370940785010271
0.0070229139865444
0.008405454062094628
0.007385327013261561
0.008227910902612925
0.007550981159527761
0.008143503163071027
0.007630446188532079
0.0069139800846815804
0.007785118422011358
0.00662330188626121
0.007321556217048671
0.007049108062049517
0.006530949132609919
0.0063940621766000625
0.007223474939174856
0.007346878655854572
0.0077532881115784675
0.007693611423524151
0.006301164165100988
0.007334263120432192
0.0066715209521401985
0.006556373332235538
0.006406548204671562
0.0071370181222133915
0.005957206186215308
0.006210773020425221
0.007174299589427093
0.006252210910731814
0.0066332931673071
0.005978910731872738
0.006223146772398433
0.005835767459017243
0.006809965845525091
0.006672696207917043
0.007020995527557647
0.006204357388638758
0.006135380989682894
0.00621922062827062
0.006477314215290767
0.005836494906244497
0.006193331867148414
0.005501357234657575
0.006553064209236185
0.006561412619316929
0.006589339847497946
0.00520133031615746
0.006465699652596328
0.005854867919005124
0.006326146031859863
0.005963053565387304
0.004956875487642738
0.005591459708960291
0.005256326001467539
0.005747942620150515
0.005877885258359977
0.005911374438293881
0.005051145565795542
0.00500866430956737
0.005713757532883568
0.00566719491513067
0.0059025950839392775
0.005169918038963633
0.005171570947968257
0.005335704051459461
0.005904631091578929
0.005215846285708393
0.004898478959648903
0.004813731089066685
0.0045035205966092295
0.005361922320174913
0.005053014253422531
0.004221415832421247
0.005463601820479758
0.005373409699726052
0.004180304509865917
0.004745765320760865
0.0055005246501412175
0.005184608495625448
0.004007772269388784
0.004007121327785556
0.004599515048166552
0.004928988136255596
0.0043779015591620144
0.0042422273846678665
0.005138443815261716
0.004202778384966261
0.004427174365380828
0.004545724218869003
0.004981945788272688
0.004366023566760024
0.004751595001673558
0.003685337038063242
0.00434835517896915
0.004775600633725522
0.004614071122403711
0.004299013973761187
0.004149795184981331
0.004083688025682046
0.004625296848777442
0.004752197405850659
0.004335478310290475
0.004099403284418662
0.003926916194113519
0.003905189803882452
0.004710976729698917
0.004085592183511676
0.0039097595496616795
0.0037991464638147928
0.0034618427576332904
0.004218256964984592
0.0039053948524903404
0.0033982960453465038
0.0034608491003216228
0.004356770783174701
0.004363179870125837
0.0030852428166659026
0.004203138017881839
0.00375421597484193
0.0035375246735019814
0.003435949778129302
0.003447076117755156
0.0032250931791362888
0.0036267036240585585
0.003303580108943468
0.003896490044918884
0.0031041925929652893
0.0029380467475451926
0.004036270760003387
0.003572901683177246
0.003818511893809438
0.0026875002136251868
0.0034648636121212004
0.0031026144904897344
0.0028332804709802124
0.003760758826566308
0.0030651565846215208
0.003535612069042046
0.0029046002856942376
0.003664167771482582
0.003156134182868166
0.0032597231182797757
0.003805122264355669
0.0026974885191013783
0.0034046374488610406
0.0024685884265140236
0.0024433698112935613
