-0.0019507843014137292
-0.0011868382698831845
-0.0012235343902022955
-0.0015183375694428087
-0.0020774816571991726
-0.0017714766841115696
-0.002233367657802525
-0.0021009005935055808
-0.0018351043051664942
-0.001187583059628627
-0.001103250706262155
-0.0011657820089822836
-0.001319056493854929
-0.002096820940166455
-0.0024937194110602116
-0.002626731707981983
-0.0016576447344045613
-0.001614074302968942
-0.0025411498926834765
-0.0016814072062127003
-0.001288020432577879
-0.0025014350758744103
-0.0016830591806181359
-0.002388665184272195
-0.0014863122417502395
-0.0020116512646405306
-0.0028721144343386014
-0.0019158883030252045
-0.002823618778669625
-0.0021539637892450517
-0.002347644985350131
-0.0016574403236225346
-0.002839051634544142
-0.002523616564201598
-0.0017865704833574215
-0.002234841876640923
-0.0025052040414054316
-0.0027280362542980367
-0.0022907692142152586
-0.0030391442654647393
-0.0029526630204991665
-0.0018295575818500509
-0.0027316372213124986
-0.0026194183045921797
-0.0020254479621484942
-0.0020296224613519506
-0.002925661704980655
-0.0028939954115449664
-0.0030752354104175246
-0.002646948154497031
-0.003277933735679012
-0.0028970989437122003
-0.002514709053650592
-0.0031904219472801035
-0.0024613782789141003
-0.0031958876465282963
-0.0033767486982431666
-0.002338564127321379
-0.0031702877692104657
-0.002799021105978845
-0.0031065958768496174
-0.0029200566772192055
-0.0033458332839377456
-0.0030329591970079573
-0.002725083165139746
-0.0026878141366999866
-0.003691615345804627
-0.002703180954749928
-0.0025582376071693297
-0.003464869563685027
-0.0032108560306256828
-0.003312286691305289
-0.003961946298542447
-0.0033516931786547887
-0.0038958894517879114
-0.0037499593759985714
-0.0036246371956392353
-0.004111452273386353
-0.003592180838674323
-0.0034995577387678246
-0.0043222411284659125
-0.0041618932646467445
-0.00416643785798642
-0.003351711751692371
-0.0031259610133332043
-0.004548346908394784
-0.003697092146127104
-0.003409782706569767
-0.0041096665550909685
-0.004131922419587537
-0.004519857507006217
-0.0033096279603872666
-0.004317964320192908
-0.0034498557906401744
-0.0038738160975542663
-0.00405715663665392
-0.004088908929600801
-0.004930748704871221
-0.00476932457640093
-0.0035828749126534123
-0.003758642303184424
-0.005114963881218119
-0.004849589872155169
-0.004612289037361152
-0.005025268955382284
-0.004985394466861973
-0.0044277291227711405
-0.0049088524402909105
-0.00453040217242182
-0.005126600721754402
-0.0043535712762953465
-0.004832554017908085
-0.004345827090929481
-0.004103017940545909
-0.0054583959294266975
-0.005444542646366098
-0.005290059611887261
-0.005196744353340799
-0.00510066949799134
-0.004411714254277662
-0.005500019249755732
-0.005145213563942607
-0.005056713568725274
-0.005651072451064393
-0.005135400106000992
-0.005887573440856359
-0.006043760521743064
-0.004724248193874701
-0.004851104647383441
-0.004937732873106179
-0.005764855076966074
-0.006078486465652699
-0.005415522886755765
-0.006148141925139223
-0.006310462710365654
-0.005311709249242574
-0.006480853314066647
-0.006011178290382107
-0.005697741563914605
-0.006249669136617302
-0.006554375926087222
-0.006275228925060018
-0.006603891058480378
-0.006522381917530884
-0.005477796923751884
-0.005480269914256312
-0.006059928234956257
-0.0065624653676858435
-0.006865555524020321
-0.006429630795135108
-0.006166299001499163
-0.006745599188211987
-0.007304509445774481
-0.007122460101008755
-0.006574776023040844
-0.0069369210042691766
-0.006806129757601599
-0.0062798681778024005
-0.006659266276883582
-0.007262570217689064
-0.007643660421818977
-0.007519581696279469
-0.00660901346566038
-0.007817283013025852
-0.007861336626383858
-0.006811010703618497
-0.007948878863724503
-0.007139728934915622
-0.006797442056179994
-0.007620343074039355
-0.007502672957715486
-0.007279658573512812
-0.006994901840804478
-0.007066128189752017
-0.007416193609095689
-0.007983639563819709
-0.00844660572186285
-0.0073246038932535855
-0.00813311334741493
-0.008179766213718772
-0.008504391426364935
-0.008291401226969737
-0.007692771271779517
-0.007550895165891894
-0.008791166266820112
-0.008246985959689092
-0.00849946945666264
-0.007652661810679352
-0.008030382955668592
-0.008509935264769963
-0.007849705961648464
-0.009109073689408036
-0.008218110791924691
-0.00813498030074957
-0.00826902576002696
-0.008603617569928931
-0.008893941539822803
-0.00836189110913178
-0.009075364693122801
-0.009836227423599044
-0.00938528524640361
-0.008539425560835229
-0.008528386061843744
-0.008970198342647388
-0.009253699173511369
-0.010031884164421538
-0.009262246948260926
-0.009649533845458786
-0.010328367019015674
-0.009705953952538702
-0.0092454923589949
-0.009210331099025006
-0.010273210021631249
-0.01067500823050297
-0.009286471670767772
-0.00948055394141865
-0.010031895770854215
-0.010892075200721154
-0.009512770849698956
-0.009790425145765703
-0.010559920180675897
-0.009773723862673478
-0.009878812166389752
-0.01101666629318825
-0.010583039096899803
-0.011444109211980184
-0.010072321685266028
-0.010142267042993728
-0.010527205518306956
-0.010964958049601367
-0.011501727558882137
-0.010925658954107713
-0.011025262712480915
-0.011233478146875432
-0.011481605885352538
-0.010985493904067731
-0.011641765139723393
-0.012068247740069071
-0.011521659096219718
-0.011566921423661251
-0.011108030751918073
-0.011338254590469544
-0.011747768716303371
-0.012638799792922272
-0.012410922890033742
-0.011355843694021556
-0.012770570582137977
-0.01176625374269268
-0.011931153876729779
-0.011591764896244278
-0.012830415662328046
-0.01175817113601074
-0.012827415750172287
-0.012461170882218119
-0.012227318176886786
-0.013360700576098498
-0.013383910525775497
-0.01252369206370954
-0.013420323903950822
-0.012983307461835826
-0.012867257498072446
-0.013508462713602365
-0.0131800142500699
-0.012722270614925748
-0.013300943216112984
-0.014153312330569455
-0.013720630206090656
-0.013780221275599788
-0.013878517091453237
-0.01376363711774869
-0.013196352828911854
-0.013651040762249954
-0.013742742353135601
-0.014458760746032718
-0.01365260164659451
-0.013984999696244857
-0.01424496977804807
-0.014655411113592967
-0.014915538967154324
-0.014552149333677489
-0.015005821656788938
-0.014173107799180155
-0.015308710476938481
-0.014837151741329739
-0.015363564912544375
-0.015165345618103067
-0.015043093731378016
-0.015775327973154115
-0.015791298204825735
-0.015074677184596716
-0.015216115065246963
-0.016141382398606283
-0.016255236012686507
-0.016164387705165914
-0.0162540762215184
-0.01556678457776102
-0.015146199093084475
-0.016068286085152286
-0.016413345783193804
-0.016270121607552687
-0.016871085566883656
-0.01654892670552561
-0.016336836004228257
-0.015698951963446894
-0.016992638572411945
-0.017324274639799648
-0.016101658230757262
-0.017218166904739235
-0.01667132248846733
-0.016227821412008705
-0.017344926215161427
-0.01775552414454257
-0.016621997462608184
-0.01785524534026048
-0.017727338813182513
-0.01731526584149839
-0.01731090451926767
-0.01791582838470198
-0.017336261606397268
-0.018461720237273622
-0.018103834583470608
-0.017666249165517393
-0.018042427756693666
-0.018205715705750886
-0.017502921552988618
-0.018595170297986668
-0.018151158736006097
-0.01900970704454316
-0.019064866155697004
-0.019121080831674502
-0.01810901045228492
-0.018729296025268318
-0.019350237090415903
-0.0192501484763715
-0.01877203944256902
-0.019044921222167808
-0.019809466391106815
-0.019338016854451263
-0.019645920144544488
-0.019737700392513356
-0.020113236057996826
-0.019725147932366204
-0.020318706389386064
-0.020108917581120166
-0.020278773681963295
-0.020427787563683932
-0.0206422559680587
-0.02088492688761513
-0.020757224364760334
-0.020844461546771467
-0.02110252055694867
-0.021217962552365265
-0.020474787840079316
-0.02140091622718413
-0.020873235338878887
-0.020341517279910494
-0.020894044495545445
-0.021516447419521984
-0.02076743253590844
-0.02157184898688864
-0.02139661705751394
-0.021520491544154984
-0.02116632511304676
-0.021074645127628945
-0.02160806170427073
-0.02158109248703579
-0.02248906431677882
-0.02213511629347404
-0.02199407266481562
-0.021961268761125186
-0.022194587697165247
-0.022693979520602817
-0.021628458653445176
-0.021687200866214444
-0.02192765428252037
-0.0221048423408883
-0.022813306366588747
-0.022606542918744785
-0.022713434367401628
-0.023170321470724075
-0.023503379411315094
-0.023342329333646182
-0.02373259437084635
-0.023145038408698616
-0.023507262987336477
-0.02273686693475696
-0.02362919995047143
-0.022915264655530468
-0.023623497483466146
-0.02405092344183706
-0.02427868201849943
-0.024241797709225566
-0.024138726998683895
-0.02385069650305394
-0.023867167787142277
-0.02422641009328789
-0.025090426553622754
-0.025224037121423692
-0.025113988251991664
-0.025397899306280954
-0.024155691574122836
-0.024245802739952128
-0.025042284635919305
-0.02574722979033173
-0.02561917620409917
-0.02575498374029866
-0.024796916575184184
-0.025529996673041483
-0.025252498216626732
-0.025233484487464597
-0.025505088529993305
-0.02615998455246126
-0.025506163376554227
-0.026449651146173682
-0.02579347291637202
-0.02548357904717546
-0.02652808249227257
-0.026921536564054376
-0.026599567750577167
-0.027042700576453364
-0.02686207613527792
-0.026091235621255534
-0.02607952214101625
-0.02610332691068869
-0.027325907828113588
-0.027602850815114408
-0.02681332541460938
-0.02691822720457509
-0.027775777155728366
-0.027720666245844756
-0.027887854902814636
-0.027101436505547857
-0.02705001220893045
-0.028224709030366363
-0.027030032694869574
-0.02706519831593167
-0.028186859836960575
-0.028217512409466933
-0.02819885789982652
-0.028688415924324067
-0.02795477971980434
-0.02766237384595446
-0.02872794788117638
-0.027698392945555268
-0.02858132053929415
-0.02817758078331651
-0.028241182600499484
-0.028490113929492984
-0.029394077732365565
-0.029564667821915323
-0.02896799624818482
-0.02842522375962981
-0.02907480985258685
-0.029585200849503307
-0.02912380647987022
-0.029640516536113475
-0.029134777557521765
-0.029867033237230365
-0.029250340916246193
-0.030274744079597755
-0.029193799211185752
-0.030379438921474215
-0.030232677772838657
-0.030428705882668668
-0.030704840081408447
-0.029665295204322272
-0.030134203673613157
-0.029991916572950975
-0.0308589712480809
-0.030403716234535198
-0.030833064022436952
-0.03040495342365691
-0.030936747026413167
-0.030533163180141272
-0.03074503330884051
-0.03073950570643155
-0.03068058861904262
-0.03161666886594065
-0.03065408190875084
-0.03106044418242845
-0.0310161144089334
-0.03088829126969355
-0.030856657828075548
-0.030863534946386592
-0.03135815529839887
-0.03173545163797861
-0.03177566831442431
-0.03171835291667801
-0.031206702880769717
-0.03143026583868843
-0.03247722829225035
-0.03197922041243098
-0.031347962917262384
-0.031572362501088955
-0.03246181269664989
-0.032326878790757525
-0.0323750417731296
-0.031515105075523624
-0.03220274775726766
-0.03258343494397777
-0.03255417254257377
-0.03321618720694544
-0.03315648432405092
-0.03260260269108313
-0.033077040648554816
-0.0333616258267388
-0.032990091014995705
-0.03213152042147535
-0.03299493276664095
-0.03239271373833063
-0.0330747457896405
-0.032547377605521136
-0.0324724133001834
-0.0339139401334533
-0.033992696013919965
-0.033707685617375555
-0.03263803294060551
-0.03309853123368998
-0.03320120754101605
-0.034286392311075796
-0.033913933846321555
-0.03315685267451001
-0.033998297060225516
-0.033209758917881235
-0.03450307750151517
-0.034131199535490646
-0.03317380225647639
-0.03376997226960293
-0.03409606759772255
-0.03342517124155349
-0.033955897972257655
-0.033589146133606126
-0.03351917635516856
-0.033830396547642035
-0.034299902267987306
-0.03462615827898715
-0.03463093636259548
-0.03388363079873304
-0.03420058297876828
-0.03390490666463159
-0.03393301701579406
-0.03434961579342033
-0.03488517421064935
-0.03538585364448087
-0.03539808080073998
-0.033994149692051924
-0.03534435281673657
-0.03489139303630422
-0.034870201402291696
-0.03519543372845006
-0.03472577675739108
-0.035578638221140685
-0.0355874099066279
-0.034954827579406406
-0.03443272265177595
-0.03583962050754737
-0.034905934346210976
-0.035850158980111214
-0.03459476781231291
-0.03490324942598228
-0.034624296840818386
-0.03499608101056075
-0.03467895836025665
-0.03573400855909865
-0.03475636539479254
-0.03515277802435016
-0.034689005032251134
-0.03478921106052312
-0.03607682963705445
-0.03528094282983058
-0.03570885058540769
-0.03520859365209297
-0.03562615756713236
-0.03485762913780487
-0.035553302909559666
-0.036183297866517555
-0.03497066902364635
-0.03551099964879378
-0.03520313510279683
-0.0361713493326643
-0.03537485585370136
-0.0363153858120954
-0.0358707995853029
-0.0356839470006417
-0.03613887307330569
-0.035604940215607034
-0.036378942054472195
-0.035236839792325184
-0.03544659891674222
-0.03530474872534081
-0.03534040662331334
-0.03512668868391048
-0.036027403100685036
-0.03638431070399401
-0.03563852245663285
-0.035581805078966945
-0.03576752086085158
-0.03606103753412041
-0.03568897862570019
-0.03559310405902837
-0.03656320802541475
-0.035202356122332294
-0.03633417238467475
-0.03536706620618861
-0.03591501474201359
-0.03628846011864538
-0.0357643022463339
-0.035325906233643845
-0.03585008050208991
-0.036501665633293406
-0.03544614626994331
-0.036618556148286
-0.03611296289538647
-0.03575052759013149
-0.03560475296893704
-0.035459479662551426
-0.0353451790696978
-0.03613574565039482
-0.035285102754551254
-0.03525371115318914
-0.03580263212061502
-0.035665763885971175
-0.035809722136813375
-0.035315538051586964
-0.03521708035673939
-0.03529999772416699
-0.035667316665662606
-0.036291690626447805
-0.035376446228503965
-0.03612762406631389
-0.0353741399963756
-0.03524736861483958
-0.03507363299884718
-0.034938030886254745
-0.03596827039344588
-0.035939416417467354
-0.035939779026208686
-0.03514145515672104
-0.0355250308196147
-0.035033740073265374
-0.03467217747480199
-0.03514487455128436
-0.03456917331082917
-0.0351842717868536
-0.035417327199927906
-0.03483500359755035
-0.03553870495551666
-0.035807353617199604
-0.03489719927435864
-0.035450688135019816
-0.035485148075598105
-0.03475574133322307
-0.0343908139486969
-0.035590574953098975
-0.034948336270633054
-0.03458432147154645
-0.03519443340004594
-0.03395459580224498
-0.03478282765692244
-0.035343449660696406
-0.03500350307311518
-0.03374955431666476
-0.03469483791260067
-0.033762493786532316
-0.03379719919054002
-0.03420252619089781
-0.0347772925531599
-0.03453112862933442
-0.033430844561277734
-0.034711241028868266
-0.03344210384410087
-0.03398492919773171
-0.03325878708169563
-0.034563515143118805
-0.03405173425165475
-0.033036905120633404
-0.034363383135486904
-0.03330975119078203
-0.03369892460633332
-0.03291360457941869
-0.0339771046215444
-0.034063573347183615
-0.03359276314922485
-0.03257064254641695
-0.03328180573499495
-0.03292638105894336
-0.033741092089717574
-0.032374425548049306
-0.03238921933022524
-0.03239437375905763
-0.03224483540119453
-0.03201134811409948
-0.03224184119879584
-0.0327449148758845
-0.03236078922931944
-0.03180996633810994
-0.032736488494852965
-0.03187573971520284
-0.031920018557490264
-0.032603701764285085
-0.03243115805714943
-0.03197985416662076
-0.03149045233506037
-0.031004401869752996
-0.03215267446502137
-0.0322825483519839
-0.03215595324039429
-0.031209712733785935
-0.03194865711260559
-0.0317762174843839
-0.030702827334980427
-0.031059393238035905
-0.030199578452793804
-0.03053235994322797
-0.03071912731314206
-0.030290968263282352
-0.030344626237495058
-0.03112071114648426
-0.030576383481631008
-0.02982143684964227
-0.030649664065781727
-0.03051649637721779
-0.030008439423497513
-0.02935455448453426
-0.029835475801033552
-0.02927275068628109
-0.029961280169840922
-0.02999111553013027
-0.030071856141647785
-0.02926198532142376
-0.02948147503798158
-0.02953228521217799
-0.028415156636624854
-0.029339265846636237
-0.02890057771756572
-0.02818850656617595
-0.027955355997097954
-0.02826121456531888
-0.027598905735139075
-0.02845297663301724
-0.027463062371071118
-0.027825598413907023
-0.027245980088651197
-0.027856865742559214
-0.028140244223463926
-0.027055902548648914
-0.027162093968720356
-0.027772161259916304
-0.027664920712684386
-0.026303387772832705
-0.026474483820573713
-0.026393293484514923
-0.02644729742403712
-0.025992004141138773
-0.025890268319219728
-0.02560369934375483
-0.026452478864183213
-0.025552200727004447
-0.02533905361265122
-0.025424686289505755
-0.025506071742769934
-0.024821231926691795
-0.025994094796358707
-0.02513274632199968
-0.024258438882618735
-0.024204865011498395
-0.02443898383088889
-0.024362770637864333
-0.02385351736431431
-0.02383523831229489
-0.023714740794824173
-0.02432410618074414
-0.02378311279863811
-0.023281727568902018
-0.02390273198070368
-0.022751202329759617
-0.02301558636356421
-0.023476985551430504
-0.02339192140012757
-0.022168922499864133
-0.022591114683676364
-0.022173445478826322
-0.021726611622809016
-0.021743818711231
-0.02286446758301419
-0.02265249872198074
-0.022575252300723166
-0.022238280244167227
-0.02135377486626095
-0.02141364317764967
-0.021758039019543738
-0.021303556798176304
-0.020865023120357134
-0.020325152023674957
-0.0204439152142443
-0.020411073344396246
-0.020820735842793044
-0.020255200420587573
-0.02000876533297651
-0.019973304132878254
-0.019768334665115943
-0.020293816544101687
-0.019556512377495103
-0.019628202621082492
-0.01846942844309272
-0.019115386803137575
-0.01918413156462981
-0.019074036306592337
-0.018284884408488116
-0.017806140269843288
-0.018795268785396738
-0.017972530105686228
-0.018135824515523563
-0.017915206628229187
-0.01809262309601639
-0.017797565638467214
-0.017751013008810542
-0.017000061101567022
-0.016129706500118617
-0.017025475430358653
-0.0158307823455187
-0.016819865464614826
-0.015546276192316924
-0.016429899142237307
-0.015801374489325653
-0.01525875209470897
-0.014924888798615537
-0.014895839730667193
-0.015178783922795536
-0.015448387912630429
-0.01495726956563934
-0.013789202776240652
-0.0139125171830743
-0.014398014194420182
-0.013379400928576174
-0.013547814187507999
-0.014206953787124997
-0.013712277935566003
-0.013511412360291974
-0.013649234626810594
-0.012302700539013417
-0.012611248446987805
-0.012288327484242589
-0.012808736831919909
-0.012807808720793911
-0.011565501554899606
-0.01188240770886619
-0.011851154998892874
-0.011994776121852008
-0.011206738395789742
-0.011415490708914197
-0.010855639892104923
-0.011164500999715995
-0.011174811721691952
-0.009786731747582251
-0.01071915089735526
-0.009782497600658994
-0.00919057953478061
-0.01012702072693131
-0.009140169201176218
-0.008675988445824637
-0.008467361472849133
-0.008178092543377927
-0.00815320370605954
-0.009083222045657736
-0.007666075561931745
-0.00754176903559774
-0.008416722325227357
-0.00766357710039532
-0.007089815726360178
-0.00744020480960943
-0.006652919580028897
-0.007327187870662374
-0.0073635117463138845
-0.0066749400983118256
-0.007121525186134226
-0.006424186391749582
-0.0057268968750018795
-0.005613477029879406
-0.004971798507437939
-0.006062885135110045
-0.0049067422682814365
-0.0049631743803357255
-0.0044602641963821825
-0.0048502017790729495
-0.004720673129747595
-0.004594793333575032
-0.0033739399212786903
-0.003909884680510304
-0.0032633269164813387
-0.003175077459863885
-0.0033950267250727312
-0.00258148628624391
-0.003166560568759662
-0.003176465797564905
-0.002291041322809543
-0.00203446088955292
-0.0018198481455757442
-0.002274439236086103
-0.002029821954801463
-0.0019815836141950888
-0.0017335362820872357
-0.0005453148361737066
-0.0012446223814120165
-0.0013507651513192955
-0.0009996462010798156
0.000319925060395065
0.00034439056417117844
-0.00038406743192429346
9.787708210875453e-07
0.0003126434625110452
0.00029156596162435835
0.0014493342621180638
0.0011419240921028313
0.0013006073828532327
0.0018203708634652496
0.0010740391212527348
0.0009758131532751058
0.002088922831422765
0.0022886904171639153
0.002197320022876396
0.002055064164223083
0.002524250816678816
0.0021632446937092154
0.0027474466274055795
0.003430181992149631
0.003025155451917954
0.003255398814754261
0.003965613676599377
0.00468683065609972
0.004652364562031117
0.0041195957369746464
0.003914437546925704
0.004295795352130432
0.004809401489141669
0.005043069457302966
0.005708688772784077
0.0053810635898365105
0.0062338340914955435
0.006371646596750688
0.005623993305002431
0.0058123081607239875
0.006907347715475092
0.006922489727321194
0.006768010378020606
0.007546494139450004
0.007978573350994236
0.00759171132128448
0.00741766190315707
0.008412894712413752
0.008500642729012341
0.008818542504229579
0.007867689848489984
0.00911597459288349
0.008199669999477023
0.008919897528013337
0.008831688127913424
0.009032286271540865
0.010137240169746273
0.00942960908655747
0.010350122700612375
0.009462494035603751
0.010261987724629353
0.010609856418616835
0.009999848954427994
0.010242727812244343
0.011733413215835802
0.012025870110274275
0.011208016056802333
0.011185869634519454
0.01253665293954728
0.012037266602350908
0.012757272117795357
0.01259434165237595
0.012114300363132975
0.013164778508246324
0.012248607453264717
0.012599459367966599
0.013297239305390743
0.013381393418398535
0.013664863334422751
0.0145438069129349
0.014679985083989933
0.014726783531995628
0.014141093942931624
0.014321773299029303
0.014311431014066772
0.014678955394190486
0.014737721641091021
0.015548491310405593
0.0161492080960144
0.015988431760096653
0.015139930869027662
0.01641606059657047
0.01651659055605565
0.016177999034182468
0.017029283139755498
0.01720545920767969
0.017227726051937637
0.017164212879139478
0.017671588368445734
0.016681058165357594
0.018177553910382595
0.01731436390012623
0.018535450637134843
0.01823616370746742
0.01785640442506562
0.018400217665662993
0.01790002332876039
0.018720100300770814
0.019140104502589187
0.018665401076092977
0.01970276373154963
0.018664778112588334
0.01915058906150243
0.020292588721401286
0.01922873245804472
0.020307805232169615
0.01973734445308136
0.02018803342928267
0.020874616456416042
0.021379973190137343
0.020658544672754364
0.021018550040904978
0.021279013662916513
0.020629330091904728
0.021458986910042357
0.02234495050248805
0.021804794716149302
0.021653933909488055
0.022095015274845954
0.022725326960658827
0.022292130135549336
0.02318841481846374
0.022546227609469838
0.023161043036679135
0.022292856707837014
0.02250024229263008
0.023922642672720696
0.023821619200157736
0.023620628896277595
0.024306708842529116
0.02323734163155937
0.02350478789625838
0.023888107206883512
0.024127310766133562
0.02518992116066178
0.02536419451629394
0.025332497030507797
0.025603581151841328
0.024618879116815408
0.024851125676439035
0.025333848435830822
0.026214391851749595
0.025113367400746146
0.026525901192705096
0.025245592242627204
0.02651190604432425
0.02644455802959185
0.027006569999112707
0.02629631690904663
0.026017711256917743
0.026318682729657702
0.027101768893088157
0.027744506503024142
0.02732118467846368
0.02664416941375617
0.027517113321408975
0.02705465226905777
0.027901086610641383
0.028198723772329463
0.028011036303746267
0.02788096357004655
0.02749703255881282
0.028381213884047157
0.028450405614087054
0.028552167180030747
0.028862979403903213
0.028165949260802098
0.029176556582779862
0.029313827094526065
0.0290534640139801
0.029010949398364214
0.029714300072106382
0.029637878837490875
0.030027282927478836
0.02988066121206585
0.029416322056195626
0.029895448859987447
0.02940955342910712
0.030438533732226256
0.03017772790040651
0.029815402855570668
0.030472250229159215
0.030685980531785628
0.030477149487389468
0.03121290426850535
0.031226859243707026
0.03119975801657338
0.031233554791315024
0.03152748892344795
0.030588876615342705
0.030717998595395753
0.03211744601874242
0.0312321435204642
0.031619004056200134
0.03127711259858784
0.03125394929386125
0.03266573031505657
0.032242444401571174
0.03246664078037794
0.032135564737324304
0.03167917141705662
0.03174778430600167
0.03285093331807181
0.032677849231827386
0.031978750491667644
0.0332709792589386
0.03343454683317258
0.03345563852478323
0.032703812447335806
0.033867952300048534
0.03304946349829307
0.0329570893357222
0.0327425459057463
0.03403880172751522
0.03416480063676902
0.03392243746294973
0.03326221647854497
0.0337639430821315
0.033148670654705566
0.034632374940148376
0.034556392715539355
0.034069897961587284
0.033700476311099355
0.034726855539398055
0.03406962160952032
0.033826263141139956
0.03397122524082549
0.03488690105033425
0.03385453312753257
0.03402278232671853
0.03419608551178448
0.035216369116457355
0.03413302732681123
0.03546400582041712
0.03539168613872183
0.035051984055036546
0.03443404905686172
0.03551948020969024
0.03502751395919853
0.03463621325593119
0.03460468952262266
0.03539242506631213
0.035773780371158054
0.035942614385851224
0.03530651064010562
0.03534001535638983
0.035916545524031125
0.03643323065494488
0.03564373020905542
0.035406225153744704
0.036129371136759354
0.036359740262212455
0.03576418696693325
0.036208879448425796
0.03538763441920388
0.03636755452856528
0.036806347402903776
0.03646068133232322
0.03637092015460751
0.03627248612528913
0.03680498402651865
0.035770898119943086
0.03622249406192469
0.03591363501946005
0.03593326583377709
0.036634381009286565
0.036042162639359776
0.037116487339978986
0.03732109488463374
0.03618792196614745
0.03636982196037
0.037058424798694055
0.03649420705744988
0.037042799915147216
0.036942955293779514
0.03653111768659338
0.03627705797162015
0.03726186330875565
0.03685733327959397
0.03652377734902503
0.03676587640099896
0.03662513416356597
0.03743948070783418
0.03774224327334466
0.03743043971009241
0.03733664331857826
0.0374853066555446
0.036765122690912776
0.0363865143231083
0.03767077434226801
0.0374002995269898
0.036617100045289834
0.037313380826192254
0.03786763186696374
0.0379097944790078
0.037798444086632736
0.03714101581147034
0.03732608848705059
0.03754608435808601
0.03651164529741148
0.03689864559388334
0.03712493849263744
0.036621447461743756
0.03709906925176846
0.03739875452722914
0.036948529952723456
0.03746723740812566
0.0366518377179894
0.03776602207462138
0.03687292017037538
0.03757909414968673
0.036643325894149516
0.03658429501548208
0.03747840868439288
0.03741279396510514
0.036561783300236135
0.03714333596373709
0.03673975234186369
0.0376223070816762
0.0373161908108877
0.03692841287379945
0.03752105344995557
0.036667916359260345
0.0376918368250564
0.03711086082783989
0.03689420149882001
0.037522561603931553
0.03719847419833512
0.036799175064837035
0.03653866730636615
0.0364733616100235
0.037571931195650776
0.0370677095778932
0.03681231877571958
0.037576271891078726
0.037224588436683775
0.03740428490001605
0.036396686371264385
0.037120480952938004
0.03769381108945051
0.037291243704615624
0.03709504658519049
0.03662154179244675
0.03677171726424003
0.03622036693202332
0.037152338545600266
0.037161323197604505
0.03701156643308296
0.03603555866741999
0.037427581289579195
0.037436549062853465
0.036419587989996775
0.03720182926957154
0.03640497902816855
0.03591720789726429
0.03676069730339485
0.035796641543018946
0.03597294891690668
0.036556740575744186
0.03685031821852798
0.03698070802968673
0.03681464455346539
0.03606607124348451
0.03559749711692108
0.036402746911081627
0.03564580424918675
0.03606423053421635
0.036563937471885695
0.03621450653811356
0.03661861229159299
0.036724590649004685
0.036606730084150246
0.036387396564259676
0.03537513835938508
0.03588395942387263
0.03549426137147784
0.03500334147404259
0.03586987416904735
0.03576750972802369
0.03525895312161823
0.035244635408221356
0.035605663991471345
0.03478604709916926
0.03495811849480369
0.03493910493306311
0.034660857952502185
0.03527980733757693
0.034921885208456065
0.03524253473484341
0.035563186677798196
0.03471898402133657
0.03469680528409621
0.03458787150640254
0.03480942220933392
0.03410675806619764
0.03460460495459981
0.034037577058380286
0.03542464685975601
0.03436142219698687
0.034095950390771956
0.03414352063741264
0.03483584372306068
0.03439672425627362
0.034126775117039716
0.03483406046213693
0.03492405590798132
0.03446216801067689
0.034840274525885916
0.034472702607466536
0.03423865068575364
0.03435956789061869
0.03433257078981632
0.03334692910743535
0.0336679500605085
0.034108285970499475
0.03326931771612884
0.033429983052277706
0.033603044578163634
0.032961623628691664
0.032781842308409324
0.03285890725431872
0.03294206061816097
0.032975441539846446
0.03238527331641573
0.0326381055184068
0.03257750116257108
0.03309622007214772
0.03225835132028715
0.03317020715212132
0.03334026608478428
0.03243377870735295
0.033199031993392296
0.03243484959598341
0.031771756254061014
0.03268869066069885
0.031555116389152184
0.03164116227270383
0.03151857091633344
0.032448023853466706
0.03266586551872538
0.032425304532584284
0.03204398291462979
0.03151701214721917
0.03215330406873778
0.031516212535476866
0.031277591660161176
0.03190613592434855
0.03079195917999971
0.0315457516258592
0.031225546815089735
0.031352820430344326
0.031813287499792516
0.030689851896185
0.030726899826250095
0.031203732214092117
0.03055571734770632
0.03018270763588368
0.030314121454449977
0.03094950795304834
0.030176415103882897
0.03075001120838378
0.02992742120405598
0.030776400824880885
0.030395229587901883
0.03071429503804315
0.0294597465764309
0.030410412436643563
0.029871424504059482
0.030234373388247096
0.029493677808022728
0.02989306742098506
0.028801156454205123
0.029764150146503417
0.028797011196688906
0.029340855972119502
0.029920056127680346
0.028845237502655337
0.029705863941892695
0.02931350236818671
0.028186474458356935
0.028538095217496975
0.029172043004103566
0.028346993019006148
0.028908781033555833
0.028848622895604813
0.028330849265532476
0.028472089751749745
0.028765484708333833
0.02862862470046381
0.02788573493488346
0.028438286566298508
0.027613396190607462
0.02795172624523637
0.028119029172160765
0.028072986330003123
0.027800997236514458
0.027956525164990656
0.027376383233191304
0.0279288819391273
0.027307985914698713
0.027769993353374173
0.026390693081922253
0.027101220463105157
0.026408874430015414
0.026792942737659697
0.02602523236886993
0.026766350119746155
0.026720071200189554
0.026448555197010542
0.026818569622060945
0.026222345340592052
0.025794342366594114
0.02668850961913979
0.025915593937952813
0.02654000620352448
0.025273031769028564
0.02610740794835644
0.025977055382649307
0.02561627901447781
0.02621163115990856
0.02575806851298282
0.025963765327798174
0.02466610735494143
0.02453399400087513
0.024412240392256247
0.025105289598554712
0.024600310232100592
0.025366791537200402
0.025296603450374995
0.024167001187787515
0.025222841826747198
0.025140649860383203
0.023739388850935402
0.024347970135000778
0.023638862420731422
0.024281426894887177
0.02457086289737177
0.0236609676341657
0.023750715228797972
0.023483937120293643
0.023207889593692337
0.02370429078488829
0.023724251523528986
0.023324321328081654
0.023418139311624446
0.02326731766865331
0.02298998213109866
0.023500517743331836
0.02360205009994842
0.022408258419098888
0.022762180390594664
0.02324157973622704
0.023246355969219226
0.022990226378320565
0.023124259424870657
0.021983296332444634
0.021591244742347002
0.021535283295358174
0.02163884469792455
0.02158203376104088
0.022217876978697298
0.02118854247079682
0.021918901024302325
0.022256184265625572
0.022053038408595363
0.021100881746478686
0.020799692498366995
0.020866135908790613
0.02070805826263415
0.020877393116410816
0.02115116889562932
0.02031086735810819
0.020636468796806726
0.021163402318408377
0.02067425706436615
0.020494385671188258
0.021121313811907474
0.020422391358829704
0.021160949770469815
0.020704549097300087
0.02096641162653325
0.01982374899426087
0.019494310970309216
0.020238829065591556
0.020052199265911175
0.020232478017543607
0.020038268974512587
0.018932500592576083
0.019572465993298715
0.020043689270072985
0.019787375850299795
0.019240663551809974
0.018809252566743286
0.019403511865823037
0.019233568035000533
0.01923357458602066
0.018663691815135736
0.01922376204009287
0.01851545274199712
0.018690147806811056
0.018808229334998552
0.019061706749658885
0.018304833665392563
0.018861781622025064
0.018630525012977663
0.018897397261513658
0.017795644834448045
0.0182172237154935
0.017845334352519265
0.01769962299193565
0.017938863054351047
0.017134233673564488
0.017739592182506245
0.0173648916532695
0.01820859777359404
0.017825750035656396
0.0175219668670548
0.016489314895161828
0.016477322619259167
0.01647334426636333
0.016794959352720806
0.01722938056936944
0.016741767657466232
0.017302719044845618
0.01687922902544146
0.01687306644679333
0.016881697125545724
0.016634931401254455
0.016160449015419062
0.016140670110998387
0.015900993658881975
0.01572637466181887
0.016606694941180018
0.015847162922150805
0.01622179910250072
0.016429204835033857
0.015819199542513488
0.015535345122542692
0.01586593174856354
0.015103933371595511
0.0158958191279199
0.01611802713124173
0.014968158535985406
0.015457109738496322
0.01565847609123921
0.015427039933054932
0.015648641233085847
0.014699374612768826
0.014847009274391247
0.014722140637276037
0.01455398744342472
0.01498361010512207
0.014038794628017985
0.014568778818340414
0.014393456347762212
0.013769137835814628
0.014193561577575257
0.014424633865980283
0.013403727306907675
0.013787198170687812
0.013896825050407792
0.013462762988355992
0.013696520814538805
0.014030740478591782
0.014395351898527161
0.012992514514689274
0.013693160990028718
0.013887406246527045
0.014119233535597282
0.012808119600700508
0.012628127713606396
0.013861807816051622
0.01315036807788775
0.013444637291939995
0.01312827238944501
0.013624651482885563
0.012584647799524958
0.013470243983681664
0.01334541516553397
0.013407535685199973
0.01217708768148841
0.012397642211408263
0.012887691810922575
0.011952945546068358
0.012736061997027771
0.011717641434352413
0.012421604328294257
0.01151658249568105
0.012385814805210385
0.011519509225875876
0.011816298631339718
0.012524956866638903
0.011913976853165887
0.012066275703356609
0.011936756281520251
0.01136622264373136
0.011519233583380972
0.012174619750040833
0.011815850629904236
0.010761904270341094
0.010911081332336878
0.011945171338065755
0.011424453013685824
0.011159729197824613
0.011663558658428804
0.011600645839813828
0.010299302713313115
0.010951745238732796
0.010457914045076684
0.011192622093925722
0.010599572552120705
0.010897786069766774
0.010234608378514374
0.0111969276949506
0.010809616766174457
0.010777405630101775
0.010557996030923176
0.009924294905170937
0.010398047239859173
0.010726007189797163
0.010673409875918713
0.009739445225443519
0.010385042102960927
0.010450571076573687
0.010041388516386637
0.010556391867753477
0.01027658593755138
0.009783522430307503
0.010082186762725003
0.010283027757849466
0.009894384817448237
0.010194529538853664
0.009604688934482608
0.009398108399513942
0.009450420704305015
0.009463317817994149
0.009365499746133286
0.009423108928391084
0.009045206937381
0.008527264156190798
0.009555873007036137
0.009279237192516046
0.009357200249289325
0.008698085327996275
0.008065053781362585
0.008647886790999757
0.008927330804682
0.00885462146477536
0.008934862312626237
0.00847552302921799
0.008507816779562992
0.008819704549102463
0.009089468551939638
0.008315085614050876
0.007919291697495091
0.008372530578941202
0.008696447202933666
0.007472016441405947
0.0077848593153088935
0.0077935861696390735
0.0075880196088889155
0.0077361530689419155
0.00792059480808906
0.008098121747660168
0.007979882441896588
0.008221187074273729
0.007210915469289021
0.007160684945775902
0.00788587356771871
0.006837819800780614
0.006955319798639089
0.007885014904374963
0.007620278038837385
0.007291336815415811
0.006840125123713859
0.007316503260941723
0.00762878368827561
0.007811987229234249
0.006901976174642326
0.007286800164691625
0.007553320503452263
0.0066247963273364545
0.007748297705231073
0.006756234651976708
0.006341463875160448
0.006949718499039943
0.006583799687771508
0.007246584259961978
0.0071207179174272595
0.006981159140143029
0.006572815426539315
0.005973940503334424
0.006503642499421431
0.007128458073256707
0.0063398566357575365
0.006918161624625322
0.006428561523028462
0.006672582423950465
0.006783595630968425
0.006584481379426788
0.006540896020020719
0.00691836519669381
0.005662981582151742
0.0057009467405457325
0.005916794945100519
0.006337311349564107
0.00615019946209913
0.005701532085360408
0.006172554325719585
0.005794710158363885
0.00515545424605751
0.005484763250558463
0.0057593779373613825
0.005758877510809344
0.0057365416219866665
0.0057981781668902015
0.0061545236127609464
0.005001286877768737
0.0054543533746166505
0.006224223305415651
0.005118879087145724
0.005594443812145445
0.005565922721085253
0.004707590318129481
0.005138471239563454
0.005332051291177565
0.0048458132210947875
0.005864336556745933
0.005655920434429983
0.004978053010178853
0.005818254606967029
0.005442488739294113
0.005032317737507231
0.004713215284190843
0.004584694910362121
0.004415383503609545
0.0047711090379471115
0.004287261634462805
0.0055582987963474885
0.005309538259764398
0.005503328281363439
0.00506992626505146
0.004538066276961673
0.004592895760938329
0.005247513819158138
0.004335106596844045
0.004377190015889223
0.004232741106626666
0.0050538160270216645
0.005011713787349891
0.004461067409081865
0.004322376808523244
0.0039757823250017215
0.004569727897511175
0.004044012362425772
0.005014316046607402
0.004123496543587243
0.0036303066132579377
0.004720526327694174
0.004805592723715863
0.004130731511841116
0.004788408298503012
0.004252385616782878
0.004754099384377942
0.004427682538595136
0.004120995412203175
0.00445040424781025
0.004518740621428576
0.0036261266674079188
0.004122538943957144
0.003374058017500979
0.004001152604400555
0.0040831253288802286
0.003527123852839516
0.0038745832482376514
0.00352646039731051
0.003463190274617524
0.003699827753712999
0.004467390852545876
0.004073273605484299
0.004275956554924699
0.0035248355401456175
0.003635212833121577
0.003567464968971884
0.003281567248241539
0.003935549285069724
0.004008831654168839
0.00394588283263339
0.0037697466000206326
0.002889901588670021
0.003001086667809858
0.0035157841393281537
0.0027601429147568217
0.0039164884594332155
0.0037397944677820716
0.0033453964155758208
0.0040363923740018666
0.0035077046825786476
0.003399881055343461
0.0032098265094176004
0.0034493769561541802
0.0026066107384153238
0.0031198515698328913
0.0036494000827732506
0.002851264639723368
0.0037996564026154204
0.003175391601228128
0.003400780108079969
0.003702056272013692
0.0030947213794903687
0.003691060787498146
0.003234018646033183
