-0.0017194656138292516
-0.0009570588973991667
-0.0011409549108204705
-0.0023100276150010528
-0.0013777282420595533
-0.0022707596226974177
-0.0012117695950088535
-0.0015620078300117046
-0.0011559990552659613
-0.0013293034268718037
-0.0010657360954055032
-0.0014327787815499279
-0.0025049563680547378
-0.0023216336920394054
-0.0018266558635651566
-0.0023944107290143576
-0.0013658384968678284
-0.0026342747792327966
-0.0020646526230659835
-0.001241623023092113
-0.002351058982885038
-0.001851641729807573
-0.001992608120108784
-0.0016653730873155991
-0.0020573709535539756
-0.0027555377083683854
-0.0014370985637694722
-0.001727748674891096
-0.0018828281526322703
-0.0015911274858922382
-0.002307449814703838
-0.002391140952567999
-0.0018843862801912526
-0.0027072031110937623
-0.0023874070079055393
-0.002045374654620647
-0.002607336542249416
-0.0017696706548880965
-0.0017264676479790276
-0.0017398875797194542
-0.0026214007996117283
-0.002620610021660241
-0.002328982040975112
-0.003166985057635271
-0.0032319691687737887
-0.002166997708177917
-0.0024211238294472408
-0.0025496074634925895
-0.002869525413871453
-0.0022651263496732427
-0.003237034861911148
-0.003347347128404979
-0.0035431629081335994
-0.002701451427365748
-0.002603800406247488
-0.0027403130983465226
-0.0027786271187130508
-0.0030886923128788527
-0.003412636310897246
-0.00369086575383327
-0.0037031248633457026
-0.0025167154122453564
-0.0035673516969371676
-0.0029978369683107842
-0.0038737750419655394
-0.0028724384954920933
-0.0030393195665558716
-0.0031810622056178987
-0.0037050145831965574
-0.002819640997650755
-0.0038173043908311384
-0.002902729244835541
-0.003678198703587997
-0.003258373324928863
-0.0032674078386479735
-0.003573631422508851
-0.003468447363582492
-0.003657879100903145
-0.004118898975590566
-0.0029629617074031435
-0.003687108103916804
-0.0037094804990692653
-0.0034252670715056834
-0.0033742403098670506
-0.0038068814664270175
-0.0030843251846333834
-0.0037554340786900126
-0.003184728382709912
-0.00395398693668855
-0.00459012962503037
-0.004501188794076375
-0.003818284432324323
-0.0035221815861374035
-0.004542254748839664
-0.004151318106593929
-0.0036130161437666623
-0.003502647977475646
-0.004096636763078982
-0.004636553489495523
-0.004754667398267682
-0.004907000304434114
-0.005040837508718186
-0.0048203376202002645
-0.003725936797096003
-0.004554195336591028
-0.004666677277303534
-0.004394058402400733
-0.003951763553220752
-0.005332792248900183
-0.0046438037909995655
-0.004321639925046491
-0.005190002001463797
-0.005366664196638349
-0.005152066511090101
-0.004613119935329879
-0.005636893398043825
-0.00567516046174621
-0.005458373014660825
-0.004648667909033752
-0.0050130315207917095
-0.005149935455549599
-0.005744931089448855
-0.0055706355066055405
-0.004692738910208347
-0.005220342426396678
-0.004868590037381805
-0.005192821868268514
-0.004957072390011434
-0.005295849974902231
-0.005810048303880468
-0.006066120954973312
-0.0052950856591939335
-0.005166859916994485
-0.005842230673463159
-0.005203571816397146
-0.0060717740173155
-0.005275730325582631
-0.0058386159246528995
-0.005365189467978482
-0.006066380374258556
-0.006075189745895348
-0.006535387071829858
-0.005787868481040345
-0.005878863328293236
-0.00564034491050158
-0.006278542678225554
-0.0057071983815796664
-0.0068060750780253015
-0.006072239517270786
-0.0068492010529809105
-0.006373717988888719
-0.00712703490609257
-0.007305182809315804
-0.007311404420473255
-0.006412003037868647
-0.006258074776916495
-0.007252163618057456
-0.007112313563896287
-0.007447307396808781
-0.006901548991477722
-0.007001156356481994
-0.006785669576075632
-0.007509579017111725
-0.006868002068505407
-0.007304913807597118
-0.00687954330770659
-0.006613360803908998
-0.007667220446306487
-0.007251398337839527
-0.008130095517384875
-0.007557884621030957
-0.007239974861432989
-0.007186080043938988
-0.007968677659894107
-0.008094353023085704
-0.007505801980119469
-0.008074608524203004
-0.007209235802589961
-0.00796588332628973
-0.008360469224304624
-0.008237630582114824
-0.007549992963353721
-0.008223119085932628
-0.007508243012516454
-0.007911030232569966
-0.00834560984591436
-0.008039540694052995
-0.008477300911913517
-0.008545909910299184
-0.008400566144008083
-0.008384173086862491
-0.00793852951189811
-0.009070861021408428
-0.00925869801947596
-0.00942119921206269
-0.008204545112111182
-0.009625997514816399
-0.009614618564317945
-0.008776977945689615
-0.009414797376096573
-0.009887813677221491
-0.008916038215770977
-0.009305858546732264
-0.009218896329958492
-0.009850597305761478
-0.009967966731786316
-0.010200929605918705
-0.009529509554322019
-0.009995274522254082
-0.009325201477540908
-0.009440122501507739
-0.009471257862451185
-0.01021014280343805
-0.010654140236427221
-0.010079059094037236
-0.010047366276202065
-0.00987414507764108
-0.010060088076411223
-0.010966602091840078
-0.010082362304520741
-0.010657592247338676
-0.010097795070684371
-0.01066234636817064
-0.00989452852748351
-0.010606302958733306
-0.011206925460644845
-0.011112599984222104
-0.011323590834496735
-0.01113486802602849
-0.010988933891787412
-0.011667373689101304
-0.011542020747594382
-0.010916092393823922
-0.011591900570659968
-0.011343414799440912
-0.011983920365980928
-0.011784070982720126
-0.011905715256046293
-0.011569884161768434
-0.01163074487364946
-0.011194085789325932
-0.011417863241276116
-0.012063851748177628
-0.011198691292196541
-0.0125856527179422
-0.01185385611095232
-0.011715026695054585
-0.011943013447577547
-0.012601829988236952
-0.013016802657087231
-0.011996464441489888
-0.01204496811600499
-0.013057551421992563
-0.013036815633010677
-0.012928416573413844
-0.013047927637297155
-0.012307791117137824
-0.012193320221010023
-0.012544932740931004
-0.012353068552250638
-0.01388403778771177
-0.013817132035898516
-0.012839582548545241
-0.013990993066839015
-0.013711883286948423
-0.013161963218456635
-0.0142688759768545
-0.013929776830754338
-0.01315302265184178
-0.014546644550565554
-0.013598651240386781
-0.014640063855432563
-0.014381481643967964
-0.01442917214766138
-0.014679012675232974
-0.01457051894165102
-0.014436852532017002
-0.013998556117021643
-0.014065496809292371
-0.014661155394224466
-0.01507326356112757
-0.013986623367793835
-0.015404131364937847
-0.015206376195819276
-0.01441087046188637
-0.015102672502063846
-0.015124493120726216
-0.015392053984958264
-0.014997312909191568
-0.016022775495102507
-0.015962053838372833
-0.0158290557895828
-0.015546078177308492
-0.015338027436375934
-0.015787673790260352
-0.01654024101193491
-0.01564876094054734
-0.01587969602372695
-0.016303121293641427
-0.0164907646213693
-0.016838140173999094
-0.01628971440544988
-0.016026889159816655
-0.017105286346380057
-0.0172271374066747
-0.016496521554414636
-0.01713233246712858
-0.017426262920119163
-0.0163763013269053
-0.01674360843988271
-0.016732551810075016
-0.017211837904596062
-0.017374880264972893
-0.017194688912208947
-0.016696131377253825
-0.018091565503950576
-0.01718668387289361
-0.017779627207947124
-0.018014688921430943
-0.01732312756073246
-0.01798822587733556
-0.018394064546577493
-0.018594072991622582
-0.018499292995504832
-0.01797094921274292
-0.01768593696927998
-0.018633178394863916
-0.019116629796632777
-0.01826284452984
-0.018329697621640106
-0.018111818216298464
-0.01948826537470418
-0.019028789771270527
-0.018992810547965797
-0.019639273515566463
-0.019640957020942443
-0.01990396371077793
-0.019781373124874952
-0.019528881826931927
-0.019007311946823653
-0.019232753711141196
-0.01904934928110349
-0.020381519142265304
-0.019702637178591564
-0.019484060944531572
-0.019319478081490777
-0.020173110735569988
-0.020834389372079536
-0.02074511979802202
-0.019677461758295538
-0.021089144160700346
-0.020814678901879328
-0.021307702662287986
-0.021111779126749282
-0.020906006954893485
-0.02081346327216339
-0.020950750165362693
-0.020575913153227796
-0.021679496358469004
-0.020994493448428082
-0.02171504362736962
-0.02082994811053584
-0.021730314590673594
-0.020788249319200643
-0.02133163408754233
-0.02179815471218053
-0.02194942958827756
-0.022315398211187852
-0.022089997965609207
-0.021519231594006445
-0.022058532303741985
-0.022664805190107322
-0.02240105552657604
-0.022739744097498647
-0.023234338297532152
-0.02253784057264324
-0.02308701169977922
-0.022315149772815235
-0.023302266421490112
-0.022447875840915715
-0.02360223000841158
-0.023762274969533606
-0.023760199063348832
-0.02319274726325697
-0.022751363067648394
-0.023438858589488028
-0.024263094227897613
-0.02431262942954904
-0.023981491093092114
-0.023099917192409974
-0.024052126620285455
-0.02368902292715858
-0.023855803481191967
-0.023814407666708608
-0.024159356038119875
-0.02440688308133996
-0.023917844251148287
-0.024733715127274996
-0.025110801214242532
-0.025271220832787943
-0.02507957542256198
-0.02548815962916227
-0.02467133047445934
-0.02573038639877972
-0.0243501651569086
-0.025568274752940684
-0.024871246556353005
-0.024781551779691813
-0.025887717630327645
-0.02524645522508748
-0.026232217741578648
-0.025716144071367117
-0.025624694904582808
-0.02645203016404195
-0.025799418855879063
-0.02669754595951154
-0.025373898797068122
-0.026127408358193313
-0.026047963294504293
-0.026008108642593217
-0.02690068858127571
-0.027120163433541733
-0.02725797438871224
-0.027236098232237126
-0.027176128588934454
-0.027481137841514364
-0.026492365934835897
-0.027724451448031026
-0.02665130561734545
-0.02674630168242218
-0.026648507992981785
-0.027942653267974772
-0.027915540036283795
-0.02729812823134648
-0.028039698332728076
-0.028030937521169044
-0.02800681648045651
-0.02853493188866294
-0.027350870780245187
-0.028108087389930758
-0.027505451056189154
-0.027780475135179856
-0.028214673117896757
-0.027949003259884364
-0.028583502771964777
-0.027797363643221537
-0.02929009167570605
-0.027977133984980466
-0.028898126615685957
-0.029143735936614658
-0.029360517511770382
-0.028364920729495022
-0.02853110025094527
-0.02852420691630199
-0.029659497291226477
-0.029419475807137843
-0.028767923686706394
-0.030105245698779894
-0.029720046439965526
-0.029795827010669275
-0.02960291146404361
-0.029887099749510003
-0.029582587634102448
-0.030455921887910915
-0.030316252144227472
-0.030458568749799863
-0.029785372500817024
-0.030661459443861318
-0.030607055451157657
-0.03072664544881364
-0.029912521518896958
-0.030353671113402324
-0.030554627200797994
-0.03052589674434695
-0.031188743430336813
-0.03012212853781208
-0.0305183064136244
-0.031347814665429644
-0.0310154613476401
-0.0303349980173871
-0.03147912617310543
-0.030816255520401414
-0.03188600733907024
-0.031065591320309165
-0.031030505072010363
-0.03196480823189627
-0.03105998334287898
-0.032023747036815146
-0.032077841628670035
-0.032486380500087994
-0.031667753115982605
-0.03179185041712424
-0.0318603463131009
-0.0319884948051146
-0.032563084749042334
-0.03266336349138079
-0.032591858022735634
-0.032511958680556806
-0.03159160753499433
-0.031933464074436646
-0.03171978911971989
-0.032111738486608574
-0.032129754721605806
-0.03236775539076108
-0.032224400596460215
-0.03268569671087848
-0.03260560518635792
-0.03257255766128886
-0.03339865447002579
-0.033114791232273295
-0.03233921969377119
-0.03273624536210916
-0.03275155739295666
-0.03377435309198243
-0.03391212112950617
-0.03309516163396795
-0.033371595783384146
-0.03414456803411884
-0.03383453361914647
-0.03372364204103849
-0.033032661029406066
-0.03290673393780455
-0.03390918363926406
-0.034514948848796946
-0.03452336127910821
-0.03376100098859513
-0.03424131566447188
-0.03324680083448592
-0.03402426738119889
-0.03377064361031238
-0.03403941816719427
-0.033750892345326154
-0.033937562963855236
-0.03360728212051685
-0.03365174825240132
-0.0340371710154446
-0.034711673749443124
-0.034971221421823837
-0.035138452133103654
-0.033851679376889106
-0.03452157958394997
-0.03449728405438315
-0.03436457967892025
-0.03504983785751795
-0.03418632998940298
-0.03446492836080189
-0.03416562532831151
-0.03429913873396772
-0.035514612696378615
-0.03421745410039513
-0.03444209405807608
-0.03493844956644432
-0.03446142921161587
-0.03472000060979591
-0.034770347451725594
-0.03512033544138582
-0.035888854317734115
-0.03543378467592121
-0.035840811597147575
-0.03557002077702702
-0.03587377365627728
-0.03527261309072569
-0.03530117634088921
-0.03513861898660107
-0.03528897998512277
-0.035308778549107314
-0.03491362156627443
-0.03493368466370084
-0.0361486690256308
-0.0348046392676051
-0.03479297387340681
-0.036164911114072704
-0.03510068829571809
-0.03591001685437452
-0.03555922694012145
-0.034911055556360565
-0.035045270165367876
-0.03526571590201729
-0.036228211707309485
-0.03594479323028572
-0.0360930698842707
-0.035290185439489655
-0.03525790967126589
-0.03643039303578436
-0.03566736671387198
-0.036265415772023545
-0.03554073974362111
-0.03626981160248598
-0.03538913444075631
-0.0361196263772189
-0.03622613152869
-0.03530775782888794
-0.03661906942873504
-0.035421541361745475
-0.03603657652102757
-0.0354328054968
-0.03560620605308544
-0.035624243973735
-0.03595811708040729
-0.0356123289732361
-0.03656628166254904
-0.03611486853023945
-0.0360572392692827
-0.03580141931343593
-0.03625605818802436
-0.03591844768956536
-0.035886758078817145
-0.03648869445964003
-0.036334851178958655
-0.03600251623427732
-0.03555855235702882
-0.035155268170281764
-0.036194454361288
-0.03572856892508549
-0.035293796020784085
-0.03542841870194538
-0.036482618866541784
-0.03543949577457865
-0.036312665703225874
-0.03566259456607927
-0.03513601848511418
-0.03554396535015874
-0.035215633921098416
-0.03641904650969217
-0.03500192466286274
-0.03611399058918615
-0.035748733797880516
-0.03494414188502307
-0.03550462611991028
-0.035150411261888816
-0.03528807409062293
-0.03603200897543074
-0.03483993856615153
-0.036103649525645896
-0.035513740841681365
-0.03491116884295908
-0.03538075225035378
-0.035751994169672396
-0.035530046993191185
-0.034851001049601
-0.03558292675143755
-0.03469565248672149
-0.03595761723859676
-0.03541921352930612
-0.03595237575677951
-0.03458629556911634
-0.03577986888029248
-0.03550218290578988
-0.03546472243978677
-0.03475373413822911
-0.035637635129595516
-0.03522915051179736
-0.03447027794911291
-0.03547062538830546
-0.0345785744755932
-0.03508204396050766
-0.03408037645490872
-0.03487481892673142
-0.034910336537456815
-0.03455811318031712
-0.03398698344106886
-0.03376749594109851
-0.034887093102342726
-0.03473180471897425
-0.0349959863993707
-0.033594154966255854
-0.03431224343500753
-0.034208327147644546
-0.033418740331164126
-0.034571393032899043
-0.03336448395662321
-0.033748074092605336
-0.03389346122351453
-0.0344616908849136
-0.03360174030349939
-0.03305763578197601
-0.03345077592871451
-0.03412208246685651
-0.033944863127044575
-0.033379440221831765
-0.03407510289513462
-0.03285295124709686
-0.032767615992933624
-0.03352901285557971
-0.03337389623986124
-0.032356377195040815
-0.0336822945440035
-0.03349816913917038
-0.03254747969163722
-0.032380030041798846
-0.03220403944309773
-0.03229957903069078
-0.03209441719989431
-0.032067596939778606
-0.03237450854665902
-0.03289351946680612
-0.03183982011208546
-0.032130374595340336
-0.032690103227057045
-0.03147622895811972
-0.031830560668703246
-0.032599961215873344
-0.031094245033079084
-0.03191739021133938
-0.03204580610342108
-0.03212152322381273
-0.031516328993139935
-0.03183704407010577
-0.030722478802922372
-0.03185818713782049
-0.030422309257382974
-0.030850171044675394
-0.031380161397927396
-0.03149622883772579
-0.031078015467363357
-0.031369952341922004
-0.02985071671415484
-0.030988592452886626
-0.0310762682071875
-0.029673750633213262
-0.02975140934642518
-0.029487421575304804
-0.030411700002135077
-0.02932743629160547
-0.030131259789567696
-0.030172103178293472
-0.029008661322284416
-0.029656001933314455
-0.029128905769484348
-0.02869239937360214
-0.029394985179272037
-0.029329313046812976
-0.028720395669714193
-0.028377524729446386
-0.02845920730128935
-0.0279369726990527
-0.028368067241262347
-0.027921502865166124
-0.028535705594479044
-0.02820976937899999
-0.027764948831869387
-0.027982577831053453
-0.028075128497424096
-0.027296617397219416
-0.027518766589430074
-0.02696216668254388
-0.026665147706531563
-0.026623904457093447
-0.027302566417852576
-0.02731811194375006
-0.026848479503600857
-0.026073814494565653
-0.027052032655944427
-0.026587337107222057
-0.026647386604217484
-0.026600820268803154
-0.026172145858077055
-0.025526378920486453
-0.025202305973183632
-0.0252804415962291
-0.025823873958152645
-0.025792547419211675
-0.025216477206042993
-0.025515649814838413
-0.02548311617879674
-0.02451308959027026
-0.024799831857213343
-0.024071302751451636
-0.02377572740058082
-0.02429997202475179
-0.024553535655333057
-0.023293688881801777
-0.024586283960309548
-0.02382419362839678
-0.023164442466327533
-0.023845322145505755
-0.022631214331525012
-0.022905989057726436
-0.02258472091369322
-0.022331708691670914
-0.022224853346084667
-0.022569509444903504
-0.022843164111938367
-0.022340644417137998
-0.022268921728407852
-0.021555712004884087
-0.02122980677952852
-0.021313113509199694
-0.02187252020961094
-0.021468610591866506
-0.020804010459200287
-0.020808800945358287
-0.02091588913621686
-0.02115683631011823
-0.020184705338480716
-0.02104788437254326
-0.02035526756658191
-0.020337931529601783
-0.01934745665153392
-0.020049351134317866
-0.019784646881926413
-0.019514479297894252
-0.01865863630579823
-0.019060524219854675
-0.019226213049388652
-0.01950234812088617
-0.018648606445850847
-0.01803642837038808
-0.01826875108979798
-0.01783631291977002
-0.01862370231225714
-0.017796834727740376
-0.017222708416121668
-0.018273237872529918
-0.016727432212541617
-0.016854625412205535
-0.01752062863587568
-0.017559680789528034
-0.017174383834082707
-0.017254379352935615
-0.016197967500691145
-0.01693643765729954
-0.016312890000243604
-0.015288531226952324
-0.016416585059966887
-0.015520465828211994
-0.015623579515404619
-0.014667351589757176
-0.015187055934899133
-0.014545446967067544
-0.0144392318753456
-0.014714602273544613
-0.014065237550291291
-0.014041597775159379
-0.014644254640794566
-0.014077828211349853
-0.0135488429886435
-0.014163564148240515
-0.01350801219025299
-0.012904402869038089
-0.012685264922123709
-0.012969011036803667
-0.012976515157422801
-0.01282149862529148
-0.012737835325667664
-0.012296940293752447
-0.011878680866305317
-0.01217438221106709
-0.010931794650052394
-0.011500812495923952
-0.010996719449595797
-0.010427753719129703
-0.010241885133670688
-0.011293635376192119
-0.010320424205458294
-0.01015000916971532
-0.010519992304624541
-0.010057232891782942
-0.009228868777891534
-0.00906137439861398
-0.008530199383671975
-0.00840805718810165
-0.008401606656855937
-0.008051671281129491
-0.007845931001333836
-0.008069195756215947
-0.008737725597098144
-0.007622272438907774
-0.007602269922996535
-0.007721180342352621
-0.0070429589405982635
-0.007411677300349384
-0.007140242710536757
-0.0073873719005046416
-0.0062491822559528854
-0.005965673967526582
-0.006517092764852699
-0.005771540650801176
-0.005920825957174144
-0.0050337863563482505
-0.005934143635126281
-0.005515634289105221
-0.005304067012274753
-0.005285361222277369
-0.004634122942882486
-0.004039954204584948
-0.003963357046116129
-0.004279089408497352
-0.0037259009098396054
-0.0036334061008814985
-0.0031717247108114513
-0.003654044137441543
-0.0034273511121644664
-0.0031163754076947423
-0.0019936307605716496
-0.0032061312087499163
-0.002940337807257591
-0.002830086898528878
-0.0014149886776596014
-0.0019147112156833203
-0.001020694015350316
-0.002095529139520159
-0.0016462158736543096
-0.0013470466979160912
-0.0014889685213854585
-0.0005623944404038902
-9.929900082260315e-05
8.987347704076618e-06
9.108283784266469e-05
0.00033905036248472185
0.00046641990762263084
0.0011812387820722356
0.0013611418537263075
0.0005022361758390756
0.0006889441074381221
0.0006295330883555627
0.0013015877746417159
0.0016836000624353168
0.002243827602697465
0.0016524672023259994
0.002747234600731353
0.003016742133434059
0.00315954893082556
0.0036467384130728295
0.0035699810793459307
0.003205487869465132
0.0029222410668904106
0.004151241574693858
0.0038606274606816362
0.004152167884882372
0.0036036443470497405
0.005061129723639651
0.00433082641156531
0.004533114474940438
0.005285095471347383
0.004733939218093349
0.00521558620471065
0.0062615672851021285
0.0060155955275751705
0.0066672470578307864
0.005883733826332159
0.005812960470907713
0.006054307939631999
0.0065392466488413716
0.006383060037711427
0.006842357195142517
0.006837394994374392
0.007364911062651269
0.00792533607370601
0.008453767802825802
0.008486465209510444
0.008722575427927782
0.009073165963204413
0.009301953054584889
0.009023424918948541
0.009579827107860395
0.0088036953724352
0.00940011652305179
0.010066523087706818
0.010308538747517325
0.010756217383408201
0.009889573455345411
0.010592357546298066
0.01123452011649862
0.010282791219262183
0.011571619913076819
0.011319613395377568
0.011273806759932154
0.011531248916766122
0.011206422461773596
0.012094645467207534
0.012492281564134455
0.012876817081063568
0.013012970675167728
0.012383335744091433
0.013477719855769558
0.013073634027499547
0.012779283763147272
0.012775875347144382
0.014234981189580236
0.013913407420567262
0.014075134193557591
0.014302473089470453
0.01409948466887643
0.014873860084416398
0.014055832375436261
0.015169091294873132
0.014250526104101244
0.015101938899951487
0.01463663519362855
0.015170363890561027
0.015447227035070944
0.01516474813453327
0.015472783352400345
0.016695457908885922
0.016274271326657076
0.01712799046334223
0.01733336116103033
0.016326757714184417
0.016906002282988674
0.016556886444030333
0.017424707808156772
0.0180433888683715
0.017127040615612023
0.018646426713339676
0.017482208533853166
0.01815228478239219
0.017688586140865645
0.019298484804048718
0.019239370929413215
0.018380547071748195
0.018876498700780713
0.019909079397663208
0.01945149430987774
0.01944632872757913
0.01948075125269256
0.019904767722140154
0.020171586695491628
0.02034129362974597
0.01973034272850451
0.020420697331670044
0.02145125565355052
0.02032536127378869
0.02043986844213148
0.02175356194956034
0.021802786676564597
0.02169907452304394
0.021483773981974298
0.021423502306538847
0.022456220981224084
0.022051107182208145
0.021760264425795
0.022249346779157565
0.0220071849573679
0.022128327788071132
0.02342495860869513
0.02230359777670907
0.023522344303274382
0.022929789598786884
0.023135999932732573
0.02334225600246648
0.024281962678693904
0.023812867122386252
0.023899903056131887
0.02381246026801534
0.025104195396529312
0.02504136291465687
0.02500329612680415
0.0248481871815988
0.02451845684033077
0.025365767177238353
0.0257403747913605
0.02500445641612589
0.024947681153749256
0.025179934419434478
0.02538067100028086
0.025483031173895103
0.026784057250639124
0.025680031373604757
0.026980476843453925
0.02610720864000831
0.027265469760572907
0.027232957184222646
0.0268270438224491
0.026336539083087782
0.027297399936332924
0.027211829605159398
0.02746316443046297
0.027883015857857966
0.027490976777100225
0.027785783570459337
0.028481281217858558
0.028639016236051994
0.027740645393183928
0.028481958477128082
0.028509702611360845
0.029206471458866963
0.029276821972051177
0.02892018568017175
0.029216692090249276
0.029711263606648487
0.028603121138602385
0.029349467762810857
0.028741364513136674
0.029093277705061968
0.029575515765806935
0.02989885524843928
0.02988127076543675
0.029840821969520998
0.030355663964139606
0.030378013529125652
0.030617969853336032
0.029839177010701462
0.030990696182829243
0.030837867918365302
0.03111137969826042
0.031108377280111833
0.030162855618673167
0.03128330934987702
0.030431297730052525
0.03192092765899166
0.03136349584236673
0.030950093249731987
0.03212859388418244
0.031619039311573977
0.031625416430369174
0.03162804496849045
0.03214835469241414
0.03216840037141624
0.032506579665223884
0.03149695124404447
0.03230181554012985
0.03182452100095352
0.03234191027609269
0.031877569907504386
0.0329657642255491
0.0323353289687177
0.03325555987744462
0.032503615844067864
0.03297225381470238
0.03281189281881282
0.03374705659691253
0.033351038522328263
0.03328455473791534
0.03280993982090066
0.03297347176050896
0.03333937919622768
0.03373824047904224
0.03320324096710806
0.03425597418316658
0.034437167837892385
0.03402196566936239
0.03367983760332622
0.03348466137871777
0.03386712366329318
0.03383061717262412
0.033756794387325297
0.03451974495824236
0.034865888172518
0.034479090114253354
0.03459220249679301
0.03426453089909196
0.03549770695231206
0.034859947518229704
0.03426299302419675
0.03483473673235042
0.0344233779063689
0.03495083538578193
0.034755940783996256
0.03493763520235789
0.035807140505778115
0.03602042957913822
0.034619514771258623
0.03534162770622494
0.03599286616973175
0.03558100444857291
0.0356109066803354
0.03627220595634414
0.03508573880191312
0.03544978657562588
0.03507058562229991
0.035853835340286896
0.03570720800193692
0.03558057218096718
0.03668750945584094
0.03660983617258084
0.035969242426840096
0.035665265564735524
0.036295235484836076
0.035522081919667686
0.03673288721302275
0.036494160975778234
0.036046285675752826
0.03632468186426214
0.036573414806989175
0.03572510153149186
0.035907624281906046
0.0362195125899349
0.036352107901743945
0.03705078806149097
0.03613893642264161
0.037228707725706335
0.03628466642255754
0.03624066363144042
0.03712028985093648
0.03653728120062541
0.03755986122409013
0.036513555887125446
0.036563351372451064
0.036681662729438916
0.03663462047246144
0.03626516507332306
0.037130042940835044
0.036308663686889314
0.03763460027123024
0.0369483140356735
0.0371002602184947
0.036732244964207066
0.03703371674675263
0.036891847754980396
0.03742044459881438
0.037456637326494735
0.036578591998617745
0.036461389164327264
0.03703012765326626
0.03760817446053992
0.03730843046865796
0.03658154169214361
0.03765986500615687
0.036692568289313346
0.036921657780918174
0.03735121654370668
0.03673035824046007
0.036684112578614064
0.03720816806313541
0.03774165080083125
0.03789966908882159
0.03792543868197943
0.037219406401877216
0.03704946986329059
0.03730639501747463
0.03762095537176605
0.036995771264699606
0.0379657886858738
0.03756852948374095
0.0378711087458696
0.036950084227700394
0.037034394271838696
0.03794709291856161
0.03783944823014272
0.03786916044363573
0.03764643172444912
0.03761242755206521
0.03699020567223837
0.03699800852559414
0.03697447600842811
0.03792614592454463
0.036808172283600414
0.03704624668199426
0.036775988577810684
0.03691849921476221
0.03694771411737061
0.03655283951407624
0.037680597086912425
0.03699340792293177
0.037643131526416795
0.03724211651890847
0.03769244995174346
0.036915231689771656
0.037430523933085
0.036260111396892614
0.03752115635136223
0.03663556081124232
0.03730693783283163
0.03753949554656454
0.037323222786096344
0.03703377359935875
0.03664454794959526
0.03750794520203417
0.03619812662454561
0.0360718638538913
0.03622006679590888
0.037216240086393584
0.03595751453282105
0.03677914207384858
0.03643157935922693
0.03633451692427054
0.03713014439118828
0.0361564649005607
0.03705549119684064
0.035893822443786194
0.037102003697431024
0.03612528680925849
0.03648799855881471
0.03689691390369439
0.03585892671615005
0.036667809218736185
0.03694575481873812
0.03675901120359918
0.036787900271527195
0.036159175201186146
0.03611030754223989
0.03579353545570479
0.03554088279950492
0.03600526103007176
0.036348844939418846
0.0353608359899159
0.03523871449905384
0.03528410825537899
0.03557896633440324
0.03558191850262647
0.03585887382766738
0.034910258538611176
0.0351668201184905
0.03477781516340755
0.034696815001490695
0.034662069151588905
0.03529410977712203
0.035612108423967795
0.03462439967311113
0.034608952008864304
0.035315402995497874
0.035425365559236664
0.03504135030199256
0.03533992976841616
0.0342020325526419
0.03415489192904393
0.03503300085282304
0.03498551814857257
0.03414140775452361
0.034725517003329494
0.03518828387846319
0.035181182496962636
0.03486210379881024
0.03482466451816832
0.03447733298073649
0.03397984825240316
0.03494875796427011
0.03435044492250794
0.03386389310201873
0.03386624183182395
0.03464273787489005
0.034002058721207894
0.034220426983381555
0.03373190237627672
0.03387497934350275
0.03302162516692437
0.03394378407753919
0.0330025589367667
0.03355435800203325
0.03404359289638973
0.03322153702934411
0.03273826671163583
0.03263928072154364
0.03375811815155362
0.0331688830425752
0.033278079314291206
0.03230476214963705
0.03239633558844469
0.03210142916825846
0.03326946246988115
0.03267124374466696
0.03225854329571809
0.03197147371957412
0.03225836916274871
0.03242438076524242
0.03195820406254061
0.03236547703118455
0.031748000068298816
0.03260762749920029
0.03179787548236932
0.03154005202024223
0.031779083957706275
0.03197554652354627
0.03113567606573545
0.031038840868256336
0.03124865517820742
0.03114893450850129
0.031741097313480855
0.03212825179454154
0.031990368234800996
0.03139867972343603
0.031338929720587105
0.03144334577360229
0.031117010989267984
0.0313216262882705
0.030554541498453155
0.030818261607370532
0.03046216631709406
0.03132871618673189
0.031229238071699063
0.03054101743798873
0.03002945559413957
0.029898654425849037
0.029762474956110996
0.030093196971852067
0.03024076356912273
0.02930474009160419
0.02977009190382223
0.03025171866114571
0.030470613820859277
0.030299157154048035
0.028943725234098393
0.029495520928296225
0.03000498820648838
0.029675715392895572
0.029476000962819413
0.029533292585215903
0.02942644690974342
0.028555473490939138
0.0286361023626203
0.029007768347650655
0.02942268031748213
0.029282062105322543
0.02901916927355004
0.02827052165878232
0.028546697736180047
0.02890139895764785
0.028793260635434383
0.028259761875745065
0.028896083828630185
0.02742720334719676
0.028668998699397152
0.02820031837590133
0.027398949053333958
0.02850084451111553
0.02807345898896346
0.028153086699752396
0.027559691401923842
0.02774146188614385
0.02744474605671798
0.027334361300701406
0.026606140230829033
0.026809487713607257
0.02624994641985341
0.027522577446061975
0.02729784436323164
0.026619288445155747
0.02625836900268828
0.02632780082161851
0.025784510417843187
0.025914898562156157
0.025893629342846634
0.026315682069394983
0.026384376862164625
0.026124491306068132
0.026275522786537657
0.02527203089399488
0.02638070643878062
0.025563463997549406
0.02610455604989083
0.025807569159249304
0.025340762966724703
0.025970876587198738
0.02545244032944237
0.025155218242587
0.024748787806002624
0.02493309252787401
0.02506253244008952
0.02410488778773902
0.024186427202999652
0.02535439076641227
0.024831783704768743
0.024558473931630354
0.02400896250319948
0.024773542333949676
0.023500667920663697
0.024516382465220213
0.023566495923573082
0.02328561177103735
0.02426854327543244
0.02439444676048129
0.02389920295676861
0.023270285541861214
0.024220511219984073
0.024196637624664744
0.02306649327543708
0.023201503390617342
0.02306620724283616
0.022630941236133365
0.022970876245496333
0.023531416004210586
0.022280856197692888
0.022621522876235964
0.02237613325187334
0.022575658003891688
0.022282624972035134
0.022002119188245878
0.022695945304859386
0.022716086503775865
0.02244858861485801
0.022720890437879466
0.022147469752946
0.0225500633010327
0.021598190925308444
0.021757075599426298
0.02140970975226622
0.021020071557513974
0.021603000489468543
0.022084993073070852
0.020710679837251268
0.021193382249560768
0.02037851930084105
0.02101160284265747
0.020470013321190705
0.020486721605062624
0.020688904966007938
0.019946172912272297
0.021336841393778144
0.02054687030776373
0.020537112574262974
0.02022485583655946
0.020491156140881303
0.020055866348877186
0.02074115777185785
0.020678352577296607
0.01920913468404296
0.019284384339149436
0.019396259625599904
0.019616766673724376
0.020073012706092023
0.0201056837482799
0.019983061276921142
0.019442005798173897
0.019155862395859955
0.019634774308167752
0.018519754239745525
0.01879308368863688
0.019265813843068205
0.018344450610253592
0.01935403352592425
0.01849910026876176
0.018949078844820895
0.01830717373652891
0.019160601614955388
0.01838320847239496
0.017572814152507915
0.017706271358667428
0.01845256130607415
0.018769356794485482
0.01719845216147889
0.017469696300642986
0.017632963507527914
0.01736423573089133
0.0177583181856113
0.01700386370116259
0.01791263293793176
0.017657610478043408
0.017121038093669175
0.01760615801840762
0.01680985335506369
0.017762019202982596
0.01629995570240655
0.01657906661471127
0.016187608263671667
0.017322156243373927
0.016793521043458985
0.016886545735172558
0.01716210010677276
0.01677601783600219
0.016570558511926445
0.015618293287648796
0.016946299818345143
0.016023198289304753
0.015774055303998145
0.016150145297803332
0.016300564750447603
0.015493034796390769
0.01558123972197602
0.01570303055261741
0.016322537056662888
0.01569836185011852
0.015595169942513913
0.014890295866246548
0.015072630456914433
0.014877922747524062
0.014791934380994931
0.015315434548287057
0.014366775106319769
0.014199694725945072
0.015404782801595995
0.01426343090221201
0.01530903025771977
0.01424290641561503
0.014059932214727573
0.014538713323315019
0.014105580128777438
0.013677910841767347
0.014242205382297162
0.014707738727283705
0.013881160626484647
0.014156106012004527
0.014701898058762614
0.013392215588220612
0.013444268024296853
0.014525541945058493
0.013896149347048378
0.014196186473411162
0.013465375222763611
0.01379742023127362
0.014126950388740747
0.013620332416229662
0.01358144812405224
0.012518743202278288
0.012426030680670093
0.013126850822353276
0.012609020666638925
0.012791983673561953
0.012449039520119316
0.01294288584264396
0.013062835699460474
0.012161233025490445
0.011981377975426715
0.013284247232697735
0.01187862439425589
0.012114124098381506
0.011828680785071256
0.011981808514584578
0.012348332676988706
0.01264015469613053
0.011431385013793812
0.011382704207590822
0.012496489333643734
0.012185083655687625
0.011538067884956395
0.011131315340408688
0.012117432188762869
0.011382456031755965
0.01163909142730897
0.011792769289117754
0.01090791830467007
0.012049504703994343
0.01114854249349984
0.010987313102966571
0.011787654382733902
0.011796494197103312
0.010928012027142824
0.011013822034793173
0.010877812887749989
0.01101052266433745
0.010966705380047036
0.010416719867208369
0.010428134139219862
0.010228542659962519
0.011041279214956203
0.010467553036741163
0.010582761374969978
0.010255247033751361
0.010034838038346745
0.010551647195022343
0.009999634795612616
0.010152489228248492
0.010199893398243917
0.010378509827818945
0.009414029048661968
0.010127496310964023
0.009810087963526691
0.009603940476750542
0.009175697752970792
0.01034389230515017
0.010198501568813193
0.009211286406481846
0.010251882498139176
0.009093933247989005
0.00911152579515619
0.009746548255064883
0.009485949503744241
0.008829831337755304
0.009973384587194907
0.00890301332956988
0.00944545692096114
0.008598487814207639
0.009063560814438522
0.00906512726518384
0.008857001000485509
0.008746409261171647
0.009141415698419917
0.008639197124561819
0.008205425826089564
0.007949682553500328
0.009251472464215434
0.007810553674118941
0.008735946499323433
0.008274927326134732
0.008283553413578544
0.008108908788224699
0.008049303262218714
0.007589708012407855
0.007572774548988897
0.007575840617992166
0.008111765800214754
0.008543433144989366
0.00823186593366618
0.007861326483749435
0.007891093762647966
0.008498774269836931
0.007916992990992251
0.008054352977316432
0.007123591740455586
0.0076896325265619295
0.007758862763167757
0.00828008668287326
0.0080209230029492
0.007882663931197428
0.007246103883969438
0.006794202474271814
0.007025964156060482
0.007531429551007611
0.007371828725866692
0.007360089573777463
0.0071071349177425575
0.006765740002736005
0.0075060630576276426
0.0069731566297841175
0.0075322192635371415
0.006229144952668199
0.0065443745000585635
0.006241463974196118
0.006259464854636905
0.006464945661245526
0.006059993475974801
0.007403309693700825
0.00716428594308557
0.0065401059780834155
0.006602612349929131
0.007286436091988278
0.007258934405093411
0.005911587395209093
0.006117139009851302
0.0058943125364243594
0.006797691009530721
0.006094311166291922
0.006353352600524805
0.0056507896037504115
0.006069963496263779
0.006274295448865488
0.006298856725316086
0.00678854150675173
0.006283132248576848
0.006413397325084643
0.005342942992037722
0.006530731923636319
0.006241668149233116
0.005831011131925949
0.005565342519561835
0.005595255937603946
0.005187577020602628
0.005035883988164844
0.006338160156137427
0.005891567174335095
0.0057629889276867635
0.005820643137744178
0.005913509216851945
0.004982753999779385
0.004909093911035943
0.005022881821676651
0.00534629425100867
0.005423899846112605
0.005513724050534908
0.0058586471868201755
0.005302545753966814
0.004801117556772674
0.005311448287269147
0.004524905126097835
0.0049994438039094044
0.004378073886994095
0.005552787151910595
0.005097270937705027
0.004711120459865318
0.005322185182040699
0.004839234828816477
0.00465840246164282
0.0046943820940153706
0.00456086459984078
0.004430789590555134
0.00465615651405324
0.004407370927104281
0.004743756680665213
0.004391561162012526
0.004332003310709303
0.004086596491878786
0.004095028457022951
0.004809643562876137
0.003942869788084846
0.004066736690100639
0.0045445189283750895
0.005097938028623183
0.004888036424332271
0.005128611294358456
0.004703553845477145
0.005066306020210484
0.0039533358236466636
0.003934362876769415
0.003943915722324578
0.004981428683706925
0.004453161222150069
0.004126559125564492
0.0038421000843857256
0.004281413096603149
0.003670626255598607
0.004013395757914453
0.004166690193029337
0.003567581641834114
0.003941082628930395
0.003740204952084228
0.0036376067524844383
0.004497189776183724
0.004616437082781368
0.003196197973634203
0.004103080625465031
0.0038137801853215404
0.0040637888978609284
0.0031785020625582764
0.0040615390026663666
0.004026851377767132
0.003637383865732273
0.0034828410066480918
0.0037983397185562557
0.003962009527988392
0.0032801255595894855
0.003016882042974428
0.003191911013799007
0.003879528508729506
0.003429972949748496
0.004217097366360492
0.0037776250458310774
0.003446779519929696
0.0033947530910287383
0.004040150566879843
0.0029392212539467995
0.003067046726732225
0.0038335670408076294
0.004011389855009644
0.003385265515202681
0.0036611479311268423
0.00349206667173841
0.003124253881891708
0.003184168373135123
0.0029788315894263544
0.0030643380745581754
0.002427445987920418
0.0030069004425553924
0.0023611064718275236
0.002884135897835089
