-0.0013303499699137934
-0.0021512437906169093
-0.0016667981771505552
-0.0022927194226448583
-0.0017427378046846154
-0.0010845854103172434
-0.001736275244876916
-0.002031250385915546
-0.0019892035178247203
-0.0021087589246243286
-0.0023774197250459126
-0.0014517033470505783
-0.0021517864050341353
-0.0024238711037221318
-0.002433072051219719
-0.0018146236648194697
-0.0024322655725077633
-0.00193095722682842
-0.001444956179382857
-0.0012317008270943373
-0.0023425435083626643
-0.0024438084354781475
-0.002103349083610972
-0.002419184908239898
-0.001676702380932142
-0.0020270542479319054
-0.002819239961076361
-0.002471243558076038
-0.0018069463651580692
-0.0015635418249418719
-0.0024049596543126227
-0.002189335630651212
-0.0024003882790861785
-0.003036912649858744
-0.0017937973346066351
-0.002291879917624419
-0.002847679841908343
-0.0028184430188932514
-0.0025644151857148415
-0.0021469206765556397
-0.0017376201919993076
-0.0020154550811173925
-0.003039635433265156
-0.0020698731430669774
-0.003191955148949814
-0.0019918880627680475
-0.00315334691545222
-0.003033652015931044
-0.0027292316575829386
-0.002052178230798281
-0.002535026995114056
-0.0033263268729137063
-0.0022746063860993922
-0.0035777072591232687
-0.0024667173970597586
-0.00218424163102696
-0.003546701172944577
-0.003123469968808154
-0.0037044360104310234
-0.0029446883241627036
-0.0024981029379490213
-0.0024586011607220723
-0.002522549760682487
-0.003255583556566321
-0.003749804402034384
-0.0033178035533693757
-0.0038343220723275496
-0.0037500396042157097
-0.003952209382378987
-0.0038764800192076306
-0.004081687551720169
-0.002878280629513783
-0.0038065174036005876
-0.0029101161236475023
-0.003943196258966996
-0.0036147309781850764
-0.0037424920974780825
-0.004152724576393497
-0.003658623925980232
-0.0035642523774007707
-0.00406301534303248
-0.004260329565572076
-0.004344514769468949
-0.003039319667647407
-0.00418574059766295
-0.004052179430533678
-0.004572840054264669
-0.00339211056594963
-0.004664023876795968
-0.0036214658369830826
-0.004197167875035785
-0.0033845460355100532
-0.0037129213771373167
-0.003940785651189972
-0.0034094617970384595
-0.003726922326134681
-0.004854044854206762
-0.004632714394692582
-0.004228886242881157
-0.004664190805128573
-0.0049450460619076654
-0.0039657932210147625
-0.00514672936338047
-0.005164643461744887
-0.004141875073543904
-0.004066739468590517
-0.004706973459509566
-0.0038661344625722832
-0.004781399902286756
-0.005265187959976207
-0.004413816239830863
-0.004435383039777275
-0.00489314337966696
-0.004783497803737308
-0.0045587529734662634
-0.004632570301842698
-0.004767347794476111
-0.004415326967716605
-0.004498334916141034
-0.004657463258992839
-0.005357792165659103
-0.004717059340922569
-0.005889244336226331
-0.005561378200990938
-0.005382294172209276
-0.005137724470703355
-0.0059898506930735175
-0.006000315584467251
-0.005379401290963025
-0.0059139774466172084
-0.0048561921869381955
-0.005322694145741078
-0.005487180140851379
-0.004930885992359369
-0.006188887141162681
-0.005737643161167254
-0.005633939820045628
-0.0057097361014883845
-0.0059910842112571045
-0.00669610015182301
-0.006629328399128563
-0.006695692845712725
-0.005338303772749956
-0.006181803542621998
-0.005790052561757979
-0.005883689800147535
-0.006726527227266998
-0.005725592567433082
-0.005688360748909328
-0.006417688272493348
-0.006316111907067267
-0.006259731203253893
-0.006402260980217075
-0.006183244051601252
-0.006688396012587693
-0.006865855591337252
-0.006253973169528932
-0.007238463996935192
-0.007306546410123245
-0.006346685071698746
-0.006479061633035647
-0.007297561709654537
-0.007109967850802087
-0.007604996936461811
-0.007349735334769065
-0.006935745857259823
-0.006899104170244783
-0.007126281358119594
-0.00791576834686864
-0.00811034535792953
-0.008078139254618638
-0.007198208985796842
-0.008121615093546778
-0.007071531635983558
-0.007005719056892431
-0.0082326657168533
-0.008370211233929557
-0.007506108024966708
-0.008487922183924928
-0.007524783125458333
-0.007605021580357795
-0.007992542090368138
-0.007850422227779128
-0.007620477023662017
-0.008459480920375505
-0.008488408733004646
-0.008500529994028097
-0.008857946504915394
-0.00824746622023224
-0.008951954694273455
-0.009163638362074355
-0.008901263958304848
-0.008419305197606681
-0.008785791754202443
-0.008113917713928909
-0.008993810741229317
-0.008777725213895329
-0.008239635580926864
-0.008824026541083742
-0.009017367380573628
-0.008793782804422091
-0.008489759776640675
-0.009974616178518747
-0.009508943637263496
-0.00977912411725718
-0.009566060974574854
-0.009633522339858905
-0.010055728033317153
-0.01011240353055192
-0.009427984090158131
-0.009186203924076534
-0.009937742158362824
-0.01022530388707277
-0.009672766958971157
-0.010036848508792228
-0.009913853981813313
-0.010304579980794756
-0.010492124669413029
-0.010509779740371945
-0.011047616592998874
-0.010409927248787459
-0.009901455233918706
-0.010750362054873976
-0.010469166786985812
-0.011265186510331912
-0.01051015620885696
-0.010531251050719793
-0.011360219102578062
-0.010877753843049464
-0.01117863733822385
-0.010674960894514286
-0.011196404126156394
-0.010422948426361116
-0.011852593821272284
-0.011519225897018414
-0.011205912849135406
-0.011488868658901516
-0.01167893325277727
-0.01170440477272557
-0.011609631074521126
-0.012260286738914694
-0.011115267333652376
-0.011387845474373286
-0.011499819659882567
-0.011326343634693216
-0.012620819026018153
-0.011676012245836772
-0.012350593702396662
-0.012180497732213571
-0.01291148774758183
-0.011793495717537485
-0.012156335504256006
-0.012987511477890012
-0.01258721392082715
-0.013006445907423581
-0.012524529167239624
-0.013187727443822527
-0.012219161546481354
-0.012973949448403436
-0.013116250342181227
-0.012401060717136175
-0.012446960631907998
-0.012682010056522036
-0.013770018488060613
-0.013165156679026634
-0.012979111702490321
-0.01324142022480837
-0.013419922403765959
-0.014081363899488034
-0.014289597052865463
-0.013812778291870135
-0.013309985473955628
-0.013488454496391529
-0.014730759883209663
-0.014245834970212505
-0.013700947941234493
-0.014012856186339035
-0.013972881971564911
-0.013814694477532223
-0.01398260966695019
-0.0144675620689872
-0.015057818696907161
-0.014056098627498959
-0.015400524121950143
-0.0154743701937684
-0.015513476976913207
-0.01509734072751249
-0.015245382420733177
-0.015291166812820174
-0.015801034617063427
-0.015557437065727892
-0.014778403651403824
-0.016007708159741434
-0.015433967779869148
-0.016130733289745004
-0.016302644716518593
-0.015832233126949917
-0.01546954542116242
-0.01647311662862552
-0.01570581199055222
-0.016604380877371743
-0.01660642414613377
-0.015832119851263787
-0.015904804764381723
-0.017266887576706236
-0.017014126178465025
-0.016775521081706293
-0.016233325320530723
-0.016308687776349386
-0.016404669311782197
-0.016599324957998957
-0.01685447157165222
-0.017698994238682025
-0.017047227497360474
-0.01788082059667045
-0.017310672488345093
-0.01702500589278916
-0.017100867196877974
-0.017190855192319984
-0.018113955776669393
-0.01832638741202129
-0.017505406342822355
-0.0180494334126795
-0.017722452922559553
-0.018590577323353164
-0.018314982221733677
-0.01896851456079386
-0.018449197073033396
-0.017902624429470188
-0.018965027341764997
-0.019191370926794363
-0.019479290526775987
-0.018597791001449888
-0.019369511025077724
-0.01952557901340596
-0.018428768037914555
-0.01955118608733668
-0.019305545978363394
-0.019935972958652425
-0.020083463160221506
-0.01937786853808314
-0.020195685871289937
-0.019261758249475496
-0.01966312098279228
-0.01974051582800611
-0.020385629694825835
-0.02049458064968809
-0.01986913806239263
-0.019480978555777177
-0.020295134923984257
-0.02032237589948982
-0.020261699422755887
-0.019972769178105053
-0.021066289213272894
-0.020379304513804406
-0.020115519819246294
-0.020538807377169635
-0.02175364501150281
-0.021089894147636176
-0.02065238412318422
-0.021707434110383214
-0.02072285102094888
-0.021280864071297936
-0.020961662945411144
-0.020999631566400195
-0.021560415383069517
-0.022287835556841783
-0.02137538764705982
-0.02187654614208512
-0.021547991204634753
-0.02182208933789071
-0.022514030063374036
-0.022837769972738606
-0.022193745238941846
-0.0228831101101372
-0.022764841180023598
-0.022092077069099266
-0.023414305656492055
-0.02338197669015723
-0.02228553333282432
-0.022423759527904787
-0.02344091275000794
-0.023134937271611804
-0.022832274076624345
-0.024056482853807962
-0.023439990495578225
-0.023799392070544472
-0.02360249284686784
-0.02304095182699476
-0.02406981657861475
-0.02347042200122404
-0.023670416755651142
-0.024374158781967952
-0.024095788189123286
-0.024680816382535917
-0.02478499249383071
-0.024484825163319908
-0.024696981779724105
-0.024386977299681662
-0.024566399640990506
-0.024816794035420996
-0.02509652227750505
-0.024723403146888315
-0.025395991121589703
-0.025397109994627694
-0.025883361523434647
-0.025144398441533867
-0.025904136685630758
-0.02480322849714243
-0.02601278475369966
-0.02502703538393393
-0.02518708233092062
-0.025612813081390098
-0.025241883335190327
-0.025644679459004966
-0.025312775947189538
-0.025504262042242834
-0.026189394764592266
-0.026079436668626426
-0.02696978365520854
-0.025927653181762062
-0.027222411387356663
-0.02619828087414755
-0.027112667616321487
-0.026885722214200318
-0.027116528848071992
-0.027647758567338195
-0.0277067886358677
-0.027721125597572355
-0.0276595190574071
-0.026524949859322987
-0.02763562056788236
-0.02818979624007887
-0.027383474492056647
-0.028070333479535792
-0.027325141896102027
-0.02759244934417001
-0.028406267030946983
-0.028600571786449727
-0.0286312845017114
-0.027490988625880744
-0.02758326362302415
-0.02754443106404476
-0.02893207820266218
-0.028219775520880914
-0.027794297115586543
-0.02925460978935011
-0.028528349165589006
-0.029443383170690025
-0.028406678920777553
-0.0292840400760552
-0.028696255654019016
-0.02872055068142486
-0.028694606799164427
-0.02901434730822396
-0.028631926411741677
-0.03006480765416513
-0.028687879008438465
-0.029032415917502802
-0.028857040518204993
-0.029406823272230615
-0.029597405707798695
-0.030108530190632303
-0.030122865577268332
-0.030190793932681478
-0.030368064538709452
-0.0308169273142157
-0.029639434577098174
-0.030952032842186335
-0.030457460721165636
-0.029818394508656986
-0.030279319870633103
-0.030501399874691755
-0.030095550789504953
-0.02998336112942209
-0.03133997705522245
-0.030582619939913062
-0.03072816856557824
-0.030665933401925072
-0.03170702294213735
-0.03165268871773947
-0.031186034836845986
-0.03194893068284702
-0.031629311943822985
-0.03121029565812782
-0.030999464605484157
-0.03120708261700957
-0.031683339680210365
-0.031035760988634708
-0.03186341779461386
-0.03221289698184392
-0.03203626552017421
-0.0325754952887725
-0.03183434114839821
-0.03233354112377907
-0.03144670782921123
-0.03225904587847854
-0.032340945963900275
-0.032041550736557234
-0.03305610060739274
-0.03212727785791437
-0.031887406997981246
-0.03191702308210747
-0.03249866685606985
-0.03257811577104315
-0.032987421340095927
-0.032330934634486316
-0.03327062498241384
-0.032938077784956846
-0.033135207774129684
-0.033182915428900166
-0.032590272786167905
-0.03316553573405809
-0.033471279021419255
-0.03379479088995069
-0.03305490509358645
-0.03278506430592015
-0.03309742053052189
-0.033072362704055024
-0.03399925271587747
-0.03322177460657866
-0.03407872582261082
-0.03354876958533217
-0.0334029121864565
-0.0336907151837224
-0.03311651129426303
-0.03363712063895146
-0.033636476475882096
-0.03323234568328282
-0.0342445076010894
-0.03420288351385877
-0.033613725555658794
-0.03423108958681594
-0.0343082927412151
-0.03372111641548834
-0.03429408955335375
-0.03415445586677614
-0.03444171254380951
-0.03411057317559949
-0.034746896818775186
-0.03412249318013323
-0.0344777732934817
-0.03475163500932635
-0.034793356964964446
-0.03429522228489853
-0.03496737873807039
-0.03415095292701664
-0.03424661942199329
-0.03531899201910856
-0.03520253155442679
-0.034666186934820924
-0.03551759509836669
-0.03439007517664261
-0.03566477599290331
-0.034492863318389876
-0.034350453827105665
-0.035409542954712867
-0.035837089243662364
-0.03588262405984412
-0.035834468741809934
-0.035533710453089076
-0.03468344376092626
-0.03504313293865705
-0.03542083090670854
-0.03595857131705411
-0.03532311019982063
-0.03608110582284578
-0.03582756166149029
-0.03613943634848923
-0.03602975756079074
-0.03493986416570517
-0.03627593034495057
-0.035837781471368235
-0.03483031499569183
-0.03635333210912775
-0.0348726916258244
-0.03545227653640922
-0.03550090217295867
-0.03564611990036964
-0.03495372661808525
-0.03627041470209444
-0.036239164424275445
-0.03611775525145214
-0.03641080357640142
-0.03573218219914725
-0.035297564079450575
-0.03560418782591379
-0.035954795050194395
-0.03620763251512773
-0.03508832639150919
-0.03596070387126063
-0.035449741567454576
-0.03582569556850019
-0.0356318422236013
-0.0356120261100956
-0.03568588287132257
-0.035799538344707615
-0.03639299538171822
-0.0356208101775805
-0.036238708476102825
-0.03526510152076423
-0.03581763753039794
-0.03567109746861749
-0.03605078740720428
-0.03655731459138792
-0.03654804077154078
-0.036054428696489456
-0.035623427497043454
-0.03613229797236162
-0.03654707841515359
-0.03557007524968105
-0.035357432373328904
-0.035433315549474396
-0.03623124261099747
-0.036249589614621734
-0.03629004509862887
-0.0351694093235155
-0.03602338494283923
-0.035069193235535354
-0.036492920510448244
-0.035264067190895115
-0.03521671227541937
-0.03512270061572991
-0.03608646459318618
-0.035549584039544786
-0.03576581808508757
-0.03553724695088566
-0.03581412809796591
-0.035329206127201786
-0.03537777882570748
-0.03581882192694139
-0.035953273799990366
-0.03592205639544269
-0.03624421176499234
-0.034768823091228064
-0.0348951203481954
-0.03482427711152
-0.03555342662649891
-0.03527138185896224
-0.03479922743921137
-0.0360515805697437
-0.03515662862102377
-0.03465600216164733
-0.03461551943949231
-0.035754201627441924
-0.03453790511870102
-0.03455332415296926
-0.03491764248280337
-0.03508904547526178
-0.03431458081541976
-0.03569405667735274
-0.03531190517835583
-0.03480585148125625
-0.03554892271677898
-0.035047394354337874
-0.03486933752443018
-0.035399437485256216
-0.035239383815967806
-0.0343912029290056
-0.03444720549302157
-0.03502890920238496
-0.034126180033112796
-0.034297678332218334
-0.03375004824854048
-0.03375087140993865
-0.03426420599814472
-0.03488683987137013
-0.034269704721199966
-0.034473893541492696
-0.03392961911748005
-0.03377394085525179
-0.0337880536343375
-0.03327410662425279
-0.034549230732223296
-0.03431538109302251
-0.034177280307198375
-0.03406564304227244
-0.03433512538432899
-0.03361997882173649
-0.03409014133946864
-0.03395736079480849
-0.03320839874014005
-0.03379829181847207
-0.032698036669001375
-0.033696147675702844
-0.03315491832870112
-0.032573453881768306
-0.032269148590590796
-0.03239307568664219
-0.033312088144143215
-0.03206141180339431
-0.03309971617139218
-0.03330438358090008
-0.0324524139563826
-0.03288983030962324
-0.03160962050523762
-0.03170032269301978
-0.03269180165692514
-0.032534981883833164
-0.032115464370814924
-0.032275815923761504
-0.03204795808297523
-0.031795782145390646
-0.032290753513137406
-0.03095068674526055
-0.030970311916181378
-0.031586748082011035
-0.03101287650202964
-0.031835591655686404
-0.03143808597712494
-0.03146251277277847
-0.031508922426231864
-0.030185921127610288
-0.03110465482198383
-0.030321462890823884
-0.030036137909662315
-0.030456043926705516
-0.030938302868769918
-0.02958471835159423
-0.03048096700258748
-0.029937214417086935
-0.02977992267941715
-0.030179763764886722
-0.02958255405893035
-0.029618039903434427
-0.02971180416285347
-0.029105540109200904
-0.03004501322627031
-0.029245165154221004
-0.02972638047230016
-0.029577284914705612
-0.029587739793303418
-0.029174925193922698
-0.029508315656908157
-0.028069205938503046
-0.02872179329506248
-0.028477949865681012
-0.028693309758914896
-0.02795472375985012
-0.02785584794966175
-0.028625372362041223
-0.027336157472877844
-0.02839756523741516
-0.027683175892748196
-0.026806799570398707
-0.026828046986588472
-0.02777586734013249
-0.027898810428088627
-0.027789901085063903
-0.02640404512140134
-0.026329135407669065
-0.026195071147388983
-0.02680926050188043
-0.0267211885063154
-0.025923168604793607
-0.02633734638384076
-0.02574202021066419
-0.02643127966648296
-0.02630038092171352
-0.025323392528635642
-0.02533848044572789
-0.025163615612262137
-0.025700760396039125
-0.025428638581901874
-0.024486338020352615
-0.024213007382401362
-0.024316589230460695
-0.023984710095460056
-0.024027800739848452
-0.023613663278084653
-0.023518116538785546
-0.02415045787323624
-0.024116158815835505
-0.023330969820487928
-0.02429258762184813
-0.02336043976811118
-0.02351245534305304
-0.023558170443368727
-0.023707335806498853
-0.02272956069775923
-0.023285999653519508
-0.023086932541344213
-0.02282566148206114
-0.021907800301381907
-0.021593803944938265
-0.022540531742274574
-0.022322425646387437
-0.02181808747596737
-0.022297734855687326
-0.021608170699700977
-0.020564182081045573
-0.021552701944235007
-0.02020254890401553
-0.02094887577400854
-0.02124175813383718
-0.020376515497749294
-0.020033886391908142
-0.02039571679587948
-0.019343898226508113
-0.0197629293888242
-0.019700997716957328
-0.019617682003835644
-0.018887477151081893
-0.01932084009872624
-0.018614669309764315
-0.01880849777581914
-0.01857838404338423
-0.018769925799835878
-0.018866252526838413
-0.01857411058025282
-0.01834618283543237
-0.017612266883177064
-0.01698990124091517
-0.018150356384896676
-0.017283920483704862
-0.016756026497297814
-0.017012802400647023
-0.017649847188049572
-0.016789007434472893
-0.016902534712592225
-0.015798152319643797
-0.01639099252610093
-0.01631528307682229
-0.015557662867911699
-0.015305770602259456
-0.014867432835947377
-0.015159684860659607
-0.015816640944455094
-0.014706023989950748
-0.01522008472666124
-0.014017511788460422
-0.013881628840345868
-0.014922833462736634
-0.014682382225614925
-0.014124570429707307
-0.013829536142171079
-0.013885155951655804
-0.012964374830583908
-0.012885022411286005
-0.012663559914308722
-0.012590911923862871
-0.01290976358061634
-0.0119708306349425
-0.012968248273540742
-0.01225733788922051
-0.012435623507175192
-0.011323272984867206
-0.011729511931869666
-0.01196814448808821
-0.010769516442284651
-0.01170103074055273
-0.010675123571118937
-0.01126445604633886
-0.009936473118732051
-0.010921476310622482
-0.009967951477092344
-0.010032823518521524
-0.010295954954291704
-0.0092600580434785
-0.009551697736224862
-0.009238206422340817
-0.008458050601294452
-0.008972616610535777
-0.008876703029832162
-0.007987730945850261
-0.008257198844688144
-0.0076496894560369585
-0.007381618858637611
-0.007671048435631729
-0.00813212168305999
-0.006702590792003356
-0.007170057241404431
-0.006458713694480799
-0.007482432273720656
-0.0072932318550879335
-0.005736986762642772
-0.005888257274810129
-0.005764406768520422
-0.005597866503123868
-0.005813867472284219
-0.00556855051530488
-0.0058577672316336565
-0.005016777983066804
-0.004411466960859394
-0.0044966764568660405
-0.004374790624263157
-0.004165360650575454
-0.0034711782750430176
-0.0045814396277013844
-0.0037178733597169446
-0.003131031797887369
-0.003607620878623141
-0.002724248856530341
-0.0024095400941759612
-0.0020098525583347486
-0.0023237836991440953
-0.002228271760871611
-0.0025138062154733826
-0.0021699706245006537
-0.0012967809754584152
-0.0019451304151134495
-0.0016423223835279675
-0.0010707215499683983
-0.0007168349955370521
-0.00040814881493788225
-0.00046244227803281566
-0.001132130856512963
-0.0007557449423107616
-0.00046983648566929537
-0.0004130482215958699
0.000258285523388469
0.0003299115120982701
3.04782482685718e-05
0.0006382238147401097
0.0009304990150896265
0.0013338464559795337
0.0010055116786582634
0.002158861483530911
0.0019585733490242955
0.0027076718847128607
0.002015342229156104
0.0029378057048750675
0.0024498728755132366
0.003371678458824186
0.002850004251210333
0.0025516838138562245
0.0039345671123872045
0.0030105623052842723
0.0031617272622117276
0.004487649966772509
0.004324101974603979
0.0037890864270137396
0.005083962973582309
0.004387103588102574
0.0056808121957624145
0.005311965991581148
0.005357634609124072
0.005702201578418567
0.005901606690062313
0.005956053257372582
0.006828972583836338
0.006987441512531424
0.005843313118314232
0.007280035939173775
0.006339379666694782
0.006393482970858914
0.00787514299803476
0.007238062887241048
0.007131667280820444
0.007713133966465278
0.008083546962647075
0.008295728520586642
0.007948076092819587
0.008475101892194394
0.00871479962733857
0.008838941583654095
0.009953327921737108
0.009608678298094524
0.0099379676532676
0.00969882231871005
0.010060460078132421
0.010391723356871179
0.010450329375809303
0.010582693066027564
0.010803505459947644
0.010674362118353287
0.011292860029699656
0.011498240730963234
0.011635161603093625
0.01104960264209307
0.011106170766171325
0.01235176778600723
0.01235911192150861
0.012316093726736083
0.012312730352853489
0.012640642356865487
0.01309415479792873
0.01366714342846478
0.01354277105801491
0.013530467103992562
0.014035364229545114
0.013394225894775054
0.013834629394730825
0.014381669069050912
0.014065610807457345
0.014021262675990675
0.014335493558771346
0.014824355962237521
0.015085754047198684
0.015475134811156676
0.015280319981742597
0.015647098716205777
0.015451160575438445
0.016346860705771998
0.0164177113565122
0.017041065886938905
0.015881195663135415
0.016391644653229738
0.01640527285590529
0.017519560529056892
0.016596864370650874
0.017281270899944825
0.01706567684126149
0.017991913157124968
0.018628199543758595
0.018769670635452547
0.01860097285407164
0.018447565993343847
0.018734980223537413
0.018354374430659362
0.018490614298033198
0.01957025114685725
0.01993831237040373
0.01928479033150205
0.020262302092302616
0.01910475232230851
0.019408453664990357
0.020808881622503946
0.020870834155982537
0.019806759549161845
0.020533131649963992
0.021111646953477333
0.020798964241737654
0.020424195043784135
0.021183644602355632
0.02062104040740611
0.02108204495544713
0.020978959926486154
0.02121895425260845
0.02262376654344001
0.02233086635148026
0.02166138754631392
0.0220882145434052
0.022881800616201976
0.02285798633754149
0.02251903775974276
0.0236722887043013
0.023798651395842533
0.023986646995983484
0.023004336827280005
0.023837556456210298
0.023468375945655914
0.02330718685934267
0.024424554348961226
0.023498114658036022
0.024792487568771667
0.024064381350641626
0.024342318362997623
0.02478873084749185
0.024349290529827143
0.024374531394990212
0.02559819788953246
0.026095863567021305
0.026001731806434857
0.024908171152368496
0.025107138534734744
0.026329712411602903
0.025532430425472357
0.025963405337711208
0.026543539852909314
0.02709823807427105
0.025950499545761285
0.026257814210731943
0.026793923770880603
0.026799350678895977
0.027597006807610524
0.027937487303154464
0.027690474886526022
0.027144726835275333
0.027618606506007108
0.02793808866164057
0.02787457221332012
0.028162155776139643
0.027462004145516635
0.02788028861530413
0.028953405765315028
0.029057267142231606
0.02907378939731153
0.028872496646662568
0.028459683977878646
0.029197803636979696
0.02898817498895807
0.028813679081430968
0.028870423518364517
0.029618805128663408
0.02887209350532176
0.03008230428416603
0.030524460496708466
0.030084615421594983
0.029710495918867645
0.030070286008520457
0.030459347786623497
0.03070224290571834
0.030482993579573098
0.03035860211546331
0.030875994629543643
0.03004865183112437
0.030325740366097476
0.030794835783301947
0.031495719253941165
0.03134820382984159
0.03133587845375161
0.03158527394041033
0.030745916004748932
0.03197225473020895
0.031785128141832104
0.031189483021623225
0.031648867761318936
0.03152947672509142
0.03177012783754239
0.03147057473040341
0.03151783077450088
0.032540506678171384
0.031724247334570375
0.03263592719830845
0.03303981839791507
0.032681638840899016
0.032470150894319184
0.032878531219068814
0.03298317395895605
0.03290081681601169
0.03388412937845266
0.03370284286005461
0.03406067254014679
0.03327133703122674
0.03284467356482078
0.03398895964791254
0.03410971445935352
0.03301145897594462
0.03346041544689665
0.03408630136441143
0.0335623569087169
0.03447419240764204
0.03381251458254867
0.033930135863249916
0.034301832277036655
0.033996232020254064
0.03505663320611956
0.03469792816803021
0.034219075744641766
0.03489635830396774
0.03447866746595593
0.03417329745116749
0.03545826779686754
0.03549215182681619
0.035151249247176025
0.035528545834430714
0.034641455527493134
0.035472618033960984
0.03582008561312309
0.03563732492890168
0.035717870111615285
0.035234576652948456
0.03544186488268098
0.03513520814068154
0.035356834174713074
0.03537332705936245
0.036184610706286854
0.03517701160476446
0.03634076523128513
0.035746738838196235
0.03646948815878301
0.036500543524579904
0.0354466235728211
0.03637878451606872
0.036011073902305124
0.03553137126901039
0.03644540671936321
0.03560716540222191
0.0369042771175847
0.036221247750827724
0.03600374279534392
0.03561092795756471
0.03682824491341137
0.0362114808011942
0.03650487221476899
0.03571911657018155
0.03696031924963979
0.03607604151052032
0.03726952042808976
0.0368003284234016
0.03707696038717609
0.03734448393617007
0.036319364430980314
0.036732407533145425
0.036366679073584464
0.03722027832767695
0.036208449440281364
0.03700384816172279
0.036476217589847156
0.03646088968394793
0.036781026347966095
0.03626740139133755
0.03736519627656051
0.03656458852403747
0.03697305967403361
0.037521101638567034
0.03699958438315427
0.037363866822041694
0.036415976929279094
0.03735317594261589
0.03747057668217384
0.0373081683143839
0.03785337002385048
0.03762315954702833
0.037251700202182964
0.037377465905786084
0.03707917403614475
0.03727051148162459
0.03653505556375361
0.037242743025248305
0.03793432362239292
0.037457923423380446
0.03712462216022581
0.03687189613485174
0.03706889013487671
0.03725879182087953
0.03782535189412631
0.03716873272779441
0.0367817183147545
0.03773123133661382
0.03762881181145364
0.0379612688712826
0.036818153637254394
0.03697286149033728
0.036914077730050246
0.03785565967900902
0.03793573612754659
0.03762303028557185
0.037722204017165986
0.036806948480327964
0.037912762180064834
0.037518228790288016
0.03739851488431677
0.03784567902704781
0.03745801581722248
0.036905925504229206
0.0368005378702924
0.037915095653853634
0.036574860154295
0.03745616567137458
0.037483735344406015
0.037452652233004806
0.03645342124044704
0.03716770275172497
0.03728018859418939
0.03685637743272404
0.03745313374299991
0.0372221792095324
0.0363863580297339
0.03743713298735931
0.03631341325927663
0.03740125805008016
0.036728051703259386
0.03684675834104799
0.03755744860010934
0.03656689345970286
0.03654378144597952
0.03606885633739329
0.036726506150094824
0.03601081596567504
0.03692502129257502
0.03688086331030582
0.03609815514073823
0.03706061752343197
0.036434757093886314
0.03617813037148859
0.037276881250529484
0.03685877993305584
0.037083249621015425
0.03695625480696747
0.03617905525804737
0.03613798539470478
0.03563165396082481
0.03673450138446661
0.036069015612852175
0.03649483590160585
0.0364823468662124
0.03667441876466067
0.035702231531794366
0.036712971023501906
0.035314945385847694
0.03592026539130874
0.03584306781220174
0.03612815112726829
0.036494003703112995
0.03632709481033471
0.03511355903929713
0.035125723425866784
0.0352408334367461
0.03517137553473951
0.0362238624811817
0.036180879473258085
0.03580063799329569
0.035007926091208764
0.03539778365559113
0.03598401348448016
0.03513706471570118
0.03459964977412163
0.03484611059129811
0.03491728910457044
0.034593579644080275
0.03431770759865357
0.035521806452747315
0.03458398476331884
0.03533449337533358
0.03469681152001074
0.03459286057550853
0.03506145726553587
0.03465935880840725
0.03486317329695051
0.03500829122028521
0.03489637822793572
0.03377556767694004
0.03486442568998691
0.033746608082827194
0.033838497484435535
0.03442053112695227
0.03386761222932176
0.03344045812876769
0.03363509958906717
0.03377960610487596
0.03360886386618799
0.034622043564157934
0.034222050532957946
0.034107524289886886
0.03337107570290689
0.03338074702626668
0.034285814788097925
0.03278016605256337
0.03338029308129447
0.033845278807080235
0.033770248087879394
0.03310061717076919
0.03337614240451654
0.03351822634317283
0.03375508179839134
0.033641802509835575
0.0335668526818112
0.03320876137642303
0.032905959286520146
0.032322924044965576
0.03246423985266118
0.03321868789406365
0.032044949773928307
0.0317944901313844
0.031918501659410944
0.03190731406770334
0.03234608574833453
0.0326996445361847
0.03268331741880539
0.031357477477167946
0.03132685708064427
0.03259103898004536
0.03235982222522074
0.03143591844764746
0.032042484669579874
0.03193502086831547
0.031974850638253165
0.031187493992734582
0.031026781797624598
0.031435736446232265
0.030942547052567316
0.03170074571813709
0.030355357924019184
0.030719133775081904
0.030225052698994368
0.030955791671364155
0.031101439242360186
0.03026181241014808
0.030595763093220034
0.030140435054331397
0.030811974380593552
0.030220257954386567
0.02954604376382106
0.029794584175905477
0.030374859532342313
0.030707581139754907
0.03026431636583348
0.029227063952964195
0.02931976444420272
0.02985749788683744
0.030359407316757788
0.02929611540278211
0.029402476008132103
0.029232157927122845
0.02899752590432525
0.029557684117771994
0.0290083741775094
0.028977138689339516
0.029545485828911502
0.02823982001383528
0.029387928595977775
0.02863205189867223
0.029263864395119125
0.029223004797632544
0.028496775778984094
0.02842793027963504
0.029050868500450282
0.02837608824259359
0.02819944403079104
0.02751932572001627
0.027430955694188547
0.028235529262408136
0.027366836572926094
0.026994020845081037
0.027097804671152477
0.027259761419613292
0.02814503666634138
0.027261576271829624
0.027666852619496623
0.027210996366983247
0.027257915130586258
0.02630292503507946
0.02624095894390872
0.02683607046896609
0.026912295132837768
0.026275607002927977
0.026071712146483957
0.027234310977898676
0.026374843310458272
0.026722058920745303
0.02679050495286441
0.025776617507695457
0.026720150506962376
0.02526946781506421
0.025681312637848796
0.025593847532445774
0.02649736033758774
0.025747292363954268
0.02578358284954515
0.026039142399773705
0.0251447471889778
0.025590782738160518
0.024817603927742946
0.024753957790692838
0.025720314357595652
0.024333348668324404
0.024270231688352226
0.024695218587583855
0.02428544264472102
0.025207383889045174
0.02513547597813755
0.02397792539423554
0.02399187667720844
0.024493341353531692
0.02494860445174936
0.023735775102612676
0.024481559780692396
0.023844024504608905
0.024358318218113958
0.023739922957791752
0.02430617155136363
0.024085090183571432
0.024224705610706953
0.023011582855787166
0.023398343565498404
0.023706114684763514
0.022584265527942238
0.0235185720639347
0.02303771013916987
0.02258180460086765
0.022614878149702353
0.0223945553962224
0.023049505937791745
0.022657169695279433
0.022735516753191284
0.022323021583877313
0.022860932262744455
0.022728471694629757
0.02224657585979546
0.022116596977879183
0.021685168685737423
0.022256805795429557
0.0212234625992357
0.02123851497146788
0.02211297421456935
0.022036064016908226
0.020921043538419486
0.02204840461281261
0.020753669712803895
0.021160919821200615
0.02169354982218991
0.020523888220253243
0.020656336340061508
0.02110755737124463
0.020305514386821107
0.02087229224233297
0.021270388873549734
0.020567408877604013
0.02073527183411388
0.02051383895774465
0.019882653413763194
0.019560940079817235
0.020752768814962217
0.019248198663920274
0.020227178247711943
0.019766303659776004
0.019711704789782153
0.019756768135707058
0.01905996576605971
0.01926400038660335
0.02013905414707466
0.01988473032497929
0.019120594440991075
0.018664563072197955
0.018573461769293503
0.019130245737709505
0.019106046714235433
0.01894624201096211
0.018835734527824628
0.018839670103300135
0.018442412722269475
0.018214433033058162
0.018033565424641875
0.018322066096595126
0.017864999706403536
0.017993693800840305
0.0182297752159713
0.017920055302961126
0.01798503431844648
0.017987700839632144
0.01770371472536689
0.017739235753010056
0.018192998480866307
0.018053076088895777
0.017964895881240308
0.018070253131001458
0.016650755069140252
0.016805926765682776
0.0168871772854158
0.01724846400644724
0.016907228397606597
0.01727367107179967
0.016940960356679503
0.0163271380241953
0.01608835256901668
0.01591628688971134
0.016670295475312572
0.016658102823123234
0.01624294917826227
0.016554156362915958
0.015555202588128142
0.016010646749858297
0.015884899122867592
0.016014080074816552
0.015581201484162014
0.016207627957071834
0.016381635098514726
0.016246157438366944
0.01624198465740723
0.016030997311797423
0.01583962069329594
0.01571446805018926
0.014846655360947947
0.015865613090181013
0.014805777242612606
0.015800185798681143
0.01548895280340661
0.015145029076514794
0.01530679989686502
0.014947717419918917
0.015219718372818039
0.01426225152155804
0.013952465937826885
0.014549672856712386
0.014733769152167352
0.01471371115197505
0.014915670765558527
0.014684559076632797
0.014510659243386823
0.014085310058577277
0.014396240020687354
0.014277397773625211
0.01387379147800736
0.013934563273375174
0.013256503803845148
0.01421262530503527
0.013575973960170394
0.014051543103164294
0.012866565585013347
0.012939786994258951
0.014020158443202384
0.01254257431635546
0.013889008658594151
0.013601182199188192
0.013096239959638704
0.012875266842664785
0.012577903910438752
0.013519762869755755
0.012330000163446962
0.012130248466634276
0.012743214861796923
0.012101535211407418
0.012773255968037517
0.012420590361074577
0.012435827120004982
0.012023748772913756
0.01241019995184676
0.012695256927947398
0.01247014659331136
0.011356328031657866
0.012161438406237603
0.012171533099470323
0.012473316138563385
0.012241901164651523
0.010997205896592647
0.012151745994168099
0.010876876273989455
0.011239877115678766
0.01169478013661641
0.011463168541812247
0.011918960783665455
0.011886537379000394
0.01061138417966726
0.011177611045613432
0.011633450647403178
0.010862467035571484
0.010411924572180858
0.010193169840525365
0.01153884228791322
0.010062263116800264
0.01105793854682152
0.010921023958355872
0.01102046107443057
0.011062861863585106
0.009875241453898464
0.00996855322822392
0.010807006119992621
0.009984287895560485
0.009637724412552855
0.009797142243923038
0.010570492638274701
0.010471687725564133
0.009336141318533595
0.009454669007911542
0.009274698481412122
0.009525963662042102
0.010007572569125833
0.010247888051164283
0.009317490515495892
0.009894431365728058
0.01007789960691793
0.010200410250489917
0.008792144522403372
0.009501091673028959
0.009484159860685494
0.009376124390571557
0.009602773015503725
0.00922647669315717
0.009574363045785053
0.009759287129855704
0.009409126662388282
0.008856008513789763
0.008665328676871786
0.009245372339136873
0.008812087756853283
0.009422808130633427
0.008592511166556516
0.00917407813663659
0.008044774241328568
0.008998099682804767
0.008913668793477422
0.008066457241616882
0.007899291501996735
0.008921990227129237
0.008209369438433388
0.008899887222323091
0.008755624287444023
0.008333772580189754
0.007709748314421895
0.007937797071717084
0.008440716723979705
0.008417228577960302
0.007210690344931178
0.007829881060915474
0.007410942820047468
0.007540693694916377
0.008070975020793125
0.007791915584379387
0.008345037510768424
0.006982389704897281
0.00706205017965381
0.007271595699557309
0.007493262428475799
0.008043193505815253
0.006813026407563028
0.006645879865827381
0.007945697397373466
0.007617068254658366
0.007686131334160391
0.006547650710218658
0.007122643324707716
0.007156762702561304
0.006609767468954712
0.006355453439025786
0.007564986631111481
0.006863076631914762
0.006727405092976759
0.00746798196544348
0.006989610015524428
0.007340291863428554
0.006748642872179256
0.00648644166740336
0.006034976584455469
0.006270750228189224
0.006795274700979604
0.00649460502030475
0.006922980435014098
0.0067236792973217625
0.006290137912972075
0.006195748946450196
0.006064850836489874
0.0066258522662002856
0.006922069365674572
0.005878280048995863
0.0053915225629556475
0.006377769887753277
0.006477864887135946
0.00642319997991373
0.005876604365137619
0.0054296550715589725
0.0058774104261446495
0.00551797206284756
0.005884249231617728
0.0062682698182234065
0.005277055656085559
0.005027323505272027
0.006362395151349191
0.005296781509168528
0.006215366638775466
0.00483041712074847
0.005268616540100242
0.00488417327047147
0.0048176570129642715
0.005647425867864433
0.005032314152513982
0.005522431908737254
0.005491832837508148
0.005151162600861061
0.004965373447162496
0.0047321064480833385
0.004985308344569169
0.005293858074631524
0.005432308732229973
0.004590181184139124
0.004862172805755252
0.005207427599052011
0.005399481191331358
0.005578183776295171
0.0053138406463592025
0.004453554674031151
0.005575472183580512
0.005093584473158323
0.005173026507835612
0.004152295827386172
0.005052640553123593
0.004213522096254744
0.005003070188539197
0.004726971954058497
0.004586683364701223
0.0051943038874850845
0.004046996462080596
0.005224532549180002
0.004040374694076173
0.004324714359499713
0.005162215202621485
0.005121666822290012
0.0047452306101084755
0.004997123166221091
0.004802933941563189
0.004363598777585558
0.004561786088318616
0.003997717138858466
0.003929396213494466
0.004017027430122492
0.004252167303039139
0.004685999974763608
0.00464449732651113
0.004624362102244737
0.0035215529264059292
0.003937241267536571
0.0041173585406589
0.0035224975316302106
0.004671217855515697
0.0034971450045541592
0.00401387285201599
0.0034907261518785883
0.0033273717372882348
0.0035170388479387215
0.0033743464525845496
0.0038413260297002457
0.004369679379562198
0.0032086066617163602
0.004271062957862987
0.004332502003401006
0.0030592528438870767
0.0029938028117413385
0.004364798375433531
0.0031499919728197306
0.004077429594250582
0.004230343873575122
0.0034124385676502058
0.002987824960087412
0.0033144891271148598
0.004216257712101538
0.004104723225953462
0.004056472878049408
0.0028236740411359566
0.0032259026713993273
0.003973015480741265
0.0035351110907518497
0.0033253129420381983
0.0032895995961599064
0.003675199683193697
0.0033705296721538835
0.0030045721727761034
0.0027983731709085922
0.0032016755101878123
0.0026977626725168246
0.0029332329255091225
0.002695011483600901
0.0024312823222224548
0.0023787307244730886
