-0.0009336446855908112
-0.0011277852000524404
-0.001354849525569686
-0.00151025541161563
-0.0013603243876844952
-0.0014659838080078905
-0.0017106707059087796
-0.0017731216007821223
-0.0016098135467164881
-0.0017322308554775633
-0.002374168642995433
-0.0023972855686535785
-0.001669555241362986
-0.0014511299919493137
-0.0023553352363304783
-0.0023810668557242283
-0.0018651695222418462
-0.0024350198314150072
-0.0025091034777009855
-0.002373487490961739
-0.002457795738719043
-0.0020295575266365737
-0.0022320354999799705
-0.002334019749227831
-0.002511473819759399
-0.0024699523406889233
-0.001856486109827456
-0.0018342015179792972
-0.0019051940779425194
-0.0022298528169453816
-0.001666364686565548
-0.002846024736715087
-0.0023301894511912496
-0.0026730226386177
-0.0024627115066701774
-0.00229970797058261
-0.0019626359792934687
-0.001746958523370353
-0.0022122625707687847
-0.00308583996213633
-0.0024386135786559062
-0.0021187652290915867
-0.0031505779212577362
-0.0022133216774493846
-0.0032203410258904172
-0.0018737212646125015
-0.0031837218054786834
-0.0019185747886083218
-0.0028907276545864385
-0.002823753558139104
-0.0020829375109932395
-0.0029749783795416816
-0.003044448093437998
-0.0022313480147487874
-0.0024208333027390962
-0.003034713014918806
-0.0024843085940747735
-0.002446161832481448
-0.0033866866098318225
-0.002717079645954979
-0.0031430399902089815
-0.002700605244589677
-0.003482545348400498
-0.0024379287303688767
-0.002390566519101134
-0.0030742645157463173
-0.0028808883832757886
-0.0026347656877483794
-0.0025198942427269756
-0.00405348173435696
-0.0034045931721588263
-0.0029377017888671405
-0.0031148557597544192
-0.004158639161997429
-0.002715022292817862
-0.0037527412260911905
-0.0034327292509888038
-0.003979248657867554
-0.0034429370338573424
-0.003754744701465774
-0.004381421066784613
-0.0030061060001297726
-0.0036113055858574632
-0.0032890254070368674
-0.0035106962873545223
-0.00449124628730989
-0.004202268854269707
-0.004481102344213452
-0.0035111815873093036
-0.003271951904277516
-0.003674884683900539
-0.0040772044029556715
-0.0037200139909563524
-0.004386417818756706
-0.00403036235272992
-0.003704592408662758
-0.003921407641814855
-0.0035008723770652175
-0.004288891541724396
-0.00496685791554173
-0.003913498524089006
-0.003895878395660398
-0.004183868414300086
-0.004061720628227169
-0.004374735406899163
-0.0038412541102581404
-0.00453920152753464
-0.003869911196521153
-0.004912553121574816
-0.005022961261380528
-0.004347657962707415
-0.004840867019299618
-0.004221639426662091
-0.004326583733729909
-0.005116501919385156
-0.004335739453781187
-0.005598790087949205
-0.00556227191179594
-0.0055006812789859735
-0.0056651312679640966
-0.005395508934210522
-0.0054270405776518475
-0.005562484442392399
-0.005575149638541387
-0.005797035495801293
-0.005209516952153673
-0.00552701227921511
-0.005835848819443566
-0.00589777152368158
-0.005271571477537487
-0.005289290922997256
-0.005333011614486311
-0.006115227994433818
-0.005585775367481915
-0.005317313711766406
-0.006220793090557698
-0.005838464322358231
-0.005875447253717512
-0.005307241883832043
-0.006097144697198854
-0.0056512962848250334
-0.005907134231763431
-0.005759779797679542
-0.006466508321786927
-0.005576512437183781
-0.00558310326761674
-0.005961651057763381
-0.00617167276820698
-0.006869587459030148
-0.006383560351151143
-0.006043109183600949
-0.007238714339387561
-0.006114771312639581
-0.00679420871105914
-0.006463102265898727
-0.0073224763589331675
-0.007209815711668988
-0.006416521830903983
-0.007086714277789836
-0.0075763002076653764
-0.0076136609608325025
-0.00641419433133234
-0.006492473167790567
-0.007478822874141936
-0.006917167634469979
-0.007045138171164031
-0.007439575394752673
-0.006895424890497964
-0.007329839583148863
-0.007888138559238391
-0.007040318021181222
-0.007791101102096756
-0.008138526298578572
-0.006999189153110509
-0.007572128276595647
-0.00825837139169468
-0.007592085062751466
-0.00837354302655021
-0.007873752802918906
-0.008581482925799772
-0.008285216419899962
-0.00780592993685813
-0.008715891657555737
-0.007916900838070636
-0.008325162594933995
-0.008078007232694877
-0.007662978684632746
-0.008839109176965293
-0.007847194086810137
-0.008066727210667368
-0.008079825292255571
-0.007876898886434808
-0.008130174982950395
-0.008726651403042565
-0.009096239614174812
-0.008112477125383485
-0.008447712154590576
-0.00869375981795618
-0.009589881074237038
-0.00854428592562371
-0.00944716951309318
-0.009712248659296043
-0.008730573616510503
-0.00920195627072272
-0.010115836310491956
-0.009232101919649897
-0.009259970006588193
-0.00933189230924014
-0.008938221177335691
-0.009094617383343315
-0.010493484980313918
-0.009125404447472125
-0.009800474928106035
-0.010627483279209827
-0.010663136437697854
-0.010590815668350547
-0.009682927292504603
-0.01042208888142059
-0.009655070259770082
-0.009944322353965465
-0.010670303250097771
-0.00988165324417528
-0.010804791823397306
-0.010880443169795318
-0.010862253853403874
-0.011447683177444705
-0.01032450336403077
-0.011361015279023647
-0.010442491469975076
-0.010864862739853915
-0.011674752320443033
-0.010438954231999703
-0.011716898170640967
-0.011823222724243883
-0.01100830803065238
-0.010974894163199127
-0.011904550602580867
-0.011152343708937196
-0.012008485941291305
-0.01180478782117621
-0.012030330862005436
-0.011601955074613736
-0.01200576027783544
-0.011453554268012228
-0.011656557863040864
-0.01167051292884356
-0.011484282673847867
-0.011937781167229362
-0.012373940880819381
-0.012933359951848807
-0.012618670317057355
-0.012006532057904805
-0.01308347948529659
-0.01192395844115343
-0.011991644195855584
-0.013155134594846147
-0.012797937099127006
-0.012728706382875916
-0.012368261345903358
-0.012302852792928526
-0.012412067171326983
-0.013850402544451123
-0.013335058335483072
-0.013303531904135238
-0.013855657744229774
-0.012995643900725887
-0.01370589830041282
-0.013685123047362139
-0.014181452771054252
-0.01443988331189122
-0.014492619128041409
-0.014439312964729058
-0.01364999340936566
-0.014722754953787128
-0.014114062100212712
-0.013670459866181836
-0.014777768045374291
-0.013720226012258942
-0.01444557317504718
-0.014998705594667042
-0.01500306945046829
-0.014790880113543054
-0.014476477576020372
-0.01521879565064055
-0.015327067903961796
-0.015754702801221224
-0.014424154079095166
-0.01488192089777433
-0.01574373689917398
-0.014815281069600608
-0.01538653482325939
-0.015888871256563974
-0.015862891601131475
-0.016033242579801793
-0.016146731547247984
-0.015384919228239136
-0.01655434301182058
-0.016283113640335783
-0.016720608574502468
-0.01621541612480022
-0.015780543698410036
-0.016278004927311313
-0.015740780117380452
-0.01633774551956709
-0.01581404856435508
-0.01632879930380098
-0.016762375812329092
-0.016132672460687142
-0.01738934681704886
-0.017598296742814747
-0.01685401380598085
-0.0168090574727322
-0.017481779308163855
-0.017376710899028872
-0.016982832429192973
-0.017578129080438362
-0.017460485970101584
-0.01696849386069103
-0.017924574275074722
-0.01729490029405767
-0.01729827580603911
-0.017298532714101686
-0.018457235077865
-0.017646024098239413
-0.01863620947698929
-0.01873591711266074
-0.017659258625857748
-0.019024176126266768
-0.018273148313615907
-0.018912728488192244
-0.017975520541298785
-0.018032565686889886
-0.018495209923219465
-0.019530837915332173
-0.01873133026563181
-0.018453263581911263
-0.01949601227543971
-0.019703552837193012
-0.019984484427565976
-0.019100192291773316
-0.019772726706492872
-0.019864393759471598
-0.01907219737262119
-0.019077730625022046
-0.01952380108667451
-0.019946735329909746
-0.01981107428026859
-0.01956791869698778
-0.02069930899310858
-0.0197699653951499
-0.020513390853055834
-0.02032484888207561
-0.02110092971183498
-0.02118302027895688
-0.020487912898482636
-0.020113841685997433
-0.02074677929840164
-0.02160056989098527
-0.02103908415797513
-0.021794402888720293
-0.021471239165528688
-0.02113177773001678
-0.02166360179590684
-0.02079719086617594
-0.02088195693577652
-0.021744282778605982
-0.021331830022625092
-0.022276943347161515
-0.022534291040364994
-0.022501664085225366
-0.02231290803670207
-0.022817398053552877
-0.022749106510113627
-0.022588277152527616
-0.02219529001507021
-0.022758674436483804
-0.022637456700821037
-0.023347977242153043
-0.023196362827666184
-0.02299648806254019
-0.02263228787809623
-0.022444214246739192
-0.022905338398380302
-0.02261489926696809
-0.023951338200382314
-0.024002727664594405
-0.022812978410538903
-0.023080542388120778
-0.023273859102543645
-0.024503339483521187
-0.023641293946314045
-0.02404284877705471
-0.024062175011271905
-0.02478034685392872
-0.02349039051863924
-0.024755513832877503
-0.024966868615324843
-0.024402510342118315
-0.02417029067710697
-0.023974239022137307
-0.0253802660583587
-0.02443215890260618
-0.025365217162354847
-0.024353719609272947
-0.024915570892936417
-0.025362511287361538
-0.02493910774754576
-0.02507855504323741
-0.025520309908131377
-0.025557547357454705
-0.025336492755344046
-0.02599273178454985
-0.026279869683490036
-0.025443990591433034
-0.026420473479012243
-0.026228322503651695
-0.025386022904221626
-0.025898111222606705
-0.02577335104779911
-0.02574797662375607
-0.026018292638401934
-0.025798575944922606
-0.026024225397593012
-0.026282981871489818
-0.026972835719675625
-0.026434885799197595
-0.026201140699992864
-0.026376746938641008
-0.02636356363789739
-0.027607939368883786
-0.026954841551446458
-0.027654684592510755
-0.027585138295034263
-0.027837489237484803
-0.027646956994440548
-0.027783465646562002
-0.027944787821289743
-0.028303791060660364
-0.027525040581445143
-0.028090221255892212
-0.028382997143430923
-0.02773733154361344
-0.027630650162972063
-0.027758581837741745
-0.02908167199915538
-0.029121162910293444
-0.02841595712521546
-0.028122239440811148
-0.02820541544251898
-0.028291831290893067
-0.0296203226876827
-0.02886919332777689
-0.028945866221658987
-0.028490115714043328
-0.02986468890895894
-0.02968364011444053
-0.02931606663133746
-0.028969641431240166
-0.02983113973565039
-0.02980180884711284
-0.029009461632071992
-0.029402956168213208
-0.030556986426200524
-0.030410679857312814
-0.03058120215325532
-0.02952658549196568
-0.03041452461908948
-0.029748362918438728
-0.030910946726997065
-0.030464366690503876
-0.03100590029728652
-0.030527064636172527
-0.0298427048091872
-0.030779979303287543
-0.03074462723352508
-0.0310841105452681
-0.031462097797014386
-0.031030312597479768
-0.031082449304703916
-0.030459404662131675
-0.0317514929708469
-0.030768138356313597
-0.030777031308264303
-0.031041213566787025
-0.030679556735582973
-0.03151065156917324
-0.03208488284616838
-0.03161394165646597
-0.0321960970802877
-0.031144315027310406
-0.032488970681082516
-0.03207093161556997
-0.03202820446482496
-0.031779643357913036
-0.03212214122850173
-0.03158704432211891
-0.032208871296965896
-0.03266120893017861
-0.032932050398433006
-0.03259215992145163
-0.0327897976107109
-0.03202288841491013
-0.03192100951694982
-0.033036321927449354
-0.03211020617944886
-0.032449067310317894
-0.033280425419602015
-0.03315507921844966
-0.03221431464354763
-0.03274606580449608
-0.03291284505145708
-0.03341079963760585
-0.03376670788717362
-0.03245184971094348
-0.03392198877238837
-0.03310544685355526
-0.03303078283001639
-0.03348261988983154
-0.03274857610711326
-0.03290128446604955
-0.03290318809110288
-0.03290023445214818
-0.033661167483102904
-0.034161332117551416
-0.03382051492355295
-0.03319228414986623
-0.033580446972123555
-0.03409375099989762
-0.03436431739713655
-0.033807295736819426
-0.03476220853304931
-0.03391361606161778
-0.034234873353624476
-0.034835351224721686
-0.03468050509597749
-0.03480362704880149
-0.03504347915791508
-0.033916467050494156
-0.0343196635847601
-0.03421933926704555
-0.035012954885086524
-0.03397490547756948
-0.0348314349108644
-0.03520017665590274
-0.034316112216844274
-0.035273471143534595
-0.03475180394929635
-0.034798423395466856
-0.03475156760309851
-0.03475375669017058
-0.03514559070198379
-0.03433497014384181
-0.03514285960739114
-0.03576801510431003
-0.035484893283655145
-0.03554034943809912
-0.035271060418753566
-0.03528791729899951
-0.034641460987622066
-0.03574428180135711
-0.03473161019923174
-0.03525757910151048
-0.03470106670513109
-0.035589811035469765
-0.03491362741526206
-0.03560908067448158
-0.03518698438198573
-0.03494041778341582
-0.03531059728481667
-0.035430071949307404
-0.03494025892919005
-0.03596300887858382
-0.03589326455019939
-0.03537801355519226
-0.03570240541612004
-0.03596042901955746
-0.0361240239227108
-0.03525664708795157
-0.036195264740060476
-0.035083189917289155
-0.03611463005087827
-0.03549270468996569
-0.035981382019757965
-0.036119964696023424
-0.03540483279562567
-0.03618120856391378
-0.03638531389263261
-0.03647877652363653
-0.03575301337210791
-0.03539973789183959
-0.03534032518206048
-0.03587356431886584
-0.035345872505989376
-0.03613076469719221
-0.0359720396183491
-0.03646767231048809
-0.036013040794115235
-0.03597783491558024
-0.03523728605134212
-0.03659232169416855
-0.03538510254930061
-0.036045640367295254
-0.03574829929068211
-0.035498646313949764
-0.03560857694050319
-0.03605756082312552
-0.035211027276267896
-0.03630886283111192
-0.036204378570252375
-0.036236747263552714
-0.03518221089941431
-0.03526285864722284
-0.035384122243246795
-0.0355904299510899
-0.03592280212347871
-0.03513530623367061
-0.03542181176361802
-0.03600777641168584
-0.03524439064132327
-0.035307641641706015
-0.03533130427094602
-0.03515439846463502
-0.03540392735713375
-0.03534885538821627
-0.03495347164619995
-0.03574358888542959
-0.035216852346095166
-0.035534320900232154
-0.035821684850670193
-0.03585707981620706
-0.03529318784201558
-0.03544625478857812
-0.034837428893212695
-0.03583920638391411
-0.035806353632994906
-0.03518183537637975
-0.03481620980936331
-0.03612489368025346
-0.035254761803569325
-0.03485986217177109
-0.035348050100736314
-0.035154341327081506
-0.03539281929523054
-0.03461693594268635
-0.03584562606841044
-0.03519210755045011
-0.03530976600118323
-0.0345130634166815
-0.03477140913611717
-0.03486978790755135
-0.034366935577074334
-0.0345973836133185
-0.03547529746195747
-0.03487616002538574
-0.034283229965166
-0.03406681019673026
-0.034395275059267864
-0.03445022143356582
-0.034271362162659275
-0.03473906096764312
-0.034138490858578965
-0.03513456523838896
-0.034949415915879495
-0.03492927814568126
-0.034458812794329864
-0.034012626412556216
-0.03485995132619755
-0.034740822203910456
-0.033934390660945245
-0.03460879412618176
-0.033599470961335705
-0.034536283606434334
-0.03336656749793309
-0.033191700713743194
-0.033829653584184986
-0.03436906445942432
-0.03294478511235373
-0.03420835586891203
-0.03401312161721246
-0.033474002762380266
-0.03404822277222305
-0.03328970409577398
-0.033487978244524506
-0.033892245228172906
-0.03320835049619801
-0.03319828548242549
-0.0330212600049861
-0.03230866345176178
-0.03238517914560572
-0.03231904519774417
-0.0329466505290357
-0.03251190375436593
-0.0320537156718817
-0.03321058031578753
-0.03243078547509011
-0.03178580194179215
-0.03221770043618165
-0.032759542286023104
-0.03254838180069629
-0.0313437542602738
-0.03264366429224309
-0.03236216152020784
-0.032107783902006116
-0.03221567805466695
-0.03113303996032537
-0.03186924040009376
-0.03190017444391073
-0.0307250703346868
-0.031416135575804555
-0.030850417634612975
-0.030955701314547442
-0.031111494557284083
-0.030213802312127953
-0.030524950825478077
-0.0302317032146668
-0.030141461424991443
-0.030299237814073517
-0.03088600179704845
-0.030577189203591454
-0.029714574556059203
-0.030710924713117104
-0.0307679214243878
-0.02953380344702427
-0.029647332379690836
-0.02899048525079221
-0.030225909172243524
-0.029492672538793552
-0.029926716518386964
-0.029718085721447025
-0.029540342543439832
-0.02908325946899856
-0.028745047849984138
-0.02914840783055803
-0.028623310273318624
-0.029365457401197604
-0.028399965602162434
-0.028463667468892864
-0.027723928951974255
-0.028335623251117714
-0.027819870994869357
-0.02749804606878596
-0.027409357835788604
-0.028477054566753035
-0.02737485555898132
-0.027387112994800327
-0.02684466386568532
-0.02796278724796536
-0.02750766524354409
-0.026295006074943277
-0.02730216361858862
-0.027223933207020316
-0.025914829135581675
-0.026344815234368196
-0.02610867248265469
-0.026124224167846447
-0.026629949900917837
-0.026196419442529664
-0.026324811749789238
-0.025755686469251183
-0.02506799392714817
-0.02479511633577828
-0.025865859785208545
-0.02541246355044457
-0.025072357097940343
-0.025739110720613113
-0.02494979718096965
-0.025222651774558083
-0.02530570919062833
-0.024563107190739664
-0.02419363826651534
-0.02396682615676809
-0.024459533588543997
-0.023990773407227158
-0.024288672739849845
-0.02348547061124511
-0.023639611300472683
-0.023825021820013694
-0.0229390968700904
-0.022733147868574836
-0.02286481296806335
-0.023239974564944692
-0.022977237633685213
-0.022472740190972302
-0.021767787137752834
-0.021821176753505457
-0.02209163887539576
-0.02189578971856024
-0.02186417495491261
-0.02095791458654707
-0.02170244902354855
-0.021315706916166115
-0.020862064296530487
-0.021234227431053472
-0.02131036367698001
-0.020389608244704094
-0.02044637395340214
-0.020961878302135875
-0.019474664059229402
-0.020137584119931436
-0.019147407090294662
-0.019303245031315232
-0.01926846794437307
-0.018980702518448325
-0.01914816338614156
-0.01877373243328285
-0.018148813076631038
-0.018833549279245233
-0.01911754808460088
-0.01779793866400298
-0.018494859552617756
-0.017565816505518955
-0.01827762844813892
-0.017123487896729173
-0.018177543772193494
-0.017348351101726094
-0.016600559907936404
-0.01730367933743012
-0.0163777057315175
-0.01654174926185319
-0.01730826671255498
-0.016318003723704663
-0.016481717139092498
-0.01545292960490304
-0.015145473681157593
-0.015576609392565643
-0.01514853331336349
-0.014941944565703788
-0.014916014979352308
-0.015108911826285605
-0.014979098399116774
-0.014539292394388921
-0.01472536110680718
-0.014658120252491774
-0.014065915938881996
-0.013474434843487374
-0.013438834829359966
-0.013454138965405836
-0.013258452913928152
-0.01338193078339982
-0.012976269192346821
-0.01241056143618504
-0.012960169710602803
-0.012035033414161102
-0.012098311711432786
-0.012221065016515835
-0.012164365026998395
-0.012057613642595635
-0.011411840881430041
-0.011861381717576868
-0.010741495323376319
-0.011767654437913388
-0.011443734898629975
-0.011000005606796438
-0.011174986942525594
-0.01004883086587991
-0.010270721929005163
-0.010217090801647526
-0.009786372901158446
-0.009334593585344204
-0.00955373781986031
-0.009949651350999983
-0.009658510639995174
-0.00946462701698178
-0.007956750322908051
-0.008545165586707341
-0.008818993283798421
-0.008652463481387443
-0.008040466636198692
-0.007153438258160312
-0.007356934196525801
-0.007456694086998891
-0.006985406036101875
-0.0072100124196192265
-0.007177400743002467
-0.00597059050648664
-0.006864580079717378
-0.006327293101152569
-0.006139317925329734
-0.006354059401829855
-0.004921060043161208
-0.004889514653079197
-0.005026182796326703
-0.004405726658167149
-0.00509987210421149
-0.005345295137638186
-0.004769198993538777
-0.004433077347486728
-0.004165949132506089
-0.00331110879862988
-0.0036654156583341532
-0.0035058343125750854
-0.0034969676889777678
-0.0023843876065666853
-0.002187731084466976
-0.0023322934809954527
-0.002467308968579566
-0.0018533614404933683
-0.0015332601663335958
-0.0014993016781521967
-0.0011546301287832946
-0.0019957979768726636
-0.0016802728385962237
-0.0014278338498733396
-0.0009676940721250677
-0.0007020815961847738
-0.0002685300541749586
-0.0006899425786990984
-6.076225807192455e-05
-0.0002835124643823838
0.0006060048712151729
0.0009200301176417679
0.00015040035445902216
0.0008646040045475719
0.001277134054597557
0.0015118550010839046
0.0011077175793762243
0.001154204697752675
0.0023205808719688734
0.0025762240839290037
0.001403503003815214
0.0022569453955940417
0.002933619082717612
0.0033235992680554095
0.002500930203658268
0.0030536604305155795
0.003175647005979129
0.004072168026679265
0.0038401681565787913
0.004098498099785466
0.003667479888087766
0.0039005823579501423
0.0044646020279995365
0.004752375472355345
0.004321675168500877
0.004635139277921768
0.004742785923279407
0.005909420558168528
0.005832520191757763
0.005435356944065346
0.006374012646133774
0.0058247624752003615
0.006137180672104837
0.006066959713026369
0.006479569809664145
0.007159467753023045
0.007700004158959375
0.007615658387463033
0.0074368710652377625
0.008246181084770291
0.007210758692798943
0.008080931269581584
0.008932813067646428
0.007864180264324075
0.009191558573663702
0.009419812735638126
0.009047817856609111
0.00901838002519064
0.009230214885639234
0.009927693655526926
0.010331684776881981
0.009668421658097245
0.010716687350262342
0.009906310306616135
0.0103099817518776
0.0107864641727294
0.011593877601187338
0.011393132228164331
0.011200584413617445
0.012207124386489184
0.011537757677845404
0.012132308602833573
0.011796479119019323
0.012355879636633654
0.012604347039470505
0.013010618946373172
0.013244613052162907
0.013537340577063886
0.0132451821506236
0.013509129187304124
0.01344174416499558
0.013801680355099656
0.01434197847956424
0.014142949867326123
0.014531013369157025
0.013920484661508189
0.014734196418713883
0.014133669512184718
0.014574062772070798
0.014595575912956288
0.015688874618875106
0.016000095722831766
0.016290655468410645
0.016058981603100903
0.01628286722901304
0.016491682461677874
0.016841759683952125
0.017115452453899144
0.016708569010737376
0.017342944914113034
0.01756805846847165
0.017211514002226837
0.017280695541810265
0.01778212410752468
0.017722426904363812
0.01792595440243538
0.017791455963593685
0.018739973135778694
0.018732095530168916
0.01906102747643307
0.0192916696250767
0.019293867841292518
0.019482357496860187
0.01980563996683606
0.01867513429812432
0.019045753751827234
0.020353137566461767
0.019424228578240804
0.020626603236291015
0.0196189554225965
0.0198758937996823
0.021249721171859477
0.020471664872551934
0.020777867301834445
0.020968114658273123
0.021390552224364295
0.021488076484164467
0.021649819257796774
0.02121804397831282
0.02121163753232084
0.022600853626131522
0.02281939809977811
0.02179378051894593
0.022380919625066983
0.02222958908460644
0.02324686336404611
0.023072153599514873
0.02280283587229398
0.023920044012832233
0.02318643796687402
0.023228684515239437
0.02373011937744106
0.02380358335765748
0.023423505582597398
0.023948554361719866
0.02477105521526003
0.02464689274572392
0.0248803180925014
0.02499799560575665
0.02522526136064795
0.02507784769122713
0.02449046816133992
0.024942529421747184
0.02560159273007354
0.025379359239185263
0.02496605235797469
0.02591289874614475
0.025607235062311783
0.026264368503076955
0.026232702821500965
0.025881389965329425
0.02573154598041151
0.0267688424078027
0.027106983021450107
0.026882612306173517
0.02736414307553883
0.027592909778829236
0.027815910621043518
0.026630477599079425
0.027490947739688118
0.0283388116799227
0.02782726968105915
0.02824645254895982
0.02842370513967465
0.028087625439667984
0.02799873326651974
0.027827086701305716
0.02888021034337294
0.028750560212682765
0.02842753442325089
0.02898817175215697
0.028895397878891976
0.029620402847086714
0.029394337754282077
0.029150814487202137
0.02969392515618673
0.029908282318618272
0.02979748338526099
0.0292070342859198
0.030512577698540364
0.029895890923407224
0.030380988684550435
0.030516015045972456
0.030229383118054676
0.030918122202507455
0.030866175067038436
0.031041111318592746
0.03025054981694577
0.030743119261075754
0.030860060727262113
0.03045672323000809
0.03098338953439083
0.031904505016392304
0.03212809524849782
0.031975591468844954
0.03210974950896958
0.031742767846044476
0.03224585336081596
0.03238284027235904
0.032196123556724736
0.03250788989791065
0.032689087439718295
0.03301223468236989
0.03160880564901021
0.0322867021010464
0.032314223386678206
0.031945371874231306
0.03286667057160678
0.0322165363671873
0.03270165882929201
0.03267972241569948
0.032823104044192204
0.0338469696767066
0.03357236346199678
0.033832945306986384
0.03313497689027585
0.03397488360791502
0.033510097158798074
0.03294788087272908
0.03406915273070924
0.03362598277198707
0.034316055930986154
0.03464935585831314
0.03434175598363643
0.034601096731925185
0.03453435020483502
0.03394353462370948
0.03428107816713896
0.03445898728836095
0.034960344062903284
0.03393640447467809
0.03438254598605319
0.03433160681695571
0.03461573177455901
0.03489728727041978
0.035207540592307594
0.035194395755948744
0.034652019902827576
0.03485232587010311
0.03562348207643022
0.03553607607797956
0.03565877904297077
0.03471754457829273
0.03529538221021062
0.03585026745185437
0.0353876250626181
0.03566300648435816
0.03631087715110305
0.035421481301390084
0.03605656392079524
0.03576463784375953
0.036128809227462304
0.036505105890186754
0.03587198970349452
0.03539191474609531
0.036284266685990454
0.035309805937716834
0.036076613648424766
0.03645575357279474
0.03658363274450469
0.03623600308375044
0.036841144970332695
0.03644028224643699
0.036741877015321604
0.03629757132206045
0.03572675097071829
0.036805175322400505
0.03680282887689763
0.03648455180169219
0.03591200849886219
0.035823088622731356
0.03650167506577151
0.03718713012832413
0.036115651756713045
0.03599019333478542
0.037261015769261586
0.03677436580974214
0.03743402889102952
0.03757409598438335
0.036102461020766995
0.03629819701562787
0.03679852906444682
0.03752654678248977
0.03621789851209795
0.03750382609852933
0.037356322791401414
0.037269542936913966
0.03746812851633294
0.037442935245392835
0.037461312470795094
0.03718874202088772
0.03662934423131414
0.037224529294868476
0.03670720724674079
0.03735513011870836
0.037616517513665834
0.037183470239576355
0.037023874621030975
0.03775547789461553
0.037622063829761236
0.03713726154813991
0.036658774216659015
0.03697232196910719
0.03663693129081979
0.03796375117966259
0.03687039107039092
0.03800463736783045
0.03748249361824668
0.036992194512483596
0.037180401985798625
0.03702104517536218
0.037198337259088284
0.03754786703277955
0.038005197283687356
0.036613368101581965
0.03740202869992969
0.03754923905352512
0.037954900842011946
0.036601856149555745
0.03729584517966453
0.036623947297838036
0.03754703512159502
0.03693354002577363
0.037275943505705775
0.03754294988155994
0.03663124525908245
0.03691578508009543
0.03647128307256856
0.0365706579488376
0.03724713031729004
0.03655545112121354
0.037621441648369676
0.0373535214717748
0.037300725070484424
0.03733326326733279
0.03767296882829041
0.03781303515160686
0.037405185308782125
0.03778546208478329
0.03646618630151716
0.03684817307775771
0.03639895381351694
0.03715318817022431
0.03692601674998849
0.037302076730110795
0.036920063744761304
0.03731549125764688
0.03714845070141436
0.03749666642092166
0.03749203961353407
0.037037347394702796
0.036594566754536
0.036124309027726155
0.036286038143292995
0.037317571302015504
0.03695866717306661
0.036627696907310235
0.03698755744341232
0.03718323630854394
0.036645883754849035
0.035895179392848635
0.03628329103330504
0.03643297246213144
0.03573376417174253
0.03627672447528991
0.036210162301202706
0.035928989058503065
0.036707061542865994
0.03560777575596847
0.03632197183522054
0.036738625367802695
0.03544714865755341
0.03648802282910152
0.03602173436006408
0.036173781634575984
0.03650913381609525
0.03651354134160327
0.03517767612484498
0.036478532149995815
0.03533732874999193
0.036306635971293355
0.035661907836213355
0.03545780879410785
0.03627384408742843
0.03475771091169683
0.036142410297763966
0.03478936398646974
0.03514072512808231
0.03584581888739672
0.03548162118086233
0.035686812701728333
0.034724170716824
0.0346159691258235
0.03514868325877957
0.03440602866674838
0.03568881396430564
0.03427096031462016
0.03413107697974267
0.03515893667567856
0.03447431744912028
0.03498195671198893
0.034330894170493016
0.034801046029881745
0.03520542248849898
0.03462523257917886
0.034727412633446704
0.03490813409214419
0.03444063711476526
0.034662111657526154
0.034513844310338285
0.034072138349859095
0.03411128049656644
0.034283161173101144
0.033294069169293894
0.03434217833368946
0.03415706362335249
0.033283363284201076
0.0344113138648688
0.03291700553030946
0.03282113113636887
0.03362191750960418
0.03356062344911665
0.03406602116777478
0.032861081438924945
0.032492459263349815
0.03266932060509196
0.032942147465577915
0.03253361511687839
0.032259531491997236
0.032242440254239405
0.03331105486451266
0.033255244594368676
0.03258493489958743
0.0327275851572129
0.03305046917201024
0.03244864883558735
0.032119352762920404
0.03280892707836061
0.03195721405970185
0.03228310610594423
0.03177968836514184
0.03227015057459145
0.03164383557308212
0.031510737474529725
0.03219190865845631
0.03102213201387331
0.03202896062449038
0.03188051641805335
0.031979168821099496
0.0318331422558502
0.03172629221517722
0.03208740921114589
0.031674782113098335
0.03168760574793421
0.030944771520257118
0.03130820081956803
0.030226334193093018
0.03128361647927343
0.031013673538133033
0.031186625605232502
0.030418842258587663
0.030914748832057665
0.030818721181136176
0.029784093193987823
0.03059731575479586
0.030862811204503144
0.03040613090478943
0.029768884203271322
0.029483171324486458
0.03026096121460964
0.029290199234952165
0.029623579867991797
0.030246303881236558
0.030316197636998863
0.029515041831308535
0.029837706777784804
0.029917337811021506
0.02944170279792118
0.029952883372667827
0.029864989149307384
0.029756807618860258
0.028401228416211167
0.029469444005426105
0.02833018190785765
0.02931967009192789
0.029365537662019874
0.02848494116405534
0.028135648068102988
0.02905438275694404
0.02845012834249068
0.02892957429541474
0.028544766415727185
0.02777999516751012
0.028648794622429672
0.02750538633683308
0.027482143209736593
0.028260308633121862
0.02709594649126431
0.026937110352773144
0.027745456380481717
0.026684755921031467
0.02714749182556036
0.027399139443600017
0.026999621400114037
0.027194229364235434
0.026287493945909703
0.027117683306951485
0.02616601188587536
0.026385957156652172
0.027343682890133555
0.02714900284679147
0.025920895842020744
0.025719748448436212
0.025949482778838795
0.025478362665093516
0.026798019498344268
0.025380678739919862
0.02602246578349615
0.025122977779416602
0.02554068362235976
0.02513757456416798
0.025174914925108236
0.025087664443811053
0.024671794174716197
0.0246941015237276
0.025569420881489037
0.025807814074427237
0.024957982422383323
0.025393742785947027
0.025543139366153746
0.024239518702859814
0.024316380610383416
0.023991312387644032
0.024319097777966158
0.024291135059308654
0.02420693833926923
0.02395156739673444
0.02438970343684842
0.02442009755176721
0.02456396250128017
0.024635900180301835
0.024249623186271854
0.023158759103801305
0.02442218198876282
0.023004219229200915
0.023098660912586607
0.02369020566456976
0.022781406053670343
0.022748358872336748
0.02269297739282327
0.023414891426813408
0.022694816578489933
0.022693241877274336
0.022376776633471398
0.022528195942473926
0.022792175323128498
0.022615670553959296
0.022673252668474496
0.021778539783785553
0.022768043293129578
0.02227232893571971
0.022733717309488526
0.021776227972794705
0.02206784380313528
0.021695671137342384
0.021394098292919276
0.02161790563777812
0.021778268430531014
0.021719996102814106
0.021029348286467364
0.022049175210601013
0.021535076618987136
0.021051803917732235
0.021230877558392477
0.02031463134690389
0.021084793688000456
0.02125637848470973
0.020785188414945675
0.020762855049188445
0.02124366305611264
0.021114028867281046
0.02092836062399559
0.02045883174701258
0.019809464064075653
0.020759595294646122
0.019639730054283704
0.02062040893067824
0.020605140399450023
0.019328758429558588
0.020117289773836176
0.019261184148276832
0.01950132635865606
0.02020310020044954
0.01920941039462917
0.01965389979648173
0.01907339569597242
0.018916686793675017
0.019482318848602975
0.01829447721982267
0.018259208050307858
0.018179504911257204
0.019466348471239618
0.018748032771622868
0.019113940288430945
0.01893124104988995
0.019019654673219144
0.018431182098750158
0.01847026751578721
0.017547238638096672
0.01833999342720374
0.01762906557939955
0.018500229873046524
0.018133436188536564
0.017541184941924155
0.017303634899143393
0.01687030199474649
0.01821932933675545
0.017693882415493713
0.017821663756419366
0.017911985728023563
0.017957548829749224
0.01662926916292526
0.01757783080401301
0.017334968549688353
0.016480407790443297
0.0164614572920032
0.01715968891623796
0.016904743506862226
0.01593866620022922
0.016453977119481596
0.01643147562236243
0.015884900538744366
0.016867583240230865
0.01588244234256976
0.015497024204366026
0.016004211707017137
0.01644347571846777
0.015303727366194843
0.015306924920688395
0.015015924038761045
0.015596440999884154
0.015932077574885985
0.0159348883562628
0.015612947187717845
0.01493942184257257
0.014852888737994004
0.015330408087787867
0.014643061289446329
0.014538906536989879
0.014348953312714846
0.014462523382105248
0.014778990593367403
0.015505120119059225
0.014663802895899906
0.015197467401559603
0.014366967134962974
0.013968683575189055
0.014298552181694749
0.01451714955563665
0.014899910924015942
0.01405492917009691
0.014444255868005709
0.01380820413406209
0.013329893294669113
0.01395497416618048
0.013519474541215402
0.013037289322815048
0.014264671921367227
0.013440115632071136
0.014105747938468029
0.013478509782988889
0.012847734387383819
0.013302734342135268
0.01390199844366348
0.013544725310197082
0.013720781994073637
0.01309309275215615
0.012454300556831815
0.012239564824387433
0.012927371089925532
0.01339047615575917
0.012696910089464457
0.013164515947490156
0.012466149038875662
0.012725027804934433
0.013100504274509513
0.01200247599158801
0.01180968374252265
0.011848966833131969
0.01284014565779209
0.011510231058550825
0.01259927091797824
0.01233887614776847
0.011258623463055858
0.011602689031224904
0.012216508508607261
0.011356161493960133
0.011828256932910475
0.012247511338575146
0.012057379971470505
0.011273485218790924
0.01068410857792129
0.01202383024349226
0.01195587650729198
0.011202129293478313
0.01086121691619192
0.010938959357804734
0.01093844053131981
0.011115053046606396
0.010570908691364315
0.010845099892632699
0.010478574917353522
0.011420720830012807
0.010158531031583701
0.01074014169612099
0.010986858067340226
0.009883670306950473
0.010647070069152916
0.010743471356437512
0.010249988944434383
0.009991297124653202
0.009649201350117563
0.009999294462268715
0.01054106303429691
0.010509090365004524
0.010462445000655548
0.010143442354963502
0.01029144454182601
0.009497839583246992
0.009657896021082767
0.010331926547503964
0.00939039058973611
0.00996556732653367
0.008878998329800472
0.009546127353530682
0.009486884110659738
0.008854650801303241
0.009614825659285925
0.009022242557153736
0.00976928936047103
0.009172175899480077
0.00912502728705817
0.009707727291057905
0.008488154943280085
0.008855790552903375
0.008563015204851827
0.008952907968001658
0.00834102167275746
0.008732309581580184
0.008138982716349798
0.008342677159498282
0.00874184877003504
0.008001152066781305
0.00877339790434167
0.008130724374797161
0.00771983085717314
0.008398693174931804
0.00783322673664672
0.007700521657803001
0.00782696200380126
0.008500072641970032
0.007397103448876407
0.0073572240018390505
0.008429578955152485
0.00833585858453323
0.008360686686974898
0.008619343694711607
0.00726164113389992
0.007070847109160087
0.007172319118631868
0.0080651615364513
0.0073823772604112055
0.008322153679731123
0.007975214020844421
0.006850995691443823
0.007177071963606059
0.007186601921087243
0.007563740104591085
0.0070966507620279584
0.007840277393144987
0.007620410298199649
0.007128110258240686
0.007608837094781846
0.007409127401310203
0.00665888227317023
0.0068343405634332935
0.006758080562979128
0.006914763765532977
0.006400701726023645
0.007592880968163797
0.006512961354990943
0.007416319998732708
0.006360902653090449
0.006747993274418187
0.007013420172692663
0.0070309599740739975
0.006999686088257628
0.006463677683581426
0.006421804768552413
0.006777604445333373
0.006154337549333292
0.006470107761414521
0.005762259738708004
0.0063413792016308495
0.005662872750006469
0.006795282343353263
0.005472072206142037
0.005419725693410952
0.005642469270190072
0.005567336218680941
0.006166999367167125
0.005908442578921573
0.0054010510560946095
0.005302941884677157
0.005321854407548557
0.005951930315750348
0.005103778609546991
0.006437201580819658
0.005797756752255187
0.005686429231262301
0.005621077419245624
0.0057707250591502255
0.0057593222212961705
0.0060301867770821554
0.00491108583608767
0.006169557571053467
0.004746785555530006
0.004824262325299446
0.004767265255148778
0.005020302867712909
0.005652233227456895
0.0058611354367077055
0.0055723453122509415
0.00577971329245627
0.0045152706829430286
0.004392628588952416
0.004742936889676295
0.0054000521772609505
0.005247019452814221
0.004535838126730031
0.004367386683767477
0.004930275388179129
0.005355516419734944
0.0052014951144841795
0.004420402271380686
0.005390836841383126
0.004222458692590923
0.00426304853680743
0.005275264691183134
0.004023483429264808
0.005097724891729821
0.004082850055708338
0.004029122626623489
0.004742752443503484
0.004625867919126401
0.003924437534486053
0.004788908025740729
0.004886923351164264
0.003992703189156265
0.004829381809518973
0.004182103299666081
0.004929130537944347
0.004571990657085485
0.004267819143152853
0.0048090781026477
0.003809497319867398
0.00390978508652216
0.004862948355459353
0.004705901192040338
0.004786827743954366
0.004842613969918635
0.003742801583013172
0.003324439375785109
0.0034812838634054937
0.004404467696952224
0.0032990623985178725
0.00454914597451673
0.003670184533607907
0.00394491879727464
0.00450151832324401
0.0042944513830417645
0.003124797723379411
0.003251022761136909
0.0034555587405794147
0.0034922480321616755
0.004375146751164172
0.004076370289930622
0.004128315257248068
0.004020933397694335
0.0030360568188975375
0.003022002258374717
0.003597880208370801
0.0039696745500524735
0.0037884566498818787
0.0035929151504490793
0.003681355948552917
0.0033518300748136024
0.003620674699037269
0.003946065529272058
0.0037494608773814427
0.003994726397401336
0.0034879435048522332
0.002998012064870851
0.003572418732210674
0.0030761457162169163
0.003143600689052373
0.003385787614013359
0.0035041614720670985
0.00383306427791064
0.003244896333411717
0.0025182749775340117
0.003494560847828247
0.0028518716389136535
0.0037587186848242744
0.0036824336597033654
