-0.001907836093848253
-0.001285208602815542
-0.0013858325658923627
-0.0016482756871349018
-0.0013143065712152172
-0.001651703972066976
-0.00137200783636968
-0.002125876536815627
-0.002307651506842955
-0.001703843222008148
-0.00197381053592129
-0.00219547309458987
-0.0018568429438884477
-0.0018644862802696832
-0.002254493321590613
-0.0017010804652993928
-0.002383943488822457
-0.002067860813247836
-0.0024405419831798154
-0.0014211054303241114
-0.001862374191638659
-0.002398575474490028
-0.002630285233291526
-0.0015779763248547375
-0.0019694468885404657
-0.0023791013245875563
-0.0017687125144893352
-0.0016744825512103787
-0.0026631771142888107
-0.0026163525879198332
-0.0027467605255134956
-0.0023224287481197823
-0.0017870476318371847
-0.002531737331872908
-0.002625945307487503
-0.002046403018903237
-0.0025938788117731136
-0.002281891732831475
-0.0017888831633440863
-0.0029384456342313233
-0.00200557298943139
-0.0032314086933086126
-0.003227271528517395
-0.001805243543676273
-0.0024632634699493818
-0.0031490532103553843
-0.0033264834650702443
-0.002721052234797742
-0.002941815214454791
-0.0034495605112747365
-0.002271450558308493
-0.0027137849607136075
-0.003123880111464535
-0.0026472175828229747
-0.003127101982184509
-0.0025655972088295233
-0.0023220564370191816
-0.0023901459119888896
-0.002456018486527857
-0.003252694914634358
-0.0027599549941353784
-0.0026551507779256707
-0.0031218212728618623
-0.0033459493612811686
-0.0026153243122718803
-0.0035357902578073996
-0.0026011001206227248
-0.0037123182784682056
-0.0035978149389137236
-0.0027025425681058385
-0.0032877397382263
-0.0037319858962522596
-0.003474643156592699
-0.003455100200742242
-0.0037099636717935164
-0.003179067351972555
-0.003959313438502131
-0.00294615040643688
-0.003348013460914439
-0.003956203507915148
-0.003502511030974076
-0.004176441955765576
-0.0032488289221908363
-0.0034332883973868748
-0.0031338496139575707
-0.003349227136669681
-0.0035959523850254116
-0.004020209987667955
-0.004530887782400421
-0.0032712440086030007
-0.004007760627254619
-0.004356222434260647
-0.004726627685999225
-0.003349873217667321
-0.004725359952917847
-0.0041991125159488865
-0.004909148198118718
-0.00386018070746829
-0.004737558051896407
-0.004381439871123611
-0.0040054143053541245
-0.004058673584110021
-0.004518580799144753
-0.004515035021237751
-0.004679571253979466
-0.004630467050811605
-0.004908706981070124
-0.004421539804165584
-0.004406492788063473
-0.005215254582917723
-0.005435154921147001
-0.0048731040532463635
-0.0047705109007159675
-0.004505899489454511
-0.004284119827122476
-0.00552895399146706
-0.005309099624518573
-0.00509523084058778
-0.005439435916101163
-0.005000658888812469
-0.004437872007031152
-0.005286904058429084
-0.00507763731945933
-0.005778379451570762
-0.004923531785914159
-0.005336635532015787
-0.004710583074652662
-0.005233521881826099
-0.005732985137870123
-0.0058972376407356464
-0.005465870639859668
-0.005444743209461999
-0.006291005646651841
-0.005250878159490365
-0.005020462013850652
-0.005458089572673403
-0.005367609000234696
-0.005753294699387078
-0.00640561219014091
-0.00638466718994435
-0.005518720967797329
-0.00675062336566111
-0.005960279056987338
-0.006588926899298143
-0.0056002315285438
-0.0056680633099985694
-0.006646705416136793
-0.006994871929380816
-0.006363556108872528
-0.006199948928084665
-0.0063630473107688205
-0.006169064598143967
-0.007031572894037744
-0.007058407626333953
-0.007134715454169014
-0.006401299977462711
-0.007510572764330513
-0.007164748813848124
-0.007549821033635751
-0.0071922161391362585
-0.006666506875283242
-0.0069953784281026376
-0.007627698428723343
-0.006799559690355045
-0.006991969106774992
-0.00656433562592286
-0.007573981753328123
-0.006942534745057528
-0.007665440897683949
-0.007115013392722925
-0.006993593074647025
-0.008098709045387231
-0.007088584613959774
-0.008305475567664599
-0.007259998817571969
-0.008274323824408555
-0.007625423923543172
-0.008366668956082611
-0.007351193825420028
-0.007603674770986782
-0.008152098030253407
-0.007691155393719205
-0.008061378554548882
-0.008880814706781528
-0.007517326398265057
-0.008288433616429149
-0.008780544113101559
-0.007817036102445309
-0.007812479788697154
-0.00875249504878127
-0.007984479036712237
-0.008920897632017514
-0.00841378870609697
-0.00807477442378476
-0.008259530275693944
-0.009401347606777197
-0.00826677696218577
-0.009079856089320089
-0.009620146681488714
-0.009604818858498603
-0.009498892281847046
-0.009068528024545271
-0.008965153505417345
-0.009899478190533125
-0.009734621828120908
-0.00947689004716049
-0.010212509461759894
-0.009053286544466483
-0.009005804669665409
-0.009982254480867741
-0.009368999730369278
-0.010254876571301336
-0.010112588678655093
-0.010104513196733828
-0.010503730280220185
-0.009419896040984565
-0.010601716885888058
-0.009912734662508207
-0.010310515487240225
-0.010426632499620765
-0.0096407334745233
-0.009699412064843474
-0.011206624189698691
-0.009903397952160248
-0.010596919393787008
-0.010962609587980314
-0.01107872485741108
-0.01150310395198023
-0.011515520666768198
-0.01067731848923649
-0.010817310353379668
-0.010990443042499833
-0.010765820471855123
-0.011942247546087126
-0.011923045473894129
-0.011903794771774154
-0.01166348475770752
-0.011928630101813624
-0.011064621761991316
-0.011054599683392402
-0.01128173742851149
-0.011912682891350546
-0.011607189182647006
-0.012093797937916496
-0.011437983927062908
-0.011329175866703093
-0.012601276503037329
-0.012706041201154242
-0.012942803217560655
-0.011720196219425535
-0.012627186032730702
-0.01204583457980884
-0.01316707175738694
-0.012001708750421947
-0.012691134022107248
-0.013196207005978086
-0.012207512122458292
-0.012239530800265394
-0.012310069828393482
-0.013068024805037774
-0.013550004255288826
-0.01373638092553735
-0.012790248838978875
-0.013553805775223932
-0.013488083494074151
-0.013337520760321943
-0.01426115533730315
-0.013479611069521865
-0.013866436778166508
-0.014245238589853817
-0.014179995648342963
-0.014627320372542628
-0.013412073194340597
-0.014791220874154439
-0.01468205383485966
-0.014921329151098586
-0.014971415112798078
-0.014989284655252502
-0.014619178880914284
-0.014181003576532094
-0.015353236082618205
-0.014743129996312637
-0.015119946632319756
-0.015506980620322576
-0.015479453294927512
-0.014413341393338738
-0.015335803835326423
-0.01522485641922128
-0.015725964939923794
-0.0146866683911313
-0.015270509424653415
-0.015350939290186143
-0.01505809786339184
-0.014961140541383177
-0.01627051777072527
-0.01572714095652025
-0.0166041228324274
-0.01655872718003001
-0.01653543540967468
-0.016271156561769504
-0.01646717352890849
-0.017019665379415648
-0.016704327972944216
-0.01628878933741706
-0.016696546304276267
-0.016342553092909908
-0.017416067859447687
-0.016726770274873702
-0.01621564716808058
-0.017208860152895227
-0.01689539268924319
-0.017144635142378344
-0.017411131317466404
-0.01720834600209732
-0.017954729936902253
-0.017850087242681164
-0.0182610214329383
-0.017351578169515772
-0.018382252448746198
-0.018495127126792656
-0.01745352363432911
-0.01791608367250394
-0.018645500777264828
-0.01742442335832319
-0.017992527209953358
-0.017914004794188816
-0.01878055656184109
-0.01918998597161255
-0.018059343432538115
-0.018356844378987176
-0.0187070535932316
-0.018292075365435628
-0.018312536777506022
-0.018466269942360995
-0.019205017132684046
-0.019183711270036534
-0.018966130235434555
-0.019682521011942653
-0.01985037250388241
-0.01872207001415885
-0.01957405875291834
-0.019323196678469233
-0.019062355499538303
-0.01914302469868792
-0.019752781737671747
-0.019756842208266557
-0.02047081455215766
-0.01954064450780635
-0.019822314204255096
-0.020533356638875143
-0.020243425932452076
-0.019842524618674216
-0.020975825412570884
-0.020012019243095414
-0.02121849984393569
-0.020127210985046176
-0.02131247342963166
-0.020304466683887683
-0.02092138541598548
-0.020483581621866837
-0.020636288623672366
-0.02120846766268282
-0.021917158035936617
-0.020802307636715325
-0.022300828433555887
-0.021074362497028116
-0.021372651910734206
-0.022264322712945435
-0.02194439831535623
-0.021595602442047737
-0.022492600900583668
-0.022238736326574974
-0.02307726790356895
-0.022500593418682293
-0.022804299385969593
-0.023058494482750838
-0.02327026701143121
-0.023502294226185112
-0.02246428400700121
-0.023203733347950294
-0.023544435119553685
-0.02276479542983297
-0.02301394779480265
-0.023125746597842764
-0.02275302443609439
-0.023427822555420093
-0.023489384367866867
-0.0240908255102635
-0.02409132713555263
-0.0242708284413398
-0.023707223914795916
-0.023448808608923562
-0.02471927728042248
-0.02399006931112374
-0.024204476187600073
-0.024374105199067672
-0.024518227938590636
-0.024899468313413567
-0.024873179239275928
-0.024429753681979954
-0.024434623807307813
-0.02445716676151037
-0.025584795435072253
-0.024881288525067574
-0.025004042953697802
-0.025402743783995426
-0.025526953346197517
-0.02527710844331056
-0.026135971777967712
-0.025083786068727774
-0.02543567883160134
-0.025882861298645688
-0.026364780731773185
-0.025733421177304445
-0.025886452849910226
-0.025597920827312454
-0.02642605948030519
-0.026420227513305885
-0.026869260154915735
-0.027001029887118395
-0.025892338999857337
-0.026472236072345702
-0.026984083506984672
-0.0260298882582287
-0.027061415082761598
-0.026292966371937777
-0.027071010060650904
-0.027087889223493353
-0.027179376494681797
-0.027017324987366198
-0.027849461412029514
-0.02705062795684196
-0.02701658951484756
-0.027942428291187822
-0.026879651775758493
-0.02771888887398273
-0.027349097225860906
-0.027228390842865696
-0.027694300460782792
-0.027465952303272867
-0.027750225306876732
-0.028290808410555222
-0.028753441243467143
-0.02825912224722892
-0.028754109502008515
-0.028634270535719153
-0.028930040169149553
-0.028113382605269605
-0.02864191370788127
-0.029588061088211683
-0.02831035092664616
-0.028670497965037997
-0.028583093883744373
-0.028430774001125186
-0.02905252005779574
-0.028585468598983428
-0.02898533844201437
-0.029137165020294606
-0.02982810961494651
-0.02973270747950354
-0.02993877808053393
-0.029443852493417765
-0.030207895882056007
-0.02928864978286901
-0.02923916877743784
-0.029896244242487324
-0.030484286028920938
-0.029745903572067516
-0.03085715182692065
-0.029841937877101734
-0.03009014151000436
-0.029799827727222613
-0.02998308781770111
-0.030341444442564484
-0.030798730239379134
-0.030184264194344616
-0.031463151674681694
-0.031078421004800332
-0.030296129528722973
-0.03148817168859896
-0.03046042830142185
-0.03052490216198268
-0.03116778024849837
-0.031016405978842036
-0.03130731820711077
-0.03218055161974284
-0.03186567797872995
-0.03185258354701704
-0.030939428654089298
-0.031057460862123482
-0.0313315047965848
-0.03127232937716525
-0.03145403611496152
-0.03150735323187002
-0.032105279811795395
-0.03203002871197651
-0.03217972870545206
-0.03245735984927864
-0.03196004189166375
-0.03184905677191754
-0.03292950511797277
-0.032058856925528754
-0.0321780210178376
-0.03332179031728242
-0.033340629150730175
-0.03249470503702852
-0.032188304917464945
-0.03250144240010631
-0.03296828240196902
-0.032512414625223425
-0.03298779209398304
-0.03283798292437387
-0.03273027091983501
-0.03251144337197892
-0.03257994489043015
-0.03278524507186093
-0.03365528499502118
-0.03355245346187274
-0.033341959543286746
-0.03423889341170801
-0.032914401654662265
-0.03399708392122297
-0.03417883777175957
-0.033261207877241836
-0.034180709055094745
-0.03366758865617685
-0.03345555759174361
-0.034479785735900846
-0.03341777075593
-0.03357086171577647
-0.034753001783903406
-0.03429537225821423
-0.03429058745500654
-0.03442373823211116
-0.034846174332780214
-0.0347357192246911
-0.034998869375681155
-0.03442126164096938
-0.03415216000669643
-0.03463454514517275
-0.033972388608458755
-0.0343573432704572
-0.03501142898416108
-0.03416284088771762
-0.03544802143594789
-0.034290189600918806
-0.03474931790514662
-0.035212892315313056
-0.034434286892392967
-0.03467089727627665
-0.03457523399682615
-0.0344096681185009
-0.034311219484098356
-0.03536845646466439
-0.03525503955259958
-0.03455648502309968
-0.035009514108888175
-0.03454763264295368
-0.03591511558049451
-0.03547446038944812
-0.035273745967591884
-0.03457374909343734
-0.035712207132037564
-0.03532941700298928
-0.03480944679699369
-0.03467167387195563
-0.035590314795976644
-0.035527825523811764
-0.035069065180762166
-0.03489200512566814
-0.03540157393588935
-0.034852449802232975
-0.03549874237658972
-0.03617476325353735
-0.03506231593816799
-0.03588254507086915
-0.03572113704159962
-0.035057710904134225
-0.03637593548971825
-0.03577352917393553
-0.03583610574192933
-0.03523738589172202
-0.035232911765994045
-0.0358049099123755
-0.03547784710695926
-0.035123484643509215
-0.035432300721918754
-0.035789840562358
-0.03590252193055124
-0.03580564178722982
-0.03648837897954872
-0.036609232763958686
-0.03620346056717332
-0.035596376207886575
-0.03647699311582807
-0.035547265180592355
-0.03583986475297878
-0.035719474024499646
-0.036542012646219806
-0.03544710186770646
-0.03640261188247637
-0.03579409451652599
-0.03611993180617425
-0.03555351227125566
-0.036281806677599504
-0.035588796914474335
-0.035893253165319036
-0.03548071091105017
-0.035584654691844804
-0.03600854101564308
-0.035495218410766805
-0.03529848664231413
-0.03620258590770601
-0.03607281697591043
-0.03547073031521868
-0.036465018617161005
-0.03516624204793769
-0.035613761389430766
-0.035950350999598396
-0.035911350442518364
-0.035601121158652584
-0.03646156191249342
-0.03594039241608642
-0.03626433082506571
-0.03509406366286512
-0.035560101182542304
-0.03593776509103058
-0.035977520082764815
-0.03605550706758969
-0.03537279000155693
-0.03586813749973619
-0.034846970995985174
-0.034959167923191696
-0.03506221205328298
-0.035621274128896506
-0.03500667881798745
-0.035094890542606234
-0.035438751999666444
-0.03467839915745343
-0.035566986399056304
-0.035801514723616944
-0.03523861615799973
-0.03507892541770593
-0.034840549278247604
-0.035592940630719744
-0.03534490185558704
-0.03564287624357397
-0.034661258706897645
-0.03524396665647532
-0.03439359379951316
-0.03481763436929197
-0.03516940242926305
-0.03528741921033384
-0.035627397019233564
-0.0348124433310263
-0.03530701825916353
-0.035204813246916405
-0.034596378004215916
-0.03442951929571111
-0.03465464358538116
-0.034759346343624126
-0.034481543870805334
-0.03416158609985886
-0.03377485035703552
-0.034297294722375055
-0.03429114386801235
-0.03435890648360852
-0.03487510285933334
-0.034299762372793675
-0.03418738058177841
-0.03338936407289851
-0.03377411767998592
-0.03401667430592333
-0.033871248579257135
-0.03361886193896818
-0.034108651758384616
-0.03343949157543044
-0.034173149429479334
-0.03394994723346708
-0.03326985463631818
-0.03371127326121127
-0.03390459041536295
-0.032749568686480886
-0.032631490263257734
-0.03290968006322438
-0.0333027922173926
-0.03313874375516132
-0.03289160157754652
-0.033047700558957116
-0.033309222982887104
-0.03264304520152204
-0.032236239781943496
-0.03192773083781422
-0.03327397687737793
-0.032360239406988206
-0.03290894181182966
-0.032277931608658036
-0.03170715308827634
-0.032398498474673264
-0.03216807971270299
-0.032521813310071396
-0.031608895909702846
-0.031151363375266965
-0.03236413720713638
-0.030954575409459485
-0.03192762616764293
-0.031222771518914345
-0.03094407358676832
-0.03147545320110497
-0.031245920543238045
-0.03057898635405945
-0.030889163024341994
-0.03131974543154065
-0.030600872483705424
-0.031493259205763256
-0.030975957310704037
-0.0308138462216133
-0.030717568780655194
-0.030313958764813714
-0.029789226139682812
-0.030812827004563437
-0.030735560180413225
-0.029340152524763227
-0.029851108814743753
-0.029698770841770233
-0.029926287004019
-0.029344997259004687
-0.029624051977638222
-0.02923786085026962
-0.028581168176214287
-0.028973670196879193
-0.02890011581816171
-0.02938966705166922
-0.028962296253906318
-0.029349000936576403
-0.029181902107135924
-0.029033840835629002
-0.027897363080464917
-0.028650717346192643
-0.02876514298315201
-0.027745472773727423
-0.027772679910689498
-0.027329398652359123
-0.027043395266200167
-0.02784766128434231
-0.02710360582976531
-0.026812035319802374
-0.026702536812700153
-0.02710448301921006
-0.027196289937935363
-0.026305918159485478
-0.02598629316478816
-0.027006230584012088
-0.026907985210650992
-0.02634785344124344
-0.025842009436180764
-0.02664230452062406
-0.025745083001056535
-0.0264845391490596
-0.026296150779156376
-0.025923064827991615
-0.025992340563548207
-0.025285514791711833
-0.024541380989230522
-0.02506537804549852
-0.025196881545933445
-0.025430645596130227
-0.024851847429540722
-0.0239804605626502
-0.02429214582956331
-0.024102330887894197
-0.023840710906759488
-0.023818020864976096
-0.023443811009306554
-0.02397037722703031
-0.02298907190582476
-0.023404171950697373
-0.023392253152060193
-0.02355935454986888
-0.022700631409922387
-0.023374636405919975
-0.02210726928358074
-0.02209458672022381
-0.02245789717863765
-0.022645347954693938
-0.022108927255370742
-0.021731661899311
-0.02178419179468614
-0.022058029984491058
-0.022048902929736294
-0.02117032069851252
-0.02067549236664667
-0.021264169228278756
-0.020564767388577546
-0.021212028580683485
-0.02120947110479629
-0.020598420631368408
-0.01946916455308444
-0.020500593736632853
-0.019346019634965645
-0.019802536822269547
-0.020180570144206544
-0.019633219880229858
-0.019692107260014944
-0.019570322524039892
-0.01923176935581426
-0.018645953598303847
-0.0184536664282425
-0.01789075605856994
-0.017823977246534294
-0.01752391630390584
-0.017271771772167016
-0.01743536913524985
-0.017634369462142998
-0.017099505232170437
-0.01711286568992836
-0.017719358376959104
-0.016270499898984818
-0.016278424654470984
-0.01677684760687145
-0.016567074727096037
-0.01612541739430078
-0.0164007258785866
-0.015573573955142483
-0.015914691753309194
-0.01615100818853396
-0.014899152890189586
-0.015258227167974264
-0.014778526828250843
-0.0152792366815715
-0.014285000137158667
-0.014499087321289744
-0.014006860671231969
-0.013584819359105224
-0.014115010275348575
-0.013074032849834914
-0.014209765515205166
-0.013177847045744356
-0.013301651983605663
-0.013583137808340688
-0.013423052802955712
-0.01238426525332055
-0.012160800055055309
-0.01254600316895301
-0.01270309903241456
-0.01171664254282819
-0.012179683906781548
-0.01126890041986782
-0.011782733204072157
-0.011571028877393816
-0.010650339808492355
-0.01035932723081345
-0.011212894244384406
-0.010681785676140256
-0.010637740329634741
-0.010548088213989887
-0.009450946204412577
-0.009119373040164198
-0.00906329955880421
-0.008732098521896567
-0.009176630855837814
-0.008379872242840458
-0.00874022231031415
-0.009280422418416423
-0.008018235523880096
-0.008522720776459176
-0.008045885761575344
-0.008019387490849655
-0.008045955207330771
-0.006971209740914553
-0.007687393837630591
-0.0071611493702083305
-0.006860195113757134
-0.0071165795366169475
-0.0059852641963116645
-0.006210830419805878
-0.005734345284855672
-0.006497274584910302
-0.00637578066866973
-0.005890716999294385
-0.004954934506576455
-0.004697568853265914
-0.004502968492611693
-0.005624217155594015
-0.004156795611077245
-0.005221684695121235
-0.004521476433322054
-0.0043720549347023045
-0.003756713014396067
-0.003336189432494964
-0.004105473728073119
-0.0031933176375023
-0.0036080640632462076
-0.0033347112666126046
-0.00239563945622963
-0.0029362148876577944
-0.002027488724638671
-0.002224498148572508
-0.0018035800516847413
-0.0013227024482658633
-0.0021715992030605256
-0.000722436468056023
-0.0004811806814890592
-0.0008307475382518212
-0.0011093994899380602
-0.0003613097394425225
-0.00023161025942046524
0.00014994633045621993
5.4808269672408286e-05
0.000598314632900951
0.00025674758891886874
0.000904599824362589
0.0008561534301649778
0.0006219811797104709
0.00040958375595674955
0.0015405802180407443
0.0014721978248968181
0.0010715616516425563
0.0015547705563944507
0.002166838476973911
0.0028907649625578265
0.0020930526369350227
0.0021870573116305283
0.0031562370712180537
0.0033180559924248726
0.0033865213792514427
0.002853426573836504
0.0032049810857865545
0.003572375626330884
0.0042867140450961
0.004513050359901288
0.004771020895281112
0.004336358658599718
0.004398610834746272
0.005502137379510184
0.0044726166900418566
0.006151092481529704
0.005797015101392279
0.005237121998505528
0.005530778082430055
0.006780533402236118
0.006336315569176014
0.007134040841361505
0.007043322678499504
0.0070629278508512194
0.007602650331423856
0.0070701482447193325
0.007224814102890251
0.007002461616496714
0.007401667817939792
0.008471522775640799
0.008743093670140244
0.008653257490050914
0.008901929455776865
0.009035797914547512
0.008844221903930161
0.009703463392936462
0.009994508238023569
0.009448042439476514
0.00923588868689521
0.009847527304436473
0.010063482375520953
0.010664045361426828
0.010543473208708614
0.010015298415258717
0.01138920559527608
0.01144631532663697
0.01166615360545717
0.01135904211619388
0.011674814278270721
0.011436668662319523
0.011634847809735706
0.012025513341705298
0.011798734610621711
0.013289730613505224
0.012810696433681724
0.013214921269816625
0.013308421299875198
0.013414913067315017
0.012777311687583932
0.014001235650536554
0.014104802981204815
0.014613501653864247
0.014603327338982607
0.014113118334786597
0.014230897557957225
0.01468205797763314
0.01500304640830297
0.015599236504798466
0.014662163096614738
0.015582743941175325
0.01572532599211182
0.01574885685575797
0.015798571992820823
0.016694569185327645
0.016712360587450438
0.01643234904485042
0.017218526806381713
0.01682108788685664
0.017602023088271954
0.01688822280669033
0.016740001468187212
0.018116903963488525
0.017897537681923325
0.017958282917505175
0.018599446912376822
0.018306936685677486
0.01836504936768381
0.018402885676217503
0.019460262859699626
0.018918766684300477
0.019574061596755777
0.019582246588500933
0.019463186466780517
0.020034002299631946
0.019772423818318313
0.01984353077966724
0.02062656220814854
0.01963776109411154
0.020110522800868252
0.020480219184150546
0.021379746020087742
0.020544977923821497
0.02130170561298541
0.021018233400814716
0.020991856628806288
0.022216438150957214
0.021973462110074723
0.021925290119805235
0.02215494144449147
0.021600328764018312
0.02202480025682444
0.02300362729892127
0.022483550777965985
0.02211088296469977
0.022659011865838418
0.02344855765322239
0.02294926017879955
0.02269491167339452
0.02392633477653863
0.022970319398485088
0.02337753347167798
0.024186985552772686
0.0236785778535597
0.023889631649664827
0.024534551293302533
0.02512302755493945
0.024088832612135656
0.024299384385112748
0.025353119283569373
0.025731097187070014
0.0254520380882979
0.025297304709113344
0.02497248288258154
0.02593929795020377
0.02624610789265485
0.02644253710204694
0.025866543431515177
0.025766975704159808
0.02708899661656048
0.026330145049761566
0.026262271874730535
0.02665186281360548
0.02674144071943525
0.02653626479350868
0.027560447002994076
0.027211029191090984
0.02759885964817494
0.028174698957328277
0.02836701440881416
0.02742977440747573
0.027503216891430284
0.02738340816934405
0.02808597717347794
0.02901152102991277
0.02783988534929556
0.028935753422791057
0.028411514803040855
0.029294909636878738
0.02955354595758337
0.029285188834477907
0.028818510947391206
0.028596899263503874
0.029614462382779757
0.030107920974117287
0.02986644678015247
0.029442981999223964
0.030541654109696646
0.029763459519348046
0.029806533354594607
0.02967177127729583
0.02972306264490474
0.031043425090670304
0.02976172976006659
0.03058784034535788
0.031240408145029205
0.030940757741347018
0.031122754391227903
0.0309493159253326
0.031297196477668515
0.03103690756009247
0.03186429615551351
0.03208914460399184
0.03119986887703913
0.03090207697066105
0.032363588684863775
0.0314277100166831
0.03173900302593756
0.032029698572053955
0.03201962864736616
0.03191142689048725
0.031704637438012544
0.03236206841782904
0.03271712095721264
0.03190143494231849
0.033079270446793804
0.03200352844461513
0.03344101028743897
0.03269454012607441
0.032613796605451995
0.03300305499872135
0.03355442297466698
0.03352603426676706
0.03318051492409245
0.03332788310752122
0.032819144096211
0.033718095952009204
0.033060233303207474
0.033482089056547364
0.034517790659409575
0.034148705432066044
0.03336152118505861
0.034778761726899726
0.033486419672227756
0.03384810262950261
0.03390977764549153
0.03426152928442173
0.03447457773431559
0.03460056970434967
0.03434923442892512
0.03437453179365476
0.03472557718865652
0.03511801266490776
0.03548095640364799
0.0356269260122854
0.03502664684734245
0.034612212943791444
0.035326288804994735
0.03509255414134825
0.034729963256527226
0.03494225888046431
0.03599453701228518
0.03525307733317136
0.03480473256405076
0.03595492121495462
0.036267847511187466
0.034873934590580864
0.03618493057405588
0.03579853397163757
0.03593993856367781
0.03634807912196371
0.03518798786326206
0.03605282689042604
0.03667466470458808
0.03582711375243577
0.03555620895951486
0.036376830694886966
0.0358863741606249
0.03554351751896096
0.03621969904845215
0.03662486159868379
0.036411606890348905
0.03594928154180242
0.03709620159136485
0.03638557738939947
0.03680718289345263
0.036854254369586996
0.0365493011288248
0.03723177450729608
0.03604655342830235
0.03630869403437251
0.03594650253292385
0.03707072649111298
0.036812774860784436
0.036962848900868275
0.037472551948455064
0.037023384407877495
0.037223794354333074
0.03708362213982798
0.03764018500612511
0.03640564108551051
0.03677331585872727
0.03655340669975735
0.03720570597732739
0.03735702642267138
0.03652095612135701
0.03631869876310789
0.03644127625365641
0.03769484997217987
0.03719880323327821
0.03694214893943581
0.03659578332535691
0.03784785605710214
0.036670310038380796
0.036790630685562174
0.037807869671605016
0.0374939658038666
0.03733227746977219
0.03751234613573496
0.036716596642180806
0.0365255091628499
0.037410122538691006
0.037925379405852215
0.037645604529848206
0.03737434886374537
0.03754233465465966
0.03732603969985513
0.037836860320629835
0.03787336207645078
0.03683853438431672
0.03724708307019299
0.03760218766003761
0.03725464755688892
0.03728896868793241
0.03685411509807114
0.03774081753809957
0.03657252555793807
0.03797440480807736
0.0370806336224415
0.03678069623323574
0.03660433944133295
0.037795870927931165
0.03705405812693687
0.03772844384731853
0.036523133676786605
0.037477127956342254
0.03737870646636369
0.03691472850797096
0.03713376263655479
0.03715365412725663
0.03730443139384011
0.03791141241958926
0.03732198201836892
0.037879228096115256
0.0366054775561928
0.03746341912703515
0.037394833167639065
0.03712895520843557
0.03770333256599892
0.03764678632410793
0.03773337186716152
0.0366835213486639
0.03710914686989829
0.03687193519375774
0.036970452480301105
0.037592427664366136
0.03680976181932149
0.03734089319038649
0.037425782542056765
0.03692899555175409
0.03610473166594525
0.037466172980384946
0.037364968830625435
0.03646721509321717
0.036464225201937844
0.03653706048442975
0.03607502160381319
0.03604270705791664
0.0364736549796216
0.03724744726189844
0.03631850026493265
0.03638358021452204
0.03586917049066256
0.03600324098999063
0.036478697179738985
0.035592592755766116
0.03597439056088584
0.036538701627042404
0.03656654185245018
0.03645974159793043
0.03639777729893161
0.03579403561899258
0.03546567763794883
0.03628862006712823
0.03519549714845487
0.0358595276756493
0.0361163065760389
0.03598419115117483
0.03563932503496174
0.03541804170022541
0.035224271658220355
0.036009682763653496
0.035924867163416876
0.03507413015990611
0.03529300180778689
0.03487896731244867
0.0354126172089851
0.03540525516566915
0.035786483168987915
0.03532858512000874
0.03592423542615832
0.03474269361372596
0.035684815234862985
0.034323494991204864
0.03487733933668667
0.03519722058532596
0.03473601546888495
0.03509855012936677
0.034724360394628784
0.03459392425553837
0.03522029637286864
0.035076163929916394
0.033805070937718965
0.035234144571821155
0.03374780069789386
0.03495879814803582
0.03409407522615279
0.034343215926020465
0.034504763949426205
0.03457548930511857
0.033745010285981834
0.03439445709808275
0.03459407263272347
0.033469355625130266
0.033372504724553206
0.03354712439426817
0.033226302356210415
0.03307550876047019
0.033508197513551635
0.03403831126412172
0.034045659458755054
0.03406176711160527
0.032888750273569876
0.03312003907362342
0.03378674512618253
0.033183323468117504
0.03232527689348046
0.032830104268313454
0.033393753704801125
0.03245609603729382
0.033216649524984126
0.03257181674241023
0.032758040621450275
0.03316760690473646
0.032658818737977734
0.032401091495255656
0.03177220050797515
0.03271769481013348
0.03276964081394297
0.0321251887460907
0.032663949622029786
0.03254129493343827
0.03230553376897889
0.03189058047551695
0.031135418064941744
0.03227482235804917
0.0313429223382453
0.031680768382370286
0.031850855050469154
0.032091668420157295
0.030679203179213303
0.03155401210022008
0.03154147681620208
0.0306220641782376
0.030958533572321794
0.030488789058802184
0.03123291175480822
0.03051326181260965
0.03079470317937296
0.030482307352678695
0.031024636605647696
0.03001971251024953
0.029938267840950706
0.02970606049901051
0.0306232713703679
0.02974025496656746
0.030841215347436376
0.02995383299072544
0.029555616523407578
0.029674511537921555
0.029418542163812622
0.030234100268603653
0.02972890437452627
0.02973437537741704
0.029428002152545332
0.030120054047892066
0.029224324228167883
0.02934973722184351
0.029235743633071833
0.028357885634817438
0.028979242633041115
0.029136831109844597
0.02821666659926454
0.028648961604487242
0.028138529871979616
0.0290097850196567
0.028866674636839902
0.028264550180308386
0.028243619082059426
0.02847417919971323
0.02756591251944866
0.028322009373448302
0.027331797413160146
0.027214362452165113
0.027458096797136445
0.027670807653148503
0.02811631532995565
0.02737517870483872
0.026801875162757526
0.02685374918900417
0.027845449196029833
0.02748736748559534
0.02642947574416464
0.026354380302987247
0.02703958917665008
0.02625469259863113
0.026830593515338452
0.02603637730768219
0.026499180867096923
0.026146875439680504
0.026050565883166177
0.026249135273874447
0.026935731913179006
0.026050516812025956
0.026333670000450865
0.025539297609193278
0.025412139722270653
0.02543993219127165
0.0258445696996779
0.025518681022779044
0.026179691234504584
0.02478169320778905
0.025878259528124527
0.024664765988792466
0.0257219610753291
0.025201033976203758
0.025830296543153688
0.024768793898394634
0.024241726724599594
0.02438888216873118
0.02467883045864383
0.025081525211431487
0.02456204101748
0.024553841622665402
0.02426494770700694
0.023968358101922944
0.023788439592819476
0.02400513071396861
0.02343609394268325
0.023685472219295678
0.02363156270874506
0.02323035738172653
0.024405263420143722
0.024011550415084036
0.02404270622348354
0.023166930003121363
0.02297125606360224
0.02321041809421305
0.02257055276686911
0.02283097477305233
0.022783712567528112
0.023011289859586132
0.02326286562439469
0.022016938684170595
0.022222278656916523
0.022123637455752028
0.02212026968406965
0.02194891980471111
0.021665031363007892
0.02263482908627782
0.022395708074804285
0.02270194074124947
0.022089171762316635
0.021973366605112465
0.02238822991265613
0.022464186478216346
0.021050716936837913
0.021120885837027894
0.021917560247513575
0.02068603814848085
0.020620273752195564
0.02086527414376167
0.021309376654254558
0.02037434803089425
0.02102196323141036
0.020823270963434153
0.02042562107150046
0.020548169870082872
0.020767783148013867
0.021174715510662474
0.019917959804471922
0.02033466816473131
0.020446495000724742
0.020605500230629743
0.020802025170362334
0.02051302034397277
0.01984439953785104
0.02023742801083339
0.020278327092693876
0.019952407194639504
0.020245855536309837
0.01957088958759488
0.019444767033297995
0.019958622290905337
0.01927338757175333
0.018934251285270876
0.01934748234196618
0.019223107389026974
0.019551609026753868
0.019215503072807134
0.01847850282800071
0.018958975221832538
0.01827286786138525
0.019077174496234306
0.018581455368974244
0.01819644979666381
0.018812839320139427
0.018910723806787332
0.017937016331355075
0.018011861505144184
0.018605352110368553
0.017593808863051043
0.01770622303067618
0.018220418806366982
0.017636143874852826
0.017897641412293018
0.01697601464159584
0.0180014606816339
0.017785579979858798
0.017348705390209017
0.016789913269649112
0.017558651440771518
0.017228184483544587
0.017153064507030504
0.016370236854639834
0.016998750036866284
0.017034094211820873
0.017141450480845862
0.01615482838893479
0.015879229425752994
0.01636765250545072
0.016092533445389363
0.016198342271881598
0.015568093855777025
0.01635925104218481
0.016049888454673117
0.01644311004552687
0.015842410527647278
0.01584976732681831
0.01623220353363594
0.015019206630902242
0.01592688146092161
0.014809253373876997
0.015665447919005857
0.014821420515358168
0.014669233375673182
0.015465691881800537
0.015367931701027111
0.014819639609198248
0.01559966364383698
0.015178866466164315
0.014772642299845259
0.015042113808592475
0.014001874818579695
0.01434228133167125
0.014907922860231912
0.014778089960372411
0.01462023239977791
0.014546579676899964
0.013771567840217873
0.014132229442157982
0.014129832191220458
0.014701912977089658
0.013196414826778672
0.013930688397886118
0.014333384840699112
0.014201342772828075
0.013994241479851828
0.013849341985291969
0.013158617281982822
0.013536418428519876
0.013996975368465801
0.01317185480984273
0.012726042615671436
0.013704984243620905
0.013278447568004472
0.01343793510480827
0.012888031559983297
0.01222064550138698
0.013229229682135676
0.012693358634236228
0.012840296399569597
0.012304652448022707
0.011960670179999692
0.012522153620545148
0.011860501175342394
0.011997290538232609
0.011833544022623125
0.012280474669316584
0.012018723297945962
0.011742262384218858
0.01152072174686625
0.01161264389695426
0.011408755543608665
0.012020963132596919
0.011936007763878907
0.01135017338695728
0.011986998452162053
0.011418580849783774
0.011069759057173846
0.010875874742538415
0.01199827331721053
0.011784761261307548
0.010686464905257237
0.011603713665232005
0.010674401880337551
0.0113615114519875
0.011120289896706477
0.011499558691662817
0.010995062704854081
0.010749727392453707
0.010695977876302281
0.010643689591544457
0.010411366884524478
0.011265206144710585
0.01052529731901393
0.010860788188491345
0.01007007195393595
0.010665386159790045
0.010609931656506606
0.010828678056352813
0.010535391782153377
0.010865103729183447
0.010285832027967682
0.010088558862638283
0.010342530750614486
0.01001672580539491
0.009372185189500115
0.010007472627037549
0.01015995877899018
0.009055578869792663
0.009574580574212026
0.009566312009509763
0.009573802807525225
0.009265128082162854
0.00995578173113447
0.009159776506592368
0.009267450345215393
0.008668356584732627
0.008538316490907171
0.008701009743186461
0.009736235639648566
0.008316084402839208
0.00849047292862746
0.008527251783976557
0.008175985769711465
0.008371128077466764
0.008605268183929676
0.008905204505539468
0.009266883716042399
0.008389922340311152
0.007831324836644416
0.007820836726990358
0.00789621132672569
0.009009365102444405
0.00773382166942197
0.007648178403273474
0.008792435196106197
0.008142988369179198
0.00818464735820464
0.008255317670451949
0.008184798027184538
0.0078264175276459
0.008520160858806627
0.007281242397951483
0.007749477195851907
0.007268104403436444
0.00795172013417606
0.007089171061033034
0.007305129307117274
0.008015148728706852
0.007753479716178495
0.007345350447202525
0.007852205201322692
0.007359915024098566
0.007565412378181012
0.007474484172220768
0.007686921400086583
0.0069576186142580685
0.007318364744519372
0.007309066027658429
0.0068341010564466
0.006743864704768727
0.0070635985674306016
0.006901420804933196
0.0068954165353405
0.006580051943006175
0.007159041734651124
0.00608888434293871
0.0072815918373148256
0.006108284258013614
0.006290857570913901
0.006140851823380014
0.006099827828572112
0.007227846247754671
0.006800408736154716
0.005831911293694796
0.0062667229064559985
0.006777766662124729
0.006393851781444173
0.0067952282268612585
0.006529836655879301
0.006444977360369494
0.006858112780706472
0.006181909765914859
0.006502405864053392
0.00640679159628741
0.006570503236747956
0.0060493550648658
0.006064806023144794
0.0066917755118151715
0.00551204972894435
0.005624073984429365
0.005783514421774492
0.005423907595196614
0.006103474769399696
0.005056058675836267
0.006293893850851883
0.005124953665700869
0.005053202775704315
0.005664035269521689
0.004934558543877148
0.006222023054970005
0.006031742973598112
0.004803924183096956
0.005304524968962054
0.005389847210091029
0.005301625150550655
0.005786525385019271
0.005096231269026417
0.00453763773168401
0.004539528874777906
0.004491003141238321
0.005098333779742099
0.004999409037381458
0.005289121328070734
0.0051867037340103134
0.005754021810240788
0.0051673103966141
0.005233719592815209
0.005057496932346875
0.004968122536617647
0.0054856337635450815
0.004298753806909738
0.004430100350657351
0.004433949015687568
0.004421056265635528
0.005433809703737808
0.004724941370407923
0.004456500800306329
0.004942453386737881
0.004797961300270247
0.004700620797879938
0.00421298412365566
0.00413212569001608
0.0050570134901281785
0.004975432674147492
0.00419745776920706
0.004514312382726375
0.005016157999189499
0.0037497078532466653
0.004686640368892029
0.0041710556396810546
0.0042563748719247115
0.004560432834070477
0.004028416067076119
0.004899863105309053
0.004285969003637665
0.004267280483721907
0.003916713487047269
0.003312880024381903
0.004154787682768069
0.0035180270853522482
0.0036012117702490295
0.004545807046041753
0.0033352551935729056
0.004198354410801661
0.0034533952004819194
0.0032543375453400387
0.004307126069697428
0.004124691896725236
0.003970605346008213
0.0031621393515869753
0.004208524011065514
0.0031019084423643396
0.004132605471713781
0.004263738717576105
0.0033851324729506378
0.003379702726352026
0.002915009881542963
0.0034876672195509393
0.004302817622890703
0.003544137069143866
0.003988854405334225
0.004209129197053014
0.003216559439533736
0.0034599092268689864
0.0032776298262205054
0.0029575196365807955
0.003796910257331248
0.00350780827288697
0.0026127446378993477
0.00398812018805897
0.0032644413216032443
0.0038287165388865988
0.0032230584349351153
0.002706674914006892
0.002841771906939183
0.003055636380050243
0.0027746651912694343
0.0037350919745045516
0.002963049723368583
0.0026000946426847807
0.0037200606679920387
