-0.0017259765012683165
-0.0012151136588589122
-0.0015030587149711826
-0.0015289155837014397
-0.001568752104901658
-0.0014887505270710923
-0.0014370615079673916
-0.0023969699180815206
-0.0017120264779471547
-0.0011685833637574354
-0.0014901287894153506
-0.0018353589675668093
-0.002323569506553972
-0.0024461826241601297
-0.0013807539905525568
-0.0014264209279117744
-0.001454737339295338
-0.001879315300756744
-0.002186555381711203
-0.001956814975586954
-0.002268736775756381
-0.002517901945256411
-0.0023009131427422346
-0.0019183315204263245
-0.0022576877736347803
-0.0018926857590876164
-0.002771408171817849
-0.0015593919177542092
-0.002386246889048606
-0.00273679718488957
-0.002177283256435563
-0.0029259331612164364
-0.0022087449751576824
-0.0025569243698087404
-0.001962983550829784
-0.001796643445222538
-0.0018726557500230515
-0.0029664396004944592
-0.002487673855081717
-0.001720900655092907
-0.002729376116678875
-0.0028583156831469823
-0.0028138688631832967
-0.0029405832412608985
-0.0019396774467854278
-0.0020776763651994532
-0.0031821695703746797
-0.0021516158323631593
-0.002985413471574003
-0.0025096133817204104
-0.0032985629617459087
-0.003226524194942662
-0.002128363370186708
-0.002904496548714585
-0.003208550552638227
-0.002620349142067236
-0.002668148621978271
-0.0027595297156234135
-0.0024226718539135834
-0.003565424687723868
-0.002654566695135348
-0.002486567720349283
-0.0029417375363359807
-0.003054073118528507
-0.0032523361300886575
-0.003751366441817146
-0.0035306379348538845
-0.002534365948167031
-0.0025536707945097658
-0.003373638591628808
-0.003084982676382887
-0.0033878769161627617
-0.002651865184718111
-0.004131401077399202
-0.0041143517746443205
-0.0035872017107352254
-0.0031006800405313185
-0.003135642861458124
-0.003188836866360432
-0.0031703679460137507
-0.003962146257264131
-0.0037269925772675117
-0.004281590650815575
-0.0036958512791662197
-0.004301757348947436
-0.0041646691903547885
-0.0032710658463643433
-0.003128665584224798
-0.004229740247652733
-0.003521050458985131
-0.00437426342728273
-0.003949124529090194
-0.00444602345313464
-0.0033400682966602813
-0.0036544001896106526
-0.004819844081933569
-0.003741461164475603
-0.00437003573191745
-0.003904824518065205
-0.004450404894451025
-0.00384265660033821
-0.0036548627983772545
-0.0044984773527563145
-0.0047757167515266605
-0.003969590994040354
-0.005222995393813137
-0.004925505179796584
-0.004107936728656367
-0.0050885768597452715
-0.004344436389066626
-0.004444935666969621
-0.005364871114581811
-0.004891037784592974
-0.005420584294060269
-0.004544844864443498
-0.004474985991892971
-0.005633630131215993
-0.0050233173424455765
-0.004692329661551625
-0.005658306380695951
-0.005082502389954118
-0.005514968730159216
-0.0051751298462880575
-0.005376365465874075
-0.005744026624596672
-0.005527263671679459
-0.005155057253651268
-0.005961633208507057
-0.005573807654639803
-0.005614690352487176
-0.005262385748250303
-0.005069455425200831
-0.00531601063464117
-0.00529836325507823
-0.006158217039473031
-0.005723512966964192
-0.0053969938785585515
-0.005688304873068799
-0.006074543120870752
-0.006110237690895184
-0.00524589344085676
-0.005969862212543157
-0.005336413401741151
-0.0066775272864643
-0.006253279164982089
-0.006231330078221308
-0.00663707107903315
-0.005881416988691334
-0.006860142064916679
-0.006319951221678113
-0.0067676717837812095
-0.007158467032885378
-0.006743303262758896
-0.006791928186426716
-0.006821011214614384
-0.006670386126672307
-0.006873268795607619
-0.007498609503077022
-0.006694161860619382
-0.007264605887596523
-0.006500417431089327
-0.006653564139965004
-0.006521309379715821
-0.006843349621651994
-0.007242196336601637
-0.00738735493518311
-0.007566981273531225
-0.007551769266785696
-0.007991857713780592
-0.0073476552622079
-0.00775023227350723
-0.006990069697014578
-0.0075497868594942286
-0.007725560296303633
-0.008135737755508443
-0.007866700850129136
-0.008221292192921009
-0.008441917914955957
-0.008479478519100884
-0.007517031801997718
-0.008286738855537122
-0.007564843658368343
-0.007594750143286672
-0.007869851686154991
-0.008259264133660973
-0.007844122879625751
-0.007587166025140374
-0.008763721069820969
-0.00789042796792076
-0.008237786273435244
-0.008904119556025977
-0.007997872738434416
-0.008639922549441709
-0.009200535875458568
-0.008292926206806463
-0.008733595923192155
-0.00845389468033516
-0.009133228487845623
-0.009288780448433032
-0.009123402698135448
-0.008425320208168809
-0.009873064634586473
-0.009808327572361124
-0.009591623210110502
-0.009247646353686974
-0.009392223601881213
-0.009883188088773203
-0.009065169669262652
-0.00938573584614305
-0.009141336397976907
-0.00998077445806248
-0.010394705500150295
-0.009468407155465217
-0.009207028816386555
-0.009455537450218862
-0.009308377586271881
-0.010335516661630127
-0.010644105068659615
-0.010751579412056726
-0.009753389890994904
-0.010218228201275367
-0.01087654480673415
-0.010346222260069045
-0.011142515028730794
-0.01085398199429584
-0.01117715377957978
-0.010524172799405599
-0.01017404135074337
-0.010209808138949717
-0.010804043880530098
-0.011271211138888572
-0.010899125636700563
-0.010540303117285613
-0.011349477980778962
-0.011869898263372676
-0.011005764554632074
-0.011758566955688762
-0.012161311496007247
-0.01222416179983502
-0.012281330124805399
-0.012409366629539561
-0.012369064369709717
-0.012448521548241056
-0.012467470699997618
-0.012287191868305921
-0.011701397544129095
-0.012040231994132249
-0.01240767922592217
-0.01289269596591217
-0.013057423945984107
-0.01265439080189955
-0.012793512562854714
-0.013203063409328432
-0.01227727655415977
-0.01251845436618486
-0.012463713300545146
-0.013526482656184254
-0.012578185822837753
-0.013730904066966155
-0.013376641830949517
-0.013797904990876315
-0.012480284536360462
-0.012837549235338936
-0.012925115853144344
-0.013743631433702046
-0.013138521865481582
-0.013947483714728351
-0.01427416758277294
-0.013724534656980782
-0.013292993336584595
-0.013328557633053644
-0.013675730523341199
-0.013543278935691646
-0.014343775361764824
-0.014154083638859937
-0.013497828510506012
-0.013980298331343144
-0.014391066520397535
-0.014239175085148097
-0.01524459850143751
-0.015211044531969439
-0.014156010713897372
-0.014550380743049292
-0.014714476622074623
-0.015416566741067858
-0.014646094609161586
-0.015171612684312653
-0.014490733357867606
-0.015087637100289798
-0.015319168253929092
-0.014980579139648106
-0.015056949212742745
-0.015182174338843606
-0.015008466684274038
-0.015726832989900612
-0.016348964695781145
-0.016467291646459287
-0.015635319620149184
-0.015770238267194047
-0.015942362073718436
-0.016174085589363073
-0.01614479294433265
-0.015748854511930328
-0.015747246882927717
-0.016556974398081882
-0.016819012714270717
-0.01644364909175945
-0.016346260898338724
-0.01647467208143965
-0.016866173623160268
-0.017552120417214635
-0.017359124948849634
-0.017843894129051498
-0.01714489187036935
-0.01675066878269031
-0.01715559318432134
-0.018136540952844102
-0.0173260614719047
-0.017088038283031057
-0.017546960156447543
-0.018137270340961634
-0.01770936249216655
-0.018536918892648354
-0.01797989449735119
-0.01809160702348428
-0.017504999850058007
-0.01814926421216689
-0.01809704715985059
-0.019185955569979225
-0.01867515740328484
-0.01918970402274243
-0.018867981088535914
-0.01845823029243895
-0.019385143689256146
-0.018919443568317845
-0.019511450768696113
-0.018791175600253958
-0.01914112918422493
-0.019802222870706924
-0.018758397142972512
-0.019155761820272937
-0.019696893366654637
-0.019299708701458564
-0.019482269288299922
-0.020534310118010626
-0.019775223262673922
-0.020549437430902068
-0.020415202103392652
-0.02015004432682874
-0.019664045840412488
-0.02041946447900144
-0.020147954285312464
-0.02128306336727249
-0.020504954078912074
-0.02049850093972833
-0.021277824413323366
-0.020340882754466633
-0.02161086315386506
-0.020462312185151488
-0.0211155176858876
-0.021785650111458093
-0.021559528177328192
-0.022139559486508063
-0.02218407142616029
-0.02227653236862508
-0.021475659606366895
-0.022028883310972
-0.021551599122026536
-0.02169263976232929
-0.021905278285670186
-0.021815133622606588
-0.022308384891223335
-0.021667161123156448
-0.021859054237609945
-0.022675791609941574
-0.02251427540260385
-0.023314844689921257
-0.02240462939937045
-0.02264141756730916
-0.023390881266533558
-0.02240494195868831
-0.0225532177266081
-0.023010409797293012
-0.02353144281476854
-0.023804042617424526
-0.023567029469475146
-0.023975673873604733
-0.02311818086741706
-0.023943941704407848
-0.023305215200714928
-0.023411613589192887
-0.023757909495637646
-0.024322029877030808
-0.02338266991565219
-0.024335141566682945
-0.024309171157251085
-0.02396756543735213
-0.02503015399622776
-0.02426832085901075
-0.024584255298051843
-0.024229862348272062
-0.02524932026861329
-0.024356481523343472
-0.02451447124359603
-0.02581677091856346
-0.025827251688094664
-0.02522013050808715
-0.02468374152803045
-0.025261254512375698
-0.024991726115595112
-0.026043968519195212
-0.026338817443833866
-0.025268760043647386
-0.02614000100458825
-0.025912092008346127
-0.02565615091790821
-0.025849901288719286
-0.026768944923983906
-0.02588293464829439
-0.0269103197333136
-0.025995004037650187
-0.02670254687940169
-0.026907812176757855
-0.026043840901895748
-0.026201942009066774
-0.027002523310561917
-0.026672058873216928
-0.026285541017797957
-0.0271376959357491
-0.027270634621679612
-0.028001850568256877
-0.028084441751310713
-0.027670184750702004
-0.02678686314526677
-0.027393816409787677
-0.02792247046054157
-0.02835678233312521
-0.028066084022448045
-0.027487729145615376
-0.027718371696620003
-0.02822475715200216
-0.02759531324224421
-0.027882745415366637
-0.02903924731748058
-0.028017599092107305
-0.028680341288272272
-0.02847444922586194
-0.029082486658057856
-0.02860312509485005
-0.02890209459081886
-0.029308800512713264
-0.029305295922712717
-0.029464727814789732
-0.02947300374484501
-0.029596105114717646
-0.02960590763168136
-0.02911149714732911
-0.028774357186315196
-0.02927669063207126
-0.030062814828613116
-0.03031543560741673
-0.02926830951154613
-0.03016912146844968
-0.030540855346432687
-0.030401724745549686
-0.029857772517036116
-0.030715266847822144
-0.030285850436976784
-0.030936295958081176
-0.02987067646293798
-0.030040632652615834
-0.030076982321001103
-0.03031536382345129
-0.03026943429499247
-0.03123108709605683
-0.031357575079217076
-0.03141717952334901
-0.03070733360118312
-0.03130575045830117
-0.03145178370932648
-0.03074974007522475
-0.03103018607635625
-0.03149653797764078
-0.031239222164062396
-0.03129558612880083
-0.03216557806093156
-0.030879539436045798
-0.031687932766129155
-0.031235014031107802
-0.0317810972138312
-0.03231522314587178
-0.03254945517105947
-0.03257715739344497
-0.031602734354291714
-0.03242013056368955
-0.0324514265461765
-0.03271501036964246
-0.03207584537113779
-0.032986989979679214
-0.032327087952532085
-0.03172089640256534
-0.03239247416801655
-0.0330399573015634
-0.03198947899794835
-0.03231462926574244
-0.03247979443340824
-0.0332891268810813
-0.033395513606992784
-0.03244431456003769
-0.03291222821176563
-0.03297836397000355
-0.03343492897299094
-0.033676509579545245
-0.03291609967251825
-0.03395182336354822
-0.03401634859032633
-0.03371387512179234
-0.03272554123332034
-0.03374690010243089
-0.03347124986697393
-0.03410680515228788
-0.03378112311552202
-0.0343491636033864
-0.03419950249523203
-0.033544326103383156
-0.03368400274518651
-0.03393914309358229
-0.034330877100686996
-0.03440219356288964
-0.03345529196927594
-0.033340117992946554
-0.03452631159186026
-0.034877570651909905
-0.03439341597659207
-0.03470813730395187
-0.033868366275745666
-0.034092105312441334
-0.03506406867693875
-0.03418586908385129
-0.034947150662966185
-0.033877668012205917
-0.03501626221866415
-0.034889577662765674
-0.03495851959408438
-0.034596701985535355
-0.03509050261949753
-0.03513022773686897
-0.034666245683459336
-0.035338685979402026
-0.035600376274924087
-0.03495978656014899
-0.03456438160481187
-0.034497402117583884
-0.03566096953563929
-0.035082457078438316
-0.03527874914066722
-0.03540690735388938
-0.034965386676587086
-0.03445816580022591
-0.03450855457537495
-0.03543680920638891
-0.03460842773759921
-0.035807087165238706
-0.034804859597639064
-0.03538313863137801
-0.03517802352418373
-0.035270845227489876
-0.03519528019213556
-0.03529322531353542
-0.035133393742829436
-0.034894412607209886
-0.03563755129158323
-0.03579913817775298
-0.03511565162263142
-0.034960833165659226
-0.03512379668981002
-0.03492968619164
-0.0354817347059775
-0.035579976348858025
-0.03520432657758737
-0.03526620410957907
-0.03621109160377781
-0.03603911575574955
-0.03628097025911136
-0.035291559343853314
-0.036329680115101834
-0.03504777507348998
-0.03647991905609264
-0.03580967906907646
-0.035349863737131594
-0.035142110955292204
-0.03638307255147437
-0.036000941674894066
-0.0364210390023358
-0.03585697793131334
-0.03605698929897422
-0.03571071816297273
-0.035664959028365244
-0.03534533888120094
-0.03661425116582506
-0.03642192198571519
-0.035937773400076665
-0.035638756146400025
-0.0357205056199619
-0.0361814537847395
-0.03588405277444822
-0.03556456375414404
-0.03536067414252633
-0.0364721819029444
-0.03631435216760372
-0.036325712910119434
-0.035752492271354235
-0.03659242001211439
-0.03599016791226841
-0.035485868841519885
-0.03620018738688424
-0.03507419427544426
-0.035615551476884895
-0.035866416493220844
-0.03526759187474502
-0.03548476977412336
-0.03516247208803135
-0.03552959324852049
-0.035314440504862765
-0.035449461506473635
-0.036277730745055435
-0.03525085185475379
-0.03601071909274016
-0.0348592596339596
-0.03545978881323474
-0.03561659624824413
-0.035508329706190084
-0.035804487819385174
-0.03547261008451305
-0.034754524503028586
-0.035469819048426846
-0.03471742536087446
-0.03601464248741838
-0.035886577681141195
-0.03517346528421298
-0.035747513469947666
-0.0345308262587765
-0.03537246104916849
-0.03490250403779158
-0.034984087924874806
-0.03526695756582648
-0.0346340479670449
-0.03446927898616999
-0.034309372302838606
-0.035311003408424156
-0.03496084200597774
-0.03422439732180692
-0.03428717088465111
-0.0352791558488019
-0.03479248481777396
-0.03525384089379581
-0.034287002552287
-0.035101004801570926
-0.03525452755314095
-0.034092956744667814
-0.03500599252706347
-0.03428319280525952
-0.034474941250345094
-0.03497575863155103
-0.034443202762837806
-0.0340544514866537
-0.03415050024886851
-0.034819105628652335
-0.034698317853757876
-0.033796834373187826
-0.03333197897331592
-0.0339370750862668
-0.03426418816218503
-0.033802753714323584
-0.03384595904013784
-0.03348503769968753
-0.033558605700308296
-0.03298729380633332
-0.0330461478507456
-0.034196475768060466
-0.03364358677894948
-0.033108671988281865
-0.03258417022065018
-0.032893770129278146
-0.03389485658003858
-0.032976779563885485
-0.033521778701176806
-0.03222091376747931
-0.03318820080345055
-0.03338570011941837
-0.0331200130119108
-0.03231699967538814
-0.032427212801230454
-0.03210825173006331
-0.03191034779193742
-0.03201912158983205
-0.032755008513248585
-0.03152522937448844
-0.03244848416699704
-0.0327324575774775
-0.032526920728077266
-0.031576605442278846
-0.031907806713859045
-0.03231343631791471
-0.030892721967163153
-0.032196866485802576
-0.03160927608021182
-0.03204723517425549
-0.03181938904446966
-0.03116470112006275
-0.031068189579716333
-0.030250617126064583
-0.030675177871356398
-0.031495689361416494
-0.030492424783793007
-0.030348069998837456
-0.030647459709077802
-0.030668410656031212
-0.02979013759362737
-0.029728786630821617
-0.02986982197290083
-0.030243612794466863
-0.03042837849536682
-0.030040281760686297
-0.02961458317992997
-0.029024221086181645
-0.029665847699629738
-0.030127042680789178
-0.029847332290097305
-0.028623542938197778
-0.02918741096318726
-0.02901271939241179
-0.028982578162475698
-0.028022260924205657
-0.028419663071765043
-0.02783528068769646
-0.02859760402788553
-0.02893540380952861
-0.02790301753939262
-0.028602640381261504
-0.02779476615191018
-0.027113949790167884
-0.027215012621661164
-0.028009785072441278
-0.028092960082791538
-0.02739796121951651
-0.0278711221550883
-0.027068712982291812
-0.027148725340683577
-0.02742919451578784
-0.027210791764485667
-0.026938176246755218
-0.026114470574566624
-0.02605734282796836
-0.026664679732338364
-0.026254700782923284
-0.026567414029379434
-0.02659546037771882
-0.02545535062385182
-0.02584345616979133
-0.025263997546856314
-0.025992333585410695
-0.02591671755941865
-0.025023271078996413
-0.025327663678360566
-0.025294552136260716
-0.025181400065945252
-0.024094534215414826
-0.024618974302542503
-0.024822503470666505
-0.02471288895271174
-0.024710312068646777
-0.023725563007438593
-0.024321230806185846
-0.02310067720402924
-0.023397113282893886
-0.022713388114346863
-0.023783626547121194
-0.022820156314003925
-0.023525663600816253
-0.02220552737613264
-0.02250034899066872
-0.02275465268682606
-0.02238137614579789
-0.02248645170418958
-0.021993326191740863
-0.022307315935054316
-0.0221956370728192
-0.02178284592855063
-0.02083468260820937
-0.02184691152130136
-0.02180833656377914
-0.02118018420165663
-0.02062158485970692
-0.020263899017703847
-0.020434117020451864
-0.020379548000109774
-0.02049484691512737
-0.020423205280495
-0.019447569270717738
-0.01960741512145096
-0.019016432439135013
-0.020021545950395087
-0.018482481306260894
-0.019744359172955157
-0.018873447907071884
-0.01922288150926289
-0.01908271064382897
-0.017948162157924514
-0.0181036031748852
-0.018450483221781392
-0.01818502623675336
-0.017873852597310724
-0.01811492201683103
-0.017560296517886737
-0.017595138304763207
-0.01644244431651573
-0.016609857335342464
-0.017158264210819296
-0.017125741015271468
-0.01688218798029493
-0.016346246502607156
-0.015371421982238925
-0.015940204841040424
-0.015609776768009787
-0.015590654719959855
-0.01510836755285134
-0.014447662773962996
-0.014785363859429057
-0.015449288170069127
-0.014561118332989351
-0.014080817001197211
-0.015005705858404883
-0.014301384989351644
-0.01329727475767856
-0.01307416752795252
-0.012944749982277829
-0.01281751503142716
-0.013695302851725547
-0.01249426614902556
-0.01310756095435242
-0.0131636756360785
-0.0117889725441885
-0.011632251401099402
-0.011896364936130811
-0.01126898464265048
-0.012176281830021679
-0.011659657464153797
-0.011558665964042786
-0.011558602125985773
-0.011258311736359036
-0.011420991328085888
-0.011256866355395046
-0.010613714720929522
-0.010823308548064705
-0.009759574214858178
-0.010239844566845667
-0.010361459729123711
-0.00909328452212602
-0.009853431036624167
-0.008745853734454294
-0.00936332254727221
-0.008333998865945866
-0.007954389418451413
-0.008401337961857753
-0.008445853054612288
-0.007901023506679676
-0.007985976016063186
-0.007104610313947274
-0.008060370855841971
-0.006612331313183565
-0.007676766243477915
-0.006218022158453943
-0.007140436645468308
-0.005862745846408696
-0.006013906255547861
-0.006193996007528725
-0.006421073949217671
-0.006134011311412365
-0.005093761850570502
-0.004791500221525151
-0.005908691464850047
-0.00441852872367428
-0.005343682034423034
-0.004984514842253922
-0.004204444870139889
-0.003909452328483492
-0.003434130905461403
-0.00370595260855143
-0.00382207057172981
-0.003022176135960852
-0.0029267426591067965
-0.0035544401403178566
-0.0036277183782836273
-0.002926861005712913
-0.0024411375735649285
-0.002378812260167292
-0.002747320113176741
-0.001879896516373822
-0.001772399627422715
-0.0012066673655310616
-0.0013839204456273404
-0.0012432129065046002
-0.0015174766263971785
-0.0004945935502900725
-0.00035334062957879426
3.628772454459546e-05
-0.0007179640825087613
-0.00022976186490484632
0.00047410571129098634
-0.00034212454661591515
0.00027122986870892495
0.0009453379958660377
0.0005323746882712088
0.0008904185936800421
0.0010724625288630945
0.0008866218101430544
0.0018828453314237586
0.002172386958035505
0.0027432966018330154
0.00212172469691249
0.0021710297086461588
0.003267763881357117
0.002365533073091331
0.0032710865632148934
0.003486447901511315
0.003972337414125423
0.003288158488491956
0.004453451467583159
0.0048147448424945465
0.0045243569220771
0.0047619697966619435
0.005189025536251396
0.005347786160888372
0.00541467964100009
0.00576487256317607
0.005472269510200995
0.00609800161128182
0.005974229013459626
0.005572839880776475
0.006129242696827173
0.006848336523779537
0.005972671356838497
0.007017538078382911
0.007448468624129056
0.006669874604413827
0.006594167485958482
0.007143278389144304
0.0075232123756753646
0.007500824084299706
0.008143812006928984
0.007715502829173491
0.008009070322935597
0.008674210464994217
0.008525852505069452
0.008422420891592182
0.008655172989240841
0.009068288078458282
0.009124317619890352
0.009127091020428387
0.010494541444042086
0.010337447288766196
0.010356479273574812
0.010371835085224948
0.011060959570668511
0.010356845764019545
0.011045688272293549
0.011169036922142146
0.01152278632017535
0.01114243718583354
0.012440591058464163
0.01250225763280062
0.0116802514685224
0.011856309824828425
0.01198472554515553
0.012451823205023247
0.012388408643470728
0.013000014413399177
0.013612380924052392
0.013268595047495271
0.01346793795142614
0.013380799172720536
0.013860538038620451
0.014972124411223501
0.0137272686967572
0.014491856996090593
0.015016588802948089
0.014237921217569503
0.015560028521355762
0.014928183565320649
0.0152700914114847
0.016278083291637734
0.015497283123870822
0.016678962397412875
0.01587318877268786
0.016225837962115828
0.016230666171693928
0.017380351877338107
0.016147911098249545
0.017344875551915
0.016580922306488416
0.017651541258262033
0.017687208681867347
0.018122805497082423
0.018421101535389176
0.017584062909369088
0.017678913977670258
0.01838196130046996
0.01925231227293983
0.018721303996969793
0.019441185186634905
0.019152475140541116
0.018658968260699987
0.019627404389364125
0.018822288305548846
0.01925976584834698
0.019183934136295367
0.01953847105183014
0.020161229613086
0.020152067863542088
0.02010461686158639
0.02144494958712586
0.021234648698154873
0.020980458495442056
0.02132972790030295
0.021109262676673332
0.021549944471881865
0.021968596994985438
0.022082039368534527
0.021804613621391748
0.02214053276804287
0.022843630288927493
0.02300804305052923
0.023031493411420353
0.02290982827876451
0.022721696797456725
0.02295872362530066
0.022649264023806667
0.02371950056449632
0.022988572156269423
0.023756317871636866
0.024335193090652126
0.023611216774873624
0.024134607561850416
0.02350867078789997
0.023950943136059843
0.02449414756804294
0.025098399428004382
0.025037259914306415
0.02528744342947289
0.02563170191087707
0.025338844966751418
0.02563005367150779
0.024830833469756716
0.025156112300191904
0.025561496356741483
0.02554382519820314
0.02604147870112478
0.025659143936608415
0.026036981730674157
0.026582269214351653
0.026822681400254098
0.02616926744379592
0.027373404123969526
0.02681755309497115
0.02695138548407922
0.02735689791330935
0.027989105006796265
0.027796355685585358
0.028085656704806273
0.028165912983050833
0.02861508718759524
0.02763396993552441
0.02794056244267692
0.028968957761833513
0.02912005527524147
0.027966173153440615
0.028933623326272816
0.02863614675190967
0.028253616132334448
0.029561597672190954
0.029472963319262576
0.029692269977955738
0.029431263818328997
0.03005658518462742
0.02930323417903592
0.02925119000444586
0.030062390628125622
0.030326347739596228
0.03021800561392227
0.030643594638037196
0.03077756323514989
0.030939575074457035
0.030123224338249637
0.030876605453992782
0.03085068274998564
0.03139689908366247
0.030330279736590082
0.03095307739336857
0.03173431985844959
0.031357657776437405
0.031722119452752606
0.03203696978099583
0.032173742973732315
0.031184326538932265
0.03235827573406381
0.03207835774552467
0.031114263123192893
0.03160413770755486
0.03185298875800937
0.03174998338794821
0.03292283638807506
0.03298029877101329
0.03288905485309408
0.03196011521538003
0.03307870558719711
0.03225778088445755
0.032075181795877296
0.03245558135538653
0.033086615120504946
0.03236126344236764
0.032433799174530126
0.03307739749494706
0.03306143139419224
0.03386115115331429
0.0340979624709344
0.03408876701916633
0.03435143536462149
0.034135380512326695
0.033628900528545946
0.03363747596277045
0.03360878805113367
0.03404866170045168
0.03361397304487444
0.03420440011782005
0.034970282093815724
0.03411820118960415
0.034710018903514224
0.03518010394818582
0.03374979874277571
0.03484739799492015
0.034049299812605203
0.03517833985801937
0.035143454317614765
0.03419435120214551
0.03462208480359224
0.035236453168190913
0.035386936206913536
0.03435179606655793
0.035101886005394885
0.03501716044148023
0.03562553315940933
0.035409786708699285
0.035834281516213595
0.03602614349588363
0.035088089559946016
0.03568937213784657
0.035509062458499024
0.035148498727310025
0.03621269020991795
0.035741318649929264
0.03607054152821179
0.036003180029027665
0.03559923435833938
0.03556087730717911
0.035852938924001064
0.036653306944898933
0.03682349313818789
0.03585412705959961
0.03610732647391266
0.03686462541474587
0.036707184456097455
0.03557216498256058
0.03571293762899962
0.03638034366910125
0.035812000525572776
0.035934166108815196
0.03718577644509369
0.03665346704039606
0.03585404582224393
0.03678550039756071
0.0366725042297153
0.0364198041093539
0.03645330820553232
0.03659742497620053
0.03724421915857809
0.03651940837595211
0.03666676998492814
0.03613321441509834
0.03753433114549705
0.03616553111249107
0.03724664395764998
0.036783993289198826
0.03715522764752677
0.037552341879823724
0.0370134906263232
0.036361472541732644
0.03634331549465659
0.03688053932621271
0.03726042965041531
0.037836494502901566
0.03711993642860487
0.037271861671885516
0.03776248501417964
0.03661604888128077
0.036694663628265456
0.037200877540835155
0.03679307844906721
0.03696449328650494
0.03698590516580674
0.03708703095985867
0.036961023330236376
0.03719649095978764
0.03789583725863893
0.037159380956749546
0.037738251774629285
0.036618372212690174
0.037451097695564456
0.037240438768449326
0.03665721178006259
0.03781325984882912
0.03732110929719182
0.03694707250161335
0.037141211923527956
0.03801282832854139
0.037200637777698636
0.03790499212066938
0.03695589640795247
0.03681506860766613
0.03772998956744715
0.037030519136388274
0.03789765044737967
0.037430543278116145
0.03668635753662302
0.03748765183464815
0.036832005626745074
0.03676539473156552
0.03708003970340324
0.0366830644480504
0.03765638778301429
0.03695679162402802
0.03641654491198953
0.037585759680538275
0.03693320659023341
0.037241823404663935
0.03744477820599835
0.037113549658327145
0.03759849048488923
0.036375430344468586
0.03676287793245739
0.037171049605477686
0.036395713304366084
0.03640347526583556
0.037487972982290736
0.036667348757334
0.036920901384066306
0.0363531785684152
0.03720498991781261
0.037138223966012164
0.036261787928754195
0.036186235110356846
0.03696010718276266
0.03657845346348584
0.036362937985408045
0.03729476204955957
0.03696038355797259
0.036767978242345775
0.03583955223888846
0.03603996749105959
0.03581332159192183
0.03608936094917029
0.03581244957649269
0.036385372742442725
0.035891492380200805
0.0365747243207584
0.036254958872163394
0.03617100732186116
0.03687339499198438
0.03568217118623638
0.03682372103264085
0.03664332988907779
0.03641054327262002
0.03620123191965157
0.03523555857570859
0.03659856969651486
0.03613090114994334
0.03530888953349547
0.03577174318385391
0.036190228955867224
0.03492851067781126
0.03533192860084015
0.035591781223225254
0.036122054892935664
0.03480819045446488
0.035635146022434214
0.03496155581363933
0.03473301885223503
0.034579411901478216
0.03566964526922594
0.03481822075242504
0.03587589784917022
0.034962145867460964
0.035738243438495104
0.035243388490761696
0.035547830786006526
0.03521630337142994
0.03541190292818287
0.03412369373385572
0.0349488879752616
0.034610662056293755
0.035041440879254225
0.03519536630837217
0.03396211793595425
0.034699798560827784
0.03430013809065468
0.03488724651824715
0.035012561557331574
0.033753162709166014
0.0344256067687825
0.03439713262724661
0.03396543359252149
0.03360562046986729
0.0341708629885342
0.03441135234619978
0.033979300352090874
0.033935597872510694
0.034033441238018124
0.033623164890578545
0.033809400090843406
0.0342257982482368
0.032683021623313095
0.034022186352710426
0.032777573524352795
0.033449263263122704
0.032658506280378155
0.032768235218157596
0.033366901438124826
0.032890905471423065
0.03222570794419275
0.03234293435842078
0.03201871779984548
0.03281589811129636
0.0330066927182926
0.03291815682915655
0.03314332985426924
0.032674931937005984
0.032906141573205476
0.03208725893824396
0.03210270869931849
0.03277835290725922
0.03231049840363714
0.032703709104815175
0.032566807582277736
0.032071821339725616
0.03237386951788632
0.032386555541014196
0.031007256113447478
0.03226650653150697
0.03175074496511334
0.03183612195136538
0.031065427357026054
0.0315837608890484
0.03058054991586276
0.030447488125217723
0.03132298373081041
0.03155794347409093
0.031525921024306715
0.030073637139809286
0.03057738772002057
0.03136498952225035
0.03038111340642176
0.03035735072620824
0.03016131211272831
0.030245998112928205
0.02985240633352589
0.030033864349628174
0.02973423987925283
0.029616123083621784
0.0302163066484505
0.029428388570222706
0.029824412947658894
0.029229006416006526
0.02949498063708048
0.02965472561929775
0.029583818514654924
0.029729738491039725
0.028570005131202895
0.029331044235814986
0.02953405777975114
0.029509664558140403
0.029243009527952165
0.028263631716056687
0.028456263433867385
0.028735114142786358
0.02869887904412185
0.028055240781738388
0.028888514803565215
0.028948581627876217
0.02817808620107061
0.028611427191777915
0.02785151532146367
0.02798404028228235
0.027861085017186253
0.027833869604981753
0.028034367956408016
0.028360366690165974
0.028090570696935036
0.027323986092761425
0.027731165617712078
0.02788752665698048
0.02700590919961218
0.026757211003649955
0.02762673376568595
0.027371183151598387
0.027080284083427466
0.02761194224775964
0.026995463535423328
0.026028202482869817
0.026162068986609978
0.026935734003478134
0.026586555226642546
0.026222361768384665
0.02652949142839171
0.02651262429328847
0.025958548901056765
0.02666001885676286
0.02532315770327691
0.02658130611473671
0.025057846332249376
0.025762134168297392
0.025926212042076877
0.025015317515119328
0.026039917192731663
0.025941197786192593
0.02459541426597431
0.025198166348721587
0.02535486639792686
0.024639122653056608
0.02477376332781191
0.02457729011847852
0.024444335018256564
0.024659118292395418
0.0244043231530759
0.02484392615705811
0.024808373465538627
0.024433371639479045
0.023637541432874228
0.02396093303053653
0.024663628609569044
0.02335530757663127
0.023840903059415847
0.024009520292212407
0.024390424587539043
0.022880353389746606
0.023332612401694746
0.02290979048028652
0.023509673694090613
0.022778224918516724
0.023862624749351875
0.0236061675690782
0.022659729336419722
0.022418525459348332
0.022536594278872543
0.023345380177260844
0.022008582344381432
0.02235797729266312
0.021805903673650383
0.021630691135386335
0.022231579125409906
0.0228755687864163
0.02180104707421993
0.022259028306336557
0.021981043248198766
0.021760946426441084
0.02244554708436129
0.021340789194665026
0.021652475998869658
0.02200360790537787
0.020999309632127795
0.02101010020204628
0.02104179095796427
0.021832083625765056
0.02044918558097519
0.020599980337836252
0.02037526908972498
0.020406215663364136
0.020333355009649116
0.02093965657173431
0.0206741219763832
0.02035559580656114
0.02041405900610433
0.021013176489632863
0.020305965839536998
0.0197962328726019
0.02065012391986
0.020337187869503143
0.019867234982933038
0.020137228922121716
0.01954796116279015
0.020139761973693663
0.019699873160865716
0.01945740014844729
0.019003663129168645
0.019728375627256933
0.0192052763839204
0.01872326816009704
0.01898914774073544
0.019066963113831773
0.018866610065582493
0.0188010046368561
0.019004918561099274
0.017968702024752838
0.018602692677458732
0.01832227220136618
0.01783105099041297
0.018494839360851674
0.018825480200722715
0.01866348863960967
0.018448865358185903
0.017503813542009496
0.017253171197178275
0.01784460585011343
0.017862201099005787
0.018228669750501542
0.017966375106360365
0.01700518309302154
0.018047674948723565
0.017012590236123868
0.017106034910035605
0.016517056138747717
0.016692577254210927
0.01752202426882865
0.01751072257480917
0.01710790420296628
0.016619517354398455
0.01606928451812256
0.017117254648200287
0.016089010570659076
0.01632795621603612
0.017136279023268277
0.01619290675060012
0.015615296541904604
0.016277770332326264
0.01650607624545153
0.015498156662853908
0.015915133844817936
0.016208906917361775
0.01642607062129125
0.015024522400671723
0.015416366587281712
0.015753943757141408
0.014851412194473657
0.014909732731151138
0.015025480426019446
0.015370633392770545
0.015831675857207128
0.015749281466032845
0.01524539115954284
0.01551040513868407
0.014406583140116811
0.015271734518617044
0.014573509428465387
0.01447806372936795
0.01520067920735799
0.013920399008876323
0.013900138221873724
0.014851354436775559
0.014740984526062156
0.01375819301408906
0.014022689473177037
0.013449503216601225
0.013998215389795801
0.014538045344442738
0.013168614521359888
0.014120791173111527
0.013412268579940188
0.014167207377783191
0.013662646369271406
0.013707303119925615
0.013557632624695694
0.013764185819650948
0.012700179801734648
0.01390830290359603
0.01326890622056426
0.012809922207661065
0.013723391841577302
0.012578059233128845
0.012686519580730382
0.012417468412247444
0.013215042102936999
0.012628317079246571
0.011943575342885255
0.011922812571122229
0.012511577512517625
0.012473936202693858
0.01168978880502039
0.012273447955414492
0.011845091347345764
0.012254193907866317
0.012732690357911084
0.012492334649722757
0.011835598198037742
0.012618204942483127
0.012231417132893406
0.012223905015711464
0.01180271413431206
0.011537487938461403
0.011655248698641325
0.012294606650473296
0.011951292985380191
0.011800852352004825
0.011574340407770093
0.01177775610143583
0.0119608699779932
0.011925487123756112
0.011283232200814659
0.011347068948913507
0.010314475957417314
0.011557989990397576
0.010229410026912448
0.010987445295208521
0.011367791337950803
0.010524414150803876
0.009892046701723833
0.010315513415487235
0.01086177313529304
0.010818587994819209
0.010314409460167722
0.01031973714325606
0.01074490432899839
0.01086401889524206
0.009724034056931402
0.010197341817110942
0.009609182678250859
0.010430633896560368
0.010385517917078762
0.010414451783218003
0.010010488098093018
0.0094761356153803
0.009870390260949375
0.009223260451824833
0.00987185459669433
0.009398109258675479
0.009775514760810742
0.009841291315037396
0.008646165043072895
0.00974751806541598
0.008685028423043098
0.009179245375148555
0.009875060981843355
0.009774478437999928
0.008356131000480774
0.00859187322341861
0.008237374031113805
0.008318278837170609
0.008763743698630994
0.008890221599045506
0.008036111549645756
0.009229912592720272
0.008089517355467667
0.009234208629575908
0.008496663188187002
0.00812164229273094
0.008658281358007662
0.007708917043646307
0.008905383335375204
0.007807059246762408
0.008025692261826093
0.008014843719124722
0.008869076384031314
0.0073527646710108115
0.008474569346800152
0.008160826914499913
0.007859301444843588
0.007574161009541786
0.007822185526465469
0.007638991365973929
0.007427021481657696
0.008362407985775918
0.007643961539202765
0.008058170809243528
0.008167050235102532
0.00740433994492408
0.006788656315143021
0.007717896379966917
0.007679049134679125
0.007939905136064612
0.007095378183275597
0.006977616670664675
0.007699660187337697
0.006687595272626444
0.007050460305838583
0.0068563489938898775
0.007190349162496312
0.007245657904405912
0.006347465322863249
0.006283958326652494
0.0063764753951734265
0.007063470374278977
0.0072552044410130025
0.0061703643373939715
0.007270242871293163
0.006396094118776786
0.006004498137878815
0.006871545011391103
0.006948525989609294
0.005930885890727971
0.006798792286765414
0.006107298002478237
0.0070903261023443276
0.0061566506569921
0.006683570436649167
0.006752758748274676
0.005820050990552621
0.006463080721176717
0.005748539061414393
0.005996345608033567
0.005498513200625161
0.00598456352776108
0.006581728791438495
0.00616733319585814
0.005579858839268321
0.005464476099922589
0.006049001820795851
0.00647940419834275
0.005950643393091083
0.005953402792169882
0.005365296586013001
0.004948595154714763
0.006282557297666695
0.005145511325006694
0.006153631423759806
0.005669529862307046
0.006198332297790202
0.004950056498185698
0.005455762444978443
0.005570532358741165
0.004716866843342953
0.005979568459793567
0.004640498503263106
0.005992903794893124
0.005209704633631313
0.004955443826135666
0.004999292216739688
0.0044747178310544505
0.005073804963141732
0.0054629785772565345
0.005585369328249973
0.005742598377709531
0.005566945833460699
0.004954122235784566
0.00523115518232455
0.004815534087632707
0.0055165534326318275
0.005421437585021948
0.004201280404885983
0.005306318828647234
0.005307657409366367
0.004337037639588311
0.0042131763020262876
0.0051209285167742365
0.004265353388201968
0.004790030649881472
0.004444502362934462
0.003751656488658454
0.0038406125562924277
0.004945217030209015
0.004297798070005114
0.004294505423522298
0.005108454889544246
0.003698466041405591
0.005018713336785271
0.004812773510070073
0.0046451903999570185
0.0047122141990651725
0.0037785562464295866
0.004541595953686132
0.0037141841549371292
0.004002811620195223
0.003976449909681688
0.0037664331868245697
0.004519475633187048
0.004192826976983665
0.00407092941413295
0.004037336690496964
0.004465590752932161
0.00322297813806123
0.0031988963087689307
0.003706881817231229
0.004233844988352861
0.004459853867106225
0.0037971156413307617
0.003360669854480161
0.004485800721299176
0.004163455418596712
0.0044123631910671325
0.0036455854987277212
0.0029053629111168247
0.0029537602657772346
0.0036467798629460403
0.0038156182484763786
0.0029788619108734125
0.0036701829213023965
0.0031919764258970655
0.0038422148875795446
0.003843204102497503
0.002734674708366784
0.002711672827096685
0.0036991858816770476
0.003026332849637249
0.0027413561970231104
0.003757021793950152
0.0037250195239640874
0.002899758059653767
0.002749869149480457
0.002709783055479322
0.002625019649625706
0.0030452807099828182
0.0032450735862873414
0.002974002175053296
0.003000566380420753
0.00277965430394309
0.00283447529320543
0.003729057374833845
