-0.0015810498230153425
-0.0016642646924487931
-0.0022771064862832408
-0.0011615280140592074
-0.0020679122649352416
-0.0024176529202620443
-0.0017693150143564395
-0.0011464791999722561
-0.0012285992755406735
-0.0010296440650103575
-0.0011177618137270349
-0.001355903821129641
-0.0018146754513283718
-0.0017703618021042461
-0.0020716807588324736
-0.0012198572608264034
-0.0018322376251361336
-0.001851055444004333
-0.002575086643604964
-0.0016057291896437336
-0.0015712723632009295
-0.002273538913188789
-0.002648726797305486
-0.002556043744696699
-0.0016839441076262212
-0.0015200116155485012
-0.002037138329969723
-0.0014181692158798946
-0.0019236985836972584
-0.0022908996939571056
-0.002428274900954125
-0.002651368127743398
-0.002801213920376277
-0.0017191314383790059
-0.002538114664654074
-0.0021005283643263763
-0.0020107375616965875
-0.002291488006723779
-0.002905805718213297
-0.0018597222637370741
-0.002538333327707379
-0.002812562194972498
-0.003282070839614369
-0.0025950569467196568
-0.0025225072190040772
-0.0028600856664085725
-0.0022712525312984706
-0.002905363805863003
-0.002288003887232624
-0.0029073321267512396
-0.002154509193507254
-0.0033163990002131327
-0.0030427107748059036
-0.0031161933012131995
-0.0030514703528040765
-0.003617594374381119
-0.0032552795544495187
-0.0024629382771066285
-0.0031364003581751086
-0.0029454610483885747
-0.003719343288123937
-0.0023795930399247143
-0.0028304106099713558
-0.0031216926195125633
-0.003202595617095072
-0.0038282013711766014
-0.00313529603169571
-0.002952562900958227
-0.0038983076161282016
-0.0037479325825872985
-0.003086804089952428
-0.0036875690165453882
-0.003755109350014925
-0.0034880671542729114
-0.00364928651456823
-0.003498257249314753
-0.003808949686600863
-0.002900367351085235
-0.0040125205651803855
-0.0041810610976138855
-0.003572196201691975
-0.004078408204102266
-0.0036426458806970946
-0.004159742365923476
-0.004112623503941647
-0.004532251194949703
-0.004372137656258132
-0.0035534256688998715
-0.003481172353232486
-0.004080114294326548
-0.0036350304845813924
-0.004750399911189564
-0.0046476992439107075
-0.004503037031681467
-0.003867972909836172
-0.0039530832524714695
-0.003812515338562063
-0.004303084619106923
-0.005029179482909838
-0.004530320668075378
-0.004604970298039678
-0.004867753259808359
-0.00420354768917302
-0.004125137626943472
-0.004257116727029417
-0.00422157360082206
-0.004291464806797526
-0.003908800143779137
-0.004848132331779732
-0.0039519580172806225
-0.00507425493892319
-0.005214531765687589
-0.005434407325269524
-0.004797641386324848
-0.005072777349108962
-0.005116101526782557
-0.004504002660250618
-0.004565883580701408
-0.005236141059241469
-0.005639404934420513
-0.005834160566508751
-0.004785373927752154
-0.005543079373887443
-0.004926709521380181
-0.005268390670110601
-0.006077393716203608
-0.005905979499873984
-0.005415576453834807
-0.005111063636111056
-0.005442800306637094
-0.005199167703916551
-0.005000749779282113
-0.006345143808799107
-0.006266943005023887
-0.0058077373784586345
-0.0050792314962034395
-0.006390653917834907
-0.006081794955011822
-0.0066037468004828325
-0.005710742044049863
-0.005624889790853876
-0.005710358771429027
-0.00604104608922916
-0.005485073057602313
-0.006195937682537553
-0.005733400745301413
-0.006195638068441228
-0.005786900160190051
-0.006049078877615209
-0.006364021006614657
-0.007022986735398294
-0.006624945336148006
-0.006717999263000876
-0.0060019367969554385
-0.007365817739650763
-0.005990798876346692
-0.00645055463683496
-0.007190437933180944
-0.007272911381658206
-0.00741814394403963
-0.007038971298936394
-0.0073367076751437
-0.007638077474422706
-0.00732126686607209
-0.006495379634171151
-0.007235639595566977
-0.007795541030715047
-0.006871203903324647
-0.006785064991538786
-0.007268755817914157
-0.007326723127393274
-0.007126009849239366
-0.00734982975503609
-0.008084592329247232
-0.008272918535050047
-0.007435579598703267
-0.008064299248789597
-0.008243936210955873
-0.007489980200123284
-0.008508308643699532
-0.007339749461615698
-0.00821614496196683
-0.00800953787715314
-0.008883993369082598
-0.00857319277349936
-0.0076064397769893075
-0.007758941304945671
-0.009124521035498991
-0.00885664314406174
-0.008908109997735269
-0.008313466352789095
-0.008562720780684195
-0.008782331758927717
-0.00830919293037179
-0.009267438910800221
-0.0081330956592324
-0.008800439803774686
-0.00971206479857563
-0.00968539493078168
-0.009593924472723662
-0.008616064143322534
-0.008525587943891183
-0.009123926156011345
-0.009619225407212906
-0.009424771265031363
-0.008948208477331457
-0.009470807514465903
-0.009490551244127829
-0.010087780518421657
-0.009525425903563915
-0.009953425706220716
-0.010492021797436388
-0.009725643672436151
-0.010176421448871896
-0.0104267921507786
-0.010528290054885031
-0.009518132385887276
-0.009519554857122721
-0.009924250148042409
-0.010998369578192767
-0.010043058377117206
-0.010043283752655941
-0.009916508831942542
-0.010835290396242274
-0.01133452730320294
-0.010561182020794157
-0.011515253053774098
-0.010594204405982443
-0.010375380168721806
-0.010929185539167368
-0.010732319315103201
-0.011323020500021643
-0.011868634475094054
-0.011511205919243163
-0.011838362431343159
-0.010683945847504728
-0.011616267080483206
-0.011757005824926817
-0.011108898286832517
-0.012344355659391293
-0.012300641708285265
-0.011321892412342353
-0.011332844041872622
-0.012221568116000892
-0.01164925847939665
-0.012615585836661473
-0.012158815251854938
-0.011920783930654839
-0.01289646340718584
-0.012624867033500334
-0.012569382843527904
-0.01239708022384363
-0.011932007121046573
-0.013338474836676306
-0.0132401323153412
-0.012139033549274245
-0.012113112265151348
-0.012479264448920417
-0.01275228779005798
-0.012368459288708056
-0.012662216872078623
-0.013342411733131911
-0.014014938726146228
-0.01386622052479096
-0.014117839069119287
-0.013218653761409275
-0.013473092566819774
-0.013448780057818832
-0.013383127395094395
-0.01417590828698547
-0.013608304735607967
-0.014031750300514968
-0.01378445666704646
-0.014552293914038672
-0.013680882469454229
-0.014341468882254078
-0.01469343813707968
-0.014693805981539632
-0.014525190342719128
-0.0147140198251925
-0.014293585536667918
-0.014359505093702384
-0.014152542201418159
-0.014771630974074091
-0.014415376650007274
-0.015774318043369387
-0.014778891726637362
-0.015040253845665427
-0.01504019075952479
-0.014634755964773411
-0.014718781933323231
-0.015379079501465078
-0.015662383371292738
-0.015347342553190707
-0.015849913713274242
-0.015104560706781376
-0.016394453936096537
-0.015696962562927994
-0.016218776460556698
-0.016038829012145935
-0.016894375132579607
-0.015912307063719593
-0.016025326076283253
-0.01645622583200139
-0.017128125455500902
-0.016591402970861042
-0.016531714215122534
-0.01616581336745773
-0.017440285293663364
-0.017162309565679892
-0.016292265167833057
-0.017712278641010434
-0.016812412624121406
-0.01772293152628679
-0.017142492773184463
-0.01766467508257533
-0.018010759521074837
-0.01764978293162572
-0.01733811198850844
-0.018082758296869835
-0.01736037737379686
-0.017184754875961824
-0.018326727503239864
-0.018439956129426765
-0.018083446022409896
-0.019001360224180173
-0.01788871985859842
-0.01908092655282879
-0.018621043566005774
-0.018813417118339906
-0.018529769278171477
-0.019524647065138446
-0.01880467126683416
-0.01930687758948459
-0.019250602802117663
-0.019560209980416327
-0.018776063722471707
-0.019569959276467853
-0.019431079540374097
-0.02001481655459457
-0.0200146833316615
-0.0192206577831717
-0.020062705817835248
-0.02036170759347524
-0.02008927870269975
-0.019976965207163137
-0.019352403076353268
-0.01962391721152572
-0.020850756367983222
-0.019869535954163815
-0.020067444399274006
-0.02038695431176363
-0.02060362125235365
-0.02096811822708541
-0.02139135541044425
-0.020223811550971516
-0.020440633496024395
-0.02128911966331642
-0.0213815279293158
-0.02174689851036087
-0.021186622173768672
-0.02160421908950524
-0.022045690756134773
-0.021842297261707406
-0.022181235897605154
-0.022241721801790626
-0.022300386186265595
-0.021251078629950442
-0.021674471646548163
-0.022388610794619297
-0.022560385344197742
-0.021719953485893936
-0.02180916677689472
-0.021689934598640864
-0.022245251617764843
-0.02186285273800594
-0.022082797869641634
-0.02244588873299004
-0.022811963631400818
-0.02268353192985878
-0.023634120021103853
-0.022507790138048118
-0.022914666543406428
-0.02288475540409282
-0.02345263516544002
-0.022687724742468194
-0.023824809373948503
-0.023214529172868693
-0.02440713758216423
-0.02346233849538993
-0.02348465179934859
-0.02467555488720265
-0.023387439345873007
-0.023804584782698764
-0.024249144105032323
-0.024198412659588817
-0.02436349343441338
-0.024409838422622312
-0.02402372923010027
-0.024513620358102683
-0.024689962844531774
-0.025155695886904195
-0.02424636538669867
-0.025465811846763078
-0.025106238082118537
-0.025874412836135927
-0.024854822267215228
-0.025813141771721993
-0.024801651429786978
-0.025152450135121778
-0.0256111844326334
-0.02540156823230979
-0.025490204874525857
-0.02633501606727852
-0.02564652974715773
-0.02648776313635944
-0.026141891800510266
-0.026405062698170514
-0.026236885863460332
-0.025775745591491657
-0.027171262637822224
-0.026694553415511718
-0.026957834298668718
-0.02707354698231686
-0.026750176443056047
-0.026165715272015364
-0.027196375191774022
-0.027589565918041386
-0.026852842557637993
-0.027409315837178996
-0.027843856233038117
-0.028112334341905316
-0.028175649011196995
-0.027038549722385542
-0.02781959407229703
-0.028317909323149402
-0.02720470830779328
-0.028274142340946655
-0.02847109915132456
-0.028506295217048578
-0.027675068882679996
-0.028612572020010815
-0.02890298127404418
-0.028102660687646826
-0.028030511199117692
-0.028957717654814672
-0.028307280368921463
-0.028215168957561806
-0.028430523593101165
-0.028255346388252712
-0.029432656015585562
-0.029418952561860768
-0.029718116145312765
-0.02867172735916292
-0.02983779815272082
-0.029914441430344007
-0.029773632613865432
-0.02895759155709913
-0.02914023746359975
-0.02961737973548076
-0.030208085481194434
-0.03020150070700104
-0.029895456897372254
-0.029475189364119393
-0.029310318741021076
-0.029307899652865625
-0.029487584344463802
-0.03042092081075532
-0.030451008438775483
-0.03002378409558521
-0.030922372696203192
-0.030944574595708204
-0.030205062606894297
-0.030733117064312494
-0.029989183904705598
-0.030312403877694686
-0.03125165314666085
-0.03073517967564475
-0.030280648091934866
-0.030534327457263446
-0.03168375161965978
-0.03134322772953585
-0.031728084837299005
-0.030617023404033928
-0.03163233359821521
-0.03219377383111849
-0.03199763215124331
-0.031907858322447434
-0.03157427171572332
-0.0312776813551724
-0.031115433000310368
-0.031149785383960245
-0.03264975069129685
-0.032184099015780655
-0.032352141191821664
-0.031852275809726306
-0.03171045669368491
-0.03290889597946261
-0.03304775132128587
-0.03170487407911867
-0.03179609141020618
-0.03241903458027989
-0.032429585150890214
-0.03219868654783899
-0.03271891349999232
-0.03252223944633664
-0.03331243019694061
-0.03228104142409803
-0.032556879368806795
-0.03300848798296266
-0.03259805857479784
-0.033050100793109896
-0.03361174955492413
-0.033888594979757894
-0.033912356934359913
-0.03367371529350534
-0.0339308788732996
-0.033661093925431616
-0.0332281006477686
-0.03319501694584637
-0.03392702450074857
-0.03423749759280724
-0.03328005159722989
-0.03339995502303422
-0.0332230485055952
-0.033991484759109215
-0.03393256163070443
-0.03373358914257188
-0.034634455206121614
-0.0338438972771281
-0.03474566707834374
-0.03460363295737214
-0.03373627916227001
-0.03383223484079683
-0.03370597336215347
-0.03441838997854201
-0.034933014660835614
-0.03385297495236999
-0.03437997046227823
-0.03483946434598832
-0.03427783764916157
-0.03396341638578214
-0.03434889046670035
-0.03457970366622867
-0.03532616125830618
-0.03433786712351903
-0.03488484107869264
-0.03487097879061765
-0.03496149455383385
-0.034885451929820704
-0.03426686193796356
-0.0356284505238703
-0.03486707053432115
-0.03469090713856004
-0.03463543737183944
-0.03574009145851396
-0.03585473291250238
-0.03558815151266824
-0.03486014267353547
-0.03588051728575865
-0.03572296646461622
-0.035794351791975675
-0.03512688110001293
-0.03597492391375807
-0.03571741339636054
-0.035156875729262044
-0.0352811323947139
-0.03511188001672962
-0.034761870693688704
-0.03592864608766045
-0.03484167101969908
-0.03521323309328444
-0.03521849597045676
-0.03631571266866559
-0.03572008985156662
-0.03592343768359163
-0.03590930410238802
-0.03616587991072839
-0.036055975507989245
-0.03545288050928004
-0.036088483129314154
-0.03568602815878953
-0.036179237532486315
-0.03611054629344572
-0.03510183433696618
-0.036431460367196855
-0.036417016136861456
-0.03538692173754247
-0.0351801626958674
-0.036578609467501966
-0.03568231578701289
-0.03569622866205566
-0.036602992657942125
-0.035282953386466025
-0.03600190039643359
-0.0352334289407163
-0.03531870054524416
-0.0366037295329186
-0.03612756020654511
-0.03609231930775439
-0.03605314358199471
-0.03651320093408217
-0.03616120803053314
-0.035617625170397016
-0.035703968335366085
-0.03532041610317224
-0.03607469810797457
-0.03565936574816936
-0.035140902215614285
-0.03548299652472408
-0.03603184212096339
-0.035626344368409724
-0.03560202867622817
-0.03601269029180424
-0.036245560442629596
-0.035818052234053266
-0.035130676428236196
-0.03565934834500205
-0.035785585845690054
-0.03654417143864307
-0.035981170654486715
-0.03501497262572108
-0.036190219617784736
-0.03574904877936534
-0.036245293333397474
-0.035507060270057574
-0.035835869899726744
-0.03586653567366493
-0.0363143062368528
-0.03584257249252836
-0.03519312861182692
-0.03536537803768144
-0.03502870226519614
-0.03628084549527548
-0.03502177951014898
-0.03496926914158898
-0.03506785978802141
-0.03578856482164666
-0.0351278786796721
-0.03486038761286233
-0.036017772638141064
-0.03489626596148776
-0.035545060823541315
-0.035643351046924635
-0.03505296032471208
-0.03452532572682261
-0.035117678114258005
-0.034791649394279645
-0.03530804239020005
-0.034294530631018956
-0.03497268328934556
-0.034372723004241434
-0.034266630028599386
-0.034356427384846636
-0.034502022973653144
-0.03550163724155762
-0.03401370285852981
-0.03436193881192709
-0.03398875040797442
-0.03511691129972473
-0.034659071348194556
-0.035148620482546765
-0.0344715884528787
-0.034915883476229495
-0.03396522325081055
-0.034297480026019865
-0.03448036703847344
-0.034831672504495745
-0.0347998357341853
-0.034617166781673356
-0.03439047203661453
-0.03329503691654912
-0.033765375860776235
-0.03321888627066831
-0.03319420313400433
-0.03382831881881444
-0.03365404542958057
-0.03427978744253545
-0.03392058139778077
-0.0334519788493711
-0.0335182852966582
-0.033956898043076056
-0.03272305636855383
-0.03304886175882816
-0.033508238933650666
-0.03260167147509079
-0.03364504286253533
-0.03283521774798179
-0.03329957063632687
-0.033491359799031555
-0.032424368863250695
-0.033319065910554724
-0.03306109844285325
-0.03182079709408785
-0.031984700643636
-0.032808894323698955
-0.03160250254274303
-0.03287745331652049
-0.03164249086070441
-0.032183097632038214
-0.03217808278757632
-0.03112759782841619
-0.031056217235092727
-0.03153482030552471
-0.03096966180284529
-0.03129644789148637
-0.030742440112835216
-0.03157904390550686
-0.03203355607917233
-0.03147538252130113
-0.03176329013066172
-0.03089339861473454
-0.03153418713500618
-0.031041604092471194
-0.0314570615774384
-0.030789836714245226
-0.03061726543090533
-0.031104374604983758
-0.030806601066820188
-0.029920968042632556
-0.03058059505496428
-0.030026490219403325
-0.030200377692811437
-0.02961670447931607
-0.029785542439110524
-0.030155254551509122
-0.029895795820195515
-0.028915978796974804
-0.03001834830301041
-0.028933990599366265
-0.029671553745278068
-0.029580034898106542
-0.029179061621367006
-0.028849302271086653
-0.027955197818991296
-0.029165807802425104
-0.02807699243451142
-0.02826853482313736
-0.028116987050173552
-0.028584185670589207
-0.027840650374330093
-0.027396635377508357
-0.02773871121634846
-0.02741309063133838
-0.02712525669588242
-0.027555905781910594
-0.02720542184292824
-0.0273553069328023
-0.026587590971151365
-0.02678586238809602
-0.02621125905782182
-0.026309491924874067
-0.025809064427376863
-0.026252728498227115
-0.02614518432641307
-0.026037546473144803
-0.02677994105838308
-0.025555268830118372
-0.02624959100179419
-0.025734932957195273
-0.024984517138500344
-0.02531657285111032
-0.025403634235376654
-0.025495152855405247
-0.025437234052565285
-0.02513986259633887
-0.024667104673678265
-0.02443421799206059
-0.024289344793824483
-0.023735340165557273
-0.02417611203301733
-0.024260333486834852
-0.02424229289811504
-0.02302035221776211
-0.024064601321584198
-0.023919483052944068
-0.023719139813588523
-0.02326222320490865
-0.023508367395597224
-0.022996665083737638
-0.023050664693939824
-0.02233891692983245
-0.02192362617351453
-0.022066873745367987
-0.021499105971083333
-0.022189272100354242
-0.02175585894155411
-0.022421591278342357
-0.02179613281100533
-0.020694689852898775
-0.021853210219641813
-0.020352930557141373
-0.02163958267704265
-0.021356540134367816
-0.020959158197416904
-0.020824649053964358
-0.01980455942283729
-0.020371588887484242
-0.020235203368555717
-0.019899017246262116
-0.019842714833294337
-0.01996246481442927
-0.019686378067908104
-0.01916594121753092
-0.01883658229166258
-0.01860369266318767
-0.019287383403123876
-0.019098360161844283
-0.018716117593268643
-0.018234758012453417
-0.017645764670981653
-0.01858872273341187
-0.017309613268094878
-0.017250290820866626
-0.017033200547602115
-0.017380405331166887
-0.017820447760500388
-0.017058628501268217
-0.016503775148145543
-0.01603066723859674
-0.01668268651109879
-0.016846230323425478
-0.016244111694392577
-0.016294703570979344
-0.016082228310079976
-0.015563585205409812
-0.01477348541384173
-0.015407532856048144
-0.014728395709750394
-0.01506386615125822
-0.014336874211613147
-0.014502489850441587
-0.014923212281055092
-0.014800461235221952
-0.014730151526327792
-0.014421104365758922
-0.014224691056269353
-0.01330805743044084
-0.012934594644573397
-0.01375830076806365
-0.013214257565719345
-0.013471329508814727
-0.012457027131335861
-0.012075784370376928
-0.012456904199070529
-0.012178534806626406
-0.012353602818495889
-0.011427985807979152
-0.010760455606798492
-0.011600709562010003
-0.010861439114211528
-0.011413800852394877
-0.01049564674414761
-0.0100553835197579
-0.01100816169745053
-0.010737609245551076
-0.010682105798582697
-0.010061670018461304
-0.010099152481942838
-0.008825052592212723
-0.008864621658154617
-0.009802691208664298
-0.008475673408663132
-0.008330877763313546
-0.009243738237015077
-0.008847267342372123
-0.007540511011187237
-0.008242749308830545
-0.007659771805922471
-0.00704142367773825
-0.00800784254389412
-0.006982085261304382
-0.007192946517205249
-0.007524404235309211
-0.007036548793139555
-0.006877381993104416
-0.0058570513018409934
-0.005495625722244336
-0.0062370610403062335
-0.005993797592247816
-0.004723170566802525
-0.005389193540570895
-0.005561680714038668
-0.004402827042445953
-0.004539987371786898
-0.005132682350039348
-0.004587267312713324
-0.004011774110386175
-0.0038886663598955676
-0.004006803174110489
-0.004109821862745143
-0.0034780134387374494
-0.003731256012113407
-0.0032431698980434406
-0.0023858169901711597
-0.002270745374065649
-0.0016049668002578368
-0.0014341013577847117
-0.002191422137129996
-0.0015698713523892539
-0.0016665765673015572
-0.0013038354495667017
-0.001693489547927074
-0.0014903903120086573
-0.0009150827745507777
-0.00023471853364885655
-0.000401657026028329
-0.0004998761017595034
-0.0005634471146863824
0.0006552478604503227
0.00033724799388316765
0.0012711061427694117
6.0520465635001344e-05
0.00019532308319934695
0.001784103515130451
0.0014067985355756397
0.0019765661786094587
0.001304949846084066
0.001505696265550105
0.0016756302028557856
0.002835668457324322
0.00214949025045322
0.003426298489761283
0.0022624270477389348
0.0029452332626342527
0.002574947280034975
0.003054710018082292
0.0031049327682221763
0.0034812300003321936
0.003785985923117776
0.004644912200457934
0.004152529586593167
0.004581455013988642
0.004461330230181844
0.004698188360195101
0.005693791268134372
0.00602747168577976
0.004925336441700631
0.005505120905013847
0.005356871611938127
0.005902435332129942
0.006596074323303009
0.006492621350350199
0.0060739040926345265
0.007385573914248979
0.006858108652535397
0.007941812892254516
0.007692598691449284
0.0071196654365207005
0.007801984853799892
0.008728466011419184
0.008286914378915334
0.008557543996606212
0.009130735323187976
0.00920069585523401
0.009132442597682618
0.008765527178278826
0.009805831474661022
0.010274616402595327
0.009159335185084489
0.009578867240919652
0.009750428636498264
0.009846907666558814
0.01020706022181796
0.010178415240324578
0.010819849306769842
0.010778160908328912
0.011350724018363479
0.010860105487818478
0.011619407238449201
0.012441778687855854
0.01166041943054905
0.011853032786030565
0.012961743564074153
0.01287528204533043
0.01324915598347594
0.01356156594143452
0.013176649329048367
0.013355494872653178
0.012786698729328637
0.013198716494707486
0.014011863169237769
0.014354238357925136
0.014147636547426592
0.014800979465613158
0.01516630800693715
0.01531617744542231
0.014210152158340431
0.01572994337252436
0.015894128374983347
0.014816677590899826
0.016317991197790677
0.016137338441624297
0.015733188729010816
0.015427157417436763
0.016572010394364105
0.015826908544725047
0.017262137264874137
0.01640154782601448
0.016340766433843686
0.016653255811598384
0.016668508711099355
0.017266116488596044
0.016985278445027882
0.018019131693608782
0.018711630857364554
0.01857092615990171
0.01829658860782786
0.01929265287982785
0.018813691794418903
0.019233515015292725
0.018706669242525724
0.019375311379120876
0.019439886349697025
0.020170897810381658
0.01933819965173866
0.019820931210434697
0.019696890579019598
0.02057269634858636
0.019910761323502137
0.020296674344162775
0.020629712259978568
0.021537859426890918
0.020348349889321538
0.021742084064567565
0.020619187399799593
0.021985609122456812
0.02172293822488626
0.021355996078142203
0.021980155926024078
0.02270692648915437
0.022481998326600767
0.022371520035424978
0.022860950439698182
0.023339703209417025
0.02307379326672754
0.02242499785812188
0.02281005290748033
0.023985648521319385
0.022811107537327856
0.024398987261218988
0.024384027235823297
0.02372217614595734
0.02342888163255071
0.024603034547518342
0.024934659711902046
0.02407632880971507
0.02449540393375024
0.024182480984132778
0.024567223431385156
0.025392377581639324
0.0249284825381201
0.025568523696719442
0.02477438234549228
0.026029274636554006
0.025573311212704234
0.026391743137469864
0.02541513582633227
0.02549880366675358
0.025610666230811797
0.02661668584360684
0.0268587323057486
0.026462627368968226
0.026290520800617907
0.027160403154041054
0.027724435489480517
0.027937153775419818
0.027308258371844755
0.026766338342057435
0.0282888027211759
0.028341679846101326
0.028069246248780703
0.027452366702069502
0.027699074897990564
0.028470007770055813
0.02878350231685278
0.0285118790717948
0.028606373534293978
0.028089440294132396
0.02860973060680737
0.028895248174008705
0.028523373537471912
0.028822067902931733
0.029049269166713295
0.02942066823558585
0.030059478360745788
0.030273425855205194
0.030408173258435877
0.030254976532758382
0.030453102425788563
0.030111107904412168
0.030375079914682083
0.03064598957938066
0.029756534894267946
0.030500265743572542
0.029994718440323823
0.030982310718271087
0.031469207663150194
0.03137836244289368
0.03086649309227084
0.030963831906040205
0.031218222989066003
0.03153602837714168
0.03103963931055786
0.03230048070271918
0.03096221828033091
0.031195814398067113
0.031806926744618005
0.032724710504214626
0.03183842216691071
0.031431811265078005
0.0324954444345831
0.032460745354789315
0.032495633978198865
0.032425393464467024
0.03257080171322693
0.032221506834714
0.03242488868246717
0.03327744110682093
0.0334965593608944
0.03250241669088214
0.03271828380600581
0.03280838304848829
0.03288955580427904
0.033971152765480364
0.03343008187864053
0.03325986045721608
0.034355297700019785
0.03410115328976016
0.034488793241691164
0.033845611885770524
0.03356177480845337
0.03368274004807006
0.033730813463875624
0.034248791491943535
0.03356037738371191
0.034386634445025085
0.03368096764977676
0.03445627209240344
0.03412813128923834
0.0348780118932421
0.034550907317964896
0.03497525088626877
0.034416187075022885
0.035115591111755884
0.03546347964211944
0.034573372383113525
0.035418122708480625
0.034710435678142686
0.03557734260762783
0.03543582146856731
0.0358086713213844
0.03461236151533339
0.03575318849946106
0.03537208836375737
0.0359745579829357
0.03595079108401145
0.03537312494671583
0.03544644409819653
0.03501479873529005
0.035479135711545554
0.03616510869902539
0.03600378036396807
0.035175102457365166
0.036264608777110706
0.03649322275735672
0.03629643389648316
0.03644476923923192
0.036776965395412205
0.03552775852613249
0.036282573076408704
0.03646464608049922
0.03653349590776756
0.035855083086555585
0.037052440331776355
0.03598578011850216
0.036827667066449
0.035792181276188086
0.035870682526019965
0.03625788281424281
0.03731921387724517
0.03627989805555561
0.03662161370481358
0.036612599718123646
0.03678060644077602
0.036694619877247564
0.03652597441305993
0.036139321659920336
0.03627182078651886
0.036163077136010004
0.0367864286193425
0.03663147947190216
0.03668014000909911
0.0362402426395334
0.036780697137159805
0.036395764945717675
0.037003769444432046
0.03733643152647212
0.03732945703541371
0.03740849053384728
0.0364173831606239
0.03687011856462082
0.037812880221952345
0.03751954590726519
0.03683080882067861
0.03706014084503871
0.0374338911450218
0.03729789517597844
0.037749241955939865
0.03664707378304216
0.036957263997119294
0.037017348701875875
0.037006713674240035
0.03780383374197323
0.037438545459640746
0.03659063527448939
0.03750315381461569
0.03762099037396533
0.03688041803307404
0.03730271572076316
0.037554823095074026
0.03681595476582233
0.03712499321578342
0.037427418899560166
0.03696336371103029
0.03789101984283505
0.0366870779790039
0.03782540009492432
0.0371369003046239
0.03685405612184589
0.03731306187581967
0.036529454625008104
0.037239349790059384
0.03723752861041974
0.036995512458379926
0.03716944706942317
0.0369281921392098
0.03648359611587944
0.03703840778973937
0.037630995227198816
0.0372454724484541
0.037155235098486214
0.03661193780682515
0.03642012720752793
0.03754714038778521
0.03663115820193908
0.03704867009382232
0.03702760179279532
0.036431760950083374
0.0376848596636502
0.03711212142422071
0.03641443563149964
0.0371551500775472
0.03762027383778219
0.036859420366108016
0.03627353199363766
0.03665209342293568
0.037370075009664126
0.0360545223515515
0.03669841045987599
0.036093000911997124
0.03693934586732999
0.036670446779925536
0.037395135619889
0.03642075911507569
0.036329248046180984
0.036920066550894845
0.03646591592858106
0.036389287452361085
0.035786236483158554
0.03695468791758223
0.0361169978172697
0.03672915352152698
0.03706363416183452
0.035635797614236756
0.036592139429675256
0.03621365653773037
0.03555322991138373
0.036642807419224384
0.03565429671484087
0.03561256424616604
0.03667887692758267
0.03538387503306236
0.036020337100162406
0.03538011817976179
0.036161399111970145
0.03585635146306804
0.036061229325738124
0.03605939828900599
0.03571613248915074
0.035388993238002694
0.03497200012190335
0.034901020181209115
0.034761430232645364
0.0358561192939482
0.036089849050704025
0.0356224733537566
0.03485723789646253
0.034610705844510654
0.03534556427707772
0.03566414714328155
0.03505958374555897
0.03439690254254721
0.035650830705630625
0.03522114607137078
0.03564977209790075
0.03430695026872962
0.035537740203508
0.03496112782570011
0.035042341402057996
0.0346494781799085
0.03391860844364632
0.034608406960187625
0.03389579223802486
0.03463172158051734
0.03488833749973937
0.033704728547315294
0.034144238997437334
0.03485657801264521
0.03389848981896664
0.03442822869275548
0.03474297244148135
0.03460639214126676
0.03354737847186648
0.034497686235255065
0.03384202764975409
0.03409066931732576
0.033380983266601515
0.033635379054779924
0.03301102372953731
0.03278612896375073
0.033448802716690894
0.03368679789780759
0.03341363802590989
0.0335241831813267
0.032700281446674806
0.032562912790633156
0.0333916124293364
0.03243662572898348
0.032636512792459986
0.03331114217968301
0.03258812672509661
0.033280422114965874
0.031993540835405086
0.03315719558393907
0.03315469180520462
0.03289356861640682
0.03287628962441159
0.032958431261882026
0.031699494842491856
0.03223983637721753
0.031730566987489696
0.03249304354193766
0.0318583533109138
0.03218144556071895
0.03156071215484841
0.03093544189172302
0.030925128356057652
0.0314288677536285
0.03135227181963855
0.030980066767098073
0.031893637691935504
0.030487832225011422
0.03084935129486552
0.03060895110864316
0.030846738188174953
0.030218802952176705
0.03156184461120123
0.0301963419486218
0.03064769408166925
0.031201986025655434
0.030942086231537234
0.03093350610520571
0.03012548636763212
0.029611275133890096
0.030918026741483935
0.029937060286133285
0.03038283485238402
0.030380256113285452
0.029703628080492647
0.030169315653653665
0.029607205624301643
0.029083750071749372
0.030087905564763234
0.029347163505530884
0.029698105859991657
0.029402982130163145
0.029906986854175324
0.028759778990269377
0.028658862056393255
0.028589092116847604
0.029011446781962116
0.029425367244652764
0.028513818331718628
0.028457442204232155
0.028451756458607685
0.029130162026729176
0.028505973442673284
0.02796174372473008
0.027931120302597
0.028758290837145394
0.028460205719489505
0.028516990485892044
0.028363319321438207
0.028435248233817607
0.028104649510915385
0.027465873942025012
0.026884623060117237
0.027130060110561065
0.027651550071000314
0.02775199184447153
0.026525099833057408
0.026857348901683894
0.027248836945474208
0.027263895202075502
0.026900182558431063
0.0272539800197996
0.027068524722410014
0.026876105143335983
0.02638015580002389
0.026595868410327145
0.02620090763948677
0.025550693633437344
0.026614194755668827
0.025408061789518432
0.025615043522161127
0.02607284468341106
0.026341198657870185
0.025086385557694685
0.026075544178260628
0.025555846873141004
0.025159200476140314
0.024760253686103597
0.025743413881056703
0.024710734349192243
0.025582215703833046
0.02475478227325163
0.025375313086000453
0.02544083190194389
0.024219713200383255
0.024393162696696048
0.024741277159938863
0.024051266476661018
0.025222770454295954
0.023733844269065333
0.02358602747518286
0.024685910282924592
0.023390742159421676
0.023599147477466643
0.02332833431572908
0.02453612641571244
0.023244763946415503
0.023208441543379667
0.02350620152233856
0.02280168373616066
0.023138869873224645
0.024089023235066356
0.023272319832137858
0.02362409320127134
0.023761761030334897
0.022773828064066283
0.022499885024316338
0.022518553799725484
0.023052182594529038
0.022851820006848177
0.02316922090551154
0.022084357143101904
0.02271272835792923
0.02220055861560387
0.02272451413524863
0.02259284593431281
0.0226041020412711
0.021221873603339825
0.022200529143527215
0.02159130015947142
0.022316686015149925
0.02182769007381695
0.02139366279978459
0.02112191114158795
0.020654390327583254
0.021974207869281125
0.02100207615326937
0.020801425004848204
0.02049015216572139
0.021485444530675957
0.021094849057838736
0.02044629006100634
0.02093141236441699
0.020326496602188947
0.02029271975886774
0.020120085362720454
0.020712783454825818
0.019850643001709085
0.019820624215326113
0.01978486987288321
0.01951939073687949
0.020345304116744258
0.020328436930365297
0.02046163963296893
0.020251843155794248
0.018874039965417387
0.018879546391122416
0.019284781991731472
0.019000313657314125
0.01971991145805123
0.018903181534296896
0.019698154564993443
0.0186163531379082
0.019507474301976125
0.019525774587151122
0.01851963114187771
0.01846726591381104
0.018259190659258098
0.01846227586104048
0.018636655043884957
0.018613152571045847
0.018843450092681017
0.01749655674388306
0.018400238720881822
0.018757700675544584
0.01730637314474523
0.017294195961113826
0.018325304053787104
0.01840313831291495
0.018148895891072086
0.01793989578311809
0.01697964511054313
0.01678127276099686
0.017356472881592082
0.01656493776413622
0.01665692093334719
0.01638252978957958
0.01751952259822966
0.017538811079378023
0.01631489936191054
0.01698257113302124
0.01718787112991518
0.016375188710180927
0.015845909574828017
0.01639570372573132
0.015846055667812105
0.016531199662589813
0.015903504927894045
0.01682579941990429
0.01589402127232544
0.01635602361146393
0.016257521648285766
0.016213252001256048
0.01599990731543682
0.015040721162751878
0.015139702994192566
0.015988900247950903
0.01608810773556965
0.015623015513470676
0.01566391232796855
0.014979625613712943
0.0157372568609459
0.015773333316285436
0.014246404742430335
0.015435991088620232
0.01548801142385955
0.015426763588074198
0.015223190936479107
0.014331725308116395
0.014743503945738238
0.01486854017375921
0.014313364934428485
0.014190736677812841
0.01454097976506884
0.013819823236606825
0.014793228113607549
0.013357500421505379
0.013720309166984348
0.014492650499936855
0.014226628353448545
0.013934568318137028
0.013613242572911077
0.013842826970989581
0.013662727433024938
0.01409846168868768
0.013670702055023553
0.013359670390339017
0.013677742485782886
0.01364121230656743
0.013477525767591264
0.013309021892765694
0.013100150615283364
0.01301859941114742
0.012185410802311468
0.012073967044426278
0.01338222095501933
0.012231526084795472
0.01267842961434926
0.012734136494956737
0.012007249315256456
0.012125838936711741
0.012509900322632727
0.012038914346243117
0.012170899200865936
0.012641609216837891
0.012679854498639452
0.011269932598217323
0.01247988660114618
0.012028982739851821
0.011392383307486537
0.011020284374710239
0.01239416707904846
0.012051866871755303
0.01176481840155884
0.01098041610271548
0.011129911058653583
0.011250129707715315
0.012027912493352692
0.010898281776379333
0.010833947052415764
0.011016324264271442
0.010973085232916102
0.011356652806637673
0.010885527216341735
0.011298416739446952
0.011264911866226553
0.01121340474883039
0.011196784339963205
0.011196675320722837
0.01100613622557679
0.010723667348213868
0.010319850520841223
0.010608471966646762
0.00959427229097094
0.010335064657635062
0.010704227838827483
0.010162059500490431
0.010784684747389296
0.009875488980630287
0.009390365077041286
0.009411569968105412
0.009965460599491691
0.009652299425811958
0.009216983172243107
0.009074474594835782
0.00938839019975164
0.01009006568442871
0.010108392583408225
0.009028471253034454
0.009716027626439482
0.009221938565737456
0.009319074267167092
0.008564665341429394
0.009962059013297307
0.009064485012776432
0.009260626669865749
0.00933579871191
0.008664276401708273
0.008419398650063506
0.009371990140755609
0.008408004279185763
0.009223257503103684
0.009161920195142637
0.00935096892066178
0.00877737033200138
0.00922045212814801
0.007825608306516865
0.008314335833757
0.008018454869427477
0.008409417638753618
0.008110013461107778
0.00854893928881515
0.008010257710335577
0.00838863666437638
0.008272221247374112
0.0073584892170674866
0.008098396495402229
0.007666921346226611
0.00799411680697835
0.008314246547173814
0.008565532342311475
0.0083091885734872
0.008051565796926617
0.007471890367052222
0.008061198036730772
0.008139042352467775
0.00721764892432855
0.007047004265981289
0.007677438654533085
0.007451986531388978
0.007145142379726875
0.007276641716123418
0.0066596919822897735
0.007909714955585732
0.007624114590535181
0.00776756963279377
0.007776794090266858
0.007223071285781986
0.006316492076960123
0.007556866240511825
0.006550703823658129
0.007279062377912525
0.0062074487853940865
0.007453956818004182
0.00653112940482038
0.0070894815981408935
0.006035739116582953
0.007133033188035522
0.0059547231051945435
0.006093620330652408
0.006519992953352086
0.00631882523919946
0.005787027621852531
0.006801073870585914
0.006022116820122155
0.006758518434233742
0.006666399292550161
0.006560418066321477
0.006083833964321268
0.005482481385892019
0.005527326984241682
0.005875222920752643
0.005503176361466762
0.006021001222103703
0.0057095495636342464
0.00665308337891795
0.005561913296212122
0.005932666843700745
0.006158788594569248
0.005727795936719154
0.005522022547316417
0.005583767421238876
0.006295145672907334
0.00597006567643117
0.005777779246254
0.0054644577284739945
0.006237009163850649
0.004916650844848478
0.004752697026991263
0.005371711171473111
0.0060878654973482195
0.005994750080202019
0.005560762620319513
0.005507969242395637
0.004716060694944642
0.005733103726010132
0.005163808044371426
0.0048796143950886155
0.005437050794089399
0.005674983365150803
0.005205459913866196
0.004486746266373406
0.005127324177330112
0.00547836150450734
0.005517093353549508
0.005123665301143432
0.004909846787242978
0.005083392925441069
0.00460310048137815
0.005134490083499198
0.004566516750771313
0.004904170719065373
0.004703490391528006
0.004681910735743879
0.004605129618039612
0.005330766193726903
0.0038516644882801627
0.00503986443452371
0.00446943924455685
0.004469396332253377
0.00459369130981531
0.004802800371495412
0.004097632182093351
0.00441667893184806
0.0039627633785689525
0.0042795113815207834
0.0036502755031328007
0.004672521399243904
0.004772146068026454
0.004365598324445842
0.003686333133581378
0.0034353395331281145
0.004791947602102129
0.0038471029964833223
0.003481250397889535
0.0037260429226346663
0.004696233212629227
0.004479663527279351
0.0037921742800771487
0.00349707185256661
0.004476123058862945
0.004651496048937462
0.0035103964215803998
0.0040302089299733765
0.0035229875782093315
0.003403345159215183
0.004330515454662288
0.0038979929613729668
0.0033002628842520895
0.0038543844311439827
0.004260465767796513
0.0039091325277383114
0.004017988130622893
0.004054029115350864
0.003549747466309037
0.004064360249323826
0.003804482169580926
0.0035234666612901913
0.0038220455985256306
0.003610582884597598
0.0031949611189001333
0.003634456652908342
0.003764524366048789
0.0035343226911053517
0.003468904384438565
0.0029690077490817815
0.0027314811053956805
0.0036632650741942343
0.0034121797209541367
0.0033843964235197974
0.0035141855336001037
0.0036453450500040113
0.00278894043372817
0.003394535346349509
0.0037773200301130343
0.0036206211078670205
0.0026822968470366876
0.0026624585738470362
0.0033852989497594006
