-0.00223158289721482
-0.0010234597301127634
-0.0016821069529614904
-0.0016215995300152975
-0.001470786041586754
-0.0013324141469214152
-0.0011425271324698731
-0.002462282957871053
-0.00219077634407261
-0.002124827227131395
-0.0021125075404208643
-0.0022692497482130853
-0.0016719270155089502
-0.0021425166412128585
-0.0011101724284565283
-0.0013725611131078625
-0.0020723437222446507
-0.0023783870225138086
-0.0023128812520585348
-0.0016466122808219438
-0.0018369664068647177
-0.0021646473066402275
-0.0024283716839078972
-0.0019818100385714495
-0.002003026179681282
-0.0026004338497095303
-0.0026167763148008225
-0.0019949004911964403
-0.002589803749514261
-0.0019488482706867135
-0.0028823121299493474
-0.0015013680567223112
-0.0018672617227617338
-0.0017967524283957824
-0.0018062267194629603
-0.001613506239108877
-0.002883941233043808
-0.0024516190701278366
-0.0030837731397853137
-0.002828864140173073
-0.002071816843533529
-0.0032295838261366516
-0.0024733760752039184
-0.0020302494912765074
-0.002083037459583506
-0.003241562696010845
-0.0027805695070408066
-0.0031489118902078357
-0.0029859852155662537
-0.002935636810773442
-0.003199903652430884
-0.003215507037124667
-0.0027432454770186664
-0.0029963719004859916
-0.0021427805344487595
-0.002848231411593283
-0.002404429665457371
-0.002804794423884027
-0.003614439987773116
-0.002646353831384788
-0.003756040975934018
-0.002311481106954291
-0.003289032321146094
-0.0026492581856045576
-0.0037754801881191347
-0.0028646922092325656
-0.0030493405451464087
-0.002569774496778392
-0.003237962519692903
-0.003929582891142992
-0.0034979965406227473
-0.003958294229122824
-0.0039302625345161496
-0.0037736069723469674
-0.002938353001877222
-0.003498410895663797
-0.002855674155379603
-0.0031289991419501968
-0.004021476071977386
-0.003060484838424065
-0.004006355409505272
-0.0036136546556807076
-0.003563363429174283
-0.0031796371500780797
-0.003600375446436959
-0.0044972000527383664
-0.003519812635162453
-0.004585495315728789
-0.004593592768533974
-0.003660603167110425
-0.0033222646717601203
-0.0036089444644901137
-0.004228219228584017
-0.004795710501771595
-0.004841220813397886
-0.004757180301336948
-0.004234958297972986
-0.0046057337060694155
-0.004631842470308371
-0.0043782413467672926
-0.004324065063276434
-0.00369924916550869
-0.004055674182449616
-0.003926010579841134
-0.004706670985701098
-0.005071723705632365
-0.004389237135811367
-0.004078663419220813
-0.005078307297812764
-0.005163768450365254
-0.004253452451797498
-0.004130514016399367
-0.004443945966596757
-0.0046437745132567
-0.004868334190431899
-0.004426694396321825
-0.00546979899696061
-0.005531809254605765
-0.004444808738259795
-0.005734281450400959
-0.005628067191393233
-0.0049476773703872315
-0.005784319411514556
-0.005018548517399725
-0.005363819978313965
-0.006006394881106808
-0.004699862975507406
-0.005016560720872793
-0.00610525393994993
-0.005256418390560945
-0.005341390748188225
-0.005722303218622162
-0.004978958969792133
-0.005614157859763923
-0.005731138970671156
-0.006129896375096545
-0.0054024672931624485
-0.006389362882050151
-0.005946731385474965
-0.0057284283869532375
-0.005371429776394587
-0.005323519331623942
-0.006740186489371427
-0.0059502606314740395
-0.006262805985669884
-0.006635461735103485
-0.006809363420100861
-0.006178823778574992
-0.007070720185587795
-0.006952049453846589
-0.005924256320125356
-0.005874856104267341
-0.006995033627479555
-0.007283146187434294
-0.006421376131451
-0.006723749794875538
-0.007318111679925555
-0.006822769966380844
-0.006939806816018173
-0.006645662868744969
-0.0070876947401718095
-0.0069708373578066226
-0.007372479570785586
-0.006418331293148366
-0.007771667072120756
-0.007088289800485267
-0.00686025208944047
-0.0073530138237510746
-0.007017018103711601
-0.00747490884558702
-0.007794835934198849
-0.008002877934730613
-0.007270839187295527
-0.007181754385768976
-0.0073766489320695365
-0.007533766702926908
-0.008499009389983386
-0.00796965068759759
-0.007508433554342918
-0.007290947217318592
-0.007877786571833847
-0.00867633820984802
-0.008617062581729219
-0.008351020526820687
-0.008791196623596842
-0.00873542543262977
-0.008273361987130698
-0.008591441065849926
-0.008231049340949004
-0.007893039739436444
-0.008342609866916813
-0.007873260497525592
-0.009297233171833664
-0.00920980226646303
-0.008982651408021495
-0.008348289154975872
-0.009449031227728348
-0.009439401816153246
-0.00939650106696637
-0.009109562223327235
-0.008668010172212746
-0.008858440365977377
-0.00862339881640153
-0.008820945594526867
-0.010130812275121156
-0.010018167453149077
-0.008929187649296285
-0.009936107788133877
-0.010181029655872182
-0.009058350606790819
-0.010442513962962795
-0.00939763794181629
-0.009429740474807723
-0.00954597131542259
-0.01037446054665411
-0.010000954521282409
-0.009464002977757818
-0.009526809743246139
-0.010613026448845313
-0.010901000787476954
-0.010486961622099967
-0.01055075568310398
-0.010015151278487087
-0.010157239934635635
-0.010886773883081775
-0.011147463287089193
-0.010386761736385449
-0.011261756727895113
-0.01017943953921045
-0.011605180527805499
-0.011447958522956662
-0.010877846024782827
-0.011510455781789728
-0.010628723212098672
-0.012063008595970913
-0.011041161838998035
-0.010699151368894273
-0.012182766023881743
-0.011584801882767153
-0.011596659793883026
-0.011580565365574905
-0.011442801078203132
-0.011259246565388395
-0.012012848559788366
-0.012743287903199264
-0.011550841140165276
-0.011572174372999115
-0.011967710046723746
-0.012835478694955728
-0.011944841628400385
-0.012485446268757115
-0.013064156248995894
-0.013040743857338647
-0.012700133917153092
-0.01214644550200095
-0.013128348005082002
-0.012214285420052316
-0.013002837622087348
-0.013470086501065822
-0.01292488807298959
-0.012972664772835698
-0.013132601419260035
-0.013996620967246728
-0.013731723810436176
-0.013893275033679037
-0.012931543537917705
-0.014060385187790576
-0.013076275734386083
-0.013127563753944898
-0.014064841626547366
-0.013364022354427197
-0.014577755324039241
-0.013311409182144998
-0.013922327730993138
-0.013556919907643983
-0.014580309719756254
-0.014638051289853325
-0.014767109052547037
-0.013979972155444904
-0.014316745788718268
-0.015275801868581788
-0.014428994603177592
-0.015522995157176523
-0.015355122025867843
-0.014885746211853896
-0.015383545636108553
-0.015567494135414134
-0.015854860894744686
-0.015510810580943179
-0.015126458058872905
-0.015366726486685776
-0.01617194463840487
-0.015461249078879549
-0.01602747251236611
-0.015321145328031003
-0.015069560596885058
-0.016099408313524518
-0.015246141817616807
-0.015494338741295225
-0.015797709438809364
-0.016641154625790258
-0.015569388757096677
-0.01681329692108554
-0.015717330624566997
-0.01635853308837987
-0.016042389972665872
-0.01644950064171839
-0.016947933798403553
-0.01663674913396093
-0.016590315471092115
-0.01773476921036347
-0.016682595457762874
-0.016659116546974863
-0.01652271927507522
-0.017739586000805312
-0.01757604193805928
-0.01767364337961138
-0.017912612922425252
-0.01811199139310792
-0.018102621501551605
-0.017396976587595977
-0.018388523195363594
-0.017918666422847417
-0.018405921338117505
-0.01890918635824186
-0.018727744968884335
-0.017603512724962373
-0.01831607701644576
-0.01810945414707255
-0.018573182448745992
-0.019303164763695684
-0.018025115600898808
-0.019322637975096327
-0.018983200628519294
-0.019459157303070802
-0.019815914703645385
-0.019339352572310703
-0.018667717741148483
-0.018953226535655565
-0.02019605418627647
-0.019583831876734025
-0.019855466502582342
-0.01900229292884411
-0.019671975312794784
-0.020088582069767193
-0.019284881113294117
-0.0203433871239222
-0.02044913992659069
-0.0196556503456074
-0.020525523574861298
-0.019991996256802473
-0.019859040518917806
-0.021172768215586817
-0.019934941886258578
-0.021171666260564975
-0.02019805991316328
-0.020314097986252364
-0.021273129895686492
-0.021407163036646238
-0.020787216829475333
-0.021092236825878064
-0.021663142074040284
-0.021008758413624252
-0.02140222155743844
-0.021256252568581983
-0.02242515925222539
-0.022152187315204266
-0.0226259323707336
-0.022358580912091926
-0.02176067189529462
-0.022642951646841544
-0.022311564467257784
-0.023034328415244623
-0.023049052483568495
-0.021772512059461752
-0.022486989089021477
-0.022731654599963118
-0.022168896109502012
-0.0235003529521778
-0.023320090142374503
-0.022556735833774363
-0.023107772646688042
-0.02370280244198173
-0.022923751575579958
-0.023009474693295427
-0.02355660950262454
-0.024009320204563138
-0.02321243097410618
-0.023244223751851333
-0.024129912413063316
-0.02404604522428469
-0.02325224195942859
-0.02435107761243278
-0.023816115517205118
-0.02402528253428042
-0.024420787011032053
-0.02466070860121742
-0.025180699085769327
-0.02485140087673985
-0.024747535361444806
-0.02478235485631335
-0.02520329029332201
-0.024485420025616197
-0.024307966978564396
-0.02568800885102273
-0.024646969793879737
-0.02486005095471395
-0.02482849321078758
-0.02534890917111047
-0.025282524381890586
-0.025729308998955907
-0.025154031098428273
-0.025561458127577933
-0.025349880426674604
-0.025658226898215883
-0.026634985767457386
-0.026552130229016903
-0.025991132084531538
-0.025952029838617052
-0.026471651952092893
-0.026980697452173748
-0.026913668814436496
-0.026765561054180757
-0.027429458144361932
-0.02661188577063359
-0.02644256871551794
-0.027361705227925477
-0.02692535424734131
-0.027083910701555042
-0.027567286613666857
-0.027226558678530948
-0.02787406510968177
-0.027163191838190926
-0.02823299943191373
-0.02807440890476172
-0.02719358512923098
-0.028529576490510435
-0.027202087917905855
-0.027672702554524434
-0.027553477188809915
-0.028169008234380392
-0.028874906744848525
-0.028667931328985333
-0.02775764507671197
-0.028743513832703103
-0.028708728223470564
-0.02827668690820992
-0.028161685611686214
-0.02833171211849666
-0.028527406092451045
-0.02926667335732735
-0.028237313433366343
-0.02972253704339273
-0.028541133662510487
-0.029136150623943414
-0.029831869624976998
-0.02904186442365417
-0.028879013023772715
-0.028976014857515754
-0.028995486380187552
-0.028976201884197722
-0.029968948956132353
-0.02950440790802144
-0.02963008777995732
-0.030326337724287826
-0.030372323260102276
-0.02954605458077527
-0.029471617522657596
-0.029660128524443507
-0.03023803844010121
-0.030091782929009086
-0.03042810946385144
-0.030276499314630164
-0.030396829705581538
-0.031366648601133175
-0.03015685822132093
-0.03140125241086514
-0.031256293304623664
-0.03157057103096166
-0.030839652710111146
-0.030495555459369317
-0.031270221334481284
-0.03199876538740379
-0.031227149096168874
-0.03216031866370359
-0.031234441622864463
-0.03149659731016571
-0.03119859237073509
-0.03170337551613749
-0.031120784717132505
-0.03165875227219983
-0.03153840307193811
-0.03182614964176618
-0.03270116645056879
-0.03144420410010623
-0.03143425922711417
-0.03238145804959559
-0.032694397826610586
-0.03181212711668598
-0.03225237782996813
-0.03317289235000308
-0.033090301772255776
-0.03312792152224819
-0.033208911946450544
-0.03248510884723914
-0.03281085779161675
-0.03255204485444952
-0.032413733531155065
-0.03255842640618595
-0.032479052017549886
-0.033290690768058705
-0.033670251959990835
-0.03366028045785538
-0.03373595136272278
-0.03354608960753428
-0.03381418889188069
-0.03340033566372564
-0.03313730365640407
-0.03354915708544487
-0.03287128538957857
-0.03382423563966053
-0.03303382442356737
-0.03388314623529109
-0.03440800367028576
-0.034385290441497234
-0.03334310423074972
-0.03423917834981503
-0.033746790542547755
-0.034270471474906694
-0.03462298611817648
-0.03482173413283511
-0.03401640850674937
-0.034821251382507815
-0.034512387678849385
-0.0342729954677651
-0.034162440091275184
-0.03437250652092759
-0.03375580710844475
-0.03438146019567534
-0.03500024486857452
-0.03453201915944867
-0.034204383894189
-0.03414907641062923
-0.03463491920078795
-0.03433035681861475
-0.03434257060116692
-0.03538979943190969
-0.035112988494618344
-0.0350478897583647
-0.0343499164247568
-0.03563439524941135
-0.03421733269415039
-0.03559962975903449
-0.03569766177309078
-0.03443673211712774
-0.03582814650453548
-0.035091706971180255
-0.03519623165905307
-0.03479325231729341
-0.03456136895366735
-0.034801738142624154
-0.03517303372163998
-0.034869003730636436
-0.035387515083992765
-0.03605900268319989
-0.03536280768833064
-0.03564921489142035
-0.03516519672786375
-0.03482390597572803
-0.03574965692247339
-0.03597400528055238
-0.03543614367021969
-0.03503678211219449
-0.035560418547901006
-0.03520098358141056
-0.03547932294710242
-0.03494374758484499
-0.03583523026197579
-0.036094636564337736
-0.03568750267532187
-0.03631280890860531
-0.036169128329169485
-0.036393477125801224
-0.03624816189271967
-0.0358206259598874
-0.03528874698672576
-0.03524688287745299
-0.03635568338384023
-0.03562043867354663
-0.03513295224999903
-0.03596089370581526
-0.03598529492618869
-0.0365939064120635
-0.03554379029020057
-0.03538871957192204
-0.03623782085408148
-0.03561050880639081
-0.03622267195764208
-0.03565181740222685
-0.03634784851024503
-0.03608424956536188
-0.035424779197726845
-0.03566744076745507
-0.035832847830464636
-0.03591903685257419
-0.03535146517198851
-0.03544564277802846
-0.03526326279588496
-0.03583474617195291
-0.03535317070060404
-0.035224814059596994
-0.03635938888197728
-0.03622049842210955
-0.03529188762703217
-0.03654279525400268
-0.03548724005186783
-0.03564482312548849
-0.035545300046453995
-0.03536839146836582
-0.03628277442202894
-0.03568798452170496
-0.035397785409152165
-0.035856969694334224
-0.03528593743552234
-0.03565569940253435
-0.03530326603895842
-0.03618902897691606
-0.03546535474327351
-0.03593549592792513
-0.03497181704392241
-0.035339898324971405
-0.036289478367465426
-0.03563218997748639
-0.03515633454693239
-0.03606646565351582
-0.03494309177913074
-0.03620178086140108
-0.0351987584540714
-0.03528191173001026
-0.03483884441980842
-0.036026321497145714
-0.03469676515959462
-0.03596748751365751
-0.03523307957190941
-0.035418032430325375
-0.03491956942893378
-0.035856706820425764
-0.03482012098267949
-0.03564524057715116
-0.03493575894538778
-0.03518204572189069
-0.03502859415699067
-0.03533188587541024
-0.03562640855226299
-0.034854507202942336
-0.03466548742870855
-0.03513688044452414
-0.03515881629281042
-0.03419807139785265
-0.03523482767557749
-0.035225456844636335
-0.03471608475181856
-0.033911588325507634
-0.03424888494426883
-0.03501959485424684
-0.03364004301057721
-0.034093942754425406
-0.033681392531898946
-0.033542779651594884
-0.03475115570909143
-0.03395547716363227
-0.03325882283910515
-0.034011849434038385
-0.033407442932437026
-0.03388805917041955
-0.033115716976004565
-0.03420615089233349
-0.0330065972486363
-0.034092124396295324
-0.03354849856147659
-0.03374346723337348
-0.033226687618620125
-0.0337505282030888
-0.03312851617972684
-0.03285841936101082
-0.0327875966345038
-0.03291694061738593
-0.032953800321922425
-0.032976097291543216
-0.03264643807111128
-0.03250258061801194
-0.03289900386111505
-0.03251319975763365
-0.03280352929255722
-0.032437782683798516
-0.033035163876988585
-0.03186590418468709
-0.03240481866686432
-0.031875807626228894
-0.031777275538689684
-0.0312372752844275
-0.03230448347871022
-0.03211178810846874
-0.03222832103440981
-0.0321416625060218
-0.03211902355453263
-0.031733076082871056
-0.03136493423146762
-0.031455492908532126
-0.031563978968663774
-0.03099683709995286
-0.03153629310785266
-0.03030006499905437
-0.03009388803710495
-0.030570242488600304
-0.03047896861765733
-0.03104915333818391
-0.030323755780645473
-0.030315942078156466
-0.030439967506909794
-0.03069612438061637
-0.029664433416300026
-0.03051992733125918
-0.02909361275159211
-0.030075439216232538
-0.029698084634976474
-0.029264409940322023
-0.029677895301328215
-0.029681400397422685
-0.029527352528444878
-0.029209319333645126
-0.029199507221050768
-0.029492232247360792
-0.028299070314544535
-0.029163939469502242
-0.028817705103699492
-0.02903784340677924
-0.027720110523702712
-0.02884359274379011
-0.027378062058201435
-0.027775261025462628
-0.027342517401767876
-0.027372260683413932
-0.026924598663232078
-0.02751901972150461
-0.02763443100372012
-0.027114413468851854
-0.02777091014723238
-0.0273170905270686
-0.027614848132589645
-0.027083533195627247
-0.026120305728501315
-0.02597929251239291
-0.026638779550634942
-0.025918053453608546
-0.02667023439004463
-0.025393458344076643
-0.02542669028837767
-0.02630316034995859
-0.026341639554275972
-0.025332810034182973
-0.02505956840098635
-0.02501938321998605
-0.024909909304990662
-0.024372432208945173
-0.024854735792869013
-0.024443732480456528
-0.023888542358418124
-0.024256325354418806
-0.023769274888940057
-0.024492579121891206
-0.024084868594525213
-0.023311685561779465
-0.02443314117162838
-0.02433149241320997
-0.02362407391265959
-0.022949286483546397
-0.023164079029246238
-0.023465989503017357
-0.023045374198841583
-0.023119736722184456
-0.023252809307271343
-0.022212963582395502
-0.021689932623806415
-0.022107101044592993
-0.021492306898678
-0.02118606658920113
-0.022008923951232596
-0.02087073082808765
-0.02190270046064723
-0.021934129110244383
-0.0203979501440588
-0.020237335350682305
-0.020333138221820913
-0.02025464032525002
-0.020834259104303986
-0.019590771558060698
-0.020059060603128842
-0.019947718920440057
-0.020206431369026254
-0.020363246998349998
-0.01930234975732625
-0.020130029454694515
-0.019869449424994055
-0.018996132846183882
-0.019322602929828486
-0.018529881450510245
-0.017969790697482262
-0.018418245451886715
-0.017887312205820155
-0.01819626255990788
-0.01761880106306083
-0.017459643859601595
-0.01786010473232951
-0.017034454280161707
-0.01666634591126895
-0.016433884679226286
-0.016744085408749654
-0.016984363240520325
-0.016154146017864003
-0.01681752298524393
-0.01656966001704024
-0.015858746013232464
-0.01615789310048054
-0.01584023628079177
-0.015371869456714635
-0.015944278191714834
-0.014529660117690942
-0.014725343160351824
-0.014418938615121925
-0.014633354536588691
-0.014743167318530757
-0.014980312608079424
-0.013738282725652131
-0.01394105547680575
-0.014285277057706386
-0.013843556684543899
-0.012837884405881867
-0.01355934919633165
-0.013038350582891578
-0.012993456337520417
-0.012496282819963763
-0.011803869761193202
-0.011679835671969908
-0.011493781806411212
-0.01147515512182892
-0.01182788036437882
-0.010992311998560258
-0.011383707786036333
-0.01071864706798383
-0.010679598656646609
-0.011402205249746031
-0.010112374338795896
-0.010455354876329988
-0.009836724927986738
-0.010443859014914625
-0.009994253656908992
-0.010532701594481426
-0.01000399195184794
-0.009233688172083851
-0.008899458402919058
-0.009051131064296846
-0.008178723926123939
-0.008930852465188672
-0.00805145815308238
-0.008997599502599133
-0.007814224839469457
-0.008412944502236341
-0.008469171506675713
-0.0076935498006222985
-0.007889768410395367
-0.007806700015863696
-0.006446578958596446
-0.006825670999115052
-0.006311428078948901
-0.005995156468239081
-0.006452850641673532
-0.006201180958807973
-0.005398586449521392
-0.006181828856998739
-0.005074320513237348
-0.005986342734651466
-0.0043887206641414
-0.004894535961434916
-0.004283254922718699
-0.004372889082128215
-0.0049750394448979645
-0.0034064168837982696
-0.003221555245364709
-0.004134366917169303
-0.004242542218818376
-0.004079561392934509
-0.0024954832571428085
-0.0022556158434683658
-0.0027193128258435743
-0.0025130497232236522
-0.0017007956640909291
-0.0023900391866057673
-0.001884924714972588
-0.0019595699404921095
-0.0015964079491802598
-0.0018462327959323478
-0.0007078965401397335
-0.0010724329225655943
-0.0012484674607792698
-0.0003804082192084966
-0.0004021937900965351
-0.0003572061663685049
-0.0004789291655778931
-0.00048645977333760756
0.0008083580707836906
-9.579907807288935e-05
0.0011252346481822992
0.0012753826606989804
0.0014454424665584077
0.0010333649948130114
0.001903922554181632
0.0014384964843018933
0.0022195635464601748
0.0025107809469205058
0.0019179351065155446
0.002076881229431884
0.002089864848334157
0.0031429730260792658
0.003280895005298325
0.0038857929203756046
0.002838408582342909
0.0034578394901753477
0.0036371427896678466
0.0033211977570474166
0.004581074260091864
0.0037764376281891805
0.004224261519228336
0.00448909498739731
0.004589214628749878
0.004834956096291581
0.005651454320929458
0.005670334902717299
0.006288897287969557
0.0064574606590647515
0.00672019003329845
0.006669189185655607
0.006195540415353561
0.006405692587773145
0.0066709477633780856
0.006661608064403628
0.007624728967769313
0.007488324214718059
0.008057944841546441
0.008519739314599279
0.007517129854493511
0.00812935677870961
0.008039373709852839
0.008398352615459107
0.009322879786795723
0.00973538830891238
0.009811068837058099
0.009915445424001615
0.008922492800768563
0.009805177482665942
0.010011712658773392
0.009668839919370233
0.010879179498864001
0.010910807613355122
0.011204317987759036
0.010568995748808875
0.011531651457584722
0.010893493828527407
0.010906559668474121
0.01194914226035594
0.012018551871087349
0.01210100074102093
0.012064768179496605
0.012346405007566919
0.012306215546129236
0.012256924169188263
0.012557475386116203
0.01387105753671629
0.013176431492905306
0.0138915101339723
0.013135959320061853
0.014370983365644031
0.014241808917006497
0.01415759708504517
0.01414530516716967
0.013974982490902572
0.014759790165089352
0.015286886321701991
0.01444286344277059
0.014577732080813002
0.015531835919932629
0.014902165353914441
0.015982362303855666
0.01671540383522591
0.01574877629205005
0.01643872569428099
0.016828985455164577
0.016141465029916858
0.01708402347689219
0.01677931223940689
0.01723253754677156
0.018117223332782064
0.01701733894345472
0.017306176885453335
0.017898027340845144
0.018596746263328173
0.0185044560389296
0.01874932882110865
0.019058577429009956
0.01930375650425317
0.018305730536763928
0.01869042543047008
0.01970006378087913
0.01908252826259682
0.019770004205003366
0.019369880561594378
0.02031237042860473
0.01948840239098737
0.02020481645130632
0.020408622029357382
0.021270477075976048
0.020908510214848103
0.02091968763790863
0.02174389933823632
0.020564625943250547
0.0206085249004368
0.02134726577565205
0.02130213415728157
0.021634457315759754
0.021926567889885933
0.021770873091323986
0.0216975483812409
0.021929175843670833
0.022398835278987728
0.023268181539113506
0.02231304444424887
0.022578057428176913
0.02265809268838563
0.02338855511971325
0.023808722475889915
0.02434189327198802
0.02380419101595666
0.02367647109740901
0.024269610769398556
0.0249092380489057
0.024026986566956874
0.02422382520423925
0.02530706667851132
0.024183185231135617
0.024336666129078463
0.02452534562480136
0.02582181505165289
0.026002829261793856
0.025417902636580385
0.025561301834358858
0.025642097982637054
0.025418041656102085
0.02603782498755338
0.026790066198488623
0.026933972903970507
0.02654566131244419
0.02686936739427237
0.02725928116866598
0.027469109513662746
0.026445805885793598
0.026577199305262048
0.02801034305327551
0.027138931490912843
0.027632951710820516
0.028008803570003078
0.028070431565234314
0.028619485945690918
0.027369077296364966
0.027586287741891178
0.02886058588142953
0.027668921894608758
0.028566549190505035
0.029331998200473632
0.029100291422862242
0.029511486198637867
0.02870905882479303
0.028701460556447383
0.029084331046983953
0.02955314000969121
0.029521625559756067
0.029956759882751465
0.030095182146345822
0.029506449824010326
0.030383157766716056
0.03023093206958127
0.029663388670411038
0.03002454526150654
0.030125399577492478
0.030111313904864587
0.030628364032040337
0.0300426083239423
0.030493115384620694
0.030335436345655158
0.03052666036682002
0.030825649473312115
0.0316720230191797
0.03200104099963008
0.030915598442176496
0.03133386266419815
0.031190215740235755
0.03200713407383464
0.0316722853785886
0.03184953311348949
0.032351951034490734
0.03136608592401462
0.032824150694044096
0.03299177481144362
0.03252288014168618
0.03288225711429156
0.03249640224103524
0.03283455292863969
0.03305529451352416
0.03268534068290625
0.03360165612119212
0.032905623084196554
0.03311788306602322
0.032817358082210854
0.032821538475423656
0.033023292523669825
0.033150861733554464
0.033280977593421954
0.033084225039492474
0.03341472568271753
0.03419076323891602
0.03444555994948101
0.03324839636003013
0.03382085962386711
0.034137100342547265
0.03463329369631402
0.03448612494304899
0.03449094550952766
0.034933200793851454
0.03501574819471685
0.034313723838877014
0.03502801161522266
0.03448841777456438
0.0345435922122088
0.035324650085808096
0.034537350657664126
0.03490979096513008
0.03565235771390718
0.03436257646445381
0.03494713100589947
0.03498245706579436
0.034762571724928144
0.03498115545332604
0.03494183438722641
0.03524568585783559
0.03507245257150305
0.03590815802953022
0.0361769850041066
0.03626547594629394
0.03637192010605692
0.03523431869598885
0.035625857872313094
0.03578288344686959
0.03598300861044906
0.0356038949901936
0.03629450780456529
0.036495788613165055
0.035670582219330366
0.03657419243731383
0.03651106908564198
0.0365581131704105
0.03662761863148641
0.03637982684124956
0.03619399741470581
0.036681994192315236
0.03631788818134682
0.03603322105399903
0.03633776297699791
0.03702064194436562
0.036657572183395624
0.03699838247245837
0.037271114241982505
0.03630260148385355
0.03645626575730638
0.03661697440194627
0.03685050988825069
0.03599445282789682
0.03658927202557095
0.037287648627129695
0.0363635338096069
0.036626694020935636
0.036724680052147074
0.03728409269965372
0.03676578099259399
0.036603471745662454
0.03682959677368266
0.036967868911771826
0.036830545608769694
0.036399934917542016
0.0370419041359186
0.0365794127042563
0.0368855008486384
0.03755626251408233
0.03745304576707334
0.03708554795025588
0.03764841590526346
0.036454927837824995
0.037053426615567805
0.037665751219596595
0.03689505477141937
0.03667369597608311
0.03716392283787033
0.03763189887298263
0.037908704277788176
0.03712708707231578
0.0367547116360245
0.03763051853507412
0.037241329731244784
0.036837304336994864
0.036575987406471555
0.03742244448765329
0.03682831708553991
0.037377359927791454
0.037315408042301
0.03673624019981648
0.03792376810385716
0.03759192856700833
0.03708318304919512
0.03771029286674454
0.03738500022906585
0.03697826467338258
0.03746954673481643
0.03683523424883665
0.03779702711804349
0.03792489243564424
0.03729128337002032
0.037492069675338455
0.03756230965259208
0.0372408684558251
0.0374428629353011
0.03652611986374995
0.03675753962348265
0.036421403485464764
0.03706035933947938
0.03683193990544261
0.03741679221065791
0.03636503278855762
0.037096357417221996
0.03719415481219297
0.037697498723127144
0.03767255138915319
0.03692163663952565
0.03630621637573032
0.03749360989509134
0.03676034778288932
0.03654463591477668
0.03749455896306122
0.0371677056603624
0.036415525391045984
0.03757814130902209
0.03748593289054897
0.036603677078426176
0.03745920419443636
0.03696816961292574
0.03639945732018964
0.037281088119349534
0.037299224429101656
0.03690343499800407
0.03653323926675731
0.036905252873362056
0.03616321026328851
0.0363960390631753
0.03720024786339008
0.03604460339146021
0.036771988266505976
0.036681319993887344
0.0361065274537776
0.036969878929209575
0.035547928133890135
0.036466027355664274
0.035454300237753825
0.03609719574741275
0.03560013223880939
0.03631726814572865
0.03651405718933551
0.035499637415775526
0.03581508353850858
0.0363662753239303
0.036283915631069086
0.0362746784920358
0.03576955369148405
0.03622051940726938
0.03497020386305432
0.03536659042981041
0.035771575102810836
0.03549689140888718
0.034958561784110796
0.03573201447035597
0.035512966230984745
0.034634811139960524
0.03553357731818822
0.035800065387956506
0.03465221567992089
0.03521852537029202
0.03471718217985898
0.03567741253952845
0.03467465085368368
0.03548855685968907
0.03411225925639764
0.03526212283463222
0.034024087049303174
0.03477116553642401
0.03464972210161135
0.034678490566673076
0.03521353823784733
0.03393881112857733
0.03500392338620967
0.03494899344861008
0.03371621719086801
0.033864234595042814
0.03469747077816162
0.03457561351833443
0.03431252971724378
0.03456772022235383
0.03390922211625832
0.03439114308482896
0.03328997856698803
0.033311869338425754
0.03301942915732195
0.033755539651304664
0.03306854330052601
0.03396036229183606
0.03358740485133332
0.0337880587169432
0.03321280940717268
0.033264534063464475
0.03320655625899264
0.03305186482610272
0.03338926271505191
0.032494938740438205
0.03357231121606552
0.03243817481387383
0.03266848864229228
0.033183732435170504
0.03236550706454397
0.033275966000732064
0.032767260277781
0.03191169424291628
0.032598426705151125
0.032666407563957826
0.03240433724434974
0.032031158882648715
0.03188596767057128
0.03262304353897834
0.03221360541809964
0.03222406562227405
0.03211835961211688
0.03243400020054201
0.030987528571172537
0.03140377482368069
0.031241466666023374
0.030866634570132105
0.032060027427421804
0.03164170463175712
0.031866796357836215
0.031671518499076456
0.031000518346580377
0.03110488170177874
0.030842334083292105
0.031394075515339535
0.0301935564570127
0.03034985564242397
0.030971799052919316
0.03075973898277124
0.030360675799617147
0.029595713836724095
0.030426896389616178
0.030516469984185904
0.030029044255165435
0.029540346057449544
0.030105285423753056
0.029940983711841722
0.0293399418564327
0.03009093092106843
0.028955717070519308
0.02922954018473753
0.029173335556433175
0.029869633677998934
0.029331076723752084
0.029764449139555196
0.02865248954741329
0.028588044304750006
0.02921675690024503
0.02836764022604243
0.02862406756241534
0.028365207602544563
0.028248375930610917
0.028107532052604006
0.028302982681078163
0.029005471392101998
0.02815405937780371
0.028556347996398307
0.02744646843435496
0.027678028634744473
0.028435134429212302
0.0274555570374009
0.02706788136277978
0.026982435657928686
0.02757857505330972
0.02795156026961387
0.027692832789679527
0.027394084464426215
0.027419616447642917
0.027202477414526433
0.026546589867745253
0.027495933398854675
0.026260949085866063
0.026941388029453152
0.026306484886846265
0.02692789682837259
0.027162322912787473
0.02606640816480462
0.026933352153768908
0.02614472978885483
0.026711796034394712
0.025869874613073485
0.02556108007072017
0.02623422403847054
0.02631264420451122
0.025669743949413355
0.02631395362676966
0.025759956935735774
0.02619744862984596
0.02521782955288357
0.02575741093776863
0.024845305003048775
0.025105591793057234
0.02481121593277218
0.025340017839961426
0.024673977126135137
0.02538679827124145
0.02410899916246243
0.02546379149708179
0.024457584975474317
0.024473955640991127
0.025157351319024548
0.024000237412936037
0.024033189635098068
0.024850759864986683
0.02338265005599107
0.024158630595073307
0.02341230799982747
0.02378549930086917
0.023706237327435816
0.023280551080492807
0.02317516201647332
0.023081648876894727
0.023247462791011225
0.02393571718459106
0.022579010806392064
0.022433169314585135
0.022406752360885584
0.022568465444939928
0.022485002919988856
0.023397859057141136
0.023309173045912353
0.02292359297912937
0.022991219466326214
0.022928590914850284
0.022886137056130882
0.02168381322916947
0.021737806903224535
0.021957007227015716
0.021988565015445025
0.022561925086564544
0.022410395244377303
0.021303526044357396
0.021960672219133708
0.02226953290117691
0.022195199990780037
0.021665354181782812
0.021604498735534973
0.020898201791491416
0.020920323919230273
0.020476933401377004
0.02102318260938505
0.020962407049734077
0.0209920547850256
0.0208957419061453
0.021427671053214907
0.01995685882998959
0.020047176146712777
0.020654054267549782
0.020494746384929357
0.01952413020407257
0.020860496465347544
0.02037755990049886
0.01947819419683566
0.019817051040378515
0.020133422310403697
0.01972939419613544
0.019807554506194217
0.019575680743614387
0.01999338761193051
0.01917385513552654
0.019424783784444007
0.019796375709694756
0.01959526969872703
0.018462532949786392
0.018684658787700453
0.018324631527790448
0.0183698412139336
0.019458200901218883
0.018714537816661332
0.01933195598271637
0.01795855551945514
0.018323667704795
0.018500781847034548
0.018816384113565447
0.01876235611727722
0.017964383996469716
0.01771956150218816
0.01829197744161856
0.017855095696572378
0.017550688349633022
0.018286914121052527
0.01758568948941395
0.017510038425871583
0.017231747127959263
0.017008825522887155
0.016574700019229897
0.017405596002985704
0.0165233592983295
0.016631404763297563
0.016233374603007406
0.016446508168666364
0.016808074663151342
0.01733826529807392
0.01674596455592624
0.01585229150116621
0.016090713476262238
0.015755061937645108
0.015763926175383292
0.0169408764661552
0.016170311350313642
0.016105660389766234
0.01673063519839892
0.016482394783493177
0.016496616973613678
0.016031551779643542
0.015236623171262276
0.01588689864860495
0.015643235251060397
0.015526678768241906
0.015839517786393212
0.0148726296757999
0.016032863394343823
0.014884428860487265
0.01530882205030777
0.014793897611733192
0.015443144190604023
0.015407312729515937
0.014411330618778504
0.015300419145671295
0.015255579213915432
0.014562712772632661
0.014991084930677143
0.014863392619279894
0.013961575399803921
0.014188541554516257
0.013752920349623094
0.013952076911815098
0.01366378617293347
0.01477736780375925
0.013964681247326005
0.013649174939976248
0.014058677454362721
0.013195764534964155
0.013811584893568518
0.013022636893222415
0.014231464459307473
0.013186244071434736
0.012836467190657029
0.01371235477562979
0.013463741383687057
0.01393309949393662
0.013006597657345903
0.01340902930592357
0.013028642814554804
0.012977879641145735
0.012511826783552974
0.01246270138084198
0.012133698621326867
0.012468197131598557
0.012823901189196744
0.013145721487025122
0.012806608764025847
0.012049822322837599
0.01257070680364954
0.012085366070956758
0.012193876304841166
0.01201098556446038
0.012122591787295555
0.011524782117942566
0.012611710458464275
0.012263505063067807
0.011114388144949161
0.01243248088766919
0.010943068785681272
0.011688072140065307
0.01091613874506172
0.011891531296767965
0.010953673691248727
0.01089835206865478
0.011426687221461927
0.010864817327864212
0.011759236480484546
0.010844884169893262
0.0111594092993499
0.011355379916869182
0.011538014005365617
0.010987532858286091
0.010271739296028919
0.010898739665947418
0.009975654365026392
0.010829331778469216
0.01083727669679696
0.011097910009108576
0.011197524476556978
0.010767365173239896
0.010059923191474626
0.010305240638916026
0.009947761782541824
0.00952911446704601
0.00970159988369538
0.009719981217713565
0.010643697483930613
0.010091740702237645
0.010600226610293086
0.010549902054398498
0.009785885435902772
0.009769117708342588
0.009464428738827675
0.010246291770165674
0.009884482501400215
0.009034528314073578
0.00993028921040982
0.009600321072623812
0.010003176622375702
0.009008408785236743
0.008890058849619863
0.009456000200716767
0.008821979498977634
0.009063059651996793
0.008499836987821262
0.009407774451435803
0.008352387836998362
0.009575512317175931
0.009180017811095023
0.00932063628902683
0.008594600066678828
0.008894414268839239
0.008682797048022165
0.007859998209416939
0.00837572919836942
0.009017089763042902
0.009071854151862856
0.007650777639930215
0.008662938145405282
0.008547164425454735
0.007775845013069884
0.008423139579213841
0.007730128080955335
0.008554489123765828
0.008029678903753062
0.008050367853814465
0.007475388199912242
0.007633261611207926
0.007258587829225311
0.007518486293385494
0.007151115955888532
0.007981960529217146
0.007316149788250547
0.0070426573627130175
0.006969097141312039
0.007077793703282556
0.007519694484915673
0.008142978801309519
0.006714781179216522
0.0071866419501106235
0.007995278019654809
0.0065160651431412035
0.006528835052955412
0.006862093120914717
0.006471974765030359
0.007604853794081727
0.006446515829455663
0.00750411681022772
0.0066047022090306535
0.006578308638968674
0.006550789263993374
0.0068713588862023365
0.006319789301162469
0.006041297745705754
0.007386297670989394
0.005899067229262812
0.006306036732221177
0.006587533156406105
0.006352648515839532
0.0066957834296666385
0.006451453088610636
0.006588597129698958
0.005812295390934318
0.0063258773797738675
0.005553565767943059
0.006608315240796445
0.005713506548125486
0.006108727000989909
0.006369961023073627
0.006271875632196968
0.006331207872518524
0.006167660138260934
0.0059617804058270125
0.005670945890300369
0.006610040431734269
0.005690897754838615
0.00550209548909304
0.006133456697964406
0.005081682827583128
0.0052346773251085365
0.006052950668292715
0.005060182971091843
0.004960798632863848
0.004933441356049088
0.00620268471436011
0.00612855921815059
0.004958419067277462
0.004994473199636294
0.005589149354704229
0.004989580499186213
0.005330426220234797
0.004547738045293593
0.0045175945441655
0.004612496988697615
0.005896873014859138
0.005872402638814078
0.005690092347573005
0.004395710172946732
0.004649066390290349
0.005070432114572571
0.004524049580820734
0.005081987262165057
0.004822101147708082
0.004193203003153361
0.0049085104557345955
0.004567276927230477
0.0053039824848230225
0.0043873924889747664
0.004829127488045423
0.00475017340297143
0.004201754117224347
0.0052907810276101854
0.004119913646547975
0.005299245884492378
0.00471051109974169
0.0048911041606541075
0.0038902893502010243
0.003895097127517965
0.004646774596501665
0.004694605155484945
0.0036461465245592527
0.003997824631802671
0.004996123376250633
0.004702300491450652
0.0038806705936831904
0.00486985467515825
0.0038153923230515507
0.003881123361032636
0.0042732770276705375
0.004373739339612892
0.004595474340094814
0.0037774969241344022
0.003359662483585732
0.004510800903493084
0.004389643935914123
0.00394664420839484
0.004565070329360365
0.0032632150975165255
0.0038994871435576372
0.0042510653902877275
0.0032113520137057395
0.004214087579371845
0.004366418750803877
0.003911357195996274
0.0033146127832677052
0.004467663749245599
0.004033630161153555
0.0038081952530422424
0.0040026088886472464
0.0035687059941588734
0.0028993474877635796
0.003040467589179516
0.003959044446939351
0.003067939455276397
0.0032204211865001745
0.003804272425711073
0.003391130562568657
0.0041164149615818355
0.003965314819208407
0.0033436322580569053
0.0035353753499056894
0.002929260284990805
0.003099751489617393
0.0036230005610311086
0.003644015403054306
0.00341901808185629
0.002875309570700976
0.003969168485880632
0.002616094714991727
0.0026996963023986327
0.0035341212293838837
0.0026436275751964135
0.0025784039780253256
0.0025715892211925816
0.0038548029374537323
0.002874396211270132
