-0.0016787991358308046
-0.0011463220448158743
-0.0015548396717890893
-0.0012019116080429907
-0.0010247825187493346
-0.0015478302583824804
-0.0013890222792029075
-0.001341463050541212
-0.0021295197744819437
-0.001991348524548796
-0.0023715927749341148
-0.0020759207366967754
-0.0015380618646751228
-0.0016699649170452593
-0.0020700485268194692
-0.0018368569289157425
-0.0018447840524404176
-0.0013308862375287364
-0.0020442973386951874
-0.0016497793753545847
-0.001681431484392101
-0.0017694730448035566
-0.0021405818011645743
-0.001860229479306594
-0.002013948107988322
-0.002659987556490975
-0.0016672448753923908
-0.0017115302597915656
-0.0029055985367203957
-0.002444759052237275
-0.0022438515112422116
-0.002277313690974606
-0.002787335694514702
-0.0030328463980487928
-0.0028496922964614
-0.0018963324787864817
-0.002403313605841258
-0.0027918886938249304
-0.0025590486666998646
-0.0022430120136300202
-0.002668349035086872
-0.0031472347631532633
-0.0019535763003126825
-0.002208769702549349
-0.002476840708990817
-0.0027348406236324158
-0.002151871111985859
-0.002984290977532294
-0.0027405764531592226
-0.0030085850169929602
-0.002142795135577461
-0.00316003693419707
-0.0028789919452435987
-0.002306791631064881
-0.002174463771459057
-0.002509586698643975
-0.0033673097221936336
-0.0031605131701164632
-0.003573855149337142
-0.0026737261441900566
-0.003343053526651164
-0.00293764640441068
-0.0027396121156675938
-0.00375393337240972
-0.002444571494326553
-0.003578892774968321
-0.0029489292132823335
-0.0026746108190271495
-0.0028095555773002693
-0.0028145983360471994
-0.004069467308997885
-0.00400182858328071
-0.0028640748556264905
-0.003145104879310998
-0.0029071675426442134
-0.0028261703538462087
-0.003742874120774438
-0.003575874844838323
-0.0040222188170271865
-0.002952754852205459
-0.003793904991047201
-0.004218419796451154
-0.0031273894689702094
-0.00405684574849185
-0.0038386594958458925
-0.0034431324472456865
-0.004167158913729409
-0.00407444318724693
-0.0033312531088861975
-0.00352893340639412
-0.0043241112370965866
-0.0037574406193851646
-0.003447223235499611
-0.0041326406582258245
-0.004875758901894642
-0.0044405906600980954
-0.004665524336832336
-0.004987807845118308
-0.00391182211811718
-0.0036921454760704205
-0.004391022952570236
-0.004754398001539676
-0.0037381374176243304
-0.004316711052205311
-0.004584972047824523
-0.004940538439775022
-0.003965169181816899
-0.005325379939219642
-0.005212533230435813
-0.005201507784127959
-0.005115888844406105
-0.004075485410575922
-0.004367704588735375
-0.004700398281864575
-0.005115756001430752
-0.004170317013881899
-0.004485315096019637
-0.005730547610913334
-0.004585188380145473
-0.005759657935937747
-0.005522317288628884
-0.004895500566700113
-0.005658309587972001
-0.005745809289739295
-0.005938665507285676
-0.005850475152602112
-0.0053371327603802055
-0.005075542017453262
-0.005905709270630971
-0.0050908977561694825
-0.004871818839349195
-0.005109782415524233
-0.006384691588958243
-0.0050104830430007284
-0.005319698311869612
-0.005549317285708737
-0.006179671078678649
-0.006545927213179344
-0.005651446682426144
-0.0064211859709357106
-0.005475989590842301
-0.006617226342565794
-0.006746704977527522
-0.005964173113190411
-0.006556658393464944
-0.006213606746552334
-0.0061467682279316375
-0.00574525240198341
-0.00699723684547318
-0.006726611761856113
-0.005975813389590205
-0.005968285782417917
-0.006020577613986415
-0.006485186520266132
-0.006647566803877068
-0.007215607169483761
-0.007193082761068281
-0.006607064260221225
-0.006851926526880641
-0.0072812504155604285
-0.006873533836676773
-0.007672855778274505
-0.007074384659463404
-0.007061989797105642
-0.006762575015713324
-0.007321772191426333
-0.006751451475618376
-0.006848990148354257
-0.0073544978654133415
-0.007284455687212004
-0.0075599187539520055
-0.006807160597177718
-0.006828706237134772
-0.007717733252996138
-0.007215548479060807
-0.007423157329442982
-0.007854453905933026
-0.008509796648062205
-0.008351943165715588
-0.008405918304237167
-0.008580610672638525
-0.007716975223390351
-0.007583122139479722
-0.008026578438849203
-0.008458984463744379
-0.008695650373076317
-0.008927413502925672
-0.008031371029458521
-0.009155985575461401
-0.008932737338868343
-0.007890942279440144
-0.00910396408771283
-0.009052557116005932
-0.00832058361702676
-0.00831668959449067
-0.009345170869646398
-0.009404374195887437
-0.008495093918968286
-0.009224499710818648
-0.008584095206423411
-0.009762485832410647
-0.009831274272519577
-0.00990554807323829
-0.00967032075202431
-0.008737759118063862
-0.009048052983240821
-0.00960632511797868
-0.00937447613040289
-0.009563807846240597
-0.009375317954861453
-0.009547160334328708
-0.0101154508880859
-0.009871584502006942
-0.010433541269193231
-0.009944813512600782
-0.010405579632503343
-0.010608977881978765
-0.010066408083545197
-0.010317904212394044
-0.009881901635767298
-0.0111304377858165
-0.010587310016360504
-0.010205783165424339
-0.010683614030473883
-0.010092049212711535
-0.011201301870325513
-0.01041444815630861
-0.010681912943881693
-0.010357996269888349
-0.010783063356387124
-0.010760827772593021
-0.010538076889767064
-0.011136413126003606
-0.011316600227636137
-0.01130225636913848
-0.01124814799901987
-0.011309773705302404
-0.010982285849678306
-0.011464092773007185
-0.012100464784214855
-0.011797916948553611
-0.011432124661735462
-0.01180470321878738
-0.011674238742976064
-0.011874176384459248
-0.011637911837153432
-0.012645987086177474
-0.012143428071547705
-0.012024033755691237
-0.011924824550755532
-0.013015349655037964
-0.012333288200763357
-0.012782490641613787
-0.012227929640117777
-0.01222974203998293
-0.013315147215440639
-0.012849148432096624
-0.013390942677375263
-0.012502783173020329
-0.012466438444832322
-0.013700874017318794
-0.013111928791970526
-0.012528186372495332
-0.012783119970094512
-0.013882527954091091
-0.013080540306662643
-0.014014685074911513
-0.01314483667847651
-0.014075368628889095
-0.014466121826321952
-0.01391639429048015
-0.013486488688935384
-0.014362169128792089
-0.01463672444456326
-0.01396162100237499
-0.014479727211276964
-0.014862866434520255
-0.015086709001498834
-0.01455324028540459
-0.014806531069727584
-0.014716310048425331
-0.015276934936810168
-0.015061200058036534
-0.014480315278709244
-0.015285943942788873
-0.014283817256632471
-0.01581881639409513
-0.014814024375397413
-0.01517095869723735
-0.0159628096251254
-0.01466555028409016
-0.016038241305215924
-0.016291249435498686
-0.015340018159150289
-0.01535233557237116
-0.016354897004647904
-0.016213875158561646
-0.01568074600920314
-0.01659244251966133
-0.015469492104889184
-0.01594747541595586
-0.016654644188998927
-0.015675605356676635
-0.015988478384012683
-0.015804817602834535
-0.015864221884020042
-0.0164287450148075
-0.016271567545459466
-0.017420449025231186
-0.01627914703168943
-0.01646692300091666
-0.016891110536830088
-0.016604761109260426
-0.017437375578858792
-0.017201514323353144
-0.017391632832974024
-0.017168529581490805
-0.017521633353196963
-0.01732356438920699
-0.01738270379257363
-0.018342294905465437
-0.01842679439270154
-0.01759332666762741
-0.018587926225101883
-0.018440780389833676
-0.018672579920892704
-0.019070569321956048
-0.018873406247850805
-0.01895022153381868
-0.018914543219665084
-0.018877825667924807
-0.01918691218347549
-0.018755639052740213
-0.019686922897795462
-0.018306244519074824
-0.019588835745033326
-0.019788738556064462
-0.01972319385323545
-0.018727691296163168
-0.018743022114512172
-0.020072382231144322
-0.019501336070537584
-0.019974856997923084
-0.02048378957711017
-0.020136112531555728
-0.019710038411377508
-0.020484955545902912
-0.02068776325210066
-0.02051410379559001
-0.020945103798455114
-0.02018500710936172
-0.021107640612325042
-0.020612902798234693
-0.02061129060512304
-0.021315899712599725
-0.021479908564504692
-0.021218418188791378
-0.02119985224217457
-0.02155819800224901
-0.02059182289802902
-0.021614511566772708
-0.02165324097056824
-0.021545986511848955
-0.02218854286607038
-0.021664826762460298
-0.02153563560738461
-0.021634662485194692
-0.02220970443085464
-0.021524137470693087
-0.021721984176104485
-0.022607183769610822
-0.021658551995182723
-0.022571731428462426
-0.022771953278727396
-0.02192828972713036
-0.023072204577372937
-0.023097072234227963
-0.022230653221092387
-0.02237846637029539
-0.022249223481355555
-0.023757221012983977
-0.02338587340173364
-0.023709037971270875
-0.023385061293396302
-0.024070817350038503
-0.022991026918177757
-0.023663512986012523
-0.02311625746488083
-0.02441969255700006
-0.023503920670150922
-0.023793054108616058
-0.023361543263730054
-0.023896187262533678
-0.024663419731287783
-0.02438241003988588
-0.024566297936965964
-0.02381745414667296
-0.024797227632352144
-0.02418517292528343
-0.025169038563865844
-0.024393340749343306
-0.024405012814041126
-0.02460295377131601
-0.02526962784153229
-0.024889445271106238
-0.02546405691328021
-0.024718898087136294
-0.0252049719897247
-0.02509374880094352
-0.025794035521640304
-0.025028258904745696
-0.025844657817794787
-0.0253141883329516
-0.02529457129416669
-0.026237936952727033
-0.02660213804344733
-0.02639597616016624
-0.0264130411532696
-0.026413832289396057
-0.026204042986554495
-0.027102700051764926
-0.027002045942561836
-0.026513267044162996
-0.02640159426185427
-0.026954474317366382
-0.027130618959845684
-0.02656839117152672
-0.02758790691710052
-0.02746387902998208
-0.027454311254390257
-0.027203679287878823
-0.026743606593321288
-0.028202236799788515
-0.026810980042527757
-0.02694659637421282
-0.02702800591845371
-0.02732014553191141
-0.027717807820847293
-0.0274378612288013
-0.02866997320778773
-0.027790755726353186
-0.027806066673802757
-0.028498249316071308
-0.028037808401284517
-0.028793517775173395
-0.029123876638223068
-0.029202033698164216
-0.028803480168717043
-0.029055756671633393
-0.028850326470094823
-0.029444398227205185
-0.029176154125348516
-0.028612004588961786
-0.029192608870781473
-0.028835549959371355
-0.02872618027295658
-0.029042283893324188
-0.02880799508154722
-0.029919828233432758
-0.02962652001537031
-0.029487465027700638
-0.02952926627381132
-0.0296204410858937
-0.030248377533969268
-0.030347391969679876
-0.02980009865667925
-0.029425835619444795
-0.029687080738506157
-0.029909247957562467
-0.030533742952206667
-0.03086290415554725
-0.030008090833517444
-0.03116507799160304
-0.03002785393397191
-0.03013820133045844
-0.03143346486399173
-0.030266121030818008
-0.030302608298396396
-0.030672881119191347
-0.030365631015056623
-0.030426947078814253
-0.031693073241166304
-0.030542106625977034
-0.030599818387211333
-0.031914987087197505
-0.03188571379370501
-0.03135146751351321
-0.03089466726903041
-0.03218850356299906
-0.032497053076621124
-0.0318309624322977
-0.03245886983117365
-0.0325118421768708
-0.031335032581028516
-0.03138221130549719
-0.03174715631501246
-0.03276833760413165
-0.03247017176560962
-0.03270157884756517
-0.03210627756317542
-0.03265277013218273
-0.03247239372727323
-0.03298309317546039
-0.03300993169369546
-0.03315276451384046
-0.03316861878071624
-0.03266820735220706
-0.033447877923084166
-0.032257357135058624
-0.03297213048484015
-0.03276242358504577
-0.033102028819416957
-0.03297234581442956
-0.03349131859356682
-0.034017583025600026
-0.03345135521934465
-0.03376770339148731
-0.033867013794911305
-0.033380832609642065
-0.03399927886748796
-0.03427070664477608
-0.033645712236265606
-0.03401984769537736
-0.03385738581885104
-0.03442993928647014
-0.03343181804685587
-0.034652161025431505
-0.03331612538086334
-0.03344850309553375
-0.033660389216761934
-0.03411157040248617
-0.03403611209274818
-0.0349061269842484
-0.03366858397154948
-0.034119771779372386
-0.0338735644178831
-0.03376641693419261
-0.03490350796212212
-0.03434301657786319
-0.03393604844473227
-0.03411585009505909
-0.03441876974652924
-0.033892796363138335
-0.035195829785883474
-0.034594176468444184
-0.03451933106443157
-0.034275701832446645
-0.03462358222541292
-0.035470272660251566
-0.03511690691184381
-0.03546962889091122
-0.03558919079682663
-0.03507188434781499
-0.03506982984932616
-0.034534117768620906
-0.03482207106192679
-0.03532513398566185
-0.03513986971145724
-0.035901486644587005
-0.03462236158690166
-0.034989338826832576
-0.035940228208482174
-0.035692356171046206
-0.03516796644303098
-0.03517353254875004
-0.03568417529860684
-0.03504568296174383
-0.036121729628528575
-0.03549208498997756
-0.03574198653623444
-0.035232602736680656
-0.03495375011249874
-0.03498129635743874
-0.03565489377754958
-0.03526806932480616
-0.035837404927252084
-0.03527170155499927
-0.03566420864304775
-0.035939740024455
-0.03555393640999171
-0.03612178042368437
-0.03621321661179825
-0.03586260372617152
-0.03592246649896147
-0.03594308255289013
-0.0364657574283715
-0.035225370460025295
-0.03534946992095803
-0.03526750179538
-0.035239506339902395
-0.035323637182571276
-0.035255173945537566
-0.03513487810915761
-0.03545754634682337
-0.035765912954662304
-0.03601097743741005
-0.03600958661338449
-0.036141703675614284
-0.03574814193331239
-0.03645969861231831
-0.035558876097338286
-0.036488924896546544
-0.03613774147097473
-0.03586245688798113
-0.036061267430356744
-0.03634006316777541
-0.03592947862733273
-0.03628648715216675
-0.03582478052807287
-0.03578929617992242
-0.03578373911932021
-0.03542722919941158
-0.036140745365767446
-0.03541196518651488
-0.03610498225452592
-0.03625360811520221
-0.0362641191028348
-0.03531169694361059
-0.0363871159568722
-0.03647930705321857
-0.035297925985474876
-0.03621292424164662
-0.03631521094507436
-0.035583508241988984
-0.03582834938171129
-0.03585877580141089
-0.03625863889134742
-0.03497444472077106
-0.03559493948242343
-0.03635184750482067
-0.03505464865475088
-0.03538982086934484
-0.03576854843654729
-0.03598491611735478
-0.03532179153609754
-0.035728643078614425
-0.034720715135925215
-0.0351499895557964
-0.03609590657433727
-0.0350021711864465
-0.035371360730363254
-0.03572149062532585
-0.03579734792938319
-0.03454895447214391
-0.035001248589375214
-0.03455745235466235
-0.03523246246232904
-0.034677960084619125
-0.03571115031304278
-0.035221295845339014
-0.03487624959990504
-0.0344930864538122
-0.03523253260511418
-0.03432140126237431
-0.035072885566901045
-0.03427939266566183
-0.03542548575375366
-0.034044440240916254
-0.03448081123674212
-0.03509953303353004
-0.034473130054043594
-0.03400026839465217
-0.03430528968789005
-0.034481527010792934
-0.03398960516708689
-0.03498901421315024
-0.034104426539638126
-0.033616469780887226
-0.034594703535246386
-0.03403083543681588
-0.03364863250565085
-0.03455586095160224
-0.0341116802997054
-0.03455649359722166
-0.033158914275886894
-0.03353230218003025
-0.03299946202285375
-0.0340872624073551
-0.03382826082641132
-0.03371151358816535
-0.033271311087707534
-0.03262126783063188
-0.03386095362625792
-0.033755668881085533
-0.03319771554028556
-0.03235817232097524
-0.03368654185993408
-0.03332085245393051
-0.03316940392800414
-0.03232385707811054
-0.03267027349721455
-0.03274542141117247
-0.032576622015416765
-0.03239636192888805
-0.03169665119671871
-0.031735748058289215
-0.032546853651651796
-0.032483281911998056
-0.03259305663790166
-0.03182056072305726
-0.031604951604043766
-0.03144996821722331
-0.03211860238756945
-0.03237869545543157
-0.03110413693787407
-0.03153723428286819
-0.03094480697644225
-0.031313167340307195
-0.03201965982852687
-0.03109579350678425
-0.031028524783140925
-0.031296237360997875
-0.03127282716530328
-0.03094417600853253
-0.03018949336739167
-0.031002341707671608
-0.030031682425330844
-0.03091071588044771
-0.029997842580720264
-0.03091443632697672
-0.030341084769441966
-0.030613594908713376
-0.03053992574853132
-0.02977934417816826
-0.030268273014914866
-0.02916519286879332
-0.02902099532983976
-0.028836258049504043
-0.029705602298518194
-0.02907365942089827
-0.029518889566942333
-0.028657675498210262
-0.02952195751238321
-0.028711883170161327
-0.02828356303892387
-0.02890756335077067
-0.028524429576572623
-0.02891141165659486
-0.027793477933449374
-0.027927471565675415
-0.02791342907042427
-0.028391431192210662
-0.02722064137471547
-0.027856668045074966
-0.026865623752941523
-0.027889351322898766
-0.026590715011050987
-0.026693997592622417
-0.02633037872280804
-0.026277456077009077
-0.0260693468364486
-0.0268747922395368
-0.026430172908752138
-0.027131344941261498
-0.026900494398746443
-0.02653190223458945
-0.026305336307495146
-0.025666468028416482
-0.02593596310078245
-0.025483343759773347
-0.025439692953193677
-0.02558043417424566
-0.025964778642856515
-0.025789166785380062
-0.02558428901544392
-0.025328038761656662
-0.02475614092016623
-0.024588695296727678
-0.024845703974201366
-0.02473011591266219
-0.023955001472834
-0.024291549629645515
-0.023256348203770823
-0.02427100364144332
-0.023490505103412898
-0.023116114559898815
-0.02407313716174673
-0.02375342950245458
-0.02255124274001647
-0.02235349344888949
-0.022339935667387487
-0.022141130596783618
-0.022278555263139634
-0.022959188810107313
-0.02195122555610874
-0.022465142292821406
-0.022382523121127675
-0.0218282527493604
-0.022238376693448313
-0.021181757263191034
-0.021356500356383406
-0.020379371555981258
-0.02097475374666314
-0.021337807442516166
-0.02037394850751204
-0.020813948668378875
-0.020852310510255705
-0.02076983100601332
-0.019968952512409665
-0.0192412419963292
-0.020366167989773844
-0.019891092555615567
-0.01964011214336988
-0.018567852165384577
-0.019508728411087372
-0.01814718699217273
-0.018921414404948052
-0.018309961468914993
-0.01882848429844764
-0.018396725060635628
-0.01758229437897733
-0.018051549923551482
-0.01723618470646675
-0.01815391845966755
-0.017858120323636813
-0.01660213227538263
-0.01718056593689469
-0.016799170526922872
-0.017298233305375315
-0.016209763005328524
-0.016948128337161316
-0.01661694242597173
-0.01607858469157178
-0.01594396016132674
-0.016350795011259002
-0.016220255349856355
-0.015452109441301362
-0.01552362046302222
-0.015685769491909123
-0.01546264838925554
-0.014274094965788223
-0.015256123615342104
-0.014980481551078404
-0.014839862611261651
-0.014617090077998983
-0.01310772778516452
-0.014188655617945432
-0.014001378693288649
-0.01311467998448274
-0.012568194998382905
-0.013549930713506013
-0.012007165264493724
-0.012562063210698438
-0.012164820880802021
-0.012220051109431649
-0.011813096324277485
-0.01152122393939426
-0.011498107613582702
-0.011198299848178437
-0.011810544263687016
-0.010962004935629854
-0.01017008376342728
-0.010037593237720415
-0.010479716139093018
-0.00961494253144532
-0.010912984764509505
-0.009540710342870606
-0.010095607121312212
-0.0097651064466317
-0.009258168109987516
-0.009190671420000287
-0.009507266922767835
-0.009456254331986418
-0.00809740757257833
-0.00812691669661945
-0.007953744988183103
-0.007670436866006364
-0.008144921674838929
-0.008488988241226089
-0.006914968858030466
-0.007716432197171538
-0.007661190611581196
-0.007282210221368853
-0.0065123522531770756
-0.0071864828449942015
-0.006749740502586302
-0.006025837134572044
-0.0066755065150358945
-0.006081162845419246
-0.005568342165102021
-0.004948058306183165
-0.00451108979665545
-0.004504477489795151
-0.005374766671879426
-0.00474293288266776
-0.004331796358541943
-0.004708330799967475
-0.003969116898250926
-0.004166345935820346
-0.004019182156738256
-0.003572250216594865
-0.0037722581419449455
-0.0023924725850320854
-0.002679079712495338
-0.002929976850654109
-0.0022047457711118676
-0.0027455061254124126
-0.001990397675963694
-0.001371961687055341
-0.0015220398192610448
-0.0008985864986210789
-0.0010902161334680426
-0.0015118139619357803
-0.001470381846222802
-0.0009066681259758766
-0.00024022727998926685
-0.00019694110746065605
0.0002878678202898377
0.0006683426471073348
0.00011716712562647538
0.0006063565189947717
0.0006152054523376592
0.00013942077158299337
0.0008999827596728416
0.00039558697021325074
0.0010969978916890776
0.0008317561982453357
0.0020396094134320624
0.0014929591453329276
0.0026571257413190506
0.0017827164520956235
0.0019730042609336254
0.0032043983444838353
0.0033613389971604737
0.0038378102084287748
0.002572415243235085
0.0039807145116124805
0.0031396068373468187
0.003862248351182394
0.004741878848143379
0.004467331298746421
0.003886494619189411
0.003930011883518122
0.005027376374092273
0.004278219915753766
0.005772516527214807
0.005699130550631023
0.0054203903909868624
0.005157410619370604
0.0060432947465464595
0.006648397355816724
0.005909263713710151
0.007242716109290848
0.006232664872300314
0.007512403078759857
0.007171718515787099
0.007887031759728403
0.007422032524926289
0.007973148749251415
0.008095057313598416
0.008750094450789885
0.0077061575758386805
0.00855627370474655
0.00815734376500933
0.008545963766137957
0.008326599040043358
0.009327159199752784
0.009799795700732212
0.009430911638655054
0.010381347621587798
0.010579178832369609
0.010821964544693332
0.010517441544322964
0.010047387545383863
0.010724424929452352
0.01164087011022452
0.0109408658256529
0.010890758581701793
0.011149863958143033
0.012427377249112201
0.012200398393971945
0.011663368415210035
0.012808623897948637
0.011797904058256542
0.013328053699005988
0.012650924728540722
0.013304353335524427
0.01297115330963309
0.012773937291740095
0.013410058566141853
0.013564319985637088
0.014560950894531566
0.014137025463657483
0.014010111275122906
0.013715304593168207
0.015046326051014487
0.015179027336045309
0.014319222341474406
0.014416060208384792
0.014794600313734077
0.014971789229664547
0.015391039383436217
0.016299347010381927
0.01636117719420247
0.01567872559056899
0.015946655006828726
0.015795997298591505
0.016902935926137563
0.016895367006805634
0.017527095261285416
0.016612069649950722
0.017288935674892043
0.01807484448011948
0.017749443473450047
0.018101441527545264
0.01880622081157016
0.018438834545007256
0.01829632027458597
0.018210181619788122
0.019237946991527626
0.018632057997012366
0.019552258017256775
0.01921352152597029
0.018715809668265346
0.02020635369254897
0.019832067739700494
0.01942355049489217
0.02047367194749883
0.019982122557490233
0.020693778448109802
0.021175697252913617
0.020813580920497374
0.02054025619693316
0.021407077406657708
0.021353772845323193
0.020877183286394905
0.02131150084062017
0.02236359483036061
0.021489662249400205
0.021681559021996314
0.021942268989683177
0.022226949669622697
0.022452777600395726
0.021988939759432256
0.022533022161088954
0.022171017744532673
0.02284968305586808
0.023001518064774885
0.02275536045710548
0.0238572875303581
0.023849964452366222
0.024304799846998865
0.023968797026312036
0.024458355615653512
0.024716581318169666
0.024178661521398515
0.025148673461856185
0.025205886281567166
0.0249370065586827
0.02464729430894021
0.024377131502617656
0.02469643789338564
0.025125408250323354
0.025347540517451157
0.02495882791953877
0.02543693383942742
0.02583184717030071
0.025561569377829572
0.026953250091925854
0.026360019778007164
0.026475400985694363
0.02698662393026621
0.027403616693755305
0.027402746097408007
0.02696014028610873
0.0274229485044254
0.026727923534685654
0.02723525862373408
0.028183809369699525
0.027835694233695717
0.027822775795598092
0.027704881476493796
0.02795821147871271
0.027832022868814185
0.027693298210043703
0.0282617451540469
0.028122809090059712
0.029109643595571555
0.02889739410738326
0.029135829732859796
0.02842679584690966
0.029064812478273385
0.02922173736484376
0.029798811310872256
0.029241485884583796
0.029746145208256688
0.030097777036198273
0.03045041965482334
0.029186298406303733
0.02978015949359612
0.0307041099605116
0.030004252588187376
0.030551473568255532
0.03100210270384378
0.03003411665988438
0.030012458546220054
0.03138388803548656
0.030583637604642045
0.030504579887554832
0.03128657053189096
0.03164723611045923
0.031015240407885624
0.03085981478009205
0.032153654560596774
0.03163530673102738
0.03194652916061856
0.0314740807257266
0.03151817035926288
0.03261155479660217
0.032524129827657566
0.032237398972077495
0.0328864510005901
0.03171129925061729
0.032235417821141664
0.03328253930269271
0.032140486046879205
0.03205847488438087
0.032969595872955434
0.03267584607636062
0.03233386809054681
0.03306064090943131
0.03383449567223632
0.03319000999381183
0.03296896686227085
0.03415067543696483
0.03331068574855775
0.03351061108530214
0.03312372531761298
0.03348955425166456
0.03419000922551039
0.03394488304738364
0.03400913996491345
0.03450460343960582
0.034442164511819244
0.033498495801220475
0.0348074937266092
0.03500026707677604
0.034585538980340204
0.03497608541967895
0.03504860171821087
0.03466595206937334
0.03516300627826884
0.03487902000354116
0.03415111026903673
0.03510074440094567
0.03520864705324784
0.03494095789320315
0.03524944819175395
0.03472736705258153
0.035373762421858725
0.03585682470821891
0.0357108178850123
0.03469613762957267
0.03521290543195206
0.03510086955108668
0.03513561753647093
0.03533744510558303
0.03626761128139254
0.03606797422043105
0.035032804560049244
0.0355451233868507
0.03596942492752858
0.03515640116114559
0.03596594186285577
0.03673290861195007
0.036386642254271295
0.03531712350692699
0.03607418602552068
0.03623421814820412
0.03548754682387021
0.03595572198120911
0.03648931676973491
0.03594044919371174
0.03621590947319825
0.03710149462825388
0.03637201087431937
0.03604151644937243
0.03721146490112667
0.036289444886604204
0.0359533192773439
0.036919813176679875
0.0367676793795877
0.03640046954079159
0.036014863169473714
0.03606385209223814
0.03646958651367265
0.03635921113857393
0.036397389319948834
0.036427587401967464
0.0370062073342434
0.036372820900748934
0.03626105532672967
0.03743243433748471
0.036659540497346266
0.03718489097878683
0.03732799419126139
0.0376960095483941
0.03640609136967154
0.03645303783095461
0.037638837711141494
0.037452208529067776
0.037541636829907556
0.03648267183992973
0.03656408370946283
0.037055069205069166
0.03771367961252487
0.036884730414578626
0.037960546608217495
0.037843710759719304
0.03737523195794327
0.03708642028749076
0.0371505469716389
0.03715354224074369
0.037300656324704806
0.03735635799299405
0.03667915905360822
0.03658622146964063
0.03789328527095327
0.03717424741165698
0.03707134161011487
0.03703492856730806
0.03678537074830964
0.037623656713629605
0.03716161481038631
0.037917007973490006
0.03682897820148678
0.03683629023039859
0.037898669263509245
0.037568653611359124
0.03679374788663044
0.037276518932503916
0.037517003454534986
0.03683722535208264
0.037176319134265154
0.03789859137942696
0.03756858651340039
0.03772489010819109
0.03780824498099614
0.03682597716358867
0.03739425009670399
0.03658337616392839
0.03648215381387586
0.03785679326893766
0.03701703927801343
0.03779018247935783
0.037163130889706734
0.037783253358653415
0.03763821302539252
0.03654736382952596
0.03654707441131527
0.03721731041658701
0.0367515522632242
0.03742001431213505
0.03726989749518779
0.03684501152168844
0.03746001784143313
0.036334798386044836
0.036349748121610556
0.03732811125506542
0.0360886695439065
0.03747778476568512
0.036424306935959
0.037081366794584014
0.03604461500686936
0.03738080457354529
0.03638209463494812
0.03725030680011966
0.03624675275199116
0.036599187287228746
0.036472554600140504
0.03701039596546975
0.03705224279413079
0.03687615872313557
0.03609525063133535
0.03597367249201834
0.036557729036876034
0.03692246659538977
0.0368945760149459
0.03601715152835131
0.03620176065715575
0.03675391502788644
0.036665993208143496
0.03539744198647602
0.036492687936815545
0.03601003191893752
0.03559341562807348
0.03657757218839203
0.035141250783686656
0.036493546091436076
0.03550462449520943
0.03600485208983519
0.03582811098425113
0.03573440602000337
0.035495251088320696
0.03574084278365624
0.03545453639585725
0.035237775105836915
0.03584358100314584
0.034724057950888246
0.035117643046876965
0.035486072019825336
0.03463879883832752
0.03462628977519118
0.03549539567017792
0.034652508718618635
0.0344622107902333
0.034483600848695874
0.03473407197943044
0.03464784702187939
0.034815965426004125
0.0339713554369398
0.035022814142697284
0.03474153784707343
0.03509283096816326
0.033723956737451606
0.03384604363819857
0.03423208118824427
0.03381314563801744
0.03357918688418661
0.03353607434610025
0.03386162756363169
0.0337351658127901
0.03423393683346892
0.03373357215304098
0.03386126023801865
0.03429804918120332
0.03433302819968548
0.03364261910425171
0.03356658087264701
0.03329639402751269
0.032986394845311184
0.033569153466901945
0.032583543858478795
0.0337012366292251
0.03355824073427638
0.0331438431134339
0.03277987257922859
0.03268885532658003
0.032610164580492124
0.03352968609481813
0.0327273321182701
0.03343471686242091
0.0323227929158413
0.03313544108784902
0.03193391708311095
0.03224289569101553
0.0317650113892203
0.03193271895178192
0.03245977689570476
0.032382106779698716
0.0325853205671348
0.03138472431672963
0.03237153768958699
0.03152490503657997
0.031073395207159245
0.03192745076682156
0.031425222760112975
0.030905310631592242
0.03212873092033387
0.03169718830078228
0.031186288835562365
0.03070847803100869
0.030599991827904856
0.03165903196303027
0.030977522199754526
0.030792840569750724
0.030411537167126083
0.030999222097312047
0.030510560396271737
0.030815313572859725
0.03087149484163531
0.02985322191172235
0.031142164081252727
0.0303946573416642
0.03035020482122982
0.0294922354327421
0.029633903238159027
0.029443084783108628
0.029826034004581607
0.029909353320320818
0.030450915930057946
0.02947656182437392
0.029543927600409817
0.029534160807201858
0.029753272401622323
0.02885776177948474
0.029336861784465495
0.029478207693874794
0.02888435641245416
0.02933980885045582
0.028861413812418458
0.029044236144511227
0.028950799173932788
0.02800143012938132
0.02904111765203684
0.02787310252197609
0.028426760687384603
0.02817907181549482
0.02806616605825792
0.02835109746708109
0.0276168832871791
0.028409248803494692
0.028585210945911585
0.02724553767520041
0.028017288949776138
0.02823319002820933
0.028054748248450435
0.026895974813864132
0.026998887242795363
0.02723266746155949
0.02779355806933713
0.027427703803529487
0.027261021046572437
0.026842950092500373
0.026940801139825703
0.026880322623584026
0.026537157833222805
0.02676016927659925
0.027314825592618844
0.02667369814475251
0.02659309479807415
0.02612016436468433
0.026317283136657457
0.025814938834391496
0.02553489294148944
0.025566407460407156
0.026113903374250326
0.026416730790671094
0.026326680008461573
0.025490401545606046
0.02567397279890023
0.026023966663537394
0.025668356311628473
0.025872121156666247
0.024824531620618408
0.02524953333638188
0.024415024814299524
0.024854359752564694
0.02416821126427109
0.025321134786511604
0.02487848659242516
0.024054080754162294
0.023879926070572207
0.024791503575662267
0.02505966569863014
0.02468876210643059
0.02359015685001167
0.024873132819062605
0.02410334552610169
0.0246493496623564
0.023535241691583057
0.023933347545267852
0.023789159991740787
0.023513833459209082
0.024111175051067905
0.02285128099520795
0.02310472302300268
0.023552482843477506
0.02279006631843457
0.022483898522481775
0.02275514650129493
0.022931415899927515
0.02249766656537413
0.022461285363819448
0.022069415711916472
0.023030695814098525
0.022653469745382935
0.021669988634702774
0.02187895539268493
0.02196989249715114
0.021867276593061313
0.022770325359116113
0.021626472748323727
0.02228674296191333
0.021054167542223605
0.022206621165387786
0.021537817981490945
0.02175977227596405
0.021317120991381798
0.021256096242169387
0.022032638767758062
0.02184889273525812
0.021222747549521605
0.020679989725019946
0.020882241270838178
0.020119198855933565
0.020825040133635238
0.020688632119966802
0.020941767623706926
0.02033684787176495
0.020000643432835422
0.01965143170055433
0.020051297501305812
0.02027328829505675
0.019816675381008123
0.01940402762887676
0.019542432431411065
0.01963689651647408
0.02037510499120347
0.02020963638296085
0.019361778033394846
0.0188670444394929
0.01982456191621162
0.018859480510087023
0.019696185420308248
0.019628989166100556
0.01908682462214293
0.01907865148606654
0.019288222825996137
0.0193912272560026
0.01895701120393347
0.018138561506759347
0.018054352859536507
0.01776618094655145
0.01861134405055716
0.017656496766254616
0.017660120618074742
0.018664738274738718
0.017553092586576457
0.01791224723875973
0.018329063289836106
0.01828918932554493
0.018191228970155515
0.017475806041270837
0.01692187401751929
0.018259876134638007
0.017379859792608306
0.017353500748420257
0.016718310605930913
0.017152871056466224
0.017204877361961732
0.01708956249267259
0.016254324218717944
0.01734470191349764
0.01635851073068334
0.016525295020590167
0.0164187812351452
0.016272384716063418
0.016157772382668512
0.016036890952219482
0.0159062855108944
0.01611984138956455
0.01638837642342985
0.016762351840657788
0.015574576890417382
0.016604019419772534
0.01627501838026282
0.0156386049973096
0.015186202496524904
0.015678303016351654
0.015495736209216019
0.015820948089267418
0.01483804835708703
0.01497730190591497
0.015429677549023446
0.015604866900375502
0.01473994982228114
0.015092328996384035
0.015648155524396287
0.01516895289805016
0.014802045310794602
0.014193502208241665
0.014998050570484346
0.014016253551126338
0.01443884643830901
0.013814324339352988
0.01423501921978973
0.01435382799509202
0.013823293486112186
0.014327742537701235
0.013576072895539781
0.014624603484869261
0.014093805191450258
0.013518627500166825
0.014589583667399004
0.013340431821077733
0.014089696516518431
0.013136287115093797
0.014195868678851215
0.013867044289708624
0.013320215203668297
0.013329303017269057
0.012759403193005772
0.012848251635571082
0.013535208021691336
0.013593889306299482
0.01332941225734909
0.013301080037282703
0.012184084505720718
0.01304708276608897
0.0134389989228602
0.012175795724676199
0.012654503157909943
0.012571056092816437
0.012323610910670737
0.01190927245824509
0.012970828924835316
0.011993118132581807
0.012711148633207606
0.011820296422548476
0.012452295409334273
0.011400094190734338
0.01177638424178037
0.01141547721472537
0.011954959661495797
0.012129339856702906
0.011808251574495185
0.010897493715252326
0.011295219897332637
0.010882589539339727
0.011079787246548246
0.010983290663393385
0.010904917116167291
0.011662547444715095
0.010984746572331795
0.010751938332934483
0.011366267033651956
0.011267979262149489
0.010465851389773118
0.010438963843227811
0.010802038864347926
0.01013178008805863
0.011324509323267997
0.011199228487618593
0.010977109428863405
0.009873910446063805
0.010793802465148203
0.009982997772839002
0.010165779478540901
0.01103129582862075
0.010048537037453776
0.009525188173490469
0.00952191410954535
0.009534144909967436
0.010671345091977235
0.010625606337042291
0.009644210785994155
0.00928184774079914
0.009799919029048967
0.010428640353913336
0.010105181945246249
0.009747181858918059
0.009962953374452802
0.009561792611708413
0.009621362009753375
0.009605285193859893
0.009652661144851027
0.009451576113945967
0.008599059291041896
0.008495684816605103
0.008458761725483212
0.009217732271920073
0.008395140342463484
0.009486230925639001
0.0085317786819883
0.008832487097226754
0.009230272290897741
0.008407866883111445
0.009084423503757226
0.008012525043194196
0.009253453989899253
0.008205331246313442
0.008566309499589066
0.007804631800804229
0.00879029391146643
0.008112286481988746
0.008663873619738284
0.008379503003784825
0.008487771229667289
0.007511004872069399
0.008723205599352059
0.008430898242608656
0.007562683899249785
0.008244760822888468
0.0073851456356654995
0.008429874308264609
0.00719277196681987
0.007769643923988239
0.00731430672352316
0.00700246052044426
0.007993135638898466
0.007365693317541931
0.007007345629031136
0.007188529809553362
0.006811443870416071
0.006904587094605786
0.006743896898172754
0.00793866516854553
0.007306536072312441
0.0069812690490458395
0.007364116395442678
0.007060987118977056
0.007713178174692983
0.007107997808546364
0.00645724217783438
0.007284185391545055
0.007035799902344632
0.007512767568842526
0.00646632189414416
0.006506251029540669
0.006844860808046356
0.006472739949659398
0.006935309717256032
0.006898586694181148
0.006977375492948968
0.007174059933589123
0.007010377976517424
0.007058729648332874
0.005875986034182068
0.006616535698244852
0.0066057657584091736
0.00572356657365299
0.006023595788030316
0.00620584158500304
0.006241951651734629
0.006770871933117721
0.006434134054378175
0.0059662543133774506
0.006347504553848057
0.006068479461684805
0.006400115483885432
0.005686197000535125
0.0055041934101808035
0.006311046248872895
0.0062535914589884585
0.005208526413161468
0.005540636181609529
0.006172485772001797
0.005759244852638863
0.006297048735971995
0.005323459937440042
0.005739376535846209
0.0053507060572971585
0.005200445740370022
0.006160401817015771
0.00576363915284533
0.00489751194836416
0.005947800011231665
0.005911196739490303
0.0059840371091314844
0.005786938273424536
0.004527370860541226
0.004762003622906913
0.005101365972946945
0.004750675587194424
0.005338710778555109
0.005618016100722903
0.005518116529381988
0.00480718793423967
0.004410335603198973
0.004938286572240185
0.0045133161433619
0.005364631155216555
0.004904452959233746
0.0042049873521170416
0.00428258424463126
0.004482685509890808
0.00528386367336378
0.0041043611812590555
0.004528598009748498
0.004479035156410841
0.004713854664898396
0.004492151954158746
0.004981049492482731
0.003934674124334398
0.004500848402771901
0.005181574702865099
0.005107756590914843
0.003720782579746198
0.0036213653854910047
0.004132424048870005
0.0035865046841301175
0.00352669031238546
0.004764138852549656
0.00465661530445787
0.004892020394868453
0.003736106169391592
0.0046902567875977755
0.004206329360031257
0.004597924796897236
0.004493101725954424
0.004263550774434935
0.004022203508945667
0.00399812426861077
0.003865032526874587
0.003962394496334061
0.0034872436044390198
0.0035065582553893285
0.0038944931830375393
0.0035505075553442155
0.0036524389110711803
0.004225480622243592
0.0036733083342343127
0.004093533635907492
0.004382859279772011
0.003682667552283711
0.0044094676222317985
0.003692942626384524
0.0040108927532347466
0.0031380238403365362
0.004256964687594507
0.0033911462445514527
0.003860268524264044
0.004028813329266197
0.00419373626413854
0.0036517448437944867
0.0034915085082979393
0.004039024738940545
0.0034965826857421573
0.0026547076641178025
0.0037670812542662194
0.002750869711780815
0.0038261175305694395
0.003877531116288287
0.002686674454345121
0.0036372984816779278
0.0027919305640768523
0.0035195999547526584
0.0032942018385074684
0.002870872603790142
0.0029801655383461245
0.0025180908358963467
0.003123645571206777
0.002550987773850645
