-0.001514342996732929
-0.0016345732384241533
-0.001051667254493711
-0.0023746158418063703
-0.0009082734557422685
-0.0010307730367252758
-0.0014312694744407217
-0.0013347413409163574
-0.0021581049318298295
-0.0013790403392981844
-0.0019693840516611175
-0.0014956304787144058
-0.002357038565532391
-0.0011811846936074632
-0.0022597856410709605
-0.0016645249249676696
-0.0019996693433767714
-0.0013993686877756897
-0.002660157296162633
-0.0021364255966296844
-0.00215254293602875
-0.0026238841078955175
-0.002703927697048027
-0.0022678247867744406
-0.0017363227006175637
-0.0026743766598474224
-0.0018391385764618983
-0.0021635153828942336
-0.0024364410919831925
-0.002522185306489036
-0.002888291890688227
-0.002317694545590874
-0.0016400989074779877
-0.0018310292206763757
-0.0019964673429658975
-0.002898120167334491
-0.0022087995306399708
-0.0024481761657041893
-0.0017314590344912992
-0.001907125369013945
-0.0017757928518742174
-0.0024155531617625946
-0.002386219558263686
-0.0024858180789250326
-0.002112104672298048
-0.0028644356202180417
-0.0020239014753010457
-0.002308095238193566
-0.0029742710217495146
-0.003326407726945462
-0.002286976017123331
-0.0020203686991498875
-0.0029878507870891233
-0.0029482283118602353
-0.002200809911895532
-0.0032356302218959467
-0.0035064418312461152
-0.002413956871126251
-0.0032707234071866938
-0.002769598492366118
-0.003688857343488897
-0.003502760465646874
-0.003234523685721936
-0.0025390313328785496
-0.0037723983411268847
-0.003257212710279746
-0.0034892600792248945
-0.0025214771181358347
-0.0029726405876691338
-0.0028188628678019034
-0.002742504621242667
-0.003283270140828259
-0.0030828359013410846
-0.0038936172006200694
-0.00413326637828025
-0.003061167759431156
-0.0038665112893671444
-0.0035568646161067414
-0.004163039089354581
-0.0033573774716456977
-0.004096501750090437
-0.0037976344309287153
-0.0038762531766590035
-0.003982274092321225
-0.0031376956485999366
-0.004279821943742153
-0.004478928534693452
-0.003521625036232583
-0.004154235197428759
-0.004621438250008295
-0.004623474779718929
-0.0042152419758925315
-0.0038686213462912383
-0.0038515269631722135
-0.004365020445800554
-0.004495063265600226
-0.004131131500298202
-0.003659265024308667
-0.003821231956475837
-0.0044852450349130305
-0.003952890904262344
-0.0048851685839899845
-0.004725043639736854
-0.0051660315429846605
-0.004165328917979126
-0.0050095368047387975
-0.0041812173045514215
-0.0044766087884020025
-0.0043356606460765714
-0.004270860138806318
-0.005038516239551599
-0.0043598624212274895
-0.004452580637705903
-0.005458332074315718
-0.005596337422957405
-0.004303851730863726
-0.004267684176147655
-0.005551868145590808
-0.005670971333573081
-0.004333862270786112
-0.004880201379452852
-0.004668042351038035
-0.005854868749753878
-0.004668052001098761
-0.005148636995303685
-0.005870151097504841
-0.0057167157196801694
-0.005336843735905323
-0.006068748507243679
-0.00482448013738122
-0.00542372071101516
-0.004899342740803293
-0.005866651503234289
-0.0056228829954017845
-0.005730922489246675
-0.006264024775171866
-0.006364928277096526
-0.006008878699242223
-0.005169181882933612
-0.005626968975239577
-0.005817793444057748
-0.005329156326246429
-0.006139641776434095
-0.006132183788098782
-0.005792854808824548
-0.005941304346604647
-0.006292880006429942
-0.00642220037920706
-0.005678810287926851
-0.0062600261836292664
-0.005876184258383466
-0.006961740849041038
-0.007247578027520385
-0.006867103315918782
-0.006948701208729886
-0.007168530974184188
-0.007488289740583893
-0.00631648336823829
-0.006698690956548482
-0.006960964306869088
-0.0076168002700788785
-0.006422033553715992
-0.0066863579213942035
-0.0064582516734390015
-0.007133363440519608
-0.007963581572846441
-0.006794210021195436
-0.007063293960672404
-0.006768987012575359
-0.007053514058012364
-0.007356715824109545
-0.007987304375690524
-0.007176015603711368
-0.007100810446469366
-0.007963433086368862
-0.008460648354399318
-0.008388877146955404
-0.008582379054499335
-0.00751169428902649
-0.008045019253504763
-0.007872113960380926
-0.00796236759022124
-0.008404791749952623
-0.008890441189076594
-0.007743992480006225
-0.00773331357677545
-0.008852541210561359
-0.008800880435780955
-0.009190392779195896
-0.008973099965883044
-0.009253297750006242
-0.009040284934045144
-0.009336210284319153
-0.00798738210757193
-0.008771891181198227
-0.008794231426879755
-0.008240271863748533
-0.009218354201584575
-0.009310690321841843
-0.008941342920022419
-0.00930449191752275
-0.008926694810224258
-0.009755154179006064
-0.00863180235244394
-0.008734088165988817
-0.008902338014311503
-0.010081012568397215
-0.009179419093297902
-0.010070918274842758
-0.009011231504900132
-0.009354772186622302
-0.009109541895775109
-0.00913934515183636
-0.01045319891894377
-0.010447992229894771
-0.010331677889397043
-0.009961474666292864
-0.01080577530574111
-0.010981467948828448
-0.010837809925688734
-0.011085954482115915
-0.010330049132029208
-0.011252756442190781
-0.010795425833101405
-0.011121312583541963
-0.0102767784581941
-0.010795823057326818
-0.010488809245574035
-0.010265130685223842
-0.0115265553811241
-0.011655168025548293
-0.01153279837808047
-0.01048424696743852
-0.010981747883835855
-0.011604250483796905
-0.010962740994916837
-0.011842971863001981
-0.011627408315222916
-0.011047316720801108
-0.011043870912744943
-0.011568025253649077
-0.011830549073136624
-0.01261646488142393
-0.012550068908767269
-0.012591259719156839
-0.012571256542097762
-0.011866703515463792
-0.01171957380608787
-0.012347774095849173
-0.01160136625111528
-0.011906144379684262
-0.01211119806781557
-0.012432468347511903
-0.012624671812280117
-0.012714406049166826
-0.012435838435168198
-0.012394817187314685
-0.012765306865534657
-0.013647056152884404
-0.01237536485210251
-0.012548374892564485
-0.013391786608999128
-0.013820997118210148
-0.012849868327696167
-0.013544179666340767
-0.012765028461880103
-0.012981994435472294
-0.014168876256179366
-0.014042686859606817
-0.013985668153534863
-0.014230295660213894
-0.01421586764129417
-0.013580386093209496
-0.014202318618823722
-0.013671446014271695
-0.0147211773646596
-0.013954520075025968
-0.013969684415229684
-0.013921099517761795
-0.014013182987701827
-0.015367902965701171
-0.014885240491703321
-0.015245460355906038
-0.014643468167818004
-0.014469185734408547
-0.015241737752414964
-0.015207245696871216
-0.015932038731472708
-0.015712824303991114
-0.014810351754757452
-0.015216689998253785
-0.01601094660052083
-0.01565416801932835
-0.015654001482392297
-0.01518193820965938
-0.01518981275565481
-0.015774733033159866
-0.01600106298654347
-0.016025630166909693
-0.01582340123586956
-0.015667696648554146
-0.016235445362873746
-0.016311969161350394
-0.016387730497722887
-0.016204254612580935
-0.016850797684571723
-0.016780114406885253
-0.017468855747371344
-0.016444951981760533
-0.016832763700851936
-0.0168251270142531
-0.01649990533087039
-0.0176182566112256
-0.01685723630518923
-0.017233240290351663
-0.017724752323567145
-0.016984050022918962
-0.017153926820560925
-0.018054373151429846
-0.01775421323138505
-0.018437719061784374
-0.017303051202010086
-0.017552913937681252
-0.01800687123725077
-0.01770024392058749
-0.019006753236222397
-0.018586622783495377
-0.01801223317591625
-0.01893179905727414
-0.018395313793451717
-0.018715591278508515
-0.01910405392439791
-0.019003417709479976
-0.018831857630431714
-0.018703952807625632
-0.01969677529948711
-0.018807896190790666
-0.019182027497727842
-0.019522464184935726
-0.019947188024885213
-0.020202773439162533
-0.020086634464451032
-0.020478731864533483
-0.020347282523893902
-0.02024735146454292
-0.020377437698924243
-0.019666039136580788
-0.019457613708302464
-0.02036330567022428
-0.020367730861632332
-0.02091614666965674
-0.019810606870014114
-0.02022700542566089
-0.020884318683617006
-0.021062584311805445
-0.02018510748223279
-0.020288858249566385
-0.021382661493010612
-0.0206610137789183
-0.02142943290278367
-0.02117364229070037
-0.022040608485672165
-0.02092967741486231
-0.021892826302665463
-0.021569634404944103
-0.02210754697823441
-0.02232919400257888
-0.021133218793198353
-0.021733117252226174
-0.021705563254954603
-0.02245003340239838
-0.02214104874976259
-0.02214836881753278
-0.021781913141676486
-0.02294877472329157
-0.02241315829000461
-0.02290371362913354
-0.02282071066169729
-0.02275097335462383
-0.022690013788351688
-0.022349583818103883
-0.023671891733217373
-0.023608707718771344
-0.0236361645642121
-0.023133441413520864
-0.023357161129893358
-0.023118838145006135
-0.02361257386667048
-0.022985955107987215
-0.023122110860362158
-0.023477860058532363
-0.024734217116102786
-0.023458500503481458
-0.023586201979240495
-0.02487515070361714
-0.024156174829832025
-0.02368864486074644
-0.023832103621644028
-0.024526120767342934
-0.023970674680054004
-0.024035264893869986
-0.02547852681245899
-0.025267461048409854
-0.024641850090110412
-0.02519159115094837
-0.02450600385799273
-0.025942202424497896
-0.024952859799172535
-0.02601260612413243
-0.025762933985955735
-0.0255991961880178
-0.025125480428212953
-0.025704915779831715
-0.026224288929934506
-0.02576189282210886
-0.025341320233939958
-0.02594192787336341
-0.025785044276645845
-0.026384520246280463
-0.02610014942693649
-0.02607868867761629
-0.026887769178040196
-0.026907446372900386
-0.026335071218534383
-0.027432738658395028
-0.026634481800963877
-0.027096412394513786
-0.027240634839673424
-0.02746951432093085
-0.027469380052776122
-0.027587488261884015
-0.02663216176590818
-0.027396787687604736
-0.027146780005792483
-0.02813112524921115
-0.02707957445444515
-0.02737231833169596
-0.027510642394785775
-0.027970125067209025
-0.028581045412755187
-0.02803909123655694
-0.028909750618716923
-0.027606651994556218
-0.028044992537146513
-0.028527682990525053
-0.028457810695663627
-0.028549484458476573
-0.028760122418299297
-0.02854149215427416
-0.028659892112417127
-0.028197423267132864
-0.02951817723437543
-0.02924508986441739
-0.02899766584679643
-0.028759962774420465
-0.02980929507118841
-0.029487315080963538
-0.028754227977266587
-0.0289539544024274
-0.030006271662711286
-0.02909203613264476
-0.03012976017150251
-0.029688517040270656
-0.029324043482424712
-0.02979429853748282
-0.02942417760861681
-0.029455625901740452
-0.029697952996135726
-0.030555301685354207
-0.030178992040118285
-0.029929987666476383
-0.03116793025143266
-0.030023208917330638
-0.03110559902638816
-0.030299684985912578
-0.03146078597355229
-0.030364404898782716
-0.031338193997712885
-0.03107358175265179
-0.031721238690890594
-0.031098589505828077
-0.031271973234088486
-0.031098398464200545
-0.031319847174729354
-0.031063163312148107
-0.03209823797961403
-0.031043216329389785
-0.03145130425376464
-0.031036626510186557
-0.031129835590281308
-0.03152020352824532
-0.03247296796070437
-0.032106694809245113
-0.032046557755193605
-0.03236744065434934
-0.032592637586461526
-0.032318256187419604
-0.03287455777325881
-0.03225393405249966
-0.03260521152051132
-0.033176618237093655
-0.03233095466685629
-0.032014445244758195
-0.033362477496320826
-0.03321503142141096
-0.03301703174545016
-0.03327120040493773
-0.03355055195311554
-0.033204072800718645
-0.03233755203215739
-0.03244109617808812
-0.03333262212927759
-0.0337987981747905
-0.03310611247924983
-0.03339344896741268
-0.03311050137771154
-0.03304206250662867
-0.033957752840329376
-0.03353322060812015
-0.03381679596769842
-0.03399449774817608
-0.033717893570749446
-0.033065961658435186
-0.03333917634301687
-0.03351404852662356
-0.03382528235290446
-0.03330644241332353
-0.03366727726504958
-0.03431477803825738
-0.03395484126884833
-0.03403598101190526
-0.034690896846259776
-0.034676559273813204
-0.03494467133757811
-0.033673428902718454
-0.03405727477812265
-0.034556202253156594
-0.03438098680220302
-0.03384811276117786
-0.03421014018538529
-0.03499446702946663
-0.035244643026656926
-0.03531235320431977
-0.034549198113791924
-0.0347829432863455
-0.03413540910597332
-0.03467542715264515
-0.03417874959877902
-0.035097869331361976
-0.03474599904461458
-0.034360468050708415
-0.03466973019128356
-0.035295065013842414
-0.03568615922352788
-0.03554904320428387
-0.035131406748920735
-0.03578640241721688
-0.03452083961078532
-0.03551108575258989
-0.03463296932112821
-0.035116323055191266
-0.035333558583304364
-0.034645654217412246
-0.03560560358255207
-0.03570901738966919
-0.035036746581273696
-0.03469850930452991
-0.03597500089827455
-0.035685207300065955
-0.03550359799202611
-0.034929673090015254
-0.03497647233255986
-0.035689962486903995
-0.03578855495512014
-0.03539379235687371
-0.03543609206435291
-0.03588191763023588
-0.03637624491794446
-0.03633609033807329
-0.035582031903043924
-0.03507952819214712
-0.03530203617211709
-0.036034336919273324
-0.035195754118619436
-0.035590798904488095
-0.03557627143357999
-0.03629350608444901
-0.03619158357241085
-0.0351840804690151
-0.035363159379415025
-0.03517709464374904
-0.0354628629143724
-0.03536673045621047
-0.03542672602806664
-0.03555187397988617
-0.03611263011117081
-0.03628986953788461
-0.035552323046291155
-0.03638877684141219
-0.03615850534720825
-0.036122727143961954
-0.03599965946325106
-0.03518355008048785
-0.03624091074648803
-0.03526008761167459
-0.03659015253360662
-0.03532044650434568
-0.035228855813875734
-0.03619398661698358
-0.03624699893723211
-0.03579741923875969
-0.03640567660586852
-0.03551387288705156
-0.03592233416317518
-0.035400633083184
-0.03654657068379514
-0.03563480203261359
-0.03583648847480921
-0.035633518103667945
-0.03536767411071495
-0.0356573759163428
-0.03589370249403179
-0.03543684291775707
-0.036297939380076055
-0.035484592308103434
-0.03619782353024936
-0.035457467391433045
-0.03632854664013978
-0.03529324027512224
-0.03509821124463325
-0.03600993449612418
-0.035467249540390273
-0.035559927340638876
-0.03627131839153003
-0.035576386098278165
-0.035644492878002296
-0.035589987243937415
-0.035569558689106086
-0.03555971917498028
-0.035000300659241486
-0.03507977119610846
-0.0352580499745132
-0.03574008312434283
-0.034853464283673675
-0.0345844210240417
-0.03565300371866621
-0.03443772322247879
-0.03522421849755443
-0.03558930431388249
-0.03539708449500901
-0.03548030755580094
-0.03421553374686717
-0.03493713260453128
-0.03433045803628575
-0.03540996208341373
-0.03419673116735272
-0.034557522148370066
-0.035080041458533155
-0.03447028998699073
-0.03469110525847135
-0.03416906491958799
-0.03519863698630538
-0.03387912474528793
-0.03436614505222624
-0.03451613664974853
-0.0337452913676974
-0.03416961119355788
-0.03480270118565972
-0.03415206498429451
-0.03419201465247543
-0.0341073218643335
-0.03361928993797233
-0.033696848756223
-0.03439525357783475
-0.0334482537913019
-0.03312701782693029
-0.03314346556235886
-0.03416409233405774
-0.03395037486469285
-0.03277886406718097
-0.03359122433770465
-0.03351647414679499
-0.03313403053018783
-0.03392937365049647
-0.0325861262636755
-0.03309351603140408
-0.03313248825802748
-0.032625961244367334
-0.033461931891743846
-0.03316089176179082
-0.03215338036888257
-0.03233859971091202
-0.032404728614086636
-0.0318767710571136
-0.03278193871435312
-0.03217374113666675
-0.03195665319418044
-0.03234268771204791
-0.03178530877247309
-0.03233275924232581
-0.031600854284270834
-0.03164049895685937
-0.031243943313314034
-0.031853657382807626
-0.03175898993327771
-0.03181124854228194
-0.031222023275137574
-0.03178448073141311
-0.030831652679104874
-0.030696372245402514
-0.03165942534724671
-0.03122278549909627
-0.03101467951197139
-0.030718999642877224
-0.030958276123720315
-0.03135995955976738
-0.029832809136312956
-0.031196434243765555
-0.03042889103654101
-0.03100489644929281
-0.029670725621390472
-0.030397554435121793
-0.029255592432061345
-0.02926262145367863
-0.029859325929264578
-0.03012374920937423
-0.030265252244713985
-0.0295389919787602
-0.029029928711085375
-0.029652525951200673
-0.02987490059612029
-0.028681510868567385
-0.028440627988933456
-0.029383066427727922
-0.028595140373351927
-0.027981848262893173
-0.027853379371260614
-0.02866025101604565
-0.027506279723057928
-0.027576959170584815
-0.028688616080450157
-0.027789043419205645
-0.027774712267284344
-0.02824004820933034
-0.02747633199361644
-0.027579264689366462
-0.027795984091968394
-0.026800944444417368
-0.027070915481639868
-0.02632311303315844
-0.026847850367444324
-0.025961713568352994
-0.027110676592234536
-0.026337515904708172
-0.02699317490803034
-0.02651055434729034
-0.02674310996575725
-0.02548153377024734
-0.02603098739758381
-0.02526520776234361
-0.025456931933152214
-0.024832409082853592
-0.025000155203726487
-0.025260459790870014
-0.024616475932167155
-0.024480939898658623
-0.024742542151834645
-0.024906543860548018
-0.02492410114443895
-0.024243004477311345
-0.023631923890986537
-0.023870422363773413
-0.024340487470305996
-0.024361117061146673
-0.024368573813824904
-0.022770703542181896
-0.02300319873298077
-0.022944464633895986
-0.022850665794589806
-0.02292665336366985
-0.023050552161951943
-0.022620725373683193
-0.022137365809725078
-0.022709523267792048
-0.021434114078985
-0.022628008249874775
-0.021158914190913897
-0.02135550142000032
-0.02216083942656854
-0.02115501076701515
-0.021939657943543755
-0.020758247600235234
-0.02090420347397786
-0.021547101642804562
-0.020747294039008213
-0.02031269090940697
-0.020151635585916632
-0.020890342396165513
-0.020759972338649613
-0.02002152234540264
-0.0199626579877782
-0.019488565386145795
-0.01902321059018106
-0.019369157598485783
-0.01959956381942456
-0.018829648658596935
-0.018758232497856405
-0.019153017802562726
-0.017820557454155613
-0.01806944946651991
-0.018663145320633963
-0.01829889974819553
-0.01798721367358431
-0.017733477391692346
-0.016805579788679848
-0.017436367887754073
-0.017307899634750833
-0.01682584324829151
-0.016963397960180884
-0.016486714058882086
-0.016523618844669297
-0.016384832810289067
-0.015341844149139588
-0.016606564473534518
-0.01614007080162585
-0.015226738283643891
-0.015640174120420295
-0.01520529271972481
-0.014769488929532363
-0.015277724731673204
-0.014158873316934795
-0.014530425364309296
-0.013815442213878095
-0.014152325661167491
-0.01342493496964332
-0.01332915747344747
-0.014027228302902406
-0.013890351378729694
-0.01306241548551999
-0.012489759753856869
-0.012461099341224942
-0.01292945380732061
-0.013189900223746456
-0.011893636501935114
-0.01146305622555115
-0.012496598439452567
-0.012135048238585034
-0.011789846572573533
-0.011430105673085313
-0.011649965269281182
-0.01129049602479962
-0.01061407145617451
-0.010188698006402727
-0.011166608702383916
-0.010941429513113351
-0.009583856296982206
-0.01073494547078422
-0.00990155430814527
-0.00907155094699451
-0.00900089620075536
-0.009022942280701782
-0.00938647574955423
-0.009169954497356584
-0.008312209832568663
-0.008638706870373275
-0.00801025066108386
-0.00829660346194601
-0.0077732067912964845
-0.008218886377681232
-0.007973488477047173
-0.007695637916879456
-0.007883372363294916
-0.006619032721273373
-0.006237188219780313
-0.0067617915297638375
-0.006394397134029644
-0.006456084961655503
-0.005353059771626079
-0.005851291252092702
-0.0054253483584716985
-0.004969674334219828
-0.005305907098406354
-0.004999674044676426
-0.005431593364189992
-0.005147840165380113
-0.0038643547099830827
-0.0037676636586569485
-0.0033823472388863174
-0.0031699923309432463
-0.0038070647885535985
-0.003872554804484848
-0.003750366118885526
-0.003019405308494478
-0.0033059638927682915
-0.002911936192361266
-0.002966934402150358
-0.002033607719249244
-0.001588466135521706
-0.002073801881313169
-0.0018920008893331959
-0.0009267784793714229
-0.0006746585527193587
-0.0006165447121161291
-0.0012361279926419286
-0.0011188092233427583
-0.001063711402753007
-0.0007153089572374263
-0.0007011886278745301
8.017672235168003e-05
0.0008230714193214522
0.0008633215939263077
0.0005329353453729269
0.0009206421114894723
0.0002512972237597573
0.0012705436359129304
0.0016925748868922995
0.002122754492845899
0.0010585607799454759
0.0023725123290976517
0.0018800399033107767
0.0017230149424258894
0.0030563183777763724
0.0028727388437723915
0.003359555108844585
0.003490250692866372
0.00387531682302656
0.004082425512816744
0.0032537775817792036
0.003700559165048645
0.003340035055594779
0.0048101361467950635
0.004855819587538304
0.004220485879252076
0.004340160908760086
0.004323988607822955
0.005830725619489647
0.005512218088082537
0.005045679077013884
0.005975423963935696
0.006185000932377519
0.005582250871560875
0.006665460247399216
0.007030309008162155
0.007133988176001507
0.007302402640241126
0.006652543382632904
0.006939322074862826
0.0073526860544113355
0.007885205364804011
0.00864314070237044
0.00797751306215332
0.008689423327960596
0.008366929607678018
0.008673995660592314
0.008887704088089272
0.009656129044198982
0.00989250252665739
0.009649023908966985
0.009633125385915365
0.010195468597643921
0.009600530966233306
0.009888352633317674
0.010881610462675733
0.011187408215408175
0.010248170347718999
0.010843689968809175
0.01139882762781492
0.011300256211350666
0.011221612310782792
0.011805711498698065
0.011715625919894026
0.01206792756352237
0.012058252860646887
0.012005059431880166
0.012796259396056366
0.012529874504025294
0.012971187957134424
0.012421584954123103
0.014042486388985207
0.013291166743118466
0.013566628103220135
0.01322262651979168
0.01387625145025458
0.014674021595050116
0.015088240832452028
0.014549711029076798
0.014723608858768198
0.014668489580923871
0.01500909231185811
0.015922915610955806
0.015835350535458446
0.015648715896153072
0.015399009300578
0.015798441358222386
0.016687444792846694
0.01606637589331581
0.016336479208326843
0.01673723967799
0.017468932920516368
0.016619488146277256
0.016978310284648933
0.017812237380569296
0.017478794911757165
0.018473536017834823
0.018237229164048938
0.018171893161569898
0.017771081362977212
0.01778342999731218
0.018976608485552673
0.01897507173097334
0.019402111929611898
0.019388660595603704
0.019754712838607153
0.0194338542756241
0.01920898981184938
0.01959067963920224
0.019952591489306594
0.02063035375646609
0.020439747782885473
0.019931149721001473
0.020132440135565248
0.020531514941386053
0.020269626685523755
0.021767392597483594
0.021453533026005528
0.021454283724006377
0.02121567039762018
0.02242595809810978
0.021761864176426105
0.021881459850290857
0.02185858659351865
0.022720641219587143
0.02243805518655628
0.02316041548248585
0.02289991480368614
0.02338554770575366
0.023632220044197006
0.023308564900672967
0.023644668989091087
0.023808115510011933
0.02402890524596398
0.023075495097910986
0.023627682266529282
0.02405687028046753
0.023932296578458443
0.023912451232239215
0.02487603939800672
0.024941171504377305
0.024425783050863206
0.024860639815370726
0.02527859627570381
0.025370842770828565
0.025475641361061535
0.025403360195575497
0.0253680453887053
0.025242592640514244
0.02669287458322616
0.02669027268210228
0.026064130898373672
0.0268510965732177
0.02674244239778768
0.027018466304077948
0.026817977478658665
0.02631636718722277
0.027083087848743363
0.026401102227310683
0.027122714071041526
0.028104401703829034
0.02787411036440536
0.027055693810459774
0.027043197715116523
0.02716242474965712
0.027937351440164907
0.027531007042439173
0.028129987921314232
0.027755064655211086
0.029002092308680817
0.02904590622364374
0.028815711532916295
0.02915060776198658
0.02970879512628227
0.028634832396723885
0.029722459774386124
0.02966849049681971
0.02968610816228711
0.02977500269303056
0.030142860455636546
0.029405664897656954
0.029861055154726566
0.029583637534468358
0.030870696791454696
0.030287053298592895
0.030168252661710276
0.030712203918175657
0.0310952354429525
0.030733829355906
0.030083015242093305
0.03161427019136184
0.031150728262257076
0.03168730179049556
0.03078965221877988
0.03120042831908809
0.030790562612760648
0.03202963371595419
0.031085882614489503
0.03177011507051471
0.03230719781821428
0.031250963524453945
0.03273255376933637
0.032839623652811005
0.03288601238298927
0.03214082437299321
0.03242115475032868
0.032508329368347376
0.032968210995318936
0.03230055913602318
0.0321972883416292
0.032802397151810055
0.033103672080723553
0.03319669404112314
0.03335378243269021
0.03263102554990042
0.03375028256832964
0.032687759348349894
0.0336929685500124
0.033964163705891885
0.03367548657909875
0.033438527353560656
0.03353607391807015
0.03392623255775743
0.03351087403806984
0.033899160126597834
0.03465532851250406
0.03359183293788678
0.033743349615681435
0.034644807428299874
0.03360088486411857
0.03446995213288493
0.03515652337721697
0.034443419044460084
0.03514829775371236
0.03504298270310667
0.03474643629882032
0.034492355063475616
0.03449157891876106
0.03537333588641657
0.03575228166223143
0.03512171969880467
0.03577760355039576
0.0353042703817512
0.03561666732825809
0.03592073454747793
0.034791722844501244
0.0361214969815962
0.03623719754713573
0.036060294766704165
0.03610318366472554
0.03585909471996798
0.03624909913487277
0.03544782358132235
0.03558673728931888
0.035809910794052414
0.03582400854914136
0.036322772062115316
0.03666398562144948
0.036146011240294734
0.035811451504800244
0.03652749169235033
0.03651587695208958
0.03554073130447246
0.03662163248226157
0.0355831231965386
0.03677224044762283
0.036333492068182816
0.036338411561927145
0.0364768363084515
0.036277828629633684
0.03691596190098223
0.03586879427827658
0.037318300524379344
0.03681511723334124
0.03648561708581908
0.03626626865174797
0.037336726000163564
0.036414813651118025
0.03617506647612727
0.037172908793081404
0.03669418781163123
0.03751852649450875
0.03714884472868469
0.036296661848515294
0.036726662630234774
0.03668924207483449
0.03679539932531149
0.03714436474707207
0.036893111671059804
0.03700991537412263
0.036882348695089995
0.036436233782504775
0.03761957731613528
0.03662001863301778
0.037290275715770205
0.03654708041903752
0.03732739545678134
0.03740319430322732
0.03696138022254562
0.037309584902580885
0.037320048713144253
0.036629537077490705
0.03680468173210094
0.03682894540568382
0.0374437266312326
0.03792152600695994
0.037317810247020584
0.03784606539773703
0.0376781405287596
0.03794389733117705
0.03724221761306083
0.0378378590963304
0.03711209539271182
0.036772104602267895
0.03680673148707216
0.038060979469787794
0.03668990653610227
0.0372956651559475
0.03696648037301457
0.03696304956128733
0.03693777356564543
0.03799780837698302
0.03759427756782484
0.036540082763031785
0.037357522839666604
0.037579719105823035
0.0366620719344033
0.03715022752338231
0.0365271871178737
0.03748003155243276
0.036972972724008395
0.036883156484795704
0.03701291610406663
0.03685189665246266
0.03756422297855132
0.037059498245745545
0.03668775118812901
0.03714653080579207
0.03763965623247032
0.03645602493305998
0.037478953080913764
0.03678882496442746
0.03724325257105875
0.036620148677994124
0.0376864690242015
0.036704020916281284
0.03722770782019568
0.03638677555868276
0.03631166100252202
0.03651269056770441
0.036715692852394635
0.03728814257675303
0.036902222284186034
0.03744502413848651
0.03642958163857633
0.036259775502428884
0.03654044036508375
0.03634000954965901
0.03612103758205913
0.03595358630269515
0.03688810271691765
0.03656582707680259
0.035825805405954966
0.03716983244591957
0.03612733524579117
0.03650327283606419
0.035920258491581175
0.036542559011639546
0.036264278771189914
0.036531740101997945
0.03681464953798783
0.03643411584034039
0.03579050718407232
0.035383969850958374
0.03679104174629076
0.036721486494977716
0.035476270396751594
0.035442168549792985
0.03525312356800423
0.0364053997635564
0.036410930033427893
0.036082437362135386
0.0362956898153565
0.03496012251151929
0.03629036950797147
0.03599154397058535
0.035072790965965675
0.035406144585318794
0.03481039086502223
0.035352876533949515
0.034917294804989556
0.03476401169947381
0.03597366130131516
0.03444247545324283
0.035673932774564904
0.0351224249358316
0.035649089813875226
0.034337796236314375
0.03495165523506304
0.035124861204061796
0.035582970107959105
0.03524229515058465
0.035161512689903314
0.034164165565892066
0.0340724809004687
0.03406435856562245
0.0345890068317626
0.03406491479256246
0.034014194855501854
0.03395256756020011
0.034095230534456886
0.03491389398250694
0.03446298659123693
0.034645640641481214
0.03455450122683446
0.03465154344567124
0.03397192849162781
0.03344094062780765
0.033761359127017304
0.03318125046739762
0.03320117574468404
0.03328861135550835
0.033360263376655014
0.03352698640763284
0.03345814286969544
0.03377949902557771
0.033698448311244286
0.033521748255051456
0.0332602187985773
0.03351381205396242
0.03330514185776051
0.03360304739360538
0.03313832098597994
0.03319110061341917
0.03306401936688023
0.03288333580037617
0.03224972393867524
0.032906547482869294
0.031904636543142635
0.03169898520117863
0.032399259672837424
0.03239849778184001
0.032442993651685535
0.031632306060517264
0.03156878010073564
0.03130207208329496
0.032022272625622225
0.031948100233951095
0.0313435461153655
0.031132380445449567
0.030973696752586297
0.030878830367952918
0.03164294360701275
0.031162050113860904
0.030539498406506643
0.030551197638285878
0.030409002573209
0.030653368170341522
0.031175846379115957
0.031247738478144407
0.03084001869984223
0.030692782672967038
0.030558069153086866
0.030320405267729417
0.030129603441220208
0.030970035290627976
0.029724802895297126
0.030554378149022125
0.02975613050631784
0.030013760981518468
0.029705446703416842
0.029410027460542762
0.030469638424866993
0.030411064401816876
0.0303723742517079
0.030252325029798573
0.029489833504244032
0.028854765841471744
0.029413241896924267
0.029775987513494192
0.029570050864362075
0.02917311440719641
0.028909823593237946
0.02860579742505999
0.02910295482981637
0.028998949058505703
0.028382329048354117
0.028087811046805786
0.02837568173967447
0.029197495726065323
0.0288340653620684
0.02764592428699027
0.02872508554314888
0.028276497099769687
0.02738207454342971
0.02822680467543231
0.02866849778924076
0.027596172133495436
0.027456957320007826
0.028372543495649286
0.027371178993522594
0.0277105750585587
0.02675947017777052
0.02687706516268239
0.027413361230772083
0.02699641393511684
0.02766783633561902
0.02743479482723691
0.026662702255175193
0.0260790183636762
0.026129125737809514
0.02671781581350345
0.02605510041441269
0.02705273276747688
0.025988783496121905
0.02661815432590011
0.0267439001812831
0.025613085867788574
0.026265157332348726
0.02612065083483272
0.02660627840955942
0.026043916510128263
0.025122194299571098
0.026349533462401206
0.02517096520169802
0.025142021590868032
0.02574890644864907
0.025197881900531214
0.025705513438122385
0.024556522701852778
0.025314910692849437
0.02431088022259187
0.02455784703128379
0.02483185145088555
0.02428322770610314
0.02429336447023136
0.02472370902869181
0.023682546028083395
0.024526926170013407
0.023585681029775124
0.023943429747745108
0.02333675123745891
0.02323692887344314
0.02317701254950325
0.023787368076202166
0.023476913870229356
0.02345190334860113
0.023110082985724506
0.02347239382579776
0.024001351122664737
0.022773606797149275
0.02289571199801457
0.02316247855377651
0.02273287510754615
0.02359199982228538
0.023440280741055634
0.023026124034743512
0.022758919336579916
0.02272832896599873
0.022488490534235506
0.022852168090849476
0.022330637354525985
0.02267579855409961
0.02242866800691411
0.02215718151353495
0.02216029997886993
0.022636613453704234
0.022432029226260704
0.022227063243136082
0.0216637989911853
0.021050725413161248
0.021578966270604263
0.021169833110927457
0.021538620299915996
0.021526524739299405
0.021121594796870084
0.02151518775773304
0.02054967987832161
0.020403045154250208
0.020100512526093423
0.020689586736480955
0.020772835225246648
0.019852750425637618
0.020395811770891177
0.020777833773563573
0.02094518999934832
0.020519931605124747
0.02047127284610164
0.020110132562148678
0.020547007205208304
0.02036626773705732
0.019892816191229
0.019871674314925165
0.019205674846108772
0.01992019733445798
0.01949684734762062
0.018701912002782907
0.019018410873444906
0.019323172848441383
0.019699816708853145
0.018766765401906995
0.019466740275032264
0.019470938969296036
0.0193088470062851
0.01872311535544283
0.01933819817276529
0.018923998544073877
0.017821810516273455
0.017861465883006956
0.01819680413840239
0.01829039339633428
0.017518880285420927
0.017858312330420574
0.0183102797035205
0.01726497602910082
0.01715596951158599
0.017755443826813724
0.017933308936249313
0.017567805485726343
0.018106287847944456
0.017120764454352365
0.017352246762912357
0.016819801658289096
0.017014620549668468
0.016506452420311547
0.016959207780209682
0.016673244265360702
0.01637027772094324
0.017113117695738426
0.016389390692493067
0.01713516236189223
0.01656970931066265
0.017022356281304076
0.015870751997373502
0.0158298469241436
0.016203026275045728
0.01597958614118665
0.01581826380050659
0.015559607487251636
0.016460809141610515
0.016457784512887395
0.015319273472336584
0.016374563827874496
0.01505521092566809
0.014800931047657574
0.015583356427669717
0.015929725330222747
0.015429180957754212
0.014987092867877007
0.014771680713030541
0.015246352186504315
0.015289878240751087
0.01475380233587221
0.01478645477668339
0.014615902805849738
0.014530074814617173
0.015060250494477475
0.015015714017676108
0.01410339140934277
0.014794080021651102
0.013609193457809973
0.014428443635998644
0.01371879536623045
0.014211337290845076
0.013435550287429208
0.013721001811889429
0.013342565965963978
0.013464388816739906
0.014176996471506461
0.013649740442225526
0.013995400938542187
0.013290670965037133
0.012800893886286725
0.013113643451001713
0.013639544033302085
0.01326647618384331
0.013621296689460292
0.013012796491368528
0.013517556401097775
0.012270266184744263
0.012694498050407644
0.012476940784510969
0.012809225694557305
0.013222591846744822
0.012895228607543852
0.012664351107196247
0.01248490537599205
0.012834412869734708
0.012322453846594465
0.011952232373756555
0.012007833511090651
0.012079364659693247
0.01172107123197436
0.01261348470544761
0.011495613246915004
0.012199569175425012
0.011402733515198202
0.011309000690010104
0.011858383916241373
0.011101765509007901
0.01153282133995753
0.011638552439977681
0.01145131246514232
0.011488373980563845
0.011627508359599878
0.010938774541253509
0.011330467928191082
0.010801237866513923
0.011535524261355082
0.011091061239844898
0.01125871999880141
0.011409649438303112
0.010725346231589146
0.01039467505504881
0.010390118628804887
0.011312131622244452
0.010684866056535723
0.011255425428878571
0.01038050364056975
0.011164872811939243
0.01012298337990637
0.010590143704248305
0.010304673445302198
0.010942182348857524
0.010544254731846364
0.009479405721037844
0.010297531382693433
0.00988650633046335
0.010145228655949799
0.010428929768369437
0.010178356923466065
0.009162579980460701
0.01028935111482007
0.010269600749254685
0.009378889663813445
0.009665508741899732
0.008936851630782306
0.009134077972801868
0.008916822876300025
0.008592264395045913
0.01004217963898482
0.009072453764977362
0.008766962498833509
0.009772493192604837
0.009485655425632261
0.009359445826693107
0.009549324677441632
0.008187772067344187
0.008977097251915684
0.008640053902186067
0.0081338610167922
0.009376230357186972
0.00924303777483223
0.008015573069667492
0.008555899928789211
0.008235062760653005
0.007719329232895944
0.00860280328324994
0.008543344616989707
0.008873149916747475
0.007935873927260861
0.008362330219985547
0.008138326439895986
0.008020298929681762
0.007754399802651615
0.007666678250937839
0.00804072888329065
0.007916880606021632
0.007550481342471256
0.007909964248692171
0.0075403738627402425
0.007102230535428377
0.007002872006142986
0.0083147427442619
0.007633559700238433
0.0069080692385789354
0.00775076370505756
0.007178881694538918
0.007783001780216978
0.006713749461114639
0.007788669867493364
0.0068523792549342105
0.006677247092928808
0.006517458470904599
0.007036199217919661
0.0070441038467514575
0.007635935612782615
0.007415211227365564
0.007097147401425895
0.006536560725734705
0.007590796677796106
0.006810672861493919
0.006365230343829652
0.006855053848805596
0.007219157498911646
0.006304235290191389
0.007385730733262584
0.007000700234108271
0.006996109655813482
0.006332454841020413
0.006245223571324385
0.0060493027931157566
0.005866736353322584
0.006559822032387368
0.007021404492585453
0.0065094011721041015
0.006210105813293203
0.006241985561472183
0.006183997423571418
0.006416232351476108
0.006355666718118038
0.005388005264936796
0.006441474741123478
0.005976838890353363
0.006398123507104894
0.005658880794556976
0.005906626458609043
0.005492758726054688
0.005355532988565343
0.006257006404253517
0.006070217354793666
0.005031764935040402
0.00622413750374961
0.005911764286784289
0.005206428154082429
0.005529276722504379
0.005823589360587293
0.004762610767862446
0.005260932775686154
0.005721416344998823
0.004725685420020801
0.005167290540672729
0.004817722101072813
0.005958286136411384
0.005681228975326289
0.005481347835226866
0.004844873642957068
0.005421257844277891
0.005657115804826415
0.005402545024500831
0.005370384037815249
0.005052146970059865
0.004410288876853407
0.005275959361133224
0.004718303069177271
0.004341711447035236
0.004149645143525584
0.004206168710214235
0.00474148290751384
0.004385208890563172
0.004056782760488497
0.005078443964242901
0.0053730446804288335
0.004570459909560048
0.0051928798229413506
0.004754291595671235
0.004342834122717399
0.004987413402903722
0.0052003626553441176
0.004234097055690844
0.004305422516524838
0.0046258270505668215
0.004204312561807404
0.003970077749700121
0.0035801949906250122
0.004663045021270805
0.004712867100322358
0.004661963076669476
0.00467976928876937
0.004168543729837327
0.0035482390511260577
0.0036378782985251484
0.0037870378078627026
0.003769788995449776
0.004243809987038241
0.004117500894717492
0.004152533711855359
0.004254508059264463
0.003322158792687337
0.003550108460136711
0.004449214797611581
0.003498312398102568
0.003660499372254502
0.0038984107972473117
0.004025842781669493
0.00430534304707553
0.004352433848901481
0.003716029333454502
0.0033655197006844657
0.004374825468840115
0.003969298530647854
0.002876309150878419
0.0029181021891624566
0.002843222445811455
0.003497795271957596
0.003999481892432556
0.0033512947687466734
0.003509831391418727
0.003736011934834852
0.004130332191682136
0.003564346705304248
0.003273547500376437
0.003237984636663334
0.003537002050697133
0.0031581831812852582
0.0026607755765875895
0.0033080899581351
0.0027953936457052863
0.003036165185053949
0.003453602640698954
0.0028574708401370107
0.002773474349378757
0.0027557131063557024
0.002694514638175243
0.0038329529886932685
0.0024846967137185155
0.003250929867457842
