-0.0020922462047789337
-0.0016297170096695691
-0.0009450950632191958
-0.002251853529081944
-0.00152978238905742
-0.0013857223235218608
-0.001391724838614329
-0.002247745617363219
-0.0021535829547731054
-0.002050974516532
-0.0014776809915464332
-0.001350031454022382
-0.0022037982758641894
-0.0014286693014959155
-0.002554832055567218
-0.0013737434117971356
-0.002073383725514395
-0.0014698394514177115
-0.0014357219571650391
-0.0017163851498032423
-0.0021225042396944673
-0.0016162755050026228
-0.0017184811208928459
-0.0021075578014692325
-0.001989376835546659
-0.002829306970718941
-0.0022420818967991162
-0.0021616617811017805
-0.002478152306194185
-0.002793110480557685
-0.0016933692646419769
-0.0015611947379652682
-0.0024148052559071083
-0.00247495671114743
-0.002545759200111919
-0.002455219671290904
-0.002703801810791023
-0.0020896718754500844
-0.002828337118725031
-0.00291177949931258
-0.0021004013931067438
-0.0028115713011560212
-0.0021618391348545633
-0.0031080859579375596
-0.0019399664802501621
-0.002279886490447825
-0.0027716588606626624
-0.002574577353647451
-0.002514058696041434
-0.0029015504380414266
-0.0021396670859369807
-0.0027801477622964436
-0.0028073221114098836
-0.0022447676485453896
-0.00234981944157756
-0.0031761331192374314
-0.0033026271357809085
-0.0028142680090608957
-0.0037204271314804386
-0.003394149669116875
-0.003274761147982698
-0.003356353742125848
-0.0029157791212971068
-0.0034177458891920002
-0.003789092751233856
-0.0032545053727320436
-0.0029165355594681077
-0.0035120377185761473
-0.002894528548617061
-0.0037470632853938367
-0.003613642192632641
-0.003578621734873173
-0.0032941652587462323
-0.00274635963357181
-0.0037045750443190557
-0.003356712144773075
-0.002820928735433318
-0.003900791323390185
-0.003254861296369435
-0.0031702238369358503
-0.0029398225600982815
-0.003673567324617936
-0.0031528498997378464
-0.0035806162348834807
-0.004485881971316791
-0.0038624671310039664
-0.0031328809043064984
-0.004341687766424436
-0.004315262331970715
-0.004245432691272006
-0.004328145409651834
-0.003891604646013516
-0.0038407672174966554
-0.004707274740946178
-0.003457541382042501
-0.004022969987420312
-0.0040668266353502845
-0.004377443392520539
-0.004320309965544468
-0.004516543948108789
-0.004662571682238521
-0.0036887885677856216
-0.00494440094510598
-0.00495202527176135
-0.00398907037362141
-0.005180243487201367
-0.0051211607250250535
-0.005267118775291146
-0.003963079336389267
-0.0039368333316178485
-0.004560708999439291
-0.005317467490072997
-0.005016398142353052
-0.005033460047544351
-0.0054416729394610565
-0.00527392025340141
-0.004435797484332363
-0.004324369247991947
-0.0055548384664958735
-0.004759429926990072
-0.004529267978756645
-0.004654621763633764
-0.00452471552254071
-0.0047533691596311715
-0.00484006485757969
-0.006008087358833387
-0.005495638408899126
-0.005800890222060414
-0.0052560280259130706
-0.005096473959339182
-0.005147767697342331
-0.005322106927173645
-0.004895919855791262
-0.00641562592901021
-0.005866113234479742
-0.0058355599890938525
-0.005757593443823705
-0.00574352857296058
-0.005628554184978421
-0.005349878601214893
-0.005728262334083953
-0.006135749133123157
-0.00650118287374139
-0.006295210387246594
-0.005557938997878376
-0.006154427351735423
-0.005735303738840684
-0.005709153900413158
-0.006734054039835399
-0.006054323427332176
-0.006391808070801928
-0.007072206657923511
-0.005941189064607225
-0.006073613402629805
-0.0064569617748944375
-0.007409587099287171
-0.006788076805452429
-0.007123705186892923
-0.007273608250961935
-0.006856965196650571
-0.006907562071979112
-0.006580528326206272
-0.007701615647325629
-0.006659532774866007
-0.00654489841765691
-0.007813475828333747
-0.007404869800241097
-0.0072848229656953005
-0.007359192679915421
-0.006927970497699138
-0.007153068183778045
-0.007584927177404375
-0.007222310336250144
-0.007816822952675223
-0.0077330965410675944
-0.008282950161846207
-0.00807342456213953
-0.0076203113183714215
-0.008481963108792085
-0.007959995235650372
-0.008377237530499534
-0.008088516007783519
-0.008064541438700253
-0.008218973773026602
-0.007491809073968898
-0.00889548697259169
-0.00821794293333843
-0.007849461676393365
-0.008144305276018107
-0.009169958095194969
-0.008872736916672076
-0.007914146192634832
-0.008376477775331738
-0.00927435661797245
-0.009310016784316538
-0.009142830865057724
-0.009447970648917456
-0.008981949923851634
-0.009784675332475247
-0.008818301927241739
-0.009025511936289601
-0.009473003981178268
-0.009836802459436777
-0.00924979708620565
-0.010117760574531079
-0.009510753285382577
-0.008761825303731452
-0.009864385932383386
-0.010387589888911912
-0.009395577077519203
-0.009274040410318447
-0.009907628480203403
-0.009945699080341205
-0.010326471322974977
-0.010092405707926744
-0.00958367568251269
-0.01045576445124078
-0.01033080857904926
-0.010932954875531647
-0.009879442987648293
-0.01009520037873031
-0.009732583833281433
-0.010425028534956644
-0.010727704827441583
-0.011190161701113815
-0.01016512235013159
-0.010130842907661978
-0.011435729252106053
-0.01069034718550659
-0.011476007967058303
-0.011217542831332793
-0.010904090227244836
-0.010725115679431664
-0.01188211984433515
-0.01187380058557184
-0.0112119766886469
-0.0109224052076141
-0.011132959579537994
-0.012090913036833026
-0.01223688047223498
-0.011613898114968069
-0.012274375186207859
-0.012512297120735295
-0.01234754724739658
-0.011528731401782746
-0.011377923280652558
-0.012146445853895248
-0.012856049203866755
-0.012373163084972922
-0.012476672458380817
-0.012643718393354925
-0.012201938233124581
-0.012920173099970627
-0.01282712291433443
-0.012726374566840153
-0.013106343870927916
-0.012370044328190576
-0.012550312731835307
-0.013278904492642503
-0.013340641977626149
-0.012794231566119415
-0.012933318931318018
-0.012581385222829812
-0.013958260717605857
-0.01361360888174995
-0.013859245841227583
-0.012864890611680927
-0.013709677001188704
-0.013562021496925982
-0.013329344493952596
-0.014372688922812729
-0.013955065178316692
-0.013289822151696688
-0.0146481309985188
-0.013936207991037144
-0.01405060902824341
-0.013872308232928152
-0.014403651709672546
-0.014435858573394217
-0.014559333201933304
-0.014319679755589078
-0.014377996982753754
-0.014884094417934693
-0.01473385289800925
-0.014277095686258139
-0.015421956286843145
-0.01468509884768922
-0.015154223109646996
-0.015122093617516378
-0.015321464929050135
-0.01543683081167868
-0.015968641263952088
-0.014917173921451648
-0.015033822563858398
-0.01543124996983279
-0.015523108667525234
-0.015924339230025442
-0.016235138549227566
-0.01677822860616219
-0.015524787025623965
-0.016477544561505984
-0.015945341915892575
-0.017120054547103393
-0.01608200180950319
-0.017030019520706863
-0.017201708418238027
-0.016621454673624924
-0.017508388432916498
-0.01675139628410412
-0.0176138585992273
-0.016282810638988454
-0.016852374285726605
-0.016777033668621946
-0.016901406230522425
-0.017010937398456372
-0.017510719623712156
-0.01687922996679089
-0.01717046780552601
-0.017112736867335533
-0.01789747947163963
-0.01759974050992754
-0.018083305829302766
-0.018527471840002432
-0.018357627495183843
-0.017603636557549002
-0.018649694480495325
-0.018621288213902267
-0.018649214174903183
-0.018124285820151742
-0.018069942746812454
-0.019359103799272942
-0.019473620492272654
-0.019517342710266165
-0.019452830837151054
-0.01863164944995566
-0.01921496660396046
-0.018765303734225674
-0.019483753791530035
-0.02000589692202374
-0.01932680982660412
-0.019776341181565626
-0.019384259161213828
-0.019435740176185875
-0.019841446647345273
-0.02053244277526321
-0.02063139355498931
-0.020675370271277166
-0.020368851037268168
-0.020270090816948735
-0.019739245962690992
-0.020704942872753214
-0.020716394735809548
-0.020512755896089745
-0.021254827073606816
-0.021261899048112196
-0.020502759333635903
-0.020749472544087152
-0.0205032597529433
-0.021111264096294626
-0.021788257744860512
-0.02094753242624399
-0.020636327583396757
-0.020973493124084187
-0.021007578940721375
-0.02229844789140371
-0.022218062112367272
-0.021566677789299476
-0.02114912540244278
-0.0214693693383931
-0.021875688136485643
-0.021898666479499285
-0.02166590691766262
-0.021914756189077293
-0.02204063836445655
-0.022165411921907324
-0.023279947096835254
-0.023132694584480945
-0.023429398074325817
-0.022328616367605733
-0.023177438596347227
-0.023297893474796844
-0.022900650756125206
-0.023465278127000177
-0.023976132778214573
-0.023273090250935873
-0.024117117763380377
-0.023895705327684445
-0.02377744525579139
-0.023092326268378753
-0.023482936031123045
-0.024030063266551938
-0.023686288437779777
-0.024764054791808654
-0.023861921473573834
-0.02411109860784813
-0.024260607969027972
-0.025019239097447604
-0.02374013034985295
-0.02504395792712974
-0.02509918342053997
-0.02402003230561666
-0.02516701962732399
-0.0242756513625399
-0.025211330746847335
-0.024805216183863135
-0.024441012040783146
-0.025321664354384297
-0.025142475595266715
-0.026145327392476683
-0.025737774561614326
-0.025572216511810165
-0.02535938271106424
-0.02590568800289083
-0.02515788585278735
-0.025876529696682467
-0.025920505648937647
-0.026078311025518868
-0.02624943315596037
-0.02588258127895912
-0.025880633051397105
-0.025773291020448674
-0.0264105323810724
-0.026657418403380085
-0.02716001975386505
-0.026686688749683943
-0.02709358486958582
-0.02757524490938654
-0.027519915826218506
-0.02680602739275117
-0.02717169976850999
-0.026761110977022697
-0.026629919342347593
-0.026859238847897263
-0.027568733267153565
-0.026974042047765944
-0.027660020953946957
-0.027590846012530694
-0.027281013173579536
-0.02841719730364794
-0.027946304851099262
-0.028444783140757327
-0.028770326258690623
-0.028819172208922283
-0.027628095580660345
-0.029174450961756644
-0.028737563462240847
-0.028220403274852368
-0.028063354288353735
-0.0284590037756869
-0.029006871279603132
-0.028931680975672672
-0.02858178685745608
-0.028422066215662036
-0.029514496425650953
-0.02876225138697959
-0.029394763593802244
-0.028939610336282975
-0.028820066729282633
-0.028784245635066423
-0.029521613020884335
-0.029170783072585884
-0.029961566228129587
-0.02986661246520923
-0.030573092674282504
-0.029499798561619352
-0.02941777879448525
-0.030213162318617107
-0.030589175401149794
-0.030951052291495827
-0.030004662789656494
-0.030030589445941704
-0.0301444966892876
-0.030294496093252302
-0.02990418765996219
-0.031204244584183236
-0.031031584160010735
-0.031132746105701836
-0.030562708538071658
-0.030756950468750592
-0.03138571169375517
-0.03153452224264722
-0.030494200378515735
-0.03140175513509113
-0.03167165841762182
-0.0314155197096402
-0.03122289572688978
-0.031500723713793664
-0.032272834833307264
-0.031408188811240335
-0.0324883690790562
-0.03248476430042516
-0.03116854023798453
-0.032261251848843354
-0.03251609596405367
-0.03271830179011459
-0.03281584058628647
-0.032447249679667806
-0.03302297574896109
-0.03303543621324361
-0.032109294516095746
-0.03279572738404684
-0.031918929269698984
-0.0324412967059206
-0.03288423224765034
-0.03304641869491914
-0.03289848109117411
-0.03303990084455851
-0.032623820212833624
-0.03234262681928348
-0.032495111477878216
-0.03301569232282891
-0.03280706306246094
-0.03285212065002831
-0.03324362219365473
-0.0340126191576298
-0.03311549209757541
-0.03279365421098404
-0.034077292322221245
-0.03305622778472878
-0.033361641843123464
-0.033934004921783126
-0.0339786035257616
-0.034092324164841425
-0.03410511424819071
-0.034311342372141285
-0.03403921102652717
-0.033186938391793236
-0.03326582344872793
-0.03430610124022939
-0.034618672007888304
-0.03450296942804625
-0.03394592682861989
-0.03368304120008575
-0.03362765294822336
-0.03386872038768963
-0.03464493613911847
-0.03366761423372824
-0.034321490707992654
-0.0347819859269739
-0.03397502580579447
-0.03486137800191556
-0.0349235916480483
-0.03503361588881291
-0.034912653143490964
-0.03402138129064905
-0.03507524085589597
-0.035187517752722886
-0.035338601002252785
-0.034455903548117846
-0.03528497446719483
-0.03541053830246975
-0.03451741953288861
-0.03487133625390165
-0.0344905592866185
-0.03571797296224712
-0.03533136888777449
-0.034504897513222124
-0.035759535055467806
-0.03488178181530035
-0.03511599164869631
-0.0346545260663357
-0.03596200622886446
-0.03480947110776478
-0.035697118931466244
-0.03518145643023366
-0.03493441350094502
-0.03477027698340024
-0.03481366156758793
-0.03601766401358495
-0.035515003447323765
-0.0361530777214976
-0.0349337562877032
-0.03557767145091688
-0.03519250715902416
-0.035944144093302044
-0.035351966084190334
-0.03618581990701183
-0.036086793973973956
-0.03567380135437744
-0.03594677992532861
-0.03542739552588515
-0.03546167572466661
-0.035985761143086596
-0.03535568676728625
-0.03611927350221584
-0.03585136121504402
-0.03636843759776217
-0.03579498982403321
-0.03591814844976926
-0.03536654487014572
-0.03585061499199879
-0.035137084120046236
-0.03527571574819627
-0.0355037980728845
-0.03526249212913358
-0.03552532023121362
-0.03595522663355287
-0.035213601541229635
-0.03581849930919641
-0.03525550541042806
-0.035724080329737506
-0.03605444968006634
-0.03555788559504281
-0.036092696307257886
-0.03633474847323379
-0.0358237059974504
-0.03537641171761681
-0.036621316151379875
-0.035703918549271144
-0.03628314510087317
-0.035671774469091234
-0.03643716230456763
-0.03515702859492423
-0.03523507792412275
-0.03521905985800851
-0.035925528150851364
-0.036503739120631415
-0.03623212195056512
-0.0354660302703053
-0.035842523214550066
-0.0358673123465407
-0.035970672008066265
-0.03586896986926662
-0.035926753269742026
-0.03507237782764282
-0.03525426508782431
-0.03586207217292837
-0.03515863741723025
-0.0363659047793594
-0.0354646562190903
-0.035326327799918456
-0.03501292851301167
-0.03555393086527406
-0.035719953826668635
-0.03620066518223918
-0.035182373594546776
-0.03585828318769789
-0.03580562960429826
-0.03581460625302919
-0.0354531356511479
-0.03593033981669194
-0.03504929723335589
-0.03575472372776984
-0.03545965925675329
-0.03567319144137178
-0.0355539320744917
-0.03495258316509747
-0.03440480768194514
-0.03493274747270039
-0.035092459863724106
-0.03567103342483365
-0.035199984301229253
-0.03477587629912187
-0.034801150411433265
-0.035195850750408694
-0.03518856473634122
-0.03492951298281172
-0.035089563039934026
-0.03427891782951056
-0.03408551643349426
-0.03390341501480942
-0.03422996568031973
-0.035050693526152296
-0.034664858205377014
-0.03489867813195738
-0.034910905449428355
-0.03378875818962147
-0.03396618925415131
-0.034607671515306165
-0.03343532293988703
-0.03424779888213671
-0.034300668260000666
-0.03403726445376214
-0.034587567256580604
-0.033170407700857295
-0.03316189600896036
-0.03314900050526308
-0.03436641187062952
-0.03311407793742969
-0.03414095286459616
-0.033929985282950076
-0.03314618735389806
-0.033654582896569855
-0.033602459513268935
-0.03333423238512947
-0.03249316602404827
-0.0333638022019065
-0.03336300561708449
-0.0331281304902228
-0.0332005367194941
-0.033212280528930105
-0.03261531564457319
-0.03233163485690227
-0.0329279614036814
-0.03170796022764739
-0.03255200951293686
-0.032000401018604574
-0.03230618277378272
-0.03177899237816434
-0.03195489429031485
-0.031729638478897
-0.03173500562066148
-0.03176652729392904
-0.03151561271637456
-0.032284242583575984
-0.03201480346047373
-0.03221003551626026
-0.031545930577499125
-0.03075481773418707
-0.031524058996102444
-0.030388682519112257
-0.030865703895340983
-0.03026737383394409
-0.030390928899468185
-0.031099317075637966
-0.030203651039558497
-0.030308157474041766
-0.030924105976462973
-0.030935966987046395
-0.02956522025942376
-0.030670949253700744
-0.029782898265939457
-0.030321034375493442
-0.02961278843591808
-0.02985614412768322
-0.029858971064676394
-0.030085075978795728
-0.02955504382941419
-0.028681412102368513
-0.028549811111476378
-0.028435961489196804
-0.028818571269004303
-0.028989133062053078
-0.028701716719185838
-0.028333967248601623
-0.029114690159880018
-0.028778569046515996
-0.02832031715883679
-0.02896952400858317
-0.027899114595203
-0.028447131184913366
-0.027580431487621418
-0.027052873652637213
-0.02697850556244179
-0.028089030133338962
-0.02799303313260828
-0.028050391403162497
-0.027355586605481524
-0.026767333771833688
-0.027292656722454085
-0.026743301150845437
-0.02614716844910134
-0.02662831229966131
-0.026950729357636323
-0.02596200470122273
-0.026232393444090705
-0.0257419056620567
-0.026152340611329795
-0.025882196921622
-0.02527397441219413
-0.025171444033365662
-0.02492312864433035
-0.024835554818398428
-0.02495192741538737
-0.02483495282090266
-0.024602333854989084
-0.024178242585437815
-0.024400705804321
-0.024322014601773703
-0.024241184744554344
-0.024136958514898926
-0.02332009417517066
-0.024574277667960564
-0.02321347484371251
-0.024331115184680018
-0.02410720070612285
-0.02268266440287471
-0.0238426628220561
-0.023322204869350664
-0.023577674648146474
-0.022549003838790556
-0.02202998390960301
-0.02294184012094894
-0.02207181659062999
-0.021918303829898633
-0.022543318434938824
-0.022381454536863726
-0.021685120521350996
-0.02197561853483545
-0.021245257060233412
-0.02191185217658371
-0.021005200557598903
-0.02076598576859698
-0.020395766767237727
-0.020586395985883698
-0.02087405874794925
-0.02075929914040347
-0.019575693245245253
-0.020206675170018118
-0.02026214573357102
-0.0200530503395263
-0.018941349086843074
-0.019915247981969825
-0.019029282486666986
-0.01889191644092147
-0.01815519948499273
-0.019253910528947534
-0.019221238446829762
-0.018765963077871362
-0.018730579493840386
-0.018022711043408766
-0.018669589568831704
-0.0177302999096949
-0.01759029469947984
-0.016858359996796066
-0.016703315757352337
-0.016862762616515092
-0.017215047823031234
-0.017121052192910245
-0.016819178829951983
-0.016866044678906875
-0.016232846107128232
-0.016107368110434474
-0.015486526165496086
-0.01593100300356319
-0.015795460383522236
-0.015287460496341249
-0.01475829748795089
-0.014615797169199229
-0.014342137170887026
-0.01493628420069434
-0.01471644933440384
-0.01369435239183619
-0.014569073596368906
-0.014671718816565415
-0.01390470833197001
-0.013363486053172457
-0.01304682435660265
-0.012585939698430498
-0.013707549157444732
-0.012855404086732518
-0.012390160603212578
-0.013285136421956705
-0.012159450069315882
-0.011829234103316126
-0.011565572561357134
-0.011571319173026754
-0.01106614823113788
-0.01182175272700145
-0.01119536962013718
-0.011050162514631439
-0.011514280008876826
-0.011333772281997662
-0.010398997928873976
-0.01078184067593421
-0.010465357025996668
-0.010348464949978526
-0.010158527741368766
-0.009646053166631674
-0.009062302355436433
-0.00958825148392088
-0.008779946069542879
-0.009031862444241803
-0.009193130682528182
-0.00775833720301734
-0.008797767071114881
-0.008231016874933243
-0.008574645783895128
-0.007512653132954869
-0.006906556306416419
-0.007191779526324508
-0.006972837558631748
-0.006686870761484513
-0.007476749072446416
-0.006284332593581441
-0.00702595249156682
-0.005493744291071207
-0.005493889581373174
-0.005811825931072629
-0.005817008552059959
-0.005511985877540346
-0.0056468009541915795
-0.004570570059386742
-0.004689712187640621
-0.0046887809609293925
-0.004263042824911749
-0.004201818350578917
-0.003372212592244903
-0.004262738765846482
-0.003908373559078954
-0.0034933529651816455
-0.003658261728266916
-0.003181015970252859
-0.0035390568840676087
-0.0031865999650501106
-0.0026433906096465327
-0.0026424156914680186
-0.002564871809284762
-0.0013444729110186969
-0.00220760604264969
-0.0021761849875650626
-0.0009036326920609356
-0.0008966891339697063
-0.000730571430390181
-0.0013326554278751306
7.593093055585343e-05
-0.00037345402773248515
-0.0005368708019672376
0.0002654761503248894
0.0006556753728112955
-0.00023314208922763037
-5.922555160794344e-05
8.369691078066685e-05
0.0010006294798972472
0.0016059701522995325
0.0007459774424896381
0.0013807761206694677
0.0012554759418354209
0.0017129095277236747
0.002844850234490538
0.0019788650900934702
0.0021885756517223843
0.003108298798144447
0.003098328322995935
0.0034316614598255816
0.0034177437840785304
0.0038233786121241757
0.004429069953147524
0.003952728238313823
0.0035652033460338876
0.0038737846760634196
0.003992578200193205
0.004063470128975152
0.0041354343721463635
0.005493548476563642
0.005149665408597059
0.005215911142964671
0.005791817810329135
0.0051893430364902
0.006754829775228081
0.00678069416269141
0.006108581394423153
0.00680105587278029
0.007477110222393074
0.006895110934083663
0.007429937957591609
0.007776759057821289
0.006959514431221353
0.008254113016537135
0.0077260519192210485
0.007770862465127103
0.008847349751784665
0.00818666208557831
0.008459641548927997
0.009260273774130865
0.009746282042830505
0.009074699771259248
0.00974266464397652
0.010003395031052473
0.009461529019637515
0.009510433586370113
0.00971952048996698
0.010577158876791474
0.010427217880081645
0.010353984101609245
0.010640495313240222
0.010780527100662038
0.010711047067278625
0.010756770529135444
0.011476032908873165
0.012062517125077837
0.012284574174494868
0.01260143252116356
0.011697228861741989
0.013138872806530592
0.012644251177055421
0.01223082860974823
0.012821190589260768
0.0129674099339951
0.013575783935906263
0.0130011255942069
0.013158251256149858
0.01333738690107728
0.013667343966471802
0.015143509520358428
0.01435371641994284
0.015036387622367232
0.015480740788307527
0.01554568060806058
0.014858410422513804
0.016119017460917477
0.016301242930395296
0.015207361025175987
0.01607772462989471
0.01677623999896318
0.017050269475487614
0.015839191423391057
0.016669866936578844
0.016583737011281376
0.0174549444295074
0.017271683883618674
0.01671779383404938
0.017517890476657732
0.017702711522035137
0.018014496964068306
0.017354832857094035
0.018138091181599567
0.018920691239829025
0.01800272839154151
0.019494016796231348
0.0194219623531294
0.018502777039310307
0.019835576062371088
0.019501300883483397
0.019726856754196696
0.01938126603536744
0.019888919202630896
0.019554642003976153
0.02057452697556216
0.019656980404190245
0.019867886436245638
0.021314654734500973
0.02082942131816227
0.02067074629729013
0.021786142000221
0.021792727214458164
0.021040128970651332
0.02133322876694383
0.02218235642215321
0.02188257029885665
0.021540385156030562
0.02252624308375985
0.022922201284396433
0.02238626576970665
0.022280474639352742
0.022577669352288224
0.022671348228893575
0.023799946018297335
0.022815874306990575
0.02286100629929055
0.023558321584057403
0.023163067373952635
0.023300494553164745
0.024001232003763813
0.023518247677799895
0.02388766827148463
0.024132009636842092
0.024825247789449945
0.02417726023134449
0.025578185051564957
0.02449928916009164
0.025562816735333067
0.02548703614508247
0.026002692065830037
0.025549814728038252
0.025771688935572353
0.025286706435168272
0.02588805593815811
0.025793651355477547
0.025925722704675764
0.026248909726485102
0.026713615501144768
0.02740837882272688
0.02656662673557952
0.026342685484261746
0.026602536982446193
0.027640841417262366
0.02794322316414818
0.027336057617963226
0.02797182720298308
0.027201198500445584
0.028405820333192354
0.027700739662111028
0.02826745963639187
0.027801087339532453
0.028300743844364755
0.028435041278076525
0.027993450859471258
0.028330885459474764
0.028635801683017614
0.02867066285800497
0.029602200282634987
0.029984332921462437
0.028744863904674532
0.029196948084060124
0.02900854270906302
0.02999630231161899
0.029181740882381776
0.029488482713114314
0.030531935074350775
0.029891090409203885
0.030845146520224086
0.031097125027732316
0.031143356546988566
0.03085288004435084
0.030291843730619692
0.031271914387176504
0.031150886601225773
0.030575404476431173
0.030717656253529787
0.030668736474739455
0.030944591356643715
0.0307901347812343
0.032191778433435236
0.032352832048001136
0.03144824120425617
0.031455783872535656
0.03168269680331905
0.03269344470967817
0.031482822483009085
0.031657879568615925
0.032319205996721244
0.03287803691323034
0.031918842556648216
0.03192605752308387
0.03336542425879223
0.03258923034585614
0.0322927339141276
0.03224467696243904
0.03249528067300945
0.033798582559363605
0.03372447760897888
0.03305769366842992
0.03398060734992712
0.03385222695130803
0.03396625660504851
0.03383318116191366
0.03303871484111034
0.03360755132144235
0.0332597312281507
0.03464792109113448
0.03343517305829485
0.03478010811184292
0.034687385176705256
0.03387088370907262
0.03461312215521177
0.03399511962697787
0.03512484865866081
0.03446228101673314
0.03493975059951428
0.03407862331044171
0.035000708335623174
0.03422825181986637
0.035526924049093245
0.03471160830064997
0.03472095569399713
0.035599339749658857
0.035730591307546446
0.03500767189601312
0.03462051661446694
0.0350139011067238
0.0359936610686736
0.03491956053160635
0.034672794960124126
0.035031233695598525
0.03551973081766635
0.03602607144038549
0.035186063184987626
0.036057995546847965
0.03627099609999335
0.03645913872027031
0.03636567892688473
0.03599995983572459
0.035236184511352305
0.036047756641406185
0.03552216841813285
0.03659373088446768
0.03605765465683595
0.03620697350950527
0.03628220490922024
0.035581035342570615
0.0366730389332058
0.035916637999880464
0.0361720320861526
0.03616601827511861
0.0363890763358821
0.03574704971301468
0.03662672086924253
0.035993939181936295
0.03629855449406537
0.03628542930017968
0.036274285853009285
0.03627981497873261
0.0362625134289264
0.03625504850011607
0.03693229666596369
0.03643881612348356
0.03622113714488114
0.037533677429847555
0.0368951711099962
0.036841221093689654
0.037359527464128184
0.03738121097804371
0.03729342794659893
0.036871302995432016
0.03653836128377984
0.036491768508364796
0.03633449404110726
0.03638029982239607
0.03681328511902358
0.03762757269910597
0.03656845904627017
0.03763992262774915
0.03673451251430283
0.037816447510489924
0.037808132339181295
0.03788788025954197
0.03773679930269194
0.037578864485416585
0.03776350871592494
0.037774830862787025
0.03718119234868294
0.037055198065405796
0.03769630729995238
0.037124818082457205
0.03777865434017078
0.03784526056291558
0.03694672078779272
0.03663576894066298
0.037660553611405155
0.03760589500965679
0.03806002167803507
0.036848797373062535
0.0367871228393158
0.03696012900099032
0.03783934919515231
0.03790679374049692
0.0373270602110429
0.036714213563045106
0.03777366793991293
0.03774405071236273
0.037648783539094066
0.03773018864367169
0.03767670221517054
0.037726835856015106
0.037418688079094695
0.03677422673745852
0.037803944691077306
0.03683283055374066
0.03777422835314372
0.03707525142317702
0.03776316088846801
0.03721381166748032
0.037152656339169345
0.036752714965040366
0.03649175938878779
0.03639582877393229
0.03654364555039089
0.03701462842544343
0.036802549917124255
0.03650046514137126
0.037199973863184056
0.036716744641436455
0.036850203341971956
0.03652803149676469
0.03697384295957977
0.03746783621189381
0.03755324641527973
0.03673718243631041
0.03618401983233215
0.03663464869191934
0.03641654922488158
0.037108795594313335
0.03700902035625746
0.03618186581668355
0.037178967990372985
0.03674585480683524
0.03632889536062008
0.03687826579032614
0.03685520635449289
0.03652122966980731
0.03709592317087104
0.03605972488868727
0.0370184682606998
0.036084838768943854
0.03672412627448491
0.03556372300019831
0.036568594388026655
0.03690983805636555
0.03550946572385298
0.036321314154262874
0.03562062132299704
0.03673856029057934
0.03575906467797464
0.03523628613323875
0.03573525136914369
0.036142439838309656
0.03604017751556755
0.0359177509885014
0.03537942994601072
0.03627320005855111
0.035563677769466576
0.03626407727546063
0.03522144786021609
0.035982179070785235
0.03617812254478035
0.035829420691497735
0.03587096399670256
0.03462112784785808
0.034806243162934444
0.03518686017613219
0.03528515071884733
0.034489398363397504
0.03527255154117192
0.03424587767677115
0.034363859607009786
0.03456601774492514
0.034807767555853165
0.03475101647124983
0.034523261046266844
0.03517076932130741
0.034044238879205595
0.03413031078721694
0.03519093188045195
0.03384387893371332
0.034184974593619355
0.03505469185204313
0.03403820797423414
0.03468664878437622
0.03449278796799889
0.03429074536482205
0.033396394035822
0.03353621342721147
0.033875351867769035
0.03396527195859746
0.03330444569632691
0.033322315522996866
0.03374649287031826
0.033832936023830515
0.033260785866041094
0.032868739620944165
0.03403013162335765
0.03326116807033184
0.032749646188168974
0.032528625404910784
0.03273407306984587
0.03348304500588443
0.032717314543016546
0.03359806044972832
0.03355235143138878
0.032385676260213166
0.03244775489965723
0.03192359597440907
0.03192971728805012
0.033031646639059754
0.03246273763967254
0.03207270333227175
0.03222208854766393
0.03206554173131991
0.03250660979594075
0.03239404341510624
0.032272255781028825
0.03146202750925887
0.0325727202423313
0.03226294759731225
0.03185376613944768
0.03162619389642048
0.031032046615105544
0.031641411371009245
0.031245113762860214
0.03137751566767658
0.03150869582827687
0.031632568336981345
0.03172387732553355
0.031279057311514945
0.0302292927028557
0.03126600642820147
0.03126826274004435
0.03133867904555797
0.030014257908476834
0.031116320844664352
0.031038063568253706
0.031146523516891518
0.029994449521212708
0.030316892800144834
0.03048855921365206
0.030478217076780684
0.030654118628917478
0.02928293871452439
0.029219110484486405
0.02917677678608844
0.02966848866499171
0.02928287158098764
0.03013336498898395
0.030037590819614823
0.02888127399891839
0.028661809340614658
0.02992456847399512
0.02964185246856447
0.029444836269815432
0.028931698938668378
0.029590588784883794
0.028245590586377715
0.028395983566082545
0.02820814024386637
0.028920850827681952
0.027785237407019287
0.028893366467795494
0.027878360816645378
0.0277889397891229
0.027774296836473703
0.02777361058204633
0.028442508995209635
0.027473725244203637
0.028289081190121128
0.027420936902839154
0.028104761243487278
0.027617466289840995
0.028133176692292986
0.02809055219345457
0.02750144895390037
0.026689649377685757
0.02661182794015825
0.026822739223847494
0.027644628147488547
0.026489245821666788
0.026749130753580052
0.027006908092143747
0.02647474927717255
0.02677494813707685
0.025903361490537253
0.026792741968585294
0.026753045915295443
0.025972618130319782
0.025577171848040287
0.026501964346638006
0.02561231093835523
0.025523710956503954
0.026334603566922347
0.025886696525351978
0.025456100872992254
0.025495456406440492
0.02607213722387158
0.025294029325760446
0.02522426060478377
0.024950606734005815
0.025137234517164993
0.024853712114001645
0.025466582652840086
0.02414135261476089
0.024148391196889087
0.024126522702692034
0.02464468383123956
0.024986828960607235
0.02368445245026062
0.023762329977249683
0.024881350852827666
0.023689248865466462
0.023538042552993434
0.023748987325877404
0.023242715941579357
0.02403315913842369
0.02433792013176384
0.023506237706394137
0.023328300880924798
0.022777904649778816
0.023627767482591582
0.023206068377887936
0.02287220367268636
0.02285021806687565
0.023052229114337602
0.023136292797358755
0.022851569169219856
0.02228136712729754
0.023076535708328946
0.02216585754569034
0.02296018577982369
0.023137904261247434
0.02171181504840707
0.021477445502134856
0.02194438465591467
0.02166758244797454
0.02265964197704725
0.022392394549286
0.021913075968007064
0.022152894545857497
0.021064901255609732
0.02105689928084758
0.020928358624868557
0.022015490596448563
0.02165092257005588
0.021013102473271175
0.021790128909464728
0.021024125626195572
0.02065157964455784
0.020491683645710676
0.02011202706567521
0.020328886024938833
0.02037620727693438
0.02126694392744186
0.020505072946542593
0.01981476929254352
0.02013610017622294
0.020072783739660434
0.01955887879492569
0.02075573591916499
0.019480095610878878
0.019652433039439737
0.01949671483794468
0.019515598666826103
0.019770893474975914
0.019046907486549167
0.018721014296750205
0.0193638497653453
0.018745414601829734
0.019022886775682896
0.019328058193086507
0.018905518423968065
0.019116505200197316
0.01953407706493539
0.018878138444125083
0.01936942363300195
0.01926270563561484
0.017788131446227692
0.01882053376678359
0.018313878098912863
0.018850592845297803
0.017582941617015603
0.01840040196358877
0.018543396059709893
0.0182454112540021
0.018358609062356635
0.018403518368500033
0.0178863310148375
0.01736719434817414
0.017187530938680362
0.017042486436449348
0.01727428682958268
0.01756793822957324
0.01757142061349389
0.016527169751399087
0.01727526982897407
0.017430404294302718
0.016234038643423373
0.01740921347191458
0.017396870032778823
0.016520722979756028
0.01589719051306523
0.01678234827611913
0.01639767000086622
0.015904515804773117
0.016175200373796227
0.01576216522104549
0.015674766477912938
0.016278262140973446
0.015579140285862844
0.01634192716376098
0.01646773721815915
0.01628802070817173
0.016350346461558574
0.01545018300106551
0.015519593948849386
0.01522078818515758
0.01472235730463785
0.015885164476051684
0.01581888888523783
0.0151487165130542
0.015196794768509835
0.014741529935803195
0.015153338074817037
0.015084053350345563
0.015061083272645222
0.014078818301570092
0.013983528927185544
0.014812277012084605
0.014586503545854166
0.014525292036183555
0.014157899733272543
0.015014516509034513
0.014894361010004546
0.013660951060651835
0.013814224888724207
0.014299383074846229
0.013219718380386561
0.013730291950662665
0.014290029311713215
0.012975280445009816
0.01351188841801969
0.013238554412001783
0.014244457560832495
0.012904651045540581
0.013644363759361726
0.013178792899232437
0.012777452171655908
0.01387662481084569
0.013047353166449885
0.013382954098789934
0.013470666414200015
0.012740641191781213
0.012865208714904805
0.013179091605151329
0.013155230410175517
0.012250594296677183
0.012802817128911978
0.012034201765081683
0.011801714989529465
0.012413538649321107
0.012633647902320931
0.011634136396981312
0.012323031068443777
0.011999967537501656
0.012350578219279604
0.0120653103129544
0.011519238997274665
0.012494041076970455
0.012082991633697807
0.011255393702794911
0.012103874892600995
0.01166133981684226
0.01217001072721452
0.01171222193949504
0.010684645709291974
0.011411916517791318
0.010786378438571208
0.011941246563340667
0.010921293484510056
0.01122652140814882
0.011681289423282733
0.01109967855476721
0.01097705035134387
0.010443881756653693
0.011217476947695931
0.010525477728194468
0.010569802274690317
0.011292829885603184
0.011240848987485692
0.01035260962466595
0.010964814718369024
0.009730779309473534
0.010842825367663478
0.010038542571418828
0.009720373607336692
0.010371458339182231
0.010087097276398073
0.010109676394671162
0.009234813043644641
0.010605799590766431
0.009912444028162867
0.010189406298620907
0.009919693782899707
0.00923424999401304
0.010101702295108884
0.00973370608594061
0.009071070355724005
0.009840678924992583
0.008992944806002092
0.008991521364412693
0.008840033954980515
0.009988112138567071
0.009618920860593896
0.009099238548309647
0.009552101352826936
0.008608330403608463
0.009145527156528593
0.009599500845706004
0.008860531452329002
0.009498044818966067
0.008128144786812614
0.009183515480201245
0.008712473130148779
0.008629858460462035
0.007937330387203508
0.0078083350596126495
0.009015862929810489
0.008204795684119161
0.00893142777760723
0.008349330831355575
0.00868869004935467
0.008658228992694743
0.00842641730450631
0.007525464381685643
0.008175031010489173
0.008604558002201855
0.008391926886288977
0.008608566740775172
0.007230491404783931
0.0074002625654084105
0.007035243024173146
0.007045325382074682
0.007456903092542291
0.0069699890048126574
0.008118984570433786
0.007639698865971247
0.008072966559401007
0.007966909122405733
0.007889575139127827
0.007908661665598303
0.006775648218193448
0.006730472400954479
0.007300739300761848
0.007197079024460593
0.006462071626725926
0.00783403744912126
0.0064350785832322475
0.006998246671243072
0.007596134215767576
0.006341567526990899
0.006586420684068521
0.006629903034783653
0.007183941420834832
0.007166870657264396
0.00693563449049212
0.006067026905469729
0.00615150782949603
0.007015838292062015
0.005833647181259708
0.006581251369265955
0.005974458140724194
0.00684213431133745
0.005894522371378126
0.006415609737119242
0.005753346380455293
0.006257451770281361
0.0061838064765209555
0.005896894257694359
0.006764075851868798
0.006127088880173427
0.005776281980229532
0.006096017048352229
0.0059002103755785296
0.006542270268479828
0.005593977547760907
0.006499505646204821
0.005153475730164973
0.0057773602612424405
0.006362700179175321
0.00517814850276632
0.005211668122993722
0.005469101379266234
0.00559558317499349
0.00592386233925892
0.006046203040610739
0.005961108713122479
0.004855990385221056
0.005698915833413195
0.006072287411317403
0.004734736904007594
0.004635517096297214
0.004871927058372679
0.00477477141858728
0.005420254258814337
0.005226424849694548
0.005514093751052061
0.004825513495143549
0.005441745570272062
0.005279053052434917
0.005619147163427656
0.005313826262974981
0.005125403041273869
0.005658069824811678
0.004913430912486849
0.004173020936034059
0.0045378198100252485
0.004506297506973488
0.004350473475032645
0.005385426417888133
0.0054643595787249605
0.004797003997144492
0.003943982750233292
0.004970237892163924
0.005299758905244678
0.005316580198860188
0.005052351582507319
0.004956587782961723
0.005021554777980274
0.004482863681356922
0.00440305215400195
0.004533576740409997
0.00419004096333431
0.00427922496980174
0.003779688429498916
0.003581130617402078
0.004255273218427699
0.003923419883159781
0.004033186798131969
0.004196995349367723
0.004426287999469837
0.003540688189681012
0.003583943804994342
0.004689740337386607
0.0041018954748036456
0.0034361714945762402
0.0037296481681019455
0.0035768928584762145
0.004248955857532714
0.004065088258200916
0.003506882035721961
0.0036599125792238936
0.004566331234697362
0.0040867428624153206
0.0034490309001153244
0.003907059722961486
0.0037995159467382462
0.0034736952080002674
0.0036217012557441582
0.004311942602709077
0.004131198838240408
0.0035946979644975235
0.003913196584631682
0.00416625078580779
0.003645862112594145
0.004178510329583388
0.0036012111358993885
0.003461290957090969
0.002913333279600853
0.003380353235991853
0.004100049507334116
0.004047904903550852
0.0037350835772681635
0.002685533698914448
0.003044429453598918
0.0027680783499134743
0.0033110435801946567
0.003998599467768693
0.0026171920814664316
0.003833820565441818
0.0034371179578268694
0.0037400014915830175
0.0033959916024207952
0.0024527665958820207
0.003533979982925859
0.003620217438865232
0.002921353034097523
0.002373652123787926
