-0.0010629483680026826
-0.002129517427748305
-0.0018760882295407158
-0.0019108426765646548
-0.0013275242834944992
-0.0021800142586453648
-0.0017178575657244937
-0.0021805848066273853
-0.0019877276732365237
-0.0021388699112373294
-0.0014435040523329463
-0.0017236742084735252
-0.0016174141330076077
-0.001827895475307222
-0.0023805104542088526
-0.0016598059079660995
-0.001517160012080165
-0.0021147199843265033
-0.0022291980322869374
-0.001853373144099691
-0.0014001402315210738
-0.0016857467824099284
-0.0017957157140294072
-0.0016779196631992583
-0.0015513321416122962
-0.0019470518655157307
-0.002650016844098608
-0.0022031364120054103
-0.0028121530132226053
-0.0025759673288392286
-0.002534338569018863
-0.002715194374468338
-0.0026484766524823983
-0.002488580793448837
-0.0021545575885716373
-0.002766796910050784
-0.0017987020053483152
-0.0024266039196175954
-0.0031797009435656095
-0.002993880397168028
-0.0019023485512722428
-0.002277606331444617
-0.0022533159821630263
-0.0031402078163334604
-0.002774441678581971
-0.002916537174083443
-0.00255346407462257
-0.002319628949983416
-0.00211641228303891
-0.00219769631885453
-0.0021803837288232003
-0.002745256061679286
-0.00346685411261431
-0.003425034510451665
-0.0032178182196516574
-0.0031374553875690137
-0.003523372322225333
-0.0022599896278443607
-0.0034941347537022598
-0.003632439099794144
-0.0031982967164119716
-0.003701140812323458
-0.0037351796272493045
-0.0031447624542317457
-0.002999423567021036
-0.0025399672780140594
-0.0036793662576013004
-0.0029651500946818827
-0.003392093754883411
-0.0035554318410824836
-0.002623677577093096
-0.0032687495415372574
-0.0036777310746597134
-0.0032578866632966344
-0.0029607380006678513
-0.0037423808080369373
-0.003131186483124612
-0.004214224044680537
-0.0038308606216312957
-0.004272272844915225
-0.003252117722714756
-0.00368588456561666
-0.0035481678715443507
-0.004430780387569381
-0.003206544023755845
-0.00456101644629033
-0.0038511836777252416
-0.00408257518470584
-0.0036263903340853516
-0.004231126036557664
-0.00462331689990054
-0.003621911337616653
-0.0035544733667795393
-0.004095843418005887
-0.00463749094103383
-0.004361838154161164
-0.004694225709910121
-0.004656898460194627
-0.0046608423017300135
-0.0044824701421492825
-0.004285534245593657
-0.0038949703633618413
-0.004331467842567847
-0.005160365935875089
-0.003825030435118773
-0.003953473055792243
-0.00484610894026066
-0.005358630030146153
-0.004762282627282207
-0.004756752519413366
-0.004470895496539711
-0.004274480217268916
-0.005434696706241667
-0.005597790420344592
-0.005507791869259841
-0.004626919541261663
-0.005676002290743756
-0.0055366607495944626
-0.005649391719374017
-0.0046891923123096885
-0.005558625727961566
-0.005098638738578992
-0.004568366884121351
-0.004676188691048908
-0.005850589134866145
-0.004802758691746077
-0.005925542660923868
-0.00470819787905215
-0.006031259451334745
-0.005388622875352411
-0.005382449220100104
-0.005668826558448553
-0.004923356166212095
-0.006057956990101126
-0.005808807354575011
-0.005631869858088025
-0.006162466928415487
-0.006230768446604166
-0.006067749507133921
-0.005385532110895764
-0.005973743558553248
-0.005666501553311319
-0.005695179053101931
-0.006434703530542437
-0.0061920603134179
-0.006857856360194764
-0.006367077991513398
-0.005962586831325305
-0.005732277839860477
-0.006393119556096477
-0.00647274502671742
-0.0057750150550142385
-0.006353871991200055
-0.0070336858694515
-0.00662774595181186
-0.00710425858953138
-0.006974180006032148
-0.0063689730724311834
-0.006765504275248894
-0.006283367722485045
-0.006644497027670595
-0.0064806590459930025
-0.007614957917963879
-0.006745005734654899
-0.007701448659864506
-0.006614943256805615
-0.006814677094538292
-0.007301722963439079
-0.006885115182386982
-0.007922871295779479
-0.007537152837760776
-0.007084924325503082
-0.00775924696315579
-0.0072915678002841485
-0.007010193565335721
-0.007877427417978321
-0.007557857973698444
-0.0075879996395348615
-0.007226382026143952
-0.00864849655958497
-0.008615425226916922
-0.007407607451113039
-0.008841440869653012
-0.00820994445936357
-0.008385054045650023
-0.008391584219413037
-0.008582987968063595
-0.009017657031434029
-0.00893728695993772
-0.008388645737779827
-0.008163588273942056
-0.008593512336080735
-0.008681813729389318
-0.009388822817981018
-0.009049292043976791
-0.00943700919817148
-0.008284978551559654
-0.00962411730868358
-0.008688005230630546
-0.008381272195752534
-0.008458163292518823
-0.009859666324320095
-0.008961211683160782
-0.009514975013629108
-0.009226308823515323
-0.009504659228439072
-0.009945629238345933
-0.010273571156787962
-0.009598126970372907
-0.009005710681244871
-0.009737973427616608
-0.01004109177472885
-0.009313999656734916
-0.01061371577475555
-0.00994329862327679
-0.009582228265663377
-0.01053376681740247
-0.009767210420970387
-0.01033899561854479
-0.009889766983549842
-0.010668321113869585
-0.01035907430299045
-0.011014053273759258
-0.011004135121106708
-0.010309021266586194
-0.010111956540693958
-0.010786679298958726
-0.010369502276716756
-0.010539696258493455
-0.010451579984655436
-0.010755766677932444
-0.01049046297376974
-0.011418445677478649
-0.011294906968064507
-0.010579563999459099
-0.012056927730161813
-0.010934694818133346
-0.010783665891477527
-0.012043353492534025
-0.012368247635530415
-0.011384043202225396
-0.012445445306066892
-0.011464104551151082
-0.01172923648425387
-0.012576301539217863
-0.011906082387004795
-0.011850495932417549
-0.012653262651587545
-0.012026551877128104
-0.011906963588514632
-0.01221237073065185
-0.012903504726347968
-0.01244213318309971
-0.012408820241206087
-0.01292812897223635
-0.012368073739640701
-0.012176380794822039
-0.012545297241331556
-0.013379724096198057
-0.01296534903118859
-0.013601804598428661
-0.012791889462514834
-0.012664684807959714
-0.012644422818996292
-0.013155913799791908
-0.01424360035400651
-0.013545646618955033
-0.013238413967746167
-0.013564338147901318
-0.014425063902683584
-0.014192098161061609
-0.01350934973669648
-0.014668989630768098
-0.014857454190086014
-0.014692414683247132
-0.014863638769357581
-0.014002815377401303
-0.015038959146658851
-0.015177986539906995
-0.014431932498535234
-0.01442024795754589
-0.01413445878671551
-0.014969467868540276
-0.015243751707972117
-0.014660259255143047
-0.015778241970066095
-0.01519642845585371
-0.015232721085779607
-0.01591561343406299
-0.015958770370101828
-0.015393222550888777
-0.01541376652001705
-0.015042178464869278
-0.016298109815297983
-0.016104762922837898
-0.015321063611789044
-0.01608153640598809
-0.016008023663203273
-0.0166991494062116
-0.015863720139563713
-0.01650053189832721
-0.01587048533599633
-0.01570165838519036
-0.016815855039417574
-0.01588122987364439
-0.015870228522769734
-0.017183847038516758
-0.01715447983323683
-0.016163774097184436
-0.016959927683857717
-0.017142459912629932
-0.017585857239803042
-0.017138997723379658
-0.01704975298347922
-0.01798896968707411
-0.01670251662825952
-0.017186236059489317
-0.017612930082347152
-0.018076171161709592
-0.01825350720364679
-0.018462597926975792
-0.01811160415126905
-0.017921217351026093
-0.0184261414676074
-0.018182358885004666
-0.01865645697960739
-0.01879862241158534
-0.01797334006375924
-0.018388211146311496
-0.018575136830310604
-0.01884769813706859
-0.019012914208536145
-0.019401405744085453
-0.01963439494421653
-0.019295011323974653
-0.018610952247009965
-0.019356539596068614
-0.019560643510949955
-0.018662676707104992
-0.020079242252848014
-0.01964467783028951
-0.019931601089210414
-0.0204390650914296
-0.0195109549840695
-0.020317148397141892
-0.020127816875721585
-0.02007540317180656
-0.019939655398725997
-0.019930015330714458
-0.020029785921670772
-0.020987275272246517
-0.019862560100243464
-0.021313465789586473
-0.021258035965153962
-0.020676018813469147
-0.020400762241541387
-0.02101551382794479
-0.021622357466673795
-0.02110292675254996
-0.021091687545941085
-0.0214683364509405
-0.02060611404800873
-0.02170856852996152
-0.021740673557527172
-0.021705456072880956
-0.02175799410023735
-0.02178738601107855
-0.02214860298245768
-0.021901162593295987
-0.02207862419296383
-0.02172092326898866
-0.02263816426621433
-0.022759926887283063
-0.021659282789432854
-0.02217227032045117
-0.023012994233079304
-0.022169274205822168
-0.0235047431894384
-0.022916999375702938
-0.022908855829981246
-0.022303394292628585
-0.023049921288117683
-0.022900330634459995
-0.023986729989794238
-0.023274720520661162
-0.023898637332249954
-0.023064479886567894
-0.022934654165946176
-0.023966421124770577
-0.023329066312168478
-0.024174901993392124
-0.02382245983156723
-0.02383205883676536
-0.024240572382138822
-0.0235295461792727
-0.025020408867987436
-0.023673829774822432
-0.025120584580879297
-0.024794668661442767
-0.023925815009800594
-0.025492530875425204
-0.02422636598051512
-0.024998142058443407
-0.024988686398794847
-0.024914780690245962
-0.025311367635688857
-0.025638364578581603
-0.0259925854555092
-0.02483562913072479
-0.02483936600420567
-0.02612010287369272
-0.02598387776222051
-0.02628667641742201
-0.026193686903260842
-0.025583572023501533
-0.02615606216184914
-0.02550905068391084
-0.025957183384053794
-0.026011242466425284
-0.026232845213339247
-0.02658258863655437
-0.025813384206006908
-0.02697060518978176
-0.025960866950375135
-0.026275915145791286
-0.02663310595100993
-0.02681095978766788
-0.026926678927639638
-0.02710242221229463
-0.027781002523294487
-0.027981667427173798
-0.026843361068803844
-0.02684655961405769
-0.028274123025265552
-0.027320928857179794
-0.02756845079629695
-0.027663097770009776
-0.028067720316193083
-0.027938557614208655
-0.02811244525349623
-0.02857567196357641
-0.028318598280467955
-0.028161746431139962
-0.028593600849405557
-0.028647914461077187
-0.028629807059694614
-0.02887260288639392
-0.029174897353294794
-0.02903093602006093
-0.02856816867243491
-0.02879847196911398
-0.028873864843135248
-0.029048998847687343
-0.028867408567877093
-0.02968213377780034
-0.029830024217132448
-0.02995174712314779
-0.03009011901027935
-0.029109937058949372
-0.02908501560054378
-0.03021461512146159
-0.03014526343489225
-0.029400351022073504
-0.030638882884903375
-0.030617988851282012
-0.030515556506519256
-0.029447418559561293
-0.030606383427600404
-0.02963999909604324
-0.03097333756339973
-0.030789734436154945
-0.030153864547165843
-0.03093979421169234
-0.030625894000718544
-0.030756798708867494
-0.03031453600820346
-0.03038913848789522
-0.030832427802973867
-0.03048907800730991
-0.03180957598571946
-0.030876495769689778
-0.03167621656542511
-0.030807468824586983
-0.03108362298143528
-0.03070197785161902
-0.03161737738786582
-0.030939301786724892
-0.032184296833910886
-0.031790935213216936
-0.032120669312313534
-0.03208057848643086
-0.03146436949380209
-0.03210443700651033
-0.03169279467807501
-0.03134316836202849
-0.03171662592911321
-0.0325683644118589
-0.03163066948326187
-0.03231449820939743
-0.03214587642595686
-0.032006935472906936
-0.032048787699862975
-0.03305681691639675
-0.03200921667087203
-0.03313462852006136
-0.03248699510298453
-0.03276342292160263
-0.0331599697312456
-0.033166189009288215
-0.03328543509189862
-0.03284087778522666
-0.03300272411759475
-0.03322625922795526
-0.03324942607596891
-0.03260665201371223
-0.03270880398295034
-0.03316690046998831
-0.033347437974954756
-0.034231359473092936
-0.0335258895072978
-0.034275745660606864
-0.033283518969679085
-0.03318911058555007
-0.034335852320142995
-0.0344266813066502
-0.0337306179793837
-0.03340080464472008
-0.0341168594803192
-0.03425705596263511
-0.033592860579203285
-0.033499751751830245
-0.03461183163602094
-0.03462251971814324
-0.033731261741780344
-0.03476358722010572
-0.0337261557467124
-0.03442459331472045
-0.034545300420201146
-0.035209031740203185
-0.03491059020938796
-0.03403603935253082
-0.033844882897270646
-0.03448617570979561
-0.03406897294456396
-0.03465475333875084
-0.03439966622392184
-0.034335432460507624
-0.03455861493523986
-0.03440070918786683
-0.03551422734219297
-0.034914600249090204
-0.034327317824211695
-0.03576655949620236
-0.034888404760241125
-0.03541349480806077
-0.034624592555950504
-0.03531493910802889
-0.035483770065509825
-0.03589663809627195
-0.03505590357515323
-0.035145111848873534
-0.0345471062953777
-0.0353241715276568
-0.035488020669447604
-0.03587174210786919
-0.03513817588700492
-0.035907329465580166
-0.0350250080419078
-0.03538393403084133
-0.03478020656455081
-0.03581583092786079
-0.03571809257189293
-0.035328577075569384
-0.03498122456956959
-0.03573662230968824
-0.03587392422019262
-0.03555698069281331
-0.03576887293579584
-0.03502203964959213
-0.035026903644975335
-0.035159745155248605
-0.035917379970897736
-0.03511901457878114
-0.036077795739588206
-0.03633639534972044
-0.03560416522558212
-0.03621666698950681
-0.03555129975041186
-0.03528543685859784
-0.03639492404685182
-0.03647545811445868
-0.035611964759084014
-0.03552880930331781
-0.03537164549039173
-0.03616308260208061
-0.03526518385105862
-0.03546272636013721
-0.03529472513537995
-0.036361521766909474
-0.03665456178442082
-0.03539537975893252
-0.036551263730411836
-0.0365973175517552
-0.03529934540617495
-0.03664042732436539
-0.035890237515693306
-0.03630236615370464
-0.03652720338014079
-0.036568039593248544
-0.035886258118412354
-0.03624128030953347
-0.03618836473735371
-0.036200814834551856
-0.036141736279231
-0.03608083958691479
-0.03593168106332272
-0.035353959719808946
-0.0356749901721613
-0.03557286435520203
-0.03570237711956272
-0.03646089553918682
-0.0357149895547052
-0.035583161569452806
-0.03640298997830668
-0.03595421265443928
-0.036111215448391513
-0.03526052431095803
-0.03593141065912841
-0.036285894101177
-0.035091400984394706
-0.03536593440277308
-0.035936737991108574
-0.03518713456073731
-0.0348516391942089
-0.03593765057130425
-0.0347521275718988
-0.03591668124753542
-0.03570404198214368
-0.03548133606015437
-0.0361176595075946
-0.03501319290848333
-0.03501317500485708
-0.03591479130345158
-0.03505782219149759
-0.035034322713349275
-0.034723506712627555
-0.03544256785541629
-0.034776292723252354
-0.034452019084172766
-0.035702061617572715
-0.03509145106411351
-0.035428904380667196
-0.03556754641225755
-0.03413470156743235
-0.03547636727121477
-0.03508976214908182
-0.035325169194736605
-0.03423676470001615
-0.0341241017572614
-0.034708787049218495
-0.034104034765788105
-0.03414884855273202
-0.03509653657264504
-0.03405559820263838
-0.03458846470732276
-0.034528035366095826
-0.03454305718029166
-0.034381422689943306
-0.034627348778410935
-0.033492868486478596
-0.0339351789570426
-0.034121819403838884
-0.03437524487880033
-0.03351476728096405
-0.0344486886613845
-0.03415796090497275
-0.033480572020991195
-0.03393500812470327
-0.0340206414593518
-0.03317554493755987
-0.033708002987587755
-0.03353255360964886
-0.033799936363856545
-0.03253836420761365
-0.03256554987612144
-0.03290670536070985
-0.03255746946952145
-0.03236363891378291
-0.03261476070386641
-0.03304136407961172
-0.032970377737377606
-0.03331485506743455
-0.031935144240058146
-0.03315688158902998
-0.033081585948512335
-0.03188704968109254
-0.032485982251809715
-0.03154250137912443
-0.032549089301800976
-0.03276831150533931
-0.03134126036014139
-0.03230440246303388
-0.031198484729950314
-0.03141359752296493
-0.03178713183547936
-0.03214211800450138
-0.03170494187786255
-0.031310535882780266
-0.03173430464988935
-0.03153136674112114
-0.030481235087160125
-0.030693912337081766
-0.030621436538929594
-0.030172180840781923
-0.031059308755937928
-0.03042780861412286
-0.03104335573632762
-0.030654351149422915
-0.0296170904961924
-0.029528824820538434
-0.02966444441045713
-0.03015928000683171
-0.030412610245015775
-0.029723914410874797
-0.02981864707393819
-0.02992521500431526
-0.029563568866253716
-0.02926265383388552
-0.02968855580740969
-0.02959323681173419
-0.028923288399097524
-0.029762184217426824
-0.028700276030182215
-0.028589464206296527
-0.028161916133631934
-0.02908647649043131
-0.02882214972934109
-0.02865892245842675
-0.027621669025310335
-0.02812109904920355
-0.028760816922810364
-0.02826761822737182
-0.02822963521500447
-0.028270724421054157
-0.027724947111293228
-0.026815543188355388
-0.02737290900358059
-0.026510636686630926
-0.027022449813146145
-0.02644443067150236
-0.026091330353618984
-0.02687685796365199
-0.027168422651905742
-0.025682611983312825
-0.025810742058487615
-0.026548321374949942
-0.025906239492616744
-0.025275322972223655
-0.0255737541048201
-0.024949983832146232
-0.025779772117254428
-0.025126629238505303
-0.025269723531602634
-0.025608878399187573
-0.025373267552379834
-0.024806722839865417
-0.02465674181101613
-0.024975356495510043
-0.025147848094683765
-0.024826341546519564
-0.02487812226058204
-0.02338259603866915
-0.023638169067226468
-0.02441877967201007
-0.02428474607222844
-0.02329400807182938
-0.023338264347522262
-0.023935204651728992
-0.02244252621666594
-0.023115302729560427
-0.022634804730838568
-0.02329443908771585
-0.02207528796601627
-0.022396859462800636
-0.022618134345683903
-0.021633434318539042
-0.021990808101984834
-0.02099882079689002
-0.022032087751333376
-0.021802206467828298
-0.021984996578753465
-0.021083821131781876
-0.020532687235212125
-0.02134388873137835
-0.020245033248085353
-0.02022198305904101
-0.020771774815966856
-0.019453110053513478
-0.02075572060959699
-0.020544188271541447
-0.019341014535438936
-0.019831752664217224
-0.019002305951947848
-0.019948484900246324
-0.018827712345313805
-0.01914234080325367
-0.018367918442594788
-0.01924037178391948
-0.018367837684277907
-0.018092044388971797
-0.017769906559044462
-0.017647748444277037
-0.0181518881009471
-0.017447709596434085
-0.016873622691250208
-0.017395555534393498
-0.016946902824241047
-0.017266572904338674
-0.01713898732554548
-0.017094479911769735
-0.01694138728649916
-0.01690511274325106
-0.016258726018045972
-0.01652722248394609
-0.015213767879788414
-0.016281932815068612
-0.016067420546483337
-0.015753706830412887
-0.01462534262193442
-0.015447063645448091
-0.013951782237474317
-0.013845999815861747
-0.014302232989315322
-0.013930592454407847
-0.01456852045942062
-0.013779567172091226
-0.013786676338331227
-0.013378717221760624
-0.014007779349215344
-0.013274792467707302
-0.012794000873567168
-0.012929731350801886
-0.011855850993913114
-0.011659306068726047
-0.012927060506241124
-0.011625052622322433
-0.011486270025123355
-0.01198204634635524
-0.012146300083186233
-0.011094322049789497
-0.01100041182963196
-0.01064313464079558
-0.011054174471724958
-0.011135163602139826
-0.01080625707171749
-0.010140654999640172
-0.009494931113628568
-0.010495978785459594
-0.009018797796982439
-0.009330900607309607
-0.008779322359931847
-0.00920649142519133
-0.009218037133603845
-0.009284279024926635
-0.007764864304582049
-0.008204319443465792
-0.007980979652552499
-0.008548554662059995
-0.008188360240720376
-0.007123973020071481
-0.007412532117406327
-0.0071965154165508595
-0.006272796558971621
-0.00703321116871013
-0.00694755332256066
-0.0059368027304774135
-0.005473190493755355
-0.006773908264418997
-0.005767297602908863
-0.00490152294903567
-0.005411782469319781
-0.005156176285213068
-0.005561427061066686
-0.005608872856239163
-0.005028866824945704
-0.0038765517863334725
-0.0036431324024663917
-0.004833896463462851
-0.0035336427892026356
-0.003122298931046055
-0.003972792008304393
-0.0038875797092684083
-0.0036168584376394743
-0.003104514181149414
-0.0032311800502186896
-0.0018395502257616651
-0.0021052066706122694
-0.001783840916919647
-0.00235006049715887
-0.0024286824597326826
-0.00151187596012453
-0.0014831734128639433
-0.0010175828535237254
-0.0002518910986006586
-0.0014388259123756066
-0.0011110039372404352
0.0003059458289902196
-0.0006259409628329559
-0.0006882377734929346
0.0007509512719353966
0.0006356972109599393
0.0010200450147828284
0.0005919723592281393
0.0005609662783798466
0.0018642167910813176
0.0018151398117623098
0.000891044459795075
0.0011000049314552395
0.002470915154177487
0.0024291660189091125
0.002389412144379584
0.002894291828584836
0.0022148362029631836
0.0025156261743192816
0.0036914329665724993
0.00327203802430143
0.0036662971399615413
0.003163770290557671
0.004342563365911561
0.004642883187410505
0.0036453769384619354
0.004818006635480759
0.00497743445081486
0.004564750558245553
0.005580143474741377
0.0057320237768822765
0.005785491726120408
0.0054212349825896265
0.005131907910966982
0.005835555580922708
0.006662188508576863
0.006568087685675287
0.00618730471755079
0.006863927401025487
0.006520839475002858
0.006462384033151537
0.0069696742612346575
0.007839238780947935
0.0070126247445165095
0.008102536398912816
0.007810860522983776
0.008266552821017396
0.009136912463251008
0.008225743214973477
0.00959177936728069
0.008850723292568903
0.009406742253224654
0.009697689848156334
0.009230823733755462
0.010368952807876792
0.010654533537878815
0.010075558461659065
0.009724066450244127
0.009866145903195312
0.01058454060080435
0.010782782810637822
0.0116730136058023
0.011231851043152384
0.011406859592979698
0.011401946960231646
0.01206842935319892
0.011815643366989563
0.012306795359765211
0.012554776163044283
0.012753706894029715
0.013236212912914526
0.012372470276910413
0.013818806328283839
0.013266695064104054
0.014152477379283534
0.013514774055280204
0.01343518085256839
0.014225671105106348
0.014290268306026286
0.015109856631789884
0.014620648479864847
0.014636659233116942
0.01564317894563864
0.015837480165829403
0.015803339674217477
0.015488892429018812
0.015915089432896313
0.016206679221315325
0.016671060119064093
0.016197143452902386
0.01625473519921871
0.015792812419881612
0.016403067184565603
0.01703522865876906
0.01635141097714718
0.01745640623853887
0.017933095421649985
0.018027577201957662
0.01754907281492352
0.017595203797040937
0.018686124880503342
0.018331429921143623
0.018755269499127033
0.018642958098064356
0.01924286826594037
0.019488721299737825
0.018506186926088828
0.018605074216266327
0.018842823347564056
0.019746971700498585
0.02042930589476252
0.019615660572602393
0.01985407368503048
0.01950947078520138
0.01972105303076027
0.02005809052462061
0.02026136367374601
0.021401837956147363
0.020688044598305734
0.02172734971016377
0.02092554797826902
0.021176240401447558
0.02104958231876279
0.02189380248245562
0.021245727550701688
0.022435687774305522
0.02218458602072211
0.022953798157024755
0.023166608501727432
0.022097530589506514
0.0234042497012189
0.02295859546798395
0.023197238804383173
0.02406700963109848
0.02395506849957598
0.024101480808766534
0.023827802335314893
0.023860473021747677
0.02356175671517399
0.024865699921358026
0.02369794498611891
0.02434828969627236
0.025017092052196762
0.02441884686717067
0.024621791740885402
0.024925673195263176
0.024524260174642112
0.025025957331742607
0.025025461884553082
0.026296191226205558
0.025250742034528886
0.02526289371469218
0.02654467524529056
0.0262063118765611
0.026611364743917256
0.026713189658183315
0.026069913748571323
0.02627659380234575
0.026174669399196087
0.026727244933202284
0.027236135252751148
0.02724614525861707
0.026882412062046904
0.027676431209654836
0.02707951089786092
0.027119163946780142
0.027421149021550396
0.02801492204807713
0.027412031169500802
0.028780812421367933
0.028149889333409478
0.028034147197622882
0.029152092257846693
0.029403456566500386
0.028677908586394414
0.028907801131504242
0.029717535346216063
0.028703294089049595
0.02986945490926649
0.03015581104314724
0.03004526353776814
0.029811552090843258
0.029520162537801667
0.029183782960459852
0.029491957768421513
0.030751456340842528
0.02976372276439651
0.029848309822078836
0.030274081608164624
0.030244815094777017
0.030776498539480904
0.031134317817150287
0.030152466618653933
0.03133358248888074
0.03071131641284647
0.03188101198282565
0.031662328418160864
0.03152475111052171
0.0321200500276403
0.031147098299580636
0.03154867260594394
0.03217427090267841
0.03201795060902716
0.03178294841048144
0.03175037714325219
0.03257395705425191
0.03197324553218406
0.03174526451392195
0.03248073894664359
0.03222530324565349
0.033385100998528636
0.0333710665425991
0.033524425123059275
0.033400297753275174
0.033230859692675196
0.03246354176221081
0.032860641493154395
0.0335368496324672
0.03291485520608038
0.03303468939141827
0.03368488516738279
0.03294437969259328
0.03434924259364728
0.03362109659231405
0.03338228077409831
0.034085198553495115
0.034475418016330514
0.034715035789007115
0.03345186325188005
0.034834374184100986
0.0346946630186849
0.03386929614584108
0.03404017297107153
0.03382495806742595
0.03473524706312388
0.03403835351171136
0.03442890428172121
0.034767831445820345
0.03478458080394304
0.035200125611065766
0.03520194720339691
0.03491623828921419
0.034710277442998295
0.03521219756530115
0.034568784859130036
0.035577324881302864
0.03559968130166568
0.03579808022762186
0.03482278591190185
0.0350230866754626
0.03528645165924661
0.03628424375135162
0.03517227668895751
0.035666022228836
0.0360416499044293
0.035469196514493
0.03625690964796416
0.035617993609358876
0.03555322111067294
0.03534297105024566
0.03560468807930542
0.036644407141563654
0.03552734854958314
0.035717990946166824
0.03647446745722709
0.03683713658695086
0.03604582556488088
0.036249649588472335
0.03638607128569455
0.035832642488537195
0.036077420659700425
0.036752071121035984
0.03591459730171078
0.036104836257134974
0.03655373650490582
0.03645092820271842
0.03716580325012458
0.03743873271219509
0.036345891456246934
0.03717424595263283
0.03711542945875279
0.03680026241100579
0.03739955023594878
0.0367624635201187
0.036757020224545925
0.03638577351604746
0.037404804883525045
0.037056588640829315
0.03639634352822818
0.03726786640656008
0.03652723029957929
0.03717249260076538
0.03668220494715087
0.036563880696941255
0.03721701878894253
0.036728551767516084
0.0372695826679812
0.0372264509164483
0.03682692072678302
0.03669091303260046
0.03721062024649936
0.037509656267009465
0.0374802116232534
0.03773657516019133
0.037385943699684655
0.03714445989713094
0.037955446580123856
0.03769522057768068
0.037719284165849375
0.03704804589818878
0.037518921992799145
0.03720583841782618
0.036662664378309506
0.03733364788884424
0.03803029369968845
0.03724015511624012
0.038034271553830934
0.036647460608170694
0.03703030680623997
0.03805330319863535
0.03684103560695455
0.03699964361484842
0.03770320623828344
0.03684715928913172
0.037482970914680745
0.036785627257779875
0.03748409106116445
0.03675587129099562
0.03734563949797043
0.03734723226599745
0.03689443742377742
0.03778058285247627
0.037094924076592116
0.03703965713441566
0.03739685750533273
0.037547346494194014
0.03728815899936694
0.03725403022822204
0.036706469522051616
0.037543701081575766
0.03663612376342221
0.036691231341660906
0.03650966810527047
0.036486075986090515
0.03640726025772811
0.03765848491988795
0.03670213462172743
0.03696573196065175
0.03758966291148681
0.03645744883636665
0.036296256794873846
0.03679731626261595
0.03618347668016941
0.036782326625980806
0.03643539275317891
0.03696885758895758
0.03624362990095583
0.03709530440601255
0.03629516838941205
0.036208832731387815
0.03687564280097519
0.035913052166983206
0.03712948035155936
0.03693008980942874
0.036286341859493164
0.037208402060317496
0.03580339340011928
0.0363641886643659
0.03669108927531885
0.03700034664464575
0.03634661977965441
0.0356456563918748
0.03565693034400966
0.03656000810425268
0.03634490693025782
0.036798104541535745
0.03653583507230532
0.035566477288315135
0.03537605924891025
0.03641786091270014
0.03602146678217832
0.035216726447031915
0.035844853547314884
0.035211410920420134
0.0358488205506058
0.03620629359516086
0.03491893408584885
0.03548244608352624
0.03524412149886029
0.03619666418492082
0.035637267113378474
0.034776590318142266
0.0353454742435749
0.035911152468623926
0.03461959563131314
0.035589226513636364
0.035845405477871344
0.035072861313423936
0.03516382905096609
0.0346847321197707
0.03467458525825713
0.03500814548141826
0.034647952894046576
0.035370173084960925
0.034020351835836495
0.034937804963806524
0.03497524229263695
0.034695522256710555
0.03522236854400197
0.03423511612664812
0.033895795673084365
0.03438240539146091
0.03495824068084909
0.03474002773364754
0.0335333655839571
0.034794816518644994
0.034062429871190396
0.03350592154744043
0.03363434889566972
0.03331081457160185
0.0331526742125049
0.034018967732203066
0.0335533324389452
0.03345364571810432
0.03293564890694432
0.03307838715440505
0.032849244192130575
0.03369707754667416
0.03265071567221138
0.032600376701054555
0.03252503179913503
0.03287416620822652
0.032968929627504466
0.0327534416220909
0.032261223951342816
0.033221321053614555
0.03283039767950917
0.03269541259032856
0.032908536955943805
0.03204151454829399
0.03285442750887137
0.03199576797456391
0.03287586234081968
0.032639517465466186
0.032057323114682
0.03150676083140629
0.031300201153078924
0.03187082960590762
0.03127125095773128
0.03146587538421304
0.031136136606359787
0.03133603744027437
0.03230194412080289
0.031598333759229456
0.03184740730834008
0.03130396606894906
0.03188668851433428
0.030666350953669166
0.030851328429154178
0.031349747342058074
0.03029540729763412
0.030484117061300855
0.030113982506432768
0.030035529174512358
0.030714191292930182
0.030934652073193968
0.031206099224869166
0.02989470477873434
0.0304980906977957
0.030142990230615972
0.029512479109806096
0.030774489509327256
0.03025496244585749
0.02943277779014675
0.030330302191991693
0.02982933904052383
0.0293157532091521
0.02947676672218826
0.029729242261094586
0.029866328329621723
0.029953602013534596
0.02883269639254619
0.029208158555360825
0.028942626968592806
0.029104595645582945
0.02947558915800307
0.028507503063137558
0.02881684108681768
0.029117430474578047
0.028128864911984384
0.028121251405639276
0.028137852304984442
0.02835723448163499
0.028484092880035006
0.027591072732301526
0.028067136371431625
0.028186360343177997
0.028345802835695617
0.027200638504058947
0.027111626574686073
0.028059211102157932
0.027655934533916723
0.027200105964094428
0.027902591535903024
0.028012324886502647
0.027084176404822333
0.027830077007380976
0.02646113261260174
0.02750257233643856
0.02762433678461477
0.0272822281232919
0.026384840244349003
0.026590089440930564
0.02596917530611478
0.0268648183521435
0.026844022142187868
0.02666963524145686
0.026750264707309315
0.025704929894048913
0.025982035841668603
0.02636283740675158
0.025345814747595962
0.026027767549037035
0.025538110286989598
0.026157491720575177
0.02627921364135806
0.025901597979169442
0.025874095647691307
0.024807785727516195
0.025801691647100857
0.02512126728388334
0.02544075509350538
0.025269204964996288
0.02513445601815651
0.024856780721238383
0.025017663391044154
0.025395475827858765
0.02532181506657677
0.02452217404409882
0.024245195331362504
0.023919150680170285
0.02481788066673529
0.024041503241529604
0.02419348473398303
0.02357920443787061
0.023572812680858264
0.023340118087315457
0.02442262738447558
0.02390661523098532
0.022963785634389795
0.02272909542648956
0.022954908722510155
0.02275766908575068
0.023416974436326843
0.022635726250492125
0.02242158061819468
0.022457537743290314
0.023567491334561538
0.022364887675109777
0.022222641891029016
0.02238214573479074
0.02246743024672694
0.022964262576019984
0.02186114223782584
0.022591150374721237
0.0222418134563828
0.022357294087806966
0.022231410237176497
0.021862905094246685
0.021524686252674945
0.021098579218517818
0.021642581602719896
0.021359457849813343
0.021545004611532862
0.021133853035000757
0.02078985676464009
0.021228637365842837
0.02107270281059182
0.020376416941991597
0.021684551212009455
0.020279043904305703
0.020647656175512098
0.02057560273207151
0.02062925004257743
0.020275271160618214
0.02044301898307051
0.019628674150470087
0.020610899232142415
0.02035680785513061
0.01993802201920868
0.02011021832632159
0.019657078695088138
0.01971357644465631
0.02026722992902929
0.01943116520320909
0.019785438308447256
0.01889219146164181
0.018890462256553785
0.01963764850674035
0.0197180007637296
0.019026073756264365
0.018828896017034684
0.019191881469052503
0.01932053783717671
0.01919983179787897
0.01830788420645046
0.017962858966337786
0.0183653274272743
0.019035725448729165
0.018222953203842887
0.018757476099502093
0.017688684340892148
0.018308350054129244
0.018267200949569386
0.01840188090301364
0.017954338456572554
0.017214674683801254
0.017473938720807117
0.017857732257365443
0.01781566911267824
0.018003144744199125
0.018022541630477246
0.0168587862147326
0.01679332184751591
0.017518469824865112
0.01673507196099954
0.017751731964101274
0.017515967453598628
0.016541122730716094
0.016692734899647548
0.015997170005593003
0.017325339552480803
0.0170566414295458
0.01629856366329385
0.015986329341691544
0.016390960078015385
0.01633800625218901
0.016181702793197354
0.015497020167884528
0.016085518723349578
0.015913941646339635
0.01579032543224653
0.01527739867485152
0.016163954182620312
0.015450411471495238
0.015130478754814724
0.015885069628641463
0.015916349293776427
0.016113208275372538
0.015609759582638194
0.015088874569308238
0.014937567587947632
0.01447839849283144
0.014764042879335325
0.015118459761948776
0.014916632243859593
0.01489672353184401
0.015254167339839973
0.015020056277175453
0.014980114973252516
0.014375351418978242
0.014763595103091701
0.01471408940679579
0.014877671664834242
0.013611882669688111
0.014635245389025121
0.013465632207607431
0.013801891616706499
0.014157752345607023
0.01308989170353315
0.013701456003704931
0.013716268917558195
0.014226347964020775
0.012921340294543754
0.013771726839429772
0.014022353723181148
0.014053579566461449
0.012716847503022226
0.012789128575191542
0.013012705706007877
0.013335981482176238
0.012420973287005121
0.012304737794883107
0.01345837706036986
0.0130873657640011
0.013051522748040943
0.01225202200640704
0.012201397810622053
0.01278545986631361
0.012237567556267358
0.012178094560080907
0.012682935751830412
0.011989765761213234
0.012030190738464031
0.012258195368417449
0.011383327157144308
0.012298183426562964
0.012684770420485044
0.012477487102403666
0.011140062010955692
0.011469595933137322
0.011595655707884607
0.011820923255902935
0.01214362225475961
0.011521462616771927
0.01168280435439021
0.011867555779115775
0.011419433122217592
0.010705154330979464
0.011917300398659968
0.011005296676277102
0.010402444245088802
0.01144998320137126
0.010709056363207266
0.011535427684876316
0.01091304171523848
0.010879529020835981
0.01039895407529122
0.011393908588034539
0.009955021254513053
0.01061128176794162
0.010790455246377282
0.00984555861263748
0.009717360190667426
0.009828059816182769
0.009531154422130688
0.010080636824754087
0.010465175962220045
0.010541179068601587
0.00925705075569058
0.009581811427943097
0.010491027259773904
0.009296459303884579
0.009991302255551922
0.008993042553611845
0.009947549983006737
0.008886275380178402
0.009790173819607144
0.010260094593050719
0.008932985549493384
0.009221010464512713
0.009712048959228382
0.009853416629102699
0.008604968510085248
0.009889668041585434
0.009467510286676693
0.009599369555435987
0.009688840028712719
0.009377645772468014
0.009406183414320072
0.008117622355436853
0.008287912390267462
0.008901191341580529
0.009317148133924459
0.008002041184386178
0.008796382616478679
0.00841088710580964
0.009098457877854373
0.008550945247362721
0.007661938216101321
0.008156401718665373
0.008919597884767828
0.008257628660032983
0.007886183142841296
0.007554966372879564
0.008003821289319616
0.008453986404571673
0.008509094659902251
0.008154186179913023
0.008151416355033398
0.008033928581094644
0.008090880632361457
0.00800207717527126
0.0077790519612637435
0.007655250669890347
0.007210353680713528
0.00812686495021499
0.007482264645034481
0.007626775855539606
0.007099998590798605
0.006683249907007188
0.0066566236012992825
0.007788850370547037
0.006658862993615937
0.007294378998214791
0.007653354931896378
0.0076638583149083485
0.006377940594055246
0.007008580360048428
0.006593956330921992
0.00624719397547923
0.006486018880043755
0.006758116657065302
0.007476832133561918
0.006538199435632812
0.007097219633121903
0.005973101801387974
0.007023262761750798
0.007032510744388205
0.006985506942614591
0.00624109164579987
0.00656436929459259
0.0059426779347298035
0.0067944853221413625
0.006706983549448381
0.00679086521804472
0.006776443585955256
0.006203663565560497
0.006450322982130876
0.006656983671368502
0.00601188570929128
0.006432494981458862
0.005617493769777329
0.0055258439890663045
0.006601336442465483
0.006239016292015779
0.006467736804669079
0.005451764013105633
0.00527958307327728
0.005700074563772922
0.005668969503945609
0.006178264905004305
0.005588649808571125
0.005673954456728852
0.0055588504430096036
0.005341909891029898
0.005733181772665234
0.004942572540556305
0.006050840907260401
0.005621443477014611
0.004957972762739024
0.00601425492457144
0.0056523922299514615
0.005530704365967328
0.0056210990931497146
0.005525845046695231
0.004539470311951829
0.004757853682703533
0.004983141577545147
0.005685115601559984
0.005342920622335425
0.005789111544004594
0.005710264401458158
0.004534877129453435
0.0052043803191952655
0.005529212808659082
0.00540760524624274
0.005325292213517986
0.004823342625984112
0.005429368014738152
0.004328122101499559
0.0049746957763654315
0.0047408149261703005
0.0047634143755036756
0.005139129394567821
0.005184051858554034
0.004246001897368896
0.003962173085566434
0.004558244909856732
0.004677365307438409
0.004584158102920176
0.004692245150383679
0.004615311586114543
0.0042497253635143594
0.004300987627679541
0.0039537505416570055
0.004110042292479731
0.003974143630716926
0.004728852616125104
0.003835262092164613
0.003941396779704582
0.00393572168365444
0.004391406305035615
0.004754551808187049
0.003535432803404318
0.004735849695540326
0.0035436533303348713
0.0035049552243863165
0.004432037967538219
0.004570896529174372
0.004091823304527255
0.004532916965901315
0.004467084039109435
0.0034728301192952244
0.0033643471109107044
0.0033459201660225256
0.004309081078703434
0.003735277214410086
0.0036480569544795143
0.0033174045185427716
0.0034913245471385876
0.0035176009251646954
0.0041212377649091966
0.0039039616491925123
0.004158582758402925
0.003441436638108722
0.004076754410690415
0.00381110485093999
0.0035295485917072765
0.00310638557162098
0.0040372818537416635
0.0038628917372089517
0.003091266913425315
0.0030844401892384647
0.002953816242196526
0.00408436068554245
0.0040573260883866764
0.00393926667657468
0.0038113648363642936
0.003558761024917088
0.0033927939492048023
0.0029237971215484216
0.003495798624246319
0.00379385867025959
0.002685324355866751
0.0031270798081839087
0.0034897911596235972
0.003838333043732618
0.0024066461012385576
