-0.002325138926644911
-0.0014767194360489335
-0.0023241547754555654
-0.0014696354111703375
-0.002304217173465806
-0.0021760126497617463
-0.0016629805668538237
-0.0011859779264443717
-0.0020444013796232425
-0.002308401900052736
-0.0019715404089494853
-0.002485880249681142
-0.0015481013685895303
-0.0021262249389555274
-0.0024655882575032027
-0.0021672413953560355
-0.0020904761083366473
-0.002225467553682127
-0.0019227608922265454
-0.0015949081081450026
-0.0013240885394898165
-0.0014928439415804015
-0.001292905455544366
-0.002002613949300388
-0.0014255628149682533
-0.0016198857473149425
-0.0022665684586550905
-0.001610128745425053
-0.0023017626979244953
-0.002448180415415747
-0.001737975470908155
-0.002755550883608192
-0.003000251202735312
-0.002781541308189776
-0.0029939888291854633
-0.002333413957799069
-0.0030604181560554247
-0.0028967175679675784
-0.0029753326669105158
-0.0025103311270375794
-0.0028790247235734247
-0.0025589038536075344
-0.00324803117355878
-0.002423771381096672
-0.003294657984858954
-0.002508191031865499
-0.002455822694140528
-0.0022794841503110995
-0.0030508686794970593
-0.002243696662040816
-0.002185397845659352
-0.002834430259840207
-0.0028218772930841234
-0.003021672807461536
-0.0027054944372400373
-0.002547051647322503
-0.0027031533066372636
-0.003424900565392328
-0.0024851637074109418
-0.003422378648677579
-0.00313742735777258
-0.003082907492836497
-0.0034809391993282893
-0.003425449456576076
-0.003333961513108481
-0.003893769743429473
-0.003189558060977447
-0.0033482062999983203
-0.0033571475794765882
-0.0028757447545351626
-0.0032147960568021054
-0.0032377429121374364
-0.003876192606851397
-0.0035568557056628878
-0.0040218308523549675
-0.003890755307331295
-0.00398574842375758
-0.0042731912005565635
-0.003944760071507013
-0.0034278878104671774
-0.003183245800240676
-0.0040864874105149395
-0.003448129504374494
-0.003984702537531958
-0.0032850939256537596
-0.004060247476787229
-0.004234376968336774
-0.004425109433540741
-0.003474094025776808
-0.004285912283519826
-0.0036949632179834615
-0.004056215607105178
-0.0036316011929727094
-0.004568875546246603
-0.004093201194594852
-0.0036173995537144856
-0.004712693752231105
-0.003546713542270484
-0.004251691165914727
-0.004899242213626529
-0.004503270439061418
-0.0048107882924679456
-0.004017478438835407
-0.004178969496970564
-0.004794180933138629
-0.004085284399818462
-0.004448785411992388
-0.005222566405470377
-0.0050649182161401725
-0.005178719455390883
-0.004764683506331003
-0.005291852193878464
-0.00543603699746637
-0.0051620308383932886
-0.004412610742868537
-0.004512961075080125
-0.00485452125077852
-0.005111347188053414
-0.005323141926255469
-0.0056768329822970915
-0.005429553301391363
-0.004729238043713052
-0.0046360027807756474
-0.005475596455150857
-0.004693019207658889
-0.005211736753640423
-0.005060714866148851
-0.0050353461821318075
-0.005330794657336327
-0.005543362977958764
-0.004846011769651444
-0.005727874047907493
-0.006103961484633797
-0.006213734131716113
-0.004987725393815317
-0.00639076446847207
-0.005181183432338719
-0.006011261692892395
-0.006386017740145514
-0.006146470125125178
-0.005563490302481369
-0.005540139804093424
-0.006112818098199389
-0.006785604698722625
-0.006300518396469281
-0.006609882321421613
-0.006114666311883852
-0.006564374400643623
-0.006371792891860961
-0.006305884368444232
-0.00645970786094864
-0.006602782466243692
-0.00646586218374555
-0.006547417925433349
-0.006911328282033838
-0.006897370033329743
-0.007063432413363756
-0.007248973805984889
-0.007503617422697864
-0.006363354336373164
-0.006208884548674996
-0.007171994438668982
-0.0069230671247529855
-0.006649203655714644
-0.007197916346439169
-0.007901807087556108
-0.007430462640910055
-0.007619703778880719
-0.008091761051428005
-0.007925016989251571
-0.0076445774297543186
-0.007683258254280393
-0.007953087898713185
-0.006895537810001747
-0.007893501392376816
-0.00816904564384179
-0.007941870327314235
-0.008031507529882662
-0.008332221539086561
-0.008565926463792286
-0.00791233833935748
-0.007828037509594056
-0.008555135793348595
-0.007652833661076575
-0.007827715035852851
-0.008151481234495281
-0.008867211803070953
-0.008373789595908548
-0.007701280055170999
-0.009259865999887684
-0.008761013212843317
-0.008410315216209812
-0.008156007520847115
-0.008875335180350644
-0.00865196862239351
-0.008442887167495205
-0.008961974079033085
-0.008453226889371869
-0.00895248229116516
-0.008905110009733744
-0.008558833920061426
-0.009340798039288303
-0.008649601438177505
-0.009063786038557729
-0.009770228164655576
-0.008751625245139233
-0.010097001719750124
-0.00883643513846961
-0.010061558496883808
-0.00967469494303966
-0.010015489047467236
-0.009516788681144714
-0.010510074525488633
-0.010321483702746114
-0.009320961339412986
-0.010398892870070453
-0.010014608458510765
-0.009879464685329539
-0.01038424492973356
-0.01082332194950183
-0.011070469416280692
-0.010026494050818461
-0.01096590754252689
-0.010490121521224912
-0.010854885669117747
-0.010690792688030134
-0.011152874803247139
-0.011181793461794218
-0.010862327401370078
-0.010427301370989616
-0.01171557735800277
-0.010511091269909425
-0.011677414434792088
-0.01103726166114837
-0.011984000533084412
-0.011800001519673997
-0.011899426331385334
-0.011987605507205509
-0.010827751166478121
-0.012290585979481178
-0.012451885575582673
-0.01249768199548373
-0.01225251818646328
-0.012079663966795157
-0.01240687793719033
-0.01251706673738227
-0.011529511755028973
-0.011802238790700165
-0.011670296834773646
-0.011904583760820776
-0.012010531262442054
-0.012348429790878648
-0.012666724267412817
-0.013221223070248547
-0.01338591959728114
-0.01307520028800801
-0.012192929392464408
-0.013591155779577042
-0.013066549587243972
-0.013565615392296046
-0.012475525460305125
-0.013132776496516166
-0.013698688222992608
-0.01406026928530123
-0.013351883684840348
-0.012890872667412996
-0.013549411685030622
-0.013353222085110385
-0.01333822823779591
-0.014097175354646848
-0.013481705442296266
-0.013538771348050593
-0.013771913837131637
-0.014357374807978043
-0.014829771653005922
-0.013976955511275388
-0.01476229461846534
-0.01394852171828194
-0.014165563314066659
-0.014866719100406758
-0.014524999461411045
-0.014897297366711283
-0.015300488306153819
-0.014246239358517643
-0.015696800591813796
-0.015424993289248916
-0.015185487007594973
-0.015739003293606856
-0.015844978208794946
-0.015408269883364202
-0.015487458916114343
-0.015506163804484961
-0.015374611844769332
-0.01580114644018855
-0.016339504919596664
-0.01559038969038364
-0.016216594090833696
-0.01623552910908996
-0.016391582347619855
-0.01673194021049236
-0.016160368172056995
-0.016946929410103947
-0.016788787422811265
-0.017076339136268364
-0.017206405217649753
-0.017091951340475024
-0.016806334640244933
-0.01644949189412425
-0.016772638243840964
-0.017445263715953552
-0.016683621548971874
-0.017426628487542322
-0.017713874936442133
-0.016807962458856223
-0.01749553113630948
-0.018178472643848604
-0.01676764503924784
-0.018317537072305292
-0.018035801614596888
-0.01830282416533214
-0.017108731870190182
-0.017808828992310427
-0.018212513152801275
-0.018486131846891796
-0.01749527377963283
-0.01815446686019498
-0.019005514349165243
-0.018013769602949523
-0.018668726870598673
-0.018677688913262408
-0.01872205052844871
-0.018831229929414252
-0.019355595709047393
-0.019701396810315432
-0.019548313234039855
-0.019592852117318982
-0.01887972931171168
-0.020000537680250383
-0.019133841559077807
-0.019782472884181324
-0.01979224547895908
-0.019902936005179183
-0.019322359119947063
-0.019456698022672116
-0.019722957592398956
-0.019414951844107287
-0.02048608748932266
-0.02037194605538699
-0.020919793891918517
-0.020185716502207303
-0.020706163857545038
-0.020912428344805053
-0.02097641596894741
-0.021248443599965187
-0.020618304501880385
-0.021482835751275853
-0.02106688900446356
-0.021510480956563015
-0.021016441937397223
-0.021170895965834793
-0.020852612260926363
-0.020845526583632843
-0.020894600965833968
-0.02181422545894597
-0.021675397561274377
-0.02199107379241408
-0.02116724308934777
-0.022558155124496684
-0.021917667017723446
-0.022360535710387704
-0.02280944091470691
-0.022877880573212463
-0.021710704162353767
-0.022043414534916067
-0.02296379063712662
-0.022855533397184692
-0.022281710897135897
-0.022050550699709993
-0.022748895465673307
-0.02292740448830642
-0.023738893930497707
-0.02313378844316653
-0.0224525580836047
-0.022737517974806266
-0.02366963494812704
-0.023219082630144643
-0.02311402465412244
-0.024269710876434477
-0.02402183455985891
-0.024253012811297867
-0.024382390577861478
-0.023923308669072323
-0.02435321909172188
-0.023850321954955046
-0.02492306881584148
-0.025064815581749795
-0.024967394645368908
-0.025101051468566792
-0.024538324030347818
-0.025300840000446027
-0.025226158979418718
-0.025260487716680314
-0.02489606808457485
-0.02430783259307698
-0.024650406734565068
-0.02489209934847552
-0.024936965334643388
-0.024956701124060707
-0.024783045937013592
-0.02556282403500896
-0.026279380051331937
-0.025343454600104773
-0.02620264682995032
-0.02573449066163525
-0.026315323077070102
-0.02655436607994265
-0.025680516362346133
-0.025749868276889774
-0.026304691598360016
-0.027096155900776863
-0.026013023108908778
-0.026044019179924147
-0.026769170100531273
-0.02738292111795863
-0.02717810838610101
-0.02690029238142877
-0.02687666491109527
-0.027607804876756913
-0.02646197065758875
-0.02789139721290675
-0.02765774769902076
-0.02757024692087292
-0.02807679218911626
-0.027844591368133605
-0.027211108527627866
-0.02748233929763637
-0.027521094729132663
-0.02724735039321601
-0.028669278535809074
-0.02800835830982312
-0.02884770789419321
-0.028850192300536107
-0.028631211226807916
-0.02813760466090604
-0.027699223938536795
-0.027766984180649545
-0.029167473858038088
-0.0293945511735465
-0.028469908290040712
-0.029049900824986315
-0.028371558584065884
-0.028511061356868834
-0.028592017212137406
-0.028441287033783687
-0.028810702337776377
-0.028587469021524453
-0.029677674075548114
-0.028840618575419228
-0.030207740035537643
-0.02904210855840439
-0.029515154095932833
-0.0296172213358648
-0.03000189444022068
-0.029354648570559316
-0.030692119807056363
-0.030562034324161883
-0.0295480758339581
-0.02967270731579208
-0.0297722852013729
-0.030578261067756612
-0.03062344122130779
-0.031060761751726333
-0.030452234928099824
-0.030755602018929677
-0.030571376226023676
-0.030122074579289355
-0.030604766432676237
-0.0314104597328417
-0.031311378698494895
-0.03142388924244299
-0.030689476157202987
-0.03163970233104588
-0.03202140067273018
-0.030730697920031354
-0.031088117275867435
-0.03210118936360908
-0.031122569687003453
-0.03195708618953796
-0.03233573112511513
-0.03216335149240189
-0.031327204468897585
-0.031894847102188116
-0.03221417041835569
-0.03131527004661743
-0.03148775452610186
-0.032805216234080455
-0.032705833262609646
-0.032818758346968194
-0.03163019721965759
-0.03311517277779572
-0.031742391176291705
-0.03186621013599916
-0.0329882811272898
-0.03331843990933248
-0.032210432187260905
-0.03230235724966777
-0.0334287372995541
-0.032697477011163496
-0.0322610265672177
-0.033470060494891644
-0.03268519472171909
-0.03380897735817788
-0.03301267647265068
-0.033460136171803594
-0.03257170951643595
-0.03373309664554235
-0.03263167094344999
-0.032861081543330235
-0.033152966018029875
-0.03278992821069767
-0.033210438762065864
-0.033300265157323206
-0.0339268336175271
-0.03394969477538684
-0.03438246712226474
-0.03381069903726196
-0.03353381886762737
-0.03384035335591129
-0.03357181747678131
-0.033779513892802746
-0.03449494222450159
-0.03403460934660128
-0.03373426114773429
-0.03426717465882083
-0.03427982010682473
-0.034197015550983555
-0.03464103042933291
-0.035169352494667454
-0.03393463663693896
-0.035044409933901656
-0.034751336985687054
-0.034771408313621424
-0.03481135527630854
-0.034250772533497016
-0.03485740400910455
-0.03462822168192653
-0.03405873890083616
-0.03445325375415457
-0.03469799811088968
-0.03565075099284692
-0.0355778126158284
-0.03496127060262991
-0.03436828864188585
-0.035773622191843775
-0.03575862417914527
-0.035398791520074156
-0.03484928049313748
-0.03553457916397744
-0.03452576394114323
-0.03495439224712101
-0.03534732771251743
-0.03488013751125411
-0.03581266706407819
-0.03479142998096201
-0.035952596475865496
-0.03516518547666139
-0.035776361684555995
-0.03533971219377567
-0.03553336774844826
-0.03563635019437752
-0.035478631149747135
-0.0355500009354893
-0.03533188539073191
-0.035462347843213136
-0.03510995358422757
-0.034960643349885676
-0.035899714502575564
-0.035734501379973735
-0.03595139121189869
-0.035705411176332004
-0.03577065719301552
-0.03535200444601168
-0.03506063373404988
-0.036223214694834166
-0.03600631782916003
-0.035902874653971614
-0.035130604416069966
-0.036260758058334085
-0.036211878517730424
-0.03659018700789006
-0.0365649359762418
-0.03535762619323005
-0.03567458399795262
-0.03569468613774066
-0.035391161497154836
-0.03584311713250515
-0.0357592587191475
-0.03630660371240584
-0.03613822525682572
-0.03635572063118956
-0.03621586241353445
-0.036319345688969024
-0.035638107426618326
-0.03591192166316335
-0.03556163795369176
-0.03518442279966029
-0.03517663570212043
-0.03514647608966496
-0.036426008744979844
-0.035572521912848175
-0.03650696504845092
-0.035258832517009356
-0.03547656344912534
-0.03512165699343535
-0.036394935597927267
-0.035865193197469405
-0.03586472368693221
-0.03549825483420883
-0.03640369446802241
-0.03570815664199258
-0.03525427095335999
-0.035689561321155916
-0.03507542411991449
-0.03591702224252857
-0.03496289037221585
-0.03625013670729616
-0.03492802798255175
-0.03640290647071135
-0.0363430711138759
-0.035250575636228375
-0.036225283811752405
-0.03600733286314394
-0.03618443786878877
-0.03534250628081838
-0.035520761893153105
-0.035237700486039476
-0.03482030118989403
-0.0349120876388369
-0.03518338421895485
-0.03504784329374383
-0.035087305315906064
-0.035620413674628496
-0.035382977610411565
-0.03545604353401813
-0.03474595665851632
-0.034419456134010415
-0.03533512076431098
-0.035846782950999384
-0.03547121797514733
-0.03451552168680528
-0.03541677778794687
-0.03530297301073454
-0.03468860708291977
-0.03500078132114559
-0.0348950636719546
-0.03427421530983753
-0.03436251552008017
-0.035170098198189004
-0.03395097016763689
-0.035138688608538346
-0.034505391827092724
-0.03446712644870502
-0.03449293140936128
-0.03426691042864725
-0.03504193760818592
-0.03421989843620823
-0.03401039986746617
-0.034032171634783996
-0.03377693802300518
-0.03421813284801127
-0.03337630108959997
-0.0336715003872228
-0.033234718230005074
-0.03417505339170393
-0.033968230463073144
-0.033990100385537576
-0.03429876521272533
-0.033433120532742215
-0.03296418771950939
-0.033365254393428516
-0.03361267119264268
-0.03279827129487699
-0.03366447824308486
-0.03281333494400033
-0.032991654091725546
-0.03286796887749141
-0.03289219233058179
-0.03289785104337728
-0.032729636640908964
-0.03355345418226602
-0.03231801535793
-0.03312994643832061
-0.0332356458700417
-0.032478924186157214
-0.03306419759346875
-0.032248112574401334
-0.03225084514047604
-0.03230408678634463
-0.03216512710865993
-0.0319062796506582
-0.032315512160580796
-0.031817603706550734
-0.03199122723770893
-0.031069088002497327
-0.031583851930252274
-0.032175529165902106
-0.031133445443205416
-0.0314691615349435
-0.03186793714296092
-0.030979425128572935
-0.03152111686942887
-0.03110961103506193
-0.030356557187420516
-0.031026323710673737
-0.031217845786054552
-0.030195733485305697
-0.03098545724074368
-0.03003132317064586
-0.031064484795972017
-0.0296612383257236
-0.02992823698701879
-0.029768632017634244
-0.03020168287729549
-0.02916726673650318
-0.030357168546972707
-0.029079199310170542
-0.02888644243534479
-0.02922706825736038
-0.029157685597726954
-0.029211937749959456
-0.029155370147712616
-0.029248777504328947
-0.028652828391030585
-0.029270363888167384
-0.028857521764794346
-0.027958973822350672
-0.028120390190606474
-0.02761175977995727
-0.028113759672634967
-0.028561107661067092
-0.02741801562273058
-0.027363996921418027
-0.02723871197040129
-0.02750996486616063
-0.026832614614636707
-0.028160263554724264
-0.026625939898812442
-0.027706969884115223
-0.02686162312731283
-0.026198204322908508
-0.027332486362950725
-0.026904380086833123
-0.026927239518316274
-0.02573594629077007
-0.02700408375661588
-0.025937074632194433
-0.026487967357760555
-0.02525980977208699
-0.02534875617683666
-0.02545846919525575
-0.025105018896484622
-0.0249901985118078
-0.025306940673080862
-0.024846281691745017
-0.024651235568533065
-0.02553323811432986
-0.02417989864125521
-0.025323109979871694
-0.024248144858640124
-0.024099097660519424
-0.02439942344694701
-0.02340143099062674
-0.02417576400138802
-0.02329598512741748
-0.023874549949645968
-0.02335657270310201
-0.02401612854733644
-0.023533437069710308
-0.022417879300827254
-0.022567311027940504
-0.022490896938596218
-0.022348527483733133
-0.022110675902648296
-0.02167766894864522
-0.022033471204372476
-0.021414964329417294
-0.02219707644694089
-0.02166022293603911
-0.02110178051064353
-0.02144569101579073
-0.020635439681269224
-0.021230822860314618
-0.021181134295685414
-0.02021602075865465
-0.019935585420779004
-0.020177341987521302
-0.020119758912124808
-0.019684698069281876
-0.019964339408933458
-0.019191168586841677
-0.02009622018692824
-0.019298612828163045
-0.019100355244806404
-0.019169932849582693
-0.01881963911718107
-0.01864168346520812
-0.019242794596568084
-0.017966474740622605
-0.018888799453137
-0.018421444562035632
-0.01762415805017645
-0.017808473416039243
-0.018029398506556858
-0.018254258912984444
-0.01816333315492174
-0.017387012047850044
-0.017038104805881544
-0.017126098010159272
-0.016485305933163046
-0.016947647594115274
-0.01654415319771734
-0.016128101546661
-0.01665783272238871
-0.016110967530334506
-0.015672489796745553
-0.016276141402495038
-0.014896443288450347
-0.015572676006605958
-0.015699930365278468
-0.015301942479075533
-0.014325694009699958
-0.015002186665854749
-0.013713176936122217
-0.014557053248979131
-0.013748547475550203
-0.013595460910163195
-0.013197189281089204
-0.013284261313684294
-0.012729744828530131
-0.013212842501713137
-0.0134307948032305
-0.013160825278154289
-0.012476429380143931
-0.013080303221036763
-0.011503954222750397
-0.011438642491535918
-0.011398884651012674
-0.012078517525287819
-0.011572348632943699
-0.011652524652137909
-0.011310249474136093
-0.010940263590082825
-0.010335237709103821
-0.010501298951237348
-0.010650091562634939
-0.010616330820841664
-0.010251952861705743
-0.010365078600193488
-0.009527467672581023
-0.008741117705443377
-0.009089844600803023
-0.009596139185047283
-0.00934761838863308
-0.009405656825461873
-0.008545626059260916
-0.008030869276010526
-0.00817902184064864
-0.008071821374498389
-0.008357392712709301
-0.006875735027911254
-0.00779116885758498
-0.007756476365839662
-0.006948382735863688
-0.006291195765048301
-0.007089626063693262
-0.007028148973105287
-0.005531307476644322
-0.006073112968572891
-0.005135787955055317
-0.006312862832686356
-0.005157665419581711
-0.004684234693109478
-0.005227847549329931
-0.004867330821065448
-0.005245110611005178
-0.0045937541893514905
-0.004380410343239877
-0.0037457211386482036
-0.003956157085047182
-0.004356838265595501
-0.0032002987273857873
-0.0028062700405953084
-0.0036871023132213003
-0.0031309368222402108
-0.0034309813743950406
-0.0019970863538765556
-0.0026388623695517296
-0.0021748404069702205
-0.0015369939134505716
-0.002116770959962596
-0.0013265269705877677
-0.0008332461118089175
-0.0015615991638588329
-0.0009396107462144863
-0.001047922327249861
-0.0002343053367976409
-0.0011360974178426537
0.0005371302812296037
0.00028156953974969585
-0.00048787428679424456
0.000688793713634792
0.0004732507661691817
0.000373390749140203
0.00106682116361596
0.0018460211728653323
0.0007733142114215628
0.0011823198940186174
0.002047704228522132
0.0026361593123853905
0.0028238629325784415
0.00283672437925134
0.0023445824608530315
0.0022513036358937956
0.0033161243336160637
0.003435673832349626
0.0028016767887313276
0.004031004638523022
0.0033507092891346536
0.003200068396174161
0.003956844956106889
0.004524501570359206
0.004184249635197574
0.004446173583406056
0.0046644656754711855
0.004487657440782419
0.005133510512985254
0.005226675550169623
0.004904823273036692
0.006138608040847985
0.006461643684877496
0.005902758205933611
0.00631052428688291
0.006195746348486034
0.006835092671278279
0.006803710643512052
0.007692992417661513
0.006855316699389625
0.007544686222536738
0.007958895722772096
0.007978523836179825
0.008042125247299551
0.009007189036188589
0.0077751185393314486
0.008315637934233306
0.009441280619009009
0.009272740050446175
0.00988952495162261
0.009412965865109216
0.010331561799138949
0.009657976517044616
0.00977627690694289
0.010702390634175817
0.010482280219682718
0.010328907820295215
0.01138459298553506
0.010654241927536107
0.01131943390901603
0.010775995222734118
0.011499937831093621
0.0118351172118562
0.011842709166728275
0.012694480042770297
0.01238230185747617
0.012376401728049059
0.012253864448036658
0.012136195796115041
0.013597655647964809
0.013261107067924145
0.013190101947320898
0.014022767135856207
0.012983559100215604
0.014444023313381203
0.01413802031636422
0.014761759209780238
0.01404154245117454
0.014459644470893472
0.0150177989302358
0.0155387963881163
0.01502206185931904
0.015095326689852728
0.01576588637186435
0.016189849184846828
0.016058628892056385
0.016048495914570905
0.016182636222776804
0.017047245074750632
0.01666308593546371
0.01681214609247866
0.016471933538037505
0.01730065100007274
0.016558327156872117
0.017325357580535727
0.01779392973355606
0.017072955123071817
0.0175853731682825
0.018569880166788375
0.01878043635294081
0.018555441411682715
0.019236966099634014
0.018679096455644056
0.018621406519676014
0.019194477359314434
0.019297343716941754
0.018912132707283386
0.019115152306615927
0.019847647247351788
0.019900120850138474
0.019425803826292706
0.02022751323319764
0.02041801940092324
0.021276337774743734
0.020702162707122877
0.020235837675360514
0.02160785412129787
0.021855396034120216
0.02129402942206978
0.021494786132758865
0.022318674425191063
0.021256865074967598
0.022142607315508513
0.0216921605058786
0.02276616554741563
0.02254423421067177
0.02241157885435861
0.022910433053017484
0.022301355029439834
0.022628041923523988
0.02365699929448922
0.023200613248630327
0.023920421426542222
0.024226761430416154
0.024029871298531808
0.024443487466604595
0.02345425876607016
0.023505091073130237
0.0247924467532816
0.024184280518342344
0.025396419329486893
0.025373038994348618
0.0256541988928949
0.025193913986576673
0.025981478291922974
0.02529558451150152
0.025067005224664124
0.02593097649182571
0.026530215877047195
0.026418767219368183
0.02540322857583419
0.025653576388666794
0.02652341338439132
0.026994090655941126
0.025897870243866063
0.027185529721067463
0.026485852359979575
0.027296544744819167
0.02786479344601783
0.026830109971114402
0.028043498595785928
0.02801093396074069
0.02765825130178585
0.02760202897398055
0.027737468838663862
0.027755925881203614
0.027995057365781853
0.02845506272400444
0.028141403993555122
0.02913838381341524
0.0291374243932569
0.02802216025072687
0.02860768219956528
0.02855013471331328
0.028547444349682684
0.02872895929883281
0.029483478314556312
0.030128566719973267
0.029029589196438752
0.030218581942561745
0.02959081199133015
0.030445856686806855
0.029933341337486288
0.029583456590409393
0.030733289261398487
0.030862712800819713
0.030039919459817998
0.03017097199881103
0.030493001596924602
0.03118837475979657
0.03093675682344545
0.030736536156391096
0.03105659055183189
0.030848881124941874
0.03143944039990809
0.03123802002482736
0.031930621730846015
0.03125768190780355
0.03239893351969607
0.03152981835972692
0.031386556482127896
0.03205592160692425
0.03203869771452502
0.03142268698044602
0.03270835672596816
0.03169014461658166
0.03174578560112429
0.031823173098270555
0.03218150769241657
0.03327179911531115
0.033136712584040655
0.03218249893500441
0.032741082534445715
0.03326944645146376
0.033639941148450425
0.03259625689219815
0.0337365982886755
0.032819693327760524
0.033741147460701275
0.03316504445688093
0.03291967865682859
0.03387598554204428
0.033360271311953946
0.03360641674440651
0.03411784094609413
0.03427421592692502
0.03480674744611128
0.03414970582714477
0.0342667801146391
0.0335731329772182
0.03436158620029247
0.03454728440363817
0.0345640526252536
0.03466184611041697
0.0342314077224844
0.034929437862644276
0.035151261798117006
0.03532582141486399
0.03560849249195793
0.0345592850791722
0.03550146688273869
0.035622813832928715
0.03558759987469043
0.03477285662429371
0.034973537978606424
0.03506447449176225
0.03583804486783582
0.036092477044132786
0.03566423854974239
0.03487602136227975
0.03511743937937614
0.03607028572805743
0.03604518277675338
0.03506576772185158
0.03589313023671369
0.03528860077321068
0.03555402870691072
0.03529543695762119
0.0356402367819945
0.03627182531634762
0.03580764990740794
0.03689280216563939
0.03671191884459824
0.03658756061751345
0.036560778461064834
0.03582361709221017
0.03699627421130054
0.03594883173064238
0.03635454831188198
0.03595972782653143
0.03594311463380878
0.0361361016795977
0.037107843232615935
0.03631169925774354
0.036457334533226964
0.037145670658194296
0.036015698042979716
0.03655563265748506
0.036926726223769274
0.03639991866587752
0.03638376197151324
0.037194497663349556
0.03687374741620702
0.037320935717044465
0.03722040319546806
0.036258754108440934
0.03657941417718902
0.03730339365816683
0.037034921613128845
0.0369209281038235
0.036984417671118125
0.03655068203999509
0.03665525510210129
0.03785511286458876
0.0367210773884494
0.036647984270816066
0.03721673718631395
0.036663715637281345
0.03763964994442678
0.036764528057121874
0.03739401665373108
0.03772462740874835
0.037738688605817756
0.03752522290587837
0.037267898663445556
0.03785557034552048
0.03751668780355218
0.037923443205695996
0.036843289680014234
0.03701226662330096
0.03724587190436244
0.03796568064342518
0.03740470721693853
0.036646762821155414
0.037575333719387385
0.03760449887692757
0.03667928434048772
0.03676991099704928
0.03701908004950057
0.03770558041864607
0.03762365427467379
0.037108685682858945
0.037468051759943416
0.03704991898274937
0.03795726336076125
0.036564508501039324
0.0374684840554984
0.036784894207936125
0.03700940741189589
0.037602129147359796
0.03683000937264346
0.03731483851113923
0.03686502705914354
0.03684165529779013
0.03692716720793725
0.03698262058180695
0.03708714736787297
0.03722724592777084
0.037110160511653265
0.03711490709841905
0.03722804705056808
0.03725688627287866
0.037664097936130944
0.037357269430377996
0.036932286478458747
0.03661948537017047
0.03638553979453829
0.037446741703996145
0.03749079639284382
0.03664752135070223
0.03644557739990386
0.03647347917603757
0.036873624037780356
0.036655094442302895
0.036134182966571275
0.03721570973772483
0.03616322063237871
0.037248957841002635
0.03675629419102505
0.03690007461145022
0.03726246271360491
0.036455312372551334
0.03598240865210253
0.03576249722997178
0.03632622612276578
0.0365229424364917
0.036198312587550865
0.03673705895381099
0.035713995823627526
0.03571038099254732
0.035607915762793874
0.03605214530687911
0.03553560279564046
0.03621426895881483
0.03570704334335951
0.03569075846696636
0.03595470823031372
0.035331210715463926
0.035984668046562376
0.03520868841457722
0.035244213952792064
0.03558940226158853
0.03545320653551001
0.03514515457285071
0.03586013699588052
0.035166157548669724
0.035417768605797095
0.035953772590491685
0.03577417594594871
0.03567103820882142
0.03550461199060405
0.0358679290346243
0.03495344987266269
0.034794824799816874
0.035559248835832245
0.03515002883852918
0.03498559390503593
0.034807921558746756
0.03525638888360899
0.03495070076325554
0.03519321506639189
0.03510460171150095
0.03529658558337665
0.03524665240755291
0.03393716241101482
0.03426763376795664
0.034165104408809904
0.03485032177445133
0.0345443464052487
0.03429339776887962
0.03380212723382556
0.03365850226793249
0.03354126983980811
0.03390010197763846
0.034272680764057095
0.03386103603233048
0.03440946701680924
0.034214819411578806
0.03303753837193358
0.03419853842884544
0.034236791801005674
0.03285186698549237
0.03351679862225968
0.03383233591328114
0.03407955461760872
0.03274495740031925
0.03297218371996445
0.03248387211983235
0.033229903708845106
0.03365813597662913
0.03355365718877601
0.03280815737652078
0.03318326560971713
0.03295642898016128
0.033105682468271516
0.03242712391226008
0.03218824097978394
0.033089957737849576
0.031970905229681865
0.03226684694029344
0.03270203729268604
0.032687133100977483
0.03148283445855052
0.032269008378643285
0.032688895903087774
0.03212124353800887
0.03139681468149194
0.031934187986826436
0.031208927357840047
0.031095730056599182
0.031093082157467655
0.03206933323320969
0.03144310990841686
0.030837781877194274
0.03072618840654371
0.03153305128494872
0.030829981514297267
0.031202350969946627
0.03167276824841025
0.03156312617784952
0.03014137660929006
0.029997816953427642
0.03115461073977281
0.031129915253779332
0.03067419044468792
0.030191889198574504
0.030609492915652767
0.03008134353966417
0.030576358055288733
0.02944180564966604
0.029896301546569685
0.029641808975401647
0.02917803247699598
0.030005795507375824
0.029272192423682123
0.029523908830529848
0.029601003915267623
0.030183908576923272
0.029022699975001696
0.029150545372150834
0.029604062774150865
0.02954341236018183
0.029495290776287132
0.029523228076836504
0.028678944766240094
0.028693305680685503
0.02812346723467556
0.028629835856729798
0.02895378660708544
0.028127597631977724
0.02877241026050938
0.02842312526653409
0.028970844426547838
0.028412266908181934
0.027876340362394936
0.02848328719833349
0.02752960097329888
0.02804934852504501
0.02744030936928815
0.028025553311182602
0.0276124098253781
0.027172229129508663
0.027744882412555516
0.02767399230885822
0.026542398127990446
0.02741781610340109
0.027167179091730168
0.026428288180724995
0.027103338945128147
0.02658045495141473
0.027372911333798232
0.02622155437009517
0.027247922796381132
0.02660842952755428
0.026276948373622808
0.026274416126385525
0.0255740526210899
0.026676212288467355
0.02602065928376861
0.026494500441168255
0.025412953175284882
0.02645789659277864
0.025477634363661475
0.025316826602061165
0.025398546674566303
0.024879115118545556
0.026073500732932547
0.024727218420823257
0.024606238839705693
0.024707323127679367
0.024243171599180022
0.024801096029416766
0.02491680348452811
0.024019613104446468
0.02517821746495362
0.024041167684028565
0.025003778709923718
0.024387407713709473
0.024015458209967318
0.024765616131986464
0.023730339355557867
0.024296378843488363
0.02355463074216394
0.02395262457989822
0.023678993043363575
0.023921125232302866
0.02425373636285432
0.023666900112577778
0.024106957178150378
0.023604144308646206
0.023172688082518208
0.022608803717311495
0.02356277194972591
0.023456311200876073
0.022583492614197665
0.0233844333610356
0.022990506845862776
0.022616369782156746
0.02282929823539739
0.02309218188055776
0.022994589908192413
0.02274498209755529
0.022413530495055893
0.022395887001112585
0.021512512870679887
0.02185877033627609
0.02225565896201142
0.0215339957856598
0.021718441614586224
0.021863815533318252
0.021546207946203867
0.021115864597220507
0.021606763374987497
0.021113021623719617
0.02058248781308802
0.02180192756687547
0.021589192628452682
0.02058207065800747
0.021119775941905762
0.021390427464673144
0.0206813091474873
0.020452664240505427
0.02104289329891808
0.019907742315498664
0.02071226316554059
0.019817997952434312
0.020041254035705242
0.020226571029077555
0.020006461621029415
0.019221995682436013
0.020296173355427674
0.019505218408839318
0.01913308463080365
0.02024115602017295
0.01876803293168172
0.019193502510656338
0.018870616403823908
0.019732859526974924
0.018639520986077622
0.01972378599389904
0.018833680770252853
0.01937447921133081
0.01832416264593334
0.018207407945057232
0.018102343967436416
0.018020446903978724
0.019111715493657044
0.01869828684449787
0.01789369478400492
0.018246439503220947
0.01825184757337238
0.01862282990610262
0.01841593526845616
0.0172031108426436
0.017862571734283655
0.018483000938600277
0.017702937570873014
0.01719410326529247
0.017916191498625295
0.01696764891427433
0.017757428456065993
0.016805640688289082
0.017855149029429192
0.016643667858741877
0.01718893299503078
0.016583684016113983
0.016908411480149082
0.016730102843306206
0.017489541723832002
0.01667357005910181
0.01599680421673612
0.017198184204926057
0.01631672571593521
0.015604808573937265
0.016014259346559093
0.016305674535848722
0.015742241264218488
0.016187634694928347
0.015251848460689927
0.016525323398419733
0.015350378648707955
0.01502722164612098
0.01622255867865989
0.015554628718382498
0.0156953273557756
0.015268139666421097
0.0157416954259908
0.015604764067903574
0.015338803990284791
0.015713304654277435
0.015173682914918041
0.014621856671653251
0.015054514786154634
0.015114720211945199
0.014782114407723186
0.014377081648565972
0.014885318237865227
0.01441999310652065
0.01478699087802624
0.013767523496394648
0.01378860358840115
0.014916602649102733
0.013695333851879108
0.014089121027852975
0.013313658818751524
0.013534583524485362
0.013856834693841165
0.014389041190623968
0.01404470625678645
0.014383483119745792
0.013309685068661129
0.013192384204886142
0.012817116562780256
0.014078584887189377
0.01304541640172351
0.013593484457605606
0.013729367054474013
0.013833281554831016
0.012620043320633653
0.013007890667106333
0.013671676758158337
0.012235319313264176
0.01271101147956219
0.012946380842781822
0.01197362095084428
0.012117670400650496
0.01289168089852687
0.012231340485720369
0.012405107100653552
0.01232408901257699
0.011599548687138882
0.011969675574928495
0.012603307276401224
0.012095260689204138
0.012205015019633524
0.011883610403045888
0.011440507947484921
0.012392863179102149
0.011532472618351188
0.011872097158110563
0.011983880526612013
0.010867252195642331
0.01114153035460277
0.01179137251189897
0.01152695776316455
0.012004390819207641
0.011666255189466963
0.011830619607143293
0.011310614909121566
0.01136230661217397
0.010915507666589325
0.011531588554060513
0.011130339485694188
0.011518778919023889
0.010850073703358323
0.010267435487933324
0.010317846863412779
0.010781040939781179
0.011054346673855343
0.010214990701315148
0.010997069217099276
0.010245973651154929
0.009536921957632023
0.010055013769529591
0.009563859834073478
0.010792223057966555
0.00975230406164235
0.010443473292944634
0.010558658164087676
0.009201505028774854
0.009403656840740383
0.010501889232304645
0.009000753702640276
0.00928602612730162
0.009108531815358959
0.00940995706755514
0.010210602482270516
0.009614970509212388
0.0089096354208437
0.009307038372376356
0.009358263139449024
0.008767588653450363
0.009446880724682867
0.00971385671464269
0.009063177072135
0.009257493650017209
0.009137864219639809
0.009240041026552763
0.008994758709525505
0.009011976386594709
0.00872430897769121
0.008811082448910856
0.00915901010774386
0.00868383867339971
0.007943686983451206
0.00835659014418197
0.008876797491348284
0.00785429492243795
0.008093918170042558
0.008656838345750298
0.0084032093395706
0.008109769658509723
0.007833949697332124
0.008191005311686572
0.007796278342144618
0.008562959740729481
0.007714737958252181
0.007428606452954385
0.007494544552261701
0.007909846122787213
0.007076695924119309
0.007181784055918527
0.008182926807100886
0.007714224889874131
0.006849859864527135
0.0068292733727648896
0.007871961135331021
0.007764312413730346
0.007197514746857764
0.007748150495451088
0.008042602370133831
0.00784597902557241
0.006772387422396372
0.007250347245491988
0.006956377111384751
0.007812535412449983
0.006878893640071281
0.007400676148491864
0.00688111098054252
0.007469796788134828
0.007249969879233482
0.007533119755906201
0.006473977911963169
0.006693769414830093
0.007432719571634633
0.00672906155766404
0.007104596306390994
0.0059538917258125405
0.006479601505350186
0.006014801350736134
0.0062310283873146435
0.007156431277711403
0.005650314223000292
0.00593933575135117
0.0061025356710273345
0.005756795240131024
0.006249072511992834
0.005881727008052512
0.006470659029126028
0.0062572362937012285
0.0054098987445821665
0.005523812793303749
0.006658653153888556
0.006349544629748544
0.005759596412075603
0.0065133796228814805
0.005862036522981191
0.00589361678212568
0.0053886543021456354
0.006402692455675845
0.006005253362574884
0.006278703385318609
0.004934090523728431
0.005073609870202195
0.0049675357671755335
0.0055411687343900375
0.005670215358984096
0.005716966111699339
0.006017784102169628
0.004817116973191898
0.005413925612390493
0.004587685445049456
0.00581115636156004
0.004693809487919524
0.005004250146076764
0.0050822471422852945
0.005218493702315348
0.004894093278554146
0.005725123719735578
0.005759551733905575
0.005605595277213283
0.004773201774773808
0.0053365169999954444
0.005000207768717266
0.004258004497805185
0.005180035939331096
0.00437419723488113
0.004828082974820458
0.004265276841033872
0.005382864438594911
0.004789521297128508
0.004629685509629049
0.004904134236798404
0.0047380886460314485
0.004860051344967357
0.0039999988522248274
0.004592736195870648
0.00456122708724419
0.005103377843010327
0.0037935421436899723
0.00411537475020152
0.0049450428237279315
0.0037185136947920482
0.004280256087520616
0.004363614793636738
0.004607202614644658
0.004123959743899661
0.00452738596754257
0.0038143472385649075
0.0034750121029151673
0.004020426497200312
0.003692202215699182
0.004713988513455157
0.003928560995445047
0.00407363132421254
0.004643756349453123
0.00410281468547113
0.003647578731440678
0.004445615356793634
0.004458136887318668
0.0039586645329830784
0.0036906184403010045
0.004536051961734932
0.0033979322976096828
0.003631308413153535
0.003425431108968056
0.0038670154629489514
0.003949592759002171
0.0036016299342121996
0.003536654829160141
0.0037290223278116687
0.003955728781128024
0.0034969840081352423
0.0028422884704463135
0.003461032548307075
0.003303461722076728
0.003937418304560235
0.004226586877066186
0.0031915628506630493
0.00346797972410654
0.0041391885334638315
0.0040817107024126685
0.0039836712859146585
0.0030132891795966953
0.003606242529667872
0.0034992638078489248
0.003848404224878299
0.003095247843660114
0.0029753116492405446
0.003760774745007501
0.0030757687663345874
0.003330250879685468
0.0026107008563217775
0.0036439458287450843
0.0038171576254479467
0.0025429064027756776
0.002798922068440534
