0
0.9947268780715246
0.8868382610094783
0.8091806707959815
0.9006073152634111
0.8176327475611453
0.9568943290972132
0.906161186510087
0.9021845454763137
0.9929994692832979
0.9586430214725707
0.9488932730116149
0.8840140523832497
0.869724612833306
1.038098394027832
0.9503888253822752
1.0359580757473923
1.0463975437660682
0.9360523274473159
1.005080877432815
0.9619290610570534
0.8990798460289586
1.071383960084395
0.9416682206599214
0.9924488499655797
1.1098324567226312
0.9564402372028569
1.0767270058268568
0.9361798129101896
1.1233593018560142
1.1331131394161627
1.1249601683536212
1.0642079546206409
1.0697823545320562
1.0096509169277101
1.046410902652417
1.0674363432057021
1.042524890251699
1.1166382249228137
1.1687021252222105
1.0856582776931207
1.175671621491668
1.0814913761781288
1.0887944836475585
1.1278012770503327
1.2083003968682384
1.1319034565100403
1.1351612194230833
1.1573609056552423
1.1875279738448206
1.0475774611526911
1.195768149975108
1.1083268374456314
1.1476353995735298
1.193075129096094
1.1886830067138734
1.2103338391947098
1.2090449487307482
1.1839603510767016
1.2144221481954234
1.1415172683037549
1.1914805602328966
1.2813702402953886
1.2498398449030086
1.3167396696116942
1.2501976359754752
1.2591700869302302
1.2681737446881534
1.1566157158919714
1.2240364964911075
1.1952408494593671
1.184116117142345
1.3120311280697805
1.2179228260190407
1.3379848564065953
1.228585797788571
1.294542510380047
1.3665748553471007
1.3290359456787888
1.3003627117849537
1.2313888965934592
1.3810059990184826
1.2806131892176846
1.3135836630932147
1.2555534660470915
1.375277820242184
1.2650092171820955
1.4272241793274343
1.369401927537241
1.3028975827416562
1.4145614554060033
1.291495789542916
1.4741235857264414
1.475797197193785
1.454836363342399
1.4331067530757111
1.5000967842880395
1.3794994778724996
1.5246033160442087
1.4183851187848209
1.508908767992807
1.4463075931510188
1.4488826682841394
1.5600478932350994
1.4997084589193757
1.5731409114691106
1.3933573287913805
1.4869768556077387
1.575273925800575
1.578469900727291
1.4886073957354715
1.5460779393023838
1.5080030079928037
1.4736547730793028
1.6112832748263006
1.5407515295594272
1.5088947057094304
1.4718026104932225
1.5632913397702943
1.5794014061506325
1.586344478803989
1.605869237694317
1.6539549401185183
1.5911175040050174
1.6269244886840888
1.7147355017356596
1.5817394658159487
1.6296199314428765
1.6662341418362325
1.5566930140347544
1.5726002261606615
1.764293795135728
1.581245547910083
1.7118695025166193
1.6598784815783656
1.7781010780156672
1.6643604431602768
1.6416423214814788
1.7731112925588057
1.6956659848674491
1.648469187921604
1.7676846197256817
1.6708969892578662
1.7331199527706347
1.693091713970232
1.8659623028438812
1.7001525735186238
1.7073584682288276
1.7973623402505559
1.8906153664239445
1.7944808285725822
1.7436571401569965
1.7582870719440775
1.8011889720223366
1.828019960422768
1.7615338489030348
1.846299812007869
1.9638282295254221
1.981228242368531
1.8822514115384077
1.840239472950638
1.9141583934670874
1.8874375970411112
1.986921412636042
1.838585001147662
1.847089518142253
1.9503687550979905
2.026153190788885
1.974840226949455
1.937318123914449
1.8920927630829576
2.0008392478638437
1.987674234013525
1.9209331578453934
2.116695467493063
1.983331477940542
2.1362910517079605
2.065254664490643
2.1429713420176295
1.9785591974850454
2.007427498843208
1.9974950229453092
2.0066809451904737
2.082840323958355
2.155877726462665
2.215536506023175
2.2097493695264596
2.1612757753141385
2.0940911299341325
2.05551791943381
2.0776266912490144
2.1946120482069404
2.139140604849048
2.236700028295116
2.135172598386893
2.276004168384609
2.1978252065307133
2.1733974252015145
2.259478523397188
2.2130279640927126
2.2731994873409853
2.2203416851827424
2.3095652910941458
2.3216542837993295
2.3671981482979674
2.284290582037836
2.3112258373654955
2.319426581189205
2.2600261090055214
2.440245512907788
2.3176737368131284
2.3004571121035693
2.4192789837285287
2.3394023108457676
2.4216826408154337
2.4734105762378804
2.4146091147051907
2.351406086937235
2.498437152088409
2.4492194147304325
2.3563199056921857
2.4248648772549792
2.529172742677676
2.507794321104552
2.576948975775295
2.4561136107988335
2.45861866848527
2.5814497563875705
2.6312938200698297
2.5117752245471845
2.556856967720026
2.511740735118446
2.4959359520622013
2.5262841872189976
2.5380240803648992
2.51421698840525
2.529905718142637
2.632644370616208
2.5832853847205777
2.656700757011824
2.6474588234100795
2.6017078498057153
2.6308715789109898
2.670401026896888
2.606814833783708
2.721003005223353
2.622747115135376
2.741490716033817
2.812890294843768
2.752648527918246
2.6925339310859764
2.8738641241709284
2.760572148344339
2.7097887209319373
2.8392932930996837
2.9040989312709797
2.8743478956608683
2.851653662627427
2.8512314863853008
2.8148636015258575
2.948301676429637
2.920699624476652
2.9621006794513884
2.9674323997001597
2.9359449513649607
2.9927835122548347
2.847904588444629
3.018353984275578
2.8961355529596604
3.0600572142813074
2.8983795155202183
3.048462466197618
2.9965057224792737
3.0392939828239522
3.0223890111110663
3.05221529704825
3.1281247164165378
3.0380026279608026
3.020253910570882
2.9950091930702882
3.178919518611821
3.186902422816427
3.0397949835966087
3.0766151363157674
3.2367689026745134
3.1323215785222462
3.233822543885827
3.2772247176600025
3.115452314916469
3.283778446411877
3.237520540737751
3.2860954776519833
3.176954167004473
3.2262932112295593
3.2913851537733647
3.256865664956593
3.275203144596642
3.2435706314333186
3.3928309346890564
3.3683854468804504
3.411898748148451
3.4102189461826606
3.442601056710627
3.2984784817088473
3.352749832106165
3.372882477978679
3.459973701848811
3.458803120852452
3.5296803505512293
3.3905731713135236
3.526118707205026
3.541853986672792
3.4147232488042647
3.423370669921338
3.5883163482295557
3.436314361445158
3.5654958590322243
3.4936735680006845
3.60833406111888
3.5784832309850385
3.672484591734704
3.6300030213060666
3.667401203351248
3.644427051602592
3.588393545400607
3.5778216038001034
3.567412660281229
3.774344374008635
3.604735150175609
3.6816272239189005
3.75342713649359
3.759953451126635
3.6806001586712336
3.7849363176383104
3.7136389424050997
3.7544044325008894
3.719311252565117
3.7316510203096285
3.7645624645174425
3.7634093057557076
3.805739589634368
3.86606357935079
3.8595113420073104
3.8150376832816875
3.8043180641269787
3.957718496695227
4.021122521845967
3.8933163687313455
3.9739222753795276
3.957874556866414
4.044194361186551
3.936201720993532
3.938721333188171
3.9274929091828876
3.955423322499715
4.0266602136501
3.9829556947046445
4.109715034884385
4.169669947219159
4.065127126976959
4.084369446984603
4.056902014269787
4.0840928791829905
4.135242258852916
4.164861634075435
4.166510236172262
4.218706295808209
4.274604060630443
4.220526690387086
4.302014704121247
4.230840017236305
4.221408314486652
4.178827901940817
4.200963067597211
4.346138003949006
4.288681091700216
4.375474907413898
4.2761789652637106
4.381466946343241
4.427379000497448
4.475568128434004
4.456260014600015
4.379197278824357
4.407714353354387
4.481403441058955
4.361314171146435
4.56066426936476
4.5665816605253315
4.492295808591195
4.489533219958204
4.52867745415229
4.604469197948048
4.5796105476773725
4.5125494198351355
4.580011083060287
4.694901780168647
4.682567103084934
4.632735787807449
4.678898589852334
4.617726096699328
4.688787239039805
4.713393557097935
4.659383916430983
4.666548690854853
4.748694309197326
4.788988977778128
4.794176066626487
4.834582377247557
4.7358489802414905
4.776868648667881
4.877293453065835
4.770522450497337
4.896125563769578
4.809353601752525
4.8064098902079175
4.897626097872463
4.899364206817068
4.914661993762486
4.940087815101923
4.935762577764499
4.929894531390298
4.886792621382467
4.987641114130333
4.959071557486989
5.108547302907408
5.010132452623037
5.075768585003275
4.969834059082277
5.0653568376105005
5.000965446536067
5.068483067767586
5.154884338206561
5.21487763335753
5.230055283528042
5.12537717588384
5.221413930660096
5.209094370306229
5.191514899607999
5.230566836086099
5.273680376112781
5.281491761815471
5.321065633453349
5.268908580878527
5.357958427625497
5.208893326985657
5.2492139671667175
5.408136501270196
5.302766708096958
5.439958808375011
5.458638443780694
5.420688866172968
5.48963157672371
5.446547524236756
5.461479550527369
5.522326324909254
5.459215422272771
5.524650921330722
5.417570553240658
5.471004139792394
5.4497556987764035
5.597863476629203
5.6049278184824916
5.622333735666574
5.491356916719455
5.669836946136901
5.539507278424792
5.641327433901367
5.5565107486123155
5.662442747428973
5.586370091720672
5.62771249872546
5.647105664182177
5.757695923133248
5.770485591274054
5.855587452249261
5.683447975273354
5.787866324294816
5.81214266565366
5.758428626314697
5.84164535010693
5.809889905407362
5.86794196438327
5.860920428651503
5.903935875415641
5.980101715335313
5.9219223432934145
5.921582369503587
5.929901069096499
5.868530195806744
5.983953772322965
5.923332410465894
6.029498199974826
6.110477951537373
6.101496670421317
6.070749507222161
5.988729810431236
6.026207832063368
6.072879726365587
6.059081220221535
6.100764605244586
6.077916499726828
6.115060797573041
6.136860292888199
6.287788422206768
6.125649371262352
6.319318158666442
6.336170780369392
6.180880665730036
6.307034519688381
6.3781304048366785
6.339630800072734
6.226726252856562
6.417183765334419
6.410853212432583
6.398771871143201
6.472066944854144
6.356451426024233
6.340851030180199
6.424618712641306
6.500574960220641
6.450777984489996
6.548372782900737
6.430576698169559
6.554455049286479
6.53624817229667
6.503285220122363
6.4818789341495044
6.61560532309321
6.66446467769288
6.640431520238447
6.562378408402755
6.530104857369418
6.68243857646714
6.6107363150981415
6.720699235851148
6.669271386729099
6.670936320651887
6.731932081416907
6.722705829014758
6.657152470620525
6.670663092324988
6.678708065549101
6.742038166243352
6.879277842271921
6.772891530622579
6.865462033198961
6.785546597569468
6.785886258855154
6.830750964615809
6.89757474874427
6.852768910764022
6.8700879459584625
7.0017702909762765
6.97176768518567
7.051617337947833
6.984193900955702
6.918061213728309
6.988256492287436
7.065259831710148
7.042012938613581
6.998847570997867
7.131379475078221
7.076152045259835
7.059788274044695
7.193645981937519
7.085607724732003
7.2312422575196225
7.206321319449925
7.095165271838342
7.091827761745745
7.200769803714151
7.2096259780578515
7.276069082069933
7.188206829214557
7.169451881108633
7.271687726267751
7.371572379800701
7.335843124848205
7.383511620142391
7.408738813090939
7.4329054725008845
7.394333885758798
7.311046008361435
7.432777151912023
7.478013625003333
7.50317726682634
7.371037030404398
7.4359398746202565
7.473907161649504
7.523080669305361
7.420405223397528
7.526652257738274
7.594426351803904
7.581147967291123
7.4761756040724405
7.508972837792668
7.626816177625369
7.62151394270889
7.597287473328064
7.708531986990314
7.602934718749579
7.651655186056178
7.582050429918932
7.7338735989436485
7.781732449985596
7.784787254096463
7.751687538217623
7.794710369435297
7.8371540836502955
7.786253998620463
7.836111138023814
7.860109786328981
7.812102854306577
7.850745043910878
7.7487716390292976
7.851692090728904
7.898563579855071
7.777839531144481
7.941134146395127
7.957096399960195
7.97224815847805
7.820382132418014
7.888231413103241
7.865176337792583
7.8840430857860655
7.888309759748281
8.059205746782514
7.9241904828251135
8.018749317472526
8.117979860927285
7.955264640337926
7.9619243843322955
8.038715379383117
8.08749203620651
8.175876504596038
8.079910645899863
8.179719331730404
8.16322379941657
8.055424891514573
8.238966576190222
8.138690924604653
8.171954989782726
8.291791606589056
8.196556676842205
8.312567306998597
8.336640538005124
8.298012376134965
8.171580495799917
8.298633454598663
8.24495772402661
8.32815030742595
8.346379326320239
8.255770396568042
8.409839770719241
8.350482578329453
8.44378907574569
8.332587526456653
8.394028270528157
8.488645760561596
8.476039337485602
8.461178859062807
8.42378876657066
8.554557065299646
8.498696291938678
8.540002124689302
8.566580506097079
8.473700316125466
8.51808644015273
8.628604473333903
8.519984716202634
8.632753656596028
8.541842275107049
8.486588425446664
8.528245819428992
8.664113451206214
8.595351201119856
8.586937529221776
8.586971709250045
8.616992907873001
8.694603325827071
8.581388238602365
8.614918465246182
8.735001146489589
8.73313027638215
8.80439824377913
8.69430264500632
8.671118655182635
8.687488148612204
8.802271575555697
8.766769652364069
8.87826008815423
8.752999911266283
8.83608677355273
8.771261586977511
8.909171438269547
8.78647839043055
8.764244371010355
8.811552807407963
8.823865016949378
8.927920948734922
8.998993898444992
8.957920831998136
8.941383275180495
8.984904605857578
8.90270603583364
8.89217860552517
8.925423370156468
9.077410238374304
8.978071024474403
9.044336899767659
9.06466802981867
8.965201065848575
8.949991649721888
8.975496816369542
9.145948905672375
8.98491149848955
9.032217432344828
9.092581900050888
9.123871024163353
9.075595891788042
9.17710177451296
9.13127454951896
9.143656762669936
9.087446899068278
9.084042222578432
9.242005585495987
9.21988208895045
9.109312537623927
9.14356721599026
9.117903175980162
9.301362901708643
9.197827613473077
9.312848852721695
9.2889805645404
9.155724959707781
9.190373866721202
9.30039197154165
9.208152443992688
9.256153586765311
9.305634437783645
9.284120312859507
9.234759006427092
9.326307591749881
9.398270047902324
9.26956168362885
9.270994164038337
9.397654281906949
9.33990666928399
9.46780060268488
9.358037543591657
9.483979140158393
9.50115517442016
9.327550442037904
9.4901063990409
9.436020209515684
9.485131733880852
9.427105915709669
9.401110892801768
9.429732662258782
9.487771326189211
9.473160681742394
9.565461556169392
9.43174614227554
9.478150274985776
9.511036192749742
9.473856964742101
9.506011375819085
9.486946925828395
9.616237647359377
9.476137255798953
9.464233559825928
9.582142054011776
9.575012632946297
9.542145558351677
9.513111962629644
9.575811712910246
9.62274748871212
9.6137413022638
9.695526540904877
9.547481262938131
9.60127285378205
9.68229269501496
9.728860410504895
9.558777116658685
9.622521940996526
9.756839074154685
9.67872432635251
9.689542099942791
9.679811302568528
9.648050865159012
9.620949690215964
9.800804471847677
9.739513730383601
9.798321514743076
9.7467641846577
9.722573333875424
9.680421494270803
9.754976339419738
9.692637535965321
9.731123443194189
9.710210954189623
9.701129956460548
9.698432025930655
9.759542706699909
9.814525681868906
9.863077252346558
9.761779013033207
9.90032236307103
9.791078168104786
9.842672080400241
9.820966470314335
9.82162219354018
9.866413596079793
9.85330504689416
9.855768884001277
9.802421839474029
9.85855154878729
9.871962043062407
9.948712551625258
9.807058851174396
9.926857750525853
9.917135851677985
9.961811180787901
9.933283145486058
9.933333252104168
9.886227512530448
9.885919258753933
9.893587420741252
9.847161445968014
9.843025766204661
9.980522477596582
9.881462057638293
9.868346375324853
9.987543367474661
9.90722187306687
9.972110925519319
9.87748529963921
10.01438720161569
9.942328212848258
9.961011314708523
9.946228321943686
9.972304632264244
9.894103274434588
10.056481219640515
9.87927644568395
9.961377070832546
10.017714963850327
9.938254046950703
9.96589476425094
10.079379708616784
10.068735222607776
9.952364357209685
9.996721887524163
10.009243090562423
10.09330244692539
10.033764225852169
10.112023395786848
9.990427417708824
10.039561830862072
10.06429002345978
9.986230011516811
10.10957605486008
10.10844725072235
10.088469689067441
10.12624011161461
10.072222916218555
10.05924567571376
10.000579003569506
9.991990762008065
10.093295895280995
10.012987502731562
10.107392622724257
10.080477297455419
10.110685610020992
10.047028285465796
9.993240016248654
10.13301591941647
9.9980195911185
10.154925513436382
10.003660249818891
10.104772804730354
10.108624813246292
10.128300067522495
10.000578560294139
9.987832305557315
10.122448910531645
10.013093423017873
10.086536282133544
10.035214880790083
10.03878814015957
9.973258656604491
10.154009308673206
10.129202729261383
9.979595552218763
10.0557343210849
10.103022791489666
10.00640285457206
10.095800975152361
9.98078436757467
10.165941709024807
10.051367313507821
10.05326064664285
10.0750355782647
10.008372339703474
10.03334831758585
10.106614080522744
10.15797385335091
10.072183830701112
10.000064043867747
10.126060863694551
10.043181767030157
10.038081385955989
10.099932572007965
10.038985040466084
10.104358677470728
10.008083332794449
10.034409299361817
10.088485030474507
10.011781072455051
10.06894160023619
10.122843200686614
10.091366284916724
10.115728779286481
10.118235988613119
10.025609459211848
10.0801495894179
10.034093256370868
10.054989652083762
9.974006674164903
10.045613984453249
9.960978512909994
9.967970955810996
10.101842237722614
9.957606043576835
10.130979982807366
9.982333148043216
9.934311589925802
9.987653123518628
10.085666309043269
9.987847428448166
9.954112238655124
10.08854553588857
10.07484353118547
10.083346966243978
10.11019798532656
10.054030117384807
10.028048004711142
10.025660692370591
9.923624575312429
10.00306809425789
10.018104432467638
10.030722424670119
9.9529576367157
10.074807590491298
10.051730871564683
9.949274641844656
9.96830847924148
9.96475937374311
10.009404203831599
9.925370517213805
9.970914253148571
9.860228308909734
9.915695594352432
10.00807546175604
9.94084171816451
9.870060195497786
9.914921805561562
9.934486239996742
9.916652218795408
9.90140177136388
9.966158059187398
9.892741445835448
9.865491295998599
9.844012366323307
9.843184529484137
9.918248942379982
9.906765007658349
9.926842468105999
9.87845219852001
9.789385984520374
9.95115054289443
9.808587523665492
9.87054825072571
9.868065585507614
9.934415945889045
9.887045838394641
9.926489040704162
9.817173065736373
9.753055838415658
9.782882840863428
9.835745296564825
9.840656844790162
9.877007806662117
9.713342626511107
9.80474890635909
9.811405027562657
9.822480661507807
9.79444815760762
9.84130062023746
9.823631747774538
9.67840659142869
9.848119887884284
9.841020553130573
9.817125902689671
9.768227440135043
9.727696123356075
9.665550848802924
9.70227774738447
9.7570336724845
9.673150931879238
9.802416899019972
9.780466574220725
9.644034530979319
9.628658191635354
9.622915488233739
9.594685601730243
9.73748190115623
9.594308825953537
9.6397781711606
9.6498958276304
9.656377403962352
9.567532180292291
9.66084425897576
9.669770714073683
9.54387217024478
9.583981108591512
9.565393256883906
9.604770725612056
9.497585469543067
9.5758513007643
9.577781171979279
9.566013417285204
9.56500009468307
9.440150952576738
9.538137749086912
9.578226637946395
9.578081145876057
9.4172140454903
9.442720912517393
9.570071432231435
9.491870607995113
9.475760819424131
9.448742025643604
9.546141434189035
9.385062426227037
9.400669930420783
9.458210472104412
9.44506218841124
9.472139350208092
9.306396951515794
9.297455413885016
9.445554875811341
9.298792330622017
9.334257790810195
9.339114826963078
9.37252082824079
9.38884691283203
9.416689513410827
9.349409897939001
9.32687488180217
9.21168388780893
9.343744775271837
9.26235713416609
9.284559678442875
9.324121031203823
9.266846948659783
9.203601678352893
9.205528308576511
9.238769671363347
9.316705036862183
9.160910546732351
9.289151548547355
9.214986881054445
9.169466392081567
9.131045605128763
9.219954830026792
9.19270450785344
9.185450768679436
9.092491683204305
9.179662143971882
9.146948027898606
9.037792096330604
9.168604292030437
8.989360750700532
8.988375609869072
9.092392467416186
8.96940743422254
9.072034687376155
9.06229532990099
8.957415589053431
9.053698831588566
8.972832963709767
9.058022793996994
9.013214781727353
8.975104518475982
9.04673929687314
9.04477728226818
8.925209458983586
8.854896513906185
8.961301473860594
8.90901359967151
8.94144270948407
8.805710700364365
8.91776662806475
8.93231253488021
8.801463959888043
8.89800708941653
8.863586278770565
8.88751003061684
8.88582555494098
8.694442924116247
8.714367877405344
8.813950015054074
8.748169183488642
8.652368789080985
8.711613037435537
8.686204929634481
8.648145079915519
8.626528948492467
8.772179151310251
8.702881492217077
8.662069915176822
8.60479436867635
8.717376867839027
8.567260887183549
8.559727764178206
8.542801842730322
8.617591322148753
8.658935624006691
8.505138064363859
8.54509375967187
8.578873823401588
8.575197065631865
8.59399007836578
8.424045704068577
8.453114711703472
8.536225964201419
8.522335742709913
8.432088593886684
8.398475493969617
8.527428768369349
8.332477591297646
8.324859219515156
8.36694853671408
8.472075012066764
8.392064656501967
8.269024444733178
8.37112336880469
8.275063941595713
8.301946782549544
8.382017730153876
8.33718982607119
8.377289357142576
8.202845115331575
8.224248000533873
8.245026085855542
8.201590326111313
8.216188168458919
8.104930723309757
8.136174125371193
8.176810421083932
8.110653980350946
8.247055213877845
8.157893803532739
8.192304895511633
8.009464437570935
8.187794969893528
8.084987087117952
8.15464788041656
8.103186150230595
7.966157733771645
7.948908938385284
8.061392285304544
8.042367201063364
8.04386722918629
7.89968044417591
7.964347697273888
7.919121270347477
7.93375195389981
7.828620660625314
7.959620386286833
7.829761255176835
7.95137653238378
7.954596875675797
7.823007666790594
7.854292138079214
7.736962378658311
7.766827735299684
7.895465700640576
7.858666575149575
7.861279101860368
7.793535010935989
7.789657226006031
7.687327869710188
7.7471330043181625
7.794869220236855
7.743944680289973
7.699957256729062
7.591233784269859
7.619305912753979
7.5581658639377425
7.613769460007981
7.50424345945466
7.654772414785726
7.491606877947721
7.636721775795682
7.486633033889708
7.554333524623913
7.6099717382125345
7.537498693620251
7.485648788246517
7.409699836665234
7.398791990258578
7.491942341974186
7.477601694652082
7.446502361215259
7.4538428966409915
7.457955507183626
7.464376158601909
7.2594135681133345
7.2793820160295075
7.2589494629217475
7.345367950236221
7.252863237234336
7.259494018076925
7.221789034245375
7.163978039457657
7.271738047706412
7.21955409395699
7.205163592422968
7.186351684146054
7.174892701172929
7.252170491677976
7.1020853155673285
7.216011346240009
7.1074710442483395
7.145259606145147
7.096699002250279
7.157717321131225
7.064174713423375
7.012888349917844
6.9782821961177905
7.098451008613671
6.986833353364256
6.964633335913488
7.035228294378722
6.969592658230629
6.868246339982456
6.866758530833812
6.952529732021122
6.9574039790524775
6.864717058039547
6.926667157252308
6.904133673184142
6.782539804086219
6.92599949375814
6.762540871977661
6.854359813060782
6.867589948585061
6.783330768211515
6.781619842002391
6.824748813768221
6.818215581091698
6.791561554135747
6.705062734831602
6.708474784332106
6.603286656492075
6.685595399648753
6.604303415858795
6.558828654389223
6.689571143651406
6.646026842237972
6.56410072636825
6.5067600213653165
6.5098189270181575
6.571343473205901
6.545307671060873
6.407081810676461
6.566357253210977
6.521719433334152
6.383033382885334
6.377926484100143
6.383429792116316
6.495644018493255
6.310623685803181
6.449245532584595
6.335482821586937
6.282587852198839
6.337671277647485
6.21562817810003
6.386258771601964
6.284536305180635
6.182915672317741
6.3201459840171355
6.277667087376232
6.1410341655316785
6.241375485826889
6.247492973744709
6.243213787893894
6.23399315091924
6.1880208364543
6.097018848765602
6.054056368253315
6.159340719405423
6.095891036433865
6.0913411828757065
6.048832075796936
6.025492068823017
5.980335590570592
5.920735780963819
6.016308896456539
6.033220558443156
5.901846492365571
5.901498714703882
5.942196502783618
6.019715365346369
5.909542187418435
5.906310641085913
5.803815961810695
5.862855720626995
5.78867000691491
5.92303162981374
5.892319000754111
5.756164101900943
5.694968358857334
5.7457778664804104
5.692340211035815
5.712609343576161
5.784202961673154
5.779964612691491
5.655852125243845
5.6402959908053285
5.600864469915977
5.701205840681842
5.708094995480958
5.522481358390979
5.52166580952589
5.589495970684786
5.549413723328102
5.631373507104984
5.5323955914677825
5.611545870928974
5.616091272274134
5.430319620300804
5.419207024346782
5.473016437696609
5.526738405290393
5.408463357780452
5.443532085397095
5.3556287952151855
5.3025525231392
5.290509920984024
5.393653835256748
5.442030931558864
5.349688703428295
5.257362164380667
5.374499272259897
5.325179744944442
5.364100551158738
5.216685822749652
5.345163345691477
5.266454067142387
5.193524718572357
5.201526012215914
5.242401600846233
5.264558965332824
5.109822147362488
5.23832059612205
5.096492079170816
5.085109660928468
5.168869247087366
5.150976282244421
5.090428086413609
4.960015052507203
5.056147183010037
4.9784409812522155
5.080211421739037
4.935044456498179
4.909214482504663
5.051992551533072
4.997260301427323
4.993810313019702
4.9527006873498
4.859969865368762
4.908129910833939
4.81453154256955
4.864911538713554
4.892901039705001
4.806666016464526
4.821094206922128
4.907606992738076
4.76213431225304
4.849703784850513
4.708273927065732
4.7335644980483815
4.778453760680035
4.796728752374562
4.710103736528196
4.777771159721324
4.688579869728528
4.685608838264956
4.6010574383207175
4.629511695765688
4.614815327549405
4.519141854625336
4.524958146188839
4.605169425054277
4.622083062674906
4.475560802591258
4.570824457371867
4.4475156925089925
4.551126324431841
4.541597118012297
4.406439683147754
4.415668967058391
4.52679196602692
4.465979007355682
4.508531784735963
4.312587761193386
4.442167606524679
4.475042920692966
4.346283934443589
4.395154239303993
4.315074674360127
4.345022010221387
4.382678923935675
4.391860370891064
4.249096575559321
4.182232916589536
4.246511716236723
4.156165206686826
4.173170088867746
4.206600441464334
4.204209062410051
4.153695476473922
4.1953384137873595
4.210049493084796
4.247644353399436
4.132364121468065
4.166370337227075
4.143703285507725
4.027643429697439
4.14401223609881
4.099061267450704
3.968541572843719
4.138148528503972
4.018206534320987
3.945313235256913
3.9462458211690485
4.006860751351584
4.062203799917019
3.987507732466268
4.0398609199239015
3.996146519529078
3.8610299987712215
3.874443766426067
3.807140687593938
3.796675937357471
3.9238945968068824
3.8861151620705843
3.819857832860821
3.8632529824551787
3.8500158534342135
3.8173808772297724
3.715519595878268
3.8269135196547963
3.7161126968548186
3.7052123552596665
3.782307769537627
3.767822208811042
3.7602865394998117
3.7331685886037542
3.590770174480664
3.6499104843948693
3.5991534154926756
3.597170649544179
3.583044315140547
3.676168630884129
3.5261242577487417
3.588160701958813
3.618553882340113
3.605653308607833
3.6323139048563573
3.5847381593116943
3.498145650492078
3.484713883531811
3.548978615705117
3.4397097951733726
3.452468953179744
3.516175723629052
3.518130923950651
3.4536802517275
3.5272986344243793
3.398166611873817
3.438821003198479
3.360715388137062
3.3169656728806354
3.2902615124170045
3.2967850932485057
3.4205020013989134
3.271534573593398
3.409029239541904
3.333273597086635
3.285302395389213
3.3783496038147955
3.2988929367381634
3.2611221617635913
3.174480621916633
3.2985146628540423
3.3136552602511253
3.2172370737403457
3.197161996480437
3.231677345107486
3.2109603248660643
3.109276960800058
3.213646025267636
3.175166942950364
3.22036640223455
3.2009627877494475
3.1569652893339586
3.0288305020655413
3.1234227871919455
3.1308159401756237
3.153040884444606
3.0222892101599346
3.1358047551851853
2.9835557230600753
3.033807576358423
3.0333795051083996
3.0918882827546263
2.9399751268509524
3.0173632088333187
3.0013007909396223
2.8549161387014514
2.857131377835441
2.8875730247907043
2.927217702935953
2.977986412978907
2.964485559703528
2.976303704686743
2.9548956833956934
2.933966492877592
2.9025360686945834
2.907688707627264
2.875956630840538
2.7664917219317924
2.711462918501655
2.870539010363193
2.820530377096603
2.7175164684664
2.8236412363433048
2.6908966055745602
2.6702794516576542
2.632015738762824
2.68341727801627
2.660122465832989
2.7153278314532034
2.7501239808160984
2.6579772725644744
2.6379349557965712
2.6956284536421866
2.664043519417418
2.5849554622535127
2.5904727722674314
2.5449683294271357
2.6702976104362897
2.638432917426174
2.5153152983163163
2.52810077962439
2.579403063355666
2.4633372220096477
2.5216521639053835
2.4570557404108486
2.5052009786169016
2.5984338579485566
2.4052515972075432
2.4104925182245496
2.522223435926451
2.5060067489800995
2.5454992064973876
2.3862125783823207
2.4002413333959502
2.397638265986487
2.338112938000683
2.331880252461664
2.4400745915094606
2.306487070121108
2.310348569528291
2.453910021956434
2.392354872745438
2.427710795782081
2.4288192983987944
2.3644890598462
2.2678398383290306
2.3886060723198366
2.385057626556415
2.376057916844468
2.286649557653096
2.321114373849235
2.217424842282128
2.2552683674273717
2.2928246609344036
2.2207931294281043
2.3274925335686363
2.2165745498185143
2.1163991502485113
2.1952975783458957
2.252835998258127
2.1421135129237916
2.1116941536436706
2.1901767847218565
2.11805276002248
2.073295099136052
2.0555596466145065
2.129925757024026
2.211194277457838
2.1087720777338537
2.160161899326294
2.052337290500905
1.98642425796635
2.1261497700715766
2.097562638591646
2.071451487717736
2.039720605819764
1.9538353975171576
1.9631261726344937
2.050478681612106
1.936255758686639
2.0362302737755797
2.0332235758648354
1.9961927804096784
1.8847622263606927
1.9625084701793234
1.9617919867887839
1.8586051370831982
2.0252860308785996
2.0015050978923608
1.9879502020270283
1.858576268429871
1.915335345314712
1.8970332415867914
1.9221320118792191
1.910250965739008
1.7840406480982123
1.9327013383151694
1.891503611857621
1.8902291325996432
1.8099665258371862
1.8281815948225493
1.8851041427509179
1.7678944946450188
1.786582178915079
1.8309243120167582
1.7110281355561707
1.766077582664659
1.764568642401054
1.744859093592598
1.7763682506821066
1.7640487404130347
1.7185782119484796
1.7581701328414643
1.6509952223032833
1.7715052287012716
1.7668144377302075
1.7726233391096793
1.6683567345435633
1.7156082075287218
1.692406829938981
1.7612852165319848
1.7250009064768816
1.6920610453793787
1.5842473026075086
1.611300931464746
1.7264211326800964
1.6620003047008807
1.5621654386859996
1.6422862879682534
1.5937454261662445
1.5140142198581037
1.540566177872537
1.6859641103409406
1.4827142113888008
1.5688934988970245
1.526015820395448
1.61778884648004
1.4824813627752613
1.6014891281737644
1.526764060670191
1.5973700435876506
1.4636458570108526
1.5579328253724707
1.4999878594591995
1.4456413934683852
1.5274256960422798
1.5884701119428288
1.522630485135927
1.423500429798265
1.4822520772268635
1.4193383037135496
1.3836812309607316
1.4013140909394726
1.4630012979900455
1.5310480949895169
1.3986336048072983
1.4681412891562653
1.5107123150788542
1.448737511307915
1.3292284856972738
1.4380605392323642
1.3104225667724476
1.4587093271358988
1.3338432092095014
1.4627915653807884
1.4466268885092646
1.3824248684295655
1.3042319446749846
1.3198841917830992
1.3689752422646566
1.3703864339029046
1.3663880760049107
1.2779590568943313
1.3572953023577012
1.3250392314120425
1.379856711923155
1.3802836284095328
1.3651510310298227
1.1839618713916615
1.184319941903189
1.220953118830918
1.1962886310129208
1.207950888168804
1.1559854928049993
1.3282033441284065
1.1453684531371122
1.3289683880291046
1.2124843750653564
1.1533179354484842
1.1518206073803328
1.1288206857379852
1.3048591601213009
1.2787487904778199
1.1124012707393058
1.1994699400559172
1.1910836735073653
1.1351594002704652
1.1892766423596977
1.2497756574903651
1.1401537811755091
1.219628168215971
1.0757392932616634
1.190459952263123
1.1663217501500698
1.0733518560155928
1.2073942418498003
1.2109310926605656
1.0536480445964778
1.0505460718500375
1.1908779207779987
1.1120856168203805
1.0674978825301833
1.0028805132783327
1.0217741509502678
1.161447622658144
1.0002724968129513
1.1664861205321808
0.984308809193501
1.1507951128360863
1.0618184204621097
1.005832466645689
1.1318427974297274
1.0103220226610112
1.1239364489875314
0.9511003194008973
0.9454801101530591
0.9509069880566072
0.9232116397996782
1.0150197054581513
1.0874773338303765
1.0740562329673138
0.9782460319967128
1.006933372290259
0.9991132005143692
0.997995603028506
0.976418696566726
1.06260010051711
0.9065929040316794
0.9797156941599814
1.024199371369834
0.8831097239801443
0.9462327602727616
0.9927970025081991
1.0138327483009841
0.8759588307704254
0.9144174067387703
0.8457110292102618
0.8524472159102706
0.9680319639700936
0.8288060037908862
0.9520617780056764
0.9702214888327056
0.7944285707603898
0.8698736775092528
0.7871765057952773
0.9740662642660988
0.8419285189324316
0.9034192157893403
0.9201532740610059
0.9293295313841012
0.7659900435512458
0.8691885916283337
0.9111727512949507
0.7742040944563304
0.9386841683966213
0.9191493881499708
0.8530551194041419
0.8491268215472418
0.8530910570895595
0.8814219204349717
0.7778209353632972
0.7263571993208339
0.7851372419635936
0.8350820906849618
0.8085163709515514
0.7658193583204684
0.8015172919514697
