0
0.842793673835335
0.8718124121829686
0.9019085065340161
1.006331412078102
1.0156280521907057
0.8280057667070149
0.8993472236817778
0.9862141113992378
0.9795203601267451
0.8806845977458727
0.9925557573459759
0.8734610664661014
0.9832137107320195
1.0268470986307874
0.8792252083771415
0.8939560389353992
0.9332113169401011
1.073179393501274
0.9125359023412495
1.0689019153358839
0.9637743354387711
0.9242403772196974
1.0851532954633396
1.0372091121862048
0.974555592860217
1.1002087447825917
0.9933119643350432
1.090969057236256
0.9463663432048196
0.9779010099788428
1.0529922973194166
0.9938227019332454
1.034332166348402
1.1055685617568725
1.0050524474396203
1.1256999278707935
1.1021415608811893
1.1772682510578614
1.031203668711986
1.154474334661041
1.0423689459340093
1.103583821724333
1.0945871546621624
1.1363750983282488
1.0971386948719761
1.139747956135096
1.1408086657339243
1.2084650115074953
1.1226308691910054
1.1427408615921633
1.0799988600393289
1.1827298077864021
1.2378390367158156
1.1527082783502227
1.1219182922882807
1.2318301262122118
1.2049038288142064
1.1113838827831044
1.1744498698173436
1.1199789004338385
1.13112850097908
1.2587517538945903
1.2981940527392688
1.2239351724393215
1.1580289953773282
1.2182079156184376
1.2396792975556044
1.1630764864498742
1.2904531383020656
1.1975764784156375
1.2469281022884409
1.2302066516236771
1.2048895161343367
1.2013055784250652
1.3479500139760479
1.2942145939451273
1.3669078378615858
1.3482009752442472
1.3570710954156031
1.3995718620982909
1.3979862177660851
1.2826563985145882
1.2989517976427625
1.407529665723394
1.3500035227332692
1.3419425396709634
1.4217315155225099
1.3522316970014292
1.3497950275420754
1.4454830710763211
1.4127843790421335
1.3856733581539644
1.4664288564854142
1.4808652429221525
1.4410977174595594
1.4693433456542495
1.468411344068748
1.5279443720804706
1.5285546491639503
1.4321829873013687
1.3670557498575917
1.3975094098502834
1.417981686536639
1.5211998842688352
1.5766142844076676
1.4940199614156935
1.4432111268971464
1.491428376758609
1.5589089054966472
1.4613521790220656
1.4553708612666905
1.5973762301461503
1.5331621857691804
1.5385927896351705
1.6327607643831006
1.5003408276909755
1.6267994438021933
1.6314399726848192
1.5218992499340684
1.6562285646266994
1.6311935067385048
1.6506237270284199
1.5251673076172045
1.5739041257657267
1.6243958492793105
1.5670062568479062
1.6553962125958224
1.6917842198990498
1.7218781786072892
1.653423305023087
1.6850633705341143
1.6467234480603263
1.7203959190445088
1.6957765611389257
1.6898133320283744
1.7045514219555202
1.783293603133039
1.6510151490435843
1.8213487661842502
1.7978929136498945
1.7090344308605783
1.8101879536442416
1.7249374236028365
1.870784544069007
1.8218621528887602
1.693654121355509
1.893931983217026
1.8141778528199688
1.8673925691017663
1.871896697144242
1.861750497190087
1.7487019878861607
1.9217008002684985
1.7630884259574806
1.8398791669880248
1.9011021763367126
1.8299779698017105
1.8867027244543462
1.7947385764908697
1.9747930470788264
1.9014793668956673
1.9806219696958975
1.8377329081777152
1.92924658851546
1.8742956957921546
1.8715313121867547
1.9438948306734094
2.061159276783761
1.9278743260986198
1.9723492214752425
1.9725370124913058
1.9385822654809295
2.0581528380896428
2.0916023701560986
2.051950010205556
2.1322029135194067
1.957458775373698
1.974515092849976
2.02456509127414
2.1041494293152248
2.065741697275226
2.064895117722448
2.1045073334387268
2.0334806049590246
2.102439385149816
2.1502414881040326
2.170833497456599
2.1471940131667164
2.1185114301018677
2.110873442003067
2.155248097975654
2.1420171837487074
2.153674836135093
2.1282005635803194
2.123338963785081
2.1448331614743616
2.2516457410455604
2.1437181359863255
2.2733261516953305
2.243445759459499
2.2503051741678526
2.3094136851837073
2.1956951867760184
2.247353626987438
2.2489874202194615
2.342291402830565
2.392598241899882
2.369003263334139
2.3220788676958573
2.447084485705068
2.304259645745504
2.40802669838049
2.463301435592671
2.4481910718828384
2.3543531927345343
2.468866864864885
2.516250301886717
2.5264850395359146
2.366870118277004
2.4676810193888143
2.5321305382411183
2.451890680405172
2.4828534804127154
2.4393876083554016
2.5874523015089292
2.585884816229253
2.6021374968387265
2.4598313503982663
2.51796100601501
2.4963158219123778
2.58882969449915
2.5649624363608505
2.575047402260556
2.5855125883764662
2.6951102793815744
2.645011306623419
2.6475156635568875
2.5978584141212093
2.6459085301471483
2.6271049764333387
2.6194918828746063
2.649962196500731
2.774570718751278
2.631898953534466
2.7598351987069947
2.7165231188721757
2.7297676499005883
2.826505883258014
2.8023489852556374
2.6815652325246964
2.71741347111967
2.7997224106619134
2.70853838369397
2.7116167964864877
2.8007570356735343
2.913838319563129
2.856194873414086
2.882432402739634
2.8575925150482813
2.9571411281387863
2.8275570019573575
2.9425377208584793
2.859618007514762
2.9108483634636793
2.9202061716156305
2.8689565361093643
3.034278168548917
2.9775187849524833
2.8948930441978917
3.025181230247893
2.946119306892983
2.9663330014650686
3.1097452090648705
3.054187519283825
3.118889321088006
3.0581645134380433
3.076229212449259
3.170981007700628
3.048344054738086
3.0340843297254527
3.136280040023595
3.0459666131850396
3.061622673485256
3.2027790136208556
3.215841543564796
3.1442601106169366
3.134557663806687
3.261759624707751
3.299389881620633
3.2708317756504406
3.1656364832479733
3.1952934959509935
3.299792190427019
3.303465576997938
3.2746727029153977
3.2025686898614065
3.2706054183213573
3.216586652753266
3.37479862451947
3.3843025259547552
3.416057874406574
3.3928430220013697
3.4698352835184227
3.336375176876232
3.456897423498801
3.3154238978688877
3.509943489155673
3.369479734131283
3.3858263962823534
3.437169247931596
3.541969560379067
3.4936602325579926
3.496540034127478
3.484013561350639
3.4734992368184847
3.628963572529071
3.4904315832024615
3.46074073062183
3.6613073234593294
3.553127028624042
3.614409385518468
3.6384827547066263
3.668448345859459
3.670360702386483
3.6155214712194628
3.6109229684348167
3.585655811058978
3.7157127514668993
3.644207915929285
3.6403250838004966
3.629784292952662
3.7348292857526086
3.6654685248560894
3.718331907816297
3.7300936998962775
3.719871026364294
3.8381921784619495
3.8611452511676636
3.7308801536579153
3.8240161970485675
3.770787881690118
3.9314975170428346
3.9633620026429153
3.835825044926161
3.9363411301404443
3.845226998177018
4.0297382600068525
3.8623226228137115
3.9087310353064657
4.074712652847459
3.991353936742879
4.09477332055964
4.006327192065558
3.9328875370447096
4.136611476487163
4.135891440192446
3.9922272878718914
4.110445903664945
4.061642078616377
4.170863228773727
4.0825071286977686
4.206149029206577
4.054715872893941
4.1639263968652385
4.135037642711258
4.152909418026625
4.159330352419457
4.274644669928063
4.233693568547591
4.186880066436124
4.172719381425468
4.200421395743546
4.319783712915928
4.2166201429977
4.264242189666781
4.420699102753902
4.291297464451615
4.435114740203706
4.3933002797899885
4.342922914756164
4.356003899129287
4.382460980720033
4.3424113457945195
4.5338907749049895
4.512595517372987
4.427551683377873
4.494089134332758
4.458446309458272
4.422214161225845
4.433184513974588
4.452108204420775
4.469865396158311
4.556882760450194
4.580563538803392
4.6887810561583985
4.662255242747282
4.590041498630425
4.5708668999204685
4.740898735751321
4.763686129207581
4.741099677239526
4.6830631775078695
4.652609824405384
4.724661565525067
4.683768570745547
4.666360275563378
4.713774133778669
4.724737950802811
4.712445738667123
4.710593648902094
4.8718288112945975
4.772060476727907
4.755253097070785
4.82108263683162
4.873189494848977
4.871405727495637
4.899857504606911
4.884080197978128
4.986179111289206
5.050398929988276
4.989415642722777
5.08201748269475
5.078013315619249
5.086649821728056
5.127162783263076
5.01542818425639
5.108548382787629
5.087430068219398
5.0125007043035295
5.059615268269574
5.092298911993214
5.169853096435266
5.057459579342874
5.080680933857559
5.141011694572963
5.18923674564893
5.239376043445831
5.202870343454325
5.134707104918681
5.279208512355364
5.3387949706651
5.330769535071999
5.228622473194133
5.31853317114392
5.395680979816241
5.3315267801071835
5.3415150231265836
5.376088038421777
5.289289245503792
5.375914816284551
5.41072963524111
5.433943926361942
5.4737451304328735
5.397985147661253
5.412103905852881
5.406041874856436
5.439854645286298
5.554264115857267
5.515633502928646
5.475099548473693
5.626771943153627
5.589827303233905
5.643616946326
5.624927210492224
5.578855588341669
5.591040891851616
5.699551985936904
5.617766407688143
5.666354537957692
5.682128063449554
5.7821855461805916
5.765859326419862
5.778373028631576
5.736304816405309
5.868949388619161
5.883285638225846
5.892890751677913
5.844454594488316
5.752309234954358
5.944513213758846
5.798406550020345
5.946870447856465
5.935363341852442
5.861035906615514
5.943109458698968
5.856147626061725
5.86288159228376
6.052213765654244
5.970291776492288
6.0004007175936085
6.112234953778168
6.102327540170533
6.008877400953659
6.04333267253814
6.071890741716928
6.067948555574488
6.064621075871612
6.072713130839616
6.0557293461510895
6.222155829366754
6.231342589034195
6.105115347062773
6.250438097421101
6.209744843751168
6.206126030331326
6.292029270995718
6.286779032370478
6.356124618052638
6.24280800498889
6.224782445765889
6.281277769753383
6.322464722835385
6.291972963413238
6.431286248195978
6.396633363318493
6.432596971644901
6.497126573838978
6.402645568002045
6.533656118980875
6.399645824925226
6.565574147906248
6.531017715016103
6.541459273968949
6.496896354381022
6.460699257895872
6.557552489574547
6.559749984043542
6.640380145029049
6.505828149070246
6.682744796300028
6.648087850425424
6.688764532496544
6.701991856854086
6.731415691408739
6.702371997626785
6.754901896829116
6.665174918570054
6.790216335927389
6.832585355324248
6.848569374265554
6.815273159919747
6.784921655079147
6.6976493357106675
6.898965433516898
6.762382265916306
6.850135946242258
6.767879314332432
6.79045621832347
6.901757718713173
6.892363656554188
7.0052922082233655
6.890532147002103
6.875095888574357
7.056704713973623
6.962790236039309
6.993701200753037
7.025366477192072
7.07279194604692
6.986687768868322
7.082901635415197
7.082575737078102
7.169229285745725
7.049237174106145
7.185083677827834
7.148976098655575
7.107513574160832
7.165067990682918
7.162018643978977
7.2473435616632464
7.24055730114404
7.14850583421533
7.1863218603838
7.328020037404878
7.321092717862833
7.1889725033210174
7.269066042334417
7.372372220333818
7.30104347985542
7.35589256481699
7.442133412369229
7.285138542801271
7.397871340186648
7.305451270221189
7.496526129394487
7.374379822953222
7.401716627006483
7.344246250982343
7.513125548665338
7.448637626585126
7.461530058754841
7.554781802735239
7.474035838805335
7.620758466064183
7.5137410370328475
7.474608864183351
7.483229201567607
7.626225783203494
7.563198829555598
7.562519666516239
7.592272934374319
7.712947370187571
7.714512996268555
7.754293767084099
7.601210837935924
7.7256066983176614
7.783753864443636
7.737001076467449
7.837872983914437
7.678341269022229
7.749650866734334
7.757023816110278
7.82272093491835
7.902888277907713
7.880964895632058
7.847449993536515
7.841843294509379
7.8305795544671355
7.782007932198069
7.926000538484335
8.000363118615502
7.924794021960081
7.954976679527063
7.868726025956437
7.954324713799233
7.919498436308364
8.05911773471716
7.987724754269966
8.032046403952556
8.013234230841368
8.00230421800858
8.05373508416406
8.144053891338377
8.06758470742226
8.01363024928314
8.073367372024173
8.07427453302942
8.100564442872898
8.093135868021573
8.205222353216056
8.232330642496754
8.2454910555806
8.283009947743805
8.202477117361399
8.296096750030344
8.15102829534448
8.212190430534418
8.223522902834624
8.245716318041197
8.229627416528775
8.278100105898195
8.245619953411628
8.377364417319708
8.429707610557315
8.314818955353244
8.345812560712224
8.287744332658546
8.436429613277763
8.354802605743084
8.472753388302026
8.392769183214067
8.499107856868958
8.484483067680712
8.490495272410918
8.479206341763097
8.524681377482938
8.412726711057903
8.535407307310846
8.569658255397682
8.497779299367538
8.631687724323388
8.50757220814203
8.550868576053189
8.547889793476655
8.686918464678048
8.559316404786513
8.55883027513092
8.734699098697863
8.597163185778268
8.703317226817346
8.707438921223424
8.769531625252794
8.715071362788523
8.683685165304754
8.715344675270183
8.794015571903865
8.809706135112105
8.701423782985234
8.84173832040736
8.740518292596478
8.721844252214783
8.804013082327847
8.814055869285431
8.801451355012453
8.855430329920349
8.889835438656268
8.915096008748723
8.823273314113525
8.961221633647217
8.817535827010994
8.802561854757997
8.95185148062679
8.878971589150606
8.957997324858209
8.88357325844917
8.861506042215014
8.964093005885543
8.95190001785514
8.908014279596273
8.962575742456236
8.912054766849977
8.965404728703694
9.010814029475862
9.113300971522055
9.015323025829797
9.051528093598732
8.994919829006218
9.163676188524505
9.053946330565923
9.074976417727443
9.058915188514991
9.161992608143184
9.129392177792894
9.182292354415216
9.219826978381365
9.121666948651793
9.165689150477057
9.19720390901096
9.240578292004304
9.24963945484895
9.15675859656107
9.205285799202784
9.145824858039859
9.327937192798002
9.320466714091879
9.218043686727249
9.321887388195536
9.357330188639322
9.221513315886796
9.23563772823512
9.330541900848722
9.284847170861699
9.24179982238136
9.33114130230733
9.38823873293276
9.315625748065411
9.2923589670337
9.369333919128996
9.328069851990076
9.42357756810836
9.375547880662282
9.40031483994166
9.455239799290672
9.478135042416804
9.427434594569068
9.380460828167143
9.449833588950192
9.370464650426277
9.422898083547548
9.522197260691554
9.425531205139
9.449451368378284
9.486328711018004
9.431964218198093
9.416759796622411
9.544380296354676
9.586387951359
9.536650721936612
9.48820236221488
9.5982603248429
9.57218584039563
9.582018578874523
9.492961592764903
9.630582679597426
9.638090476510389
9.609412590510106
9.541234016598382
9.540240076115941
9.699521504981137
9.5325062377787
9.713922644083759
9.634448530417341
9.580560338442751
9.583959009725307
9.569312621045327
9.5861528577717
9.75878312293269
9.74476813480311
9.729404139279803
9.633500181753131
9.782205172528304
9.731533339256577
9.68662612904201
9.797156898919884
9.631265252531964
9.821808891942316
9.73944670647578
9.745984684727457
9.763400051697003
9.773388844543746
9.839625317205149
9.70927209012094
9.863803139599954
9.68659647375286
9.816294149909208
9.720148864245186
9.78004087795917
9.850939661475556
9.854241339960737
9.795025168572684
9.782581732116922
9.917776799344075
9.813954510717036
9.861657336681217
9.919344217054208
9.931966371476687
9.823469077097696
9.81833733599339
9.781972131620549
9.905139911655445
9.941729050360708
9.904833656217834
9.892370556916552
9.817418661977314
9.930455860331584
9.82058233431798
9.888610731279517
9.956539212183326
9.89934551725832
9.887741256525578
9.949339895445318
9.867977080428753
9.864248707302249
9.978621741575282
10.01006194655475
10.013240509460978
9.98546221229263
9.930006596294657
9.98390518280566
9.949552221408124
10.037305494294696
9.871907571260648
10.062720745001332
10.018486168032437
10.057666213400868
9.919460073482288
10.041823393829057
10.056650479307976
10.0625338147127
9.905754456116489
10.01040984491505
10.0227944268568
9.963917991981516
10.099032316281077
9.910873133942392
9.934711205739607
10.069929691850293
10.03034575897784
10.057609111606498
10.095456030194145
10.021451250978126
10.056245353472917
10.080747255159977
10.121711449456713
9.982815464245988
10.001030442693235
10.030298036768569
10.091162907461053
10.12857847595971
9.985211297961014
10.035210924100964
10.022241642495503
10.095778240045227
10.074009293063204
10.064627431288844
10.106768336625441
10.130164559129119
9.966608248616337
9.976462562667821
10.028484311801666
9.996717594169262
10.109758580647542
10.067974431299074
10.154938183114293
9.975407553183501
10.136541082459326
10.123672497594061
10.131198365143124
10.121266303481022
10.010173898426626
10.095078666273182
10.054658826838404
9.999121829340593
10.106849436787682
9.997763103223987
10.101009641140353
10.079259681042535
10.109611103828264
10.137007389734046
10.144051721644205
10.001744908555107
10.031938173899176
10.130281367539448
10.066412807291124
10.013506848022573
10.01690794620092
10.008693093697001
10.05280234666148
10.10621568293753
10.146081062157263
10.043060045866914
10.098998137698384
10.034640433960147
10.120187746300564
10.10423689826698
10.143999857531975
10.085612209729227
10.062185139061624
9.994681583045443
10.1425654874124
10.043030094061312
10.09364712352577
10.096111405261345
10.025979268446733
10.07264127653431
9.999015890734768
10.071111123653866
10.149389362675906
10.045191705114442
10.094629632754401
9.99241124180964
10.00175132116883
10.047324990300817
9.999307160607502
9.977366238009813
10.08033748687539
9.982112726538789
10.082691618768205
9.981126736545226
10.117349791006236
10.08063568962865
9.989583850192119
10.077504084719076
9.96543967018923
10.103424062263825
10.006049606246247
10.085649516105216
9.992139525790524
9.951308590963048
9.915810002209957
9.938843452109086
9.910853035155695
10.079563908161838
10.05692428039145
9.992256866981997
9.897653399553827
9.901528877078242
10.011476917633104
10.027493209482694
10.019946314326912
9.986713306484573
9.882128492628238
9.97539461869058
9.92503197136549
9.89314247437541
9.957694660398884
10.023784005948656
9.920866291170112
9.924269336112218
9.94189813617509
9.952220462756049
9.930738047642821
9.935024400311422
9.916128568823304
9.968878176210598
9.836081027492936
9.957247385383434
9.913811306064359
9.970777038193122
9.94464978410643
9.920416026189264
9.953461643129634
9.79550956215077
9.794034244855705
9.887601472047521
9.828807468738372
9.903321084684176
9.88490737832645
9.871857855500249
9.928129057014782
9.918884470542658
9.778999177503708
9.783634194059273
9.816480557171499
9.764281044524646
9.786031077666562
9.761926940980123
9.691867612534708
9.829287141919828
9.689173885867827
9.814293130679795
9.859141337934508
9.822863252025249
9.712184684086738
9.669295618858468
9.800266736259722
9.644293545864967
9.768346340610703
9.675181943995854
9.619362553707829
9.692161400276843
9.677015747712174
9.678311332396555
9.690074279628407
9.760812977789364
9.724356261382301
9.712971944217896
9.646402338524465
9.70811808966505
9.682796310242605
9.677330605570283
9.663338283442533
9.616806257642294
9.620931439934123
9.63563829588196
9.607518009262742
9.497543187038195
9.571507272973664
9.49306544106756
9.594854414084756
9.470707611774804
9.499157784568622
9.598317945631191
9.59995365145305
9.614760650162905
9.538489684710811
9.59125191005995
9.423265946133712
9.399022906421742
9.57621526894649
9.48088347183443
9.56268661806979
9.473512266340848
9.518721123167058
9.500936460423345
9.451811752920399
9.41105922435037
9.42377903271216
9.448125272184807
9.352758192833495
9.45819773343956
9.34157516127669
9.37610289384818
9.287684772974892
9.412202794381473
9.318688867535096
9.38990337260491
9.261670907730265
9.42318326084098
9.292352295202905
9.315841397563215
9.350139651670299
9.300507694340265
9.292019785642115
9.202996785604363
9.227803074779274
9.249827453061041
9.27951551769035
9.132220738993347
9.300054903879321
9.146285036391673
9.222613875309403
9.241602206018852
9.242972261850891
9.134886946232974
9.138852355985188
9.17142803080443
9.215703713994088
9.198069168666741
9.1189849914718
9.170462353235752
9.116660389039215
9.156119157082292
9.080249008851435
9.080590704478379
9.143224161220873
9.022769335911686
9.126312910834189
9.009744294735173
9.076001033621434
9.046003381844582
9.012647538681586
9.080319126190567
8.996593555824793
8.980187596237894
8.987271332580281
9.0115599502551
8.958229232324124
8.849879820611951
8.888028166172978
8.942953875131684
8.855676452379203
8.96998086164961
8.77942861674811
8.771824737056438
8.755539618147434
8.745250444990912
8.766137265395955
8.820097518064207
8.743091581679794
8.730469737139016
8.6928672800603
8.850196958212269
8.716814512046753
8.776296522716619
8.672630939777408
8.817623495300756
8.720021874450467
8.784011180042562
8.748126389244554
8.713098109387902
8.584884742787489
8.71668376795577
8.704431514430118
8.578377845047447
8.67957735221648
8.589760389328768
8.686537749233919
8.630285401920867
8.555536627889296
8.569215391530273
8.641521960477471
8.454280885540514
8.433543368827086
8.596903170887849
8.45041930749377
8.40608069773806
8.46235806421103
8.492419054680948
8.509288233678777
8.529250937388692
8.374458172288255
8.349354549543559
8.43815766914537
8.469316299706797
8.385732856217492
8.446575076744768
8.349201318135247
8.278907956910318
8.23552709146427
8.381429355165185
8.231953611554843
8.206969661836908
8.35396530773339
8.175755028833875
8.269601572192823
8.23833868850212
8.23831402713106
8.174643647054735
8.098861070465723
8.098119274533227
8.26097790034245
8.150896738253508
8.070641484975862
8.188338928527962
8.156577891079477
8.018811987818498
8.05062261190399
8.131856586123655
7.981657843470263
8.062411438835992
8.08194824437509
8.106659997310793
7.917511870255164
8.045781563963953
7.947045454453299
8.054554693284661
7.962312961426048
7.885702499730504
7.96709361525384
7.895948748706963
7.948344662432502
7.849119208229219
7.839864190554914
7.776059392008853
7.848646339820807
7.825680395830921
7.807936666266235
7.812505501220253
7.810989857488577
7.727841970468468
7.715427082256384
7.738726975957085
7.639564934216797
7.806341631227251
7.769372446937114
7.779790648643672
7.737985380877527
7.693162426875537
7.636171979522443
7.570659556572603
7.665214233474357
7.647058994562947
7.546296822830517
7.6512387543259734
7.585600235314701
7.486997129705768
7.618205061644678
7.471406599397209
7.456653998997404
7.486885405261942
7.562474822290107
7.549156829681737
7.4533776155891935
7.449671614129728
7.443785819810041
7.4256372678976055
7.441145033939088
7.348686394799728
7.352859610816259
7.431227467703422
7.4006926100855175
7.3733096958464746
7.307480890720173
7.253649975801171
7.258677790428396
7.240738841261838
7.278946286601892
7.132584148733759
7.231913769136015
7.186871928018741
7.226310227332765
7.234274395860338
7.186918151845784
7.167566433744914
7.0616999470901645
7.021703365841345
7.1316905898660705
7.060348015357158
6.964500792342235
7.103889929201555
7.111984561491079
6.960727080842895
7.058190813078438
6.919631728340579
6.879490715013946
6.89786492709346
7.026550467494468
6.979009687172347
6.895934545382943
6.840748837350455
6.918553319132841
6.801083757733566
6.909749515897281
6.840151977773431
6.768736166078385
6.875991447810763
6.860605796781341
6.86661508876834
6.845119078677202
6.6922599958134725
6.789292375053148
6.755950521118936
6.764428488108878
6.656343932484891
6.685903650004893
6.667493613117243
6.6171598036382955
6.644747881361481
6.697189101348158
6.547518958770123
6.555136915300236
6.569596366083599
6.649978605248346
6.471679839218687
6.479511148349964
6.421429996839194
6.488656942614034
6.474482066128463
6.462049819314734
6.537248959137529
6.520302594498407
6.439699160115903
6.436054825515904
6.4251912879766655
6.460426519402599
6.3902740574438415
6.412118177271912
6.256600419875724
6.282032947507864
6.372822991540012
6.370263626466846
6.192981390258301
6.191957251723384
6.217304375721355
6.275622189281415
6.229787408804459
6.127620567411471
6.150890455015758
6.160078543042635
6.153826290465375
6.0717031527450365
6.086058050113338
6.169751447429304
6.104150786336638
6.036248046275031
6.154987142185316
6.025657946516393
6.037496489986241
6.014066569005868
6.035713830221324
6.021576601859748
5.93695950897209
5.8988841740570015
5.91210530219468
5.8410275668721185
5.921659372923144
5.812097418177969
5.900768384203771
5.83146659162369
5.834104588668004
5.77664290546663
5.841563438078404
5.742765821351736
5.817307422390777
5.831149489524473
5.690980032207228
5.6994080049845035
5.658386730515428
5.734621529005873
5.714679321361611
5.646270588122869
5.765547732260373
5.6060627741361575
5.640442747492447
5.666202174080681
5.558322668678045
5.578927621841534
5.537080042632624
5.578042726936835
5.537255504113854
5.523882209346334
5.535685047001935
5.5091906633128644
5.480194266061553
5.5609180158069424
5.464344555346683
5.50807705806528
5.492096251263753
5.45932216991879
5.3264006041107095
5.432751178811713
5.417469235916238
5.311592868032143
5.270336933032247
5.264873073887683
5.314995338065446
5.356834470632119
5.24886245681631
5.24804818257956
5.229725059767508
5.241455213786147
5.13099517667682
5.238063703964177
5.245346110964014
5.2587802536483546
5.177782691969845
5.118777294220219
5.036927693457995
5.0891265028720625
5.112388456959177
5.0678687127079
5.169461797176886
5.052365857683554
5.09077744153098
5.092644239682208
4.929536752327127
5.07035005389371
4.888391380186073
5.0236515285554955
4.98312252309147
5.01295300503691
4.8320617739753935
4.94249858274973
4.973685753733485
4.8582036419887515
4.8409287190098205
4.906788247979732
4.871863533130507
4.751147917354509
4.812608137799611
4.776572263172515
4.874522119669785
4.784615272985659
4.746702998644115
4.816847499702171
4.814433521069301
4.808904848714718
4.707030598840062
4.6023956501619265
4.695508484513941
4.732542043780235
4.624210503796363
4.600758101783584
4.629738685975192
4.638024737027989
4.630600094981012
4.597479912386246
4.4642936133234326
4.452079588795682
4.488400122744665
4.5669637342513925
4.438915063905719
4.466981092373914
4.437598605400296
4.380554651153213
4.431548884133819
4.346291977230605
4.379447676395347
4.3960396548817
4.368532511227647
4.321892389599561
4.384318888571455
4.300470895959485
4.343576273904142
4.225625872939215
4.340522005127484
4.33712298195245
4.2613581436845624
4.329876381169536
4.242203101972669
4.280663480620024
4.141599536305632
4.238710134588175
4.14966567550511
4.199594944564283
4.0905728535146455
4.118874463615988
4.115439504265371
4.1808988220066245
4.0903512408714
4.044781502777077
4.101461904945275
4.134196601793605
3.9893068028495855
3.942210982130235
3.957505122325743
3.9655806026728935
3.978739359139737
4.052887239242101
3.94191313217459
3.9902927664952204
3.9035055465121404
3.872767229774812
4.006057671128287
3.818813250777251
3.9713005995102826
3.974729777944522
3.9360776562520607
3.9535789451471106
3.8442798617490945
3.7780978513066596
3.7741739453488368
3.7436221565601753
3.821050797889348
3.7085300134871138
3.7721570510009768
3.806250773659038
3.7764569154147374
3.6831819993908126
3.7040200874165574
3.636811024972506
3.602661688716977
3.754963514915556
3.6736066757008996
3.5911112865544945
3.670652211565672
3.5376847656097694
3.6077882671513315
3.595622301908392
3.6822298296778104
3.5033510984423204
3.5481893925106216
3.4959080825635587
3.542275275463794
3.42836944351604
3.543653838368523
3.575157380585336
3.3963183517857614
3.374380630456772
3.5550627921918676
3.3922379635481907
3.3909726353653453
3.3959190424740084
3.3293550452652525
3.37187373648727
3.4824519413734003
3.3650638335067358
3.266791794273146
3.409577983058951
3.2668579003360545
3.261178170124984
3.400198101409498
3.2996813757566494
3.20735158142664
3.344703247990808
3.2480899005916144
3.193689575897527
3.298868921652904
3.17169241948337
3.1268755430872694
3.260368718658296
3.212434203596699
3.1312887576368804
3.2091899560216213
3.239711457655024
3.239585313787969
3.224758554089103
3.0790301666159903
3.0148967778850895
3.0456253285730033
3.082384237861974
3.1724652177123707
3.1086607838908056
2.9941753280545997
3.1249055354475406
3.104321449686447
2.963527929703258
2.9327448166612675
2.9475049325979463
2.894290860662272
2.978612219645359
2.926202252390462
2.95623132999993
2.920540838177816
2.9041752570024597
2.823695912835585
2.810309056062357
2.9597838370076546
2.9794229286670726
2.799484223477411
2.801347527401401
2.8739614670728297
2.930618628238262
2.7651728204362502
2.7830652265423854
2.8296695234315274
2.8820194274793423
2.7932403118434594
2.7526284500966387
2.6815214644020227
2.699946824559773
2.673658421690448
2.7965374217172463
2.635228579049305
2.739112868053955
2.637269104809567
2.624422867802869
2.7539750861910095
2.755137162544197
2.6273363714849642
2.67319534214264
2.7324362112863656
2.665676866980384
2.6231050905319973
2.59243806518778
2.613140731405639
2.54482485062956
2.541135652955168
2.5132869620068967
2.566698465529499
2.607825716168185
2.46555748846585
2.4804519292594134
2.5098942545418894
2.56899139647646
2.5209783043175267
2.386679595908312
2.526780498245844
2.4491041141362926
2.412164832320477
2.399668377861985
2.3917316770116255
2.5128891008898573
2.388736487066369
2.346086402336764
2.3959736042769038
2.4695506448307327
2.2926090919912414
2.3752645824854963
2.3010262625948243
2.3351497125357095
2.26105071862032
2.2461326830296273
2.2603964113118526
2.252921478586427
2.280933745719315
2.3682192213600857
2.2317874108860662
2.2247161806944638
2.225725004248793
2.3035466198425514
2.199387718059774
2.2400072214304676
2.1864675236876567
2.285708082492505
2.11137116805119
2.226028249157328
2.2451605041428304
2.170466150983938
2.076653739730078
2.1014315746559844
2.112060308448525
2.235845792202579
2.1834121787936174
2.0873463185424947
2.1216384132860466
2.0431829748721504
2.098892725669299
2.103783733082837
2.136721984358815
1.966533302910199
2.040244269830392
1.9575640061018116
2.066652886642761
2.0134124953238763
2.0557499674948128
1.9601074255249604
1.9079017941873486
2.086048258109651
2.0818689726394117
1.914990669088045
1.9785590446268462
2.0009109942301726
1.8941256516141336
1.859698239437295
1.9824044253505513
1.9019831304000527
1.9891186973088175
2.0014519235281125
1.9441641651699242
1.9542976278595996
1.8832648867893007
1.7837453723983776
1.9033479522791437
1.957367511954985
1.7829685165812619
1.8830250195383798
1.9343387170588848
1.8719889987492966
1.8415902381814944
1.795693325295358
1.8764557276528533
1.7376769775438703
1.72489158755386
1.7467948158058042
1.733938315295683
1.7018419669033062
1.6733052622826325
1.719916835223846
1.724584591175677
1.7811539211016163
1.6733011575339403
1.79682260050794
1.6147737741980572
1.7058857971660903
1.692813746903349
1.730896752933242
1.6048278660895734
1.7422647164579832
1.7358165398471515
1.6673535668392172
1.7005629976860153
1.7229693362029161
1.583900701803807
1.723466496942558
1.7050754119165719
1.6852804160643258
1.52201672812076
1.690005478147401
1.631868447944908
1.6386642230280846
1.6356490472473781
1.4937321879582233
1.5090790020401383
1.5559450704202766
1.597595138532896
1.477903017429594
1.4709855764091637
1.6244380133759104
1.4660804039158726
1.518553346009846
1.5564211380129807
1.5149381350336655
1.4213150793742013
1.4405218361804186
1.4479375476040197
1.4886636450284931
1.4351958703562606
1.440811829493748
1.43921533257649
1.5116288000202072
1.4457799926747759
1.3718744235271516
1.4788736729428154
1.3240699973870276
1.4954346156828522
1.4734314218954294
1.4131540141984025
1.4810340953966818
1.3829712409878916
1.406857621716892
1.2952894274699072
1.2878431499556418
1.3882521300609783
1.4086713140597449
1.3936523801090592
1.4100655644279705
1.3423249067707839
1.3007306136629837
1.4175683851219687
1.3448054591766267
1.364412823565973
1.3090629120393964
1.3178880936077897
1.2847680243995965
1.3739140628481847
1.199371531609587
1.3089318932339031
1.2722244202479833
1.1652869342525713
1.1995454454770078
1.2288234831642142
1.205957335375178
1.3031606411425594
1.2506157817763284
1.2959812331477358
1.1914092721722094
1.2571703122984925
1.2949171820589855
1.2515989996718777
1.1952230476194463
1.0921859222466883
1.119174177693047
1.09684319086296
1.13107311499692
1.166554628496778
1.1195685138639877
1.0798146861094977
1.0642165684906009
1.195748672874123
1.1887768522280906
1.1934364073572632
1.0817586441403817
1.0251071071666589
1.1551712521249373
1.0720063898230234
1.027628707479497
1.0196609704066786
1.0581973564232638
1.0722746914806647
1.0299768396105669
1.0193312854207581
1.0652619252151383
1.1286272878583437
1.1612487462874341
1.143322096334026
1.0353607729498373
1.1168856390259978
1.0253110449067142
0.9609230186639871
0.9815670992179547
1.1105395735358334
0.9310202535028286
1.0889624748249842
0.9287071393893198
1.0290532542371396
1.0682604386917771
1.0545610350670465
0.9280615425158326
0.9498139962465698
0.8979819719451144
0.925762355688408
0.9855913445458256
0.9377326968816146
1.0058174561932756
0.9255717762266459
0.8691350842615142
0.88820982083575
1.0418446073729353
0.9694638166225669
0.8979517918685634
0.8845925968658279
1.0181038044538153
0.9196959938551783
0.9120080322071038
0.831450617665722
0.8321394455839402
0.8898441707365914
0.9917863280756278
0.8583121452689636
0.9668799935044637
0.8355997919648543
0.8348159141990368
0.9719924001883432
0.9409419729528596
0.8725395880320534
0.933656452473403
0.8515681348454511
0.7542679669769176
0.8105094259173092
0.8677409529117581
0.7450859897392853
0.8663763288654753
0.8010154795391334
0.8774569115548039
0.8091169664127972
0.7478094469076729
0.888918350765607
0.8120911613173679
0.7111665003930427
0.8295999648014973
0.8789894988245174
0.7725084198713162
0.8039857914324077
