0
0.8003206537738953
0.880523371702306
0.8933406172205959
0.9093802720829354
0.8839874722157286
0.8810108368470094
0.8989131603526018
0.8904635877441254
1.019618582740477
0.9521714292509286
1.036282362696407
0.9617935436571936
0.8979133049694178
1.034206660343195
0.9415554343456781
0.9232111273469609
0.9238771285100792
0.9998885666303378
0.9701354225437299
0.8985328840309205
0.9804815482764276
0.9174621591319613
0.9401676686899597
1.0911721182723295
0.9665705502264216
1.0721579588820975
0.9582178122392684
0.9427763190121519
0.934593924919999
0.9552579322485906
1.062418815039013
1.0899999663652487
1.081613469326135
1.0342743740761864
1.1602381796928645
1.0225748947803794
1.0479953936698376
1.0723042164873713
1.035339682722336
1.0111414019957587
1.095242778221889
1.1311767528912444
1.0190617061851017
1.1310167348252262
1.13395604582584
1.1532250953133891
1.0454148415188038
1.199628850717853
1.2079660596015005
1.1013630799264247
1.140405410222578
1.1278127834743361
1.114259041419355
1.0823311983096968
1.1497207056882566
1.183538695740618
1.2671287693995852
1.2569944910259114
1.2379399706170662
1.2295226852261565
1.2346193523769018
1.1459098950381408
1.2480805589965338
1.2846380881461674
1.2356028658904001
1.241003053645399
1.3370157050820077
1.1908427562432384
1.27299758808387
1.163543258094736
1.165872833794815
1.2943125016309958
1.2930450853264088
1.362085498211193
1.2886857485964622
1.3830731010364175
1.392313420797508
1.3961179226565148
1.2596703716170785
1.279796265981837
1.3910744797011332
1.2867427593285818
1.429293632323595
1.3935597523996126
1.3916315632575078
1.447017517563427
1.2882559846746575
1.4378981866519414
1.4448632161118309
1.443522289510366
1.3752676986590613
1.3598938724247946
1.4292600778967157
1.3223961121525463
1.4696221267069436
1.4641221996534854
1.4186176895537579
1.4855447681387342
1.5055276773675992
1.4506137421541858
1.4179477676523633
1.3918920151038543
1.4899080025490907
1.5675161208445658
1.5387109174931182
1.4448684827764997
1.545208477037507
1.5572638958001626
1.5841831147924887
1.5912434020620383
1.4383451243225556
1.5954617217598954
1.4436522288402083
1.465992263350048
1.602360665235033
1.5613044458001188
1.64038300736257
1.603993034814693
1.6054472365992623
1.6540293472319942
1.639088778191363
1.6903577262581249
1.5786309429819485
1.5914088856782893
1.5310714424050897
1.5810913017667456
1.7334076051949063
1.5498126254888263
1.5690071878156957
1.6403422825383462
1.7141547042985479
1.627726374187332
1.6608641043427117
1.7181178104923984
1.6980011022070114
1.6701080884483397
1.683349995169104
1.7122997609603172
1.7876961279197954
1.8378949457986986
1.8199898273771464
1.816921907797207
1.810216307286351
1.7060763360785303
1.8072271578101182
1.714254835279052
1.8072678884504614
1.8204316781175744
1.9031199521480116
1.740334293757768
1.7522701302814667
1.7945079281643663
1.7977513631227504
1.8774540527637769
1.931630708490462
1.949748919262579
1.9186015126677123
1.9701576448137323
1.8779465217908369
1.9912926953989565
1.9891490901535622
1.8211708624225476
1.899526469200608
1.8940325714091568
1.8956569012397262
1.8991907644830015
2.0026961723984065
2.056369507276048
2.003291003201215
2.060221236883404
2.052426529807471
2.069043115457647
1.9466883776779222
1.9789567048711052
2.122664143978231
2.0354655610832375
2.07255577922649
2.01521047177163
2.0842826739594282
2.1356213753492925
2.1710260986115943
2.118518657373838
2.001223670456169
2.1471474430454616
2.0644228471650687
2.0390274573953575
2.101275437890232
2.1475737708961598
2.2116847714887022
2.164066937138937
2.235216676226905
2.2228225651760267
2.2903195520149504
2.2574286217960564
2.1971940424830447
2.24496109477468
2.218024161461892
2.1825454349430964
2.212852697891489
2.278243297208681
2.3575289052536688
2.2678950528174564
2.295841833060194
2.354899431209953
2.256280999559608
2.3129303227575253
2.242916321692004
2.3028644351397687
2.373705937879882
2.411510654273616
2.3413222344644935
2.3167837542234295
2.3423385965009587
2.3789255242239546
2.326195074160268
2.48973395546936
2.4303021003286727
2.397235320860801
2.4734343446264138
2.4942541278468346
2.407048741373232
2.4379388059611427
2.468160673987034
2.5374247331622133
2.464914615639934
2.4268450434578632
2.5827953659778737
2.5808199395994333
2.443317983664266
2.5487811602962323
2.486077876881218
2.6243311263314415
2.5897852280464857
2.682176044660722
2.5444705554740743
2.5738423823654926
2.630550261355781
2.619901024790626
2.6900035323277938
2.6917293320214886
2.5763450338983307
2.6516317109344816
2.602553237180683
2.6891282280204223
2.6607994616146047
2.6734983927532396
2.726913400892881
2.7193045241959157
2.7023795543950557
2.7801314810068565
2.7214622471644128
2.7756076430272345
2.789232442836131
2.807804119126158
2.7384066229571764
2.8681859176486726
2.780006827356785
2.8573656057791736
2.925781171427253
2.8694755021692657
2.879208722684301
2.868823688612138
2.830820034427514
2.836399924773294
2.9966254548132767
3.033952821328101
2.955812813772425
2.8795718058353237
2.9444108838401815
3.0640778223690694
2.9841794450222263
3.0561056771390014
3.086881052125728
3.015152337975818
3.030100387506359
3.1060650532222613
3.0765727525932594
3.0265291442675846
3.0829486633189105
3.075122370943008
3.1000055559489628
3.173326823519304
3.1249583906246996
3.1757604130015937
3.1801479699840898
3.0763680195306695
3.2244148666668577
3.1200875956155265
3.180337361768112
3.166537587777736
3.2374625005825948
3.2809362531805832
3.326623406098226
3.3247115816200523
3.257927792349829
3.31129579653685
3.3215124937851126
3.3886865596838973
3.33479315927876
3.350702678273241
3.262738540850531
3.2765241627332378
3.2942179385982566
3.4614055342757157
3.401425839815997
3.340602221163684
3.348985144198479
3.393583059135663
3.533960346138877
3.5444305461306627
3.437257854989722
3.449853684991704
3.5274577762856647
3.5109482317337295
3.553285609226689
3.481235908046745
3.5432631511270047
3.544919244962499
3.625824714976715
3.497669187190868
3.6970639166890815
3.710808239516318
3.6269256638020306
3.5903383375641362
3.5539286620640778
3.603705754064435
3.6289291476560765
3.594617080807665
3.680024971731559
3.7362959472375783
3.710867829876743
3.8278351565977005
3.8455475174384435
3.8486151186059034
3.792786869076175
3.725142873614052
3.8042394260164376
3.9006829565848546
3.7987871000247964
3.823244245208059
3.934292048418376
3.881998356711431
3.9073288429311193
3.9061127456960425
3.867736135736567
3.911359693924864
3.980608855737677
4.000437907270279
4.014694911197977
4.047917773963478
3.9706743061324614
3.9788552400800143
4.098916821145714
3.991418161026926
3.979796584938557
4.064736398417154
4.098868764138776
4.001556907251337
4.09243819643948
4.094423246415279
4.057799687502864
4.162880936858682
4.151227450626054
4.154625497715386
4.087301326038825
4.266105540713477
4.2356418299069745
4.191197571496997
4.223137154582787
4.217365539271785
4.290118253259631
4.206686280400531
4.386754777884046
4.345856710596702
4.254397963715162
4.306897522383042
4.399467012616048
4.268972866235396
4.4607608672647965
4.37345821674836
4.334424684948866
4.321760095072413
4.458303281072432
4.4580099518866705
4.415921882907902
4.451277237436167
4.448693616779084
4.551226807236074
4.539393185573489
4.500474823286951
4.510420224555134
4.567293875560201
4.573960824721092
4.481658249541
4.606658392711684
4.669746446012574
4.698008544392567
4.712555646630529
4.583424738244375
4.650588595230452
4.706393631182229
4.788508902527766
4.699755214220399
4.757187195294495
4.72853048698273
4.81274917428045
4.722899690240458
4.857390201029297
4.729413471020015
4.8191752881655034
4.731231442484328
4.891447848803935
4.918855972721958
4.851330400060568
4.971920957284301
4.8802917442932685
5.006912353496211
4.919326792111118
4.904769269963331
4.869462204696427
5.006112738317005
4.936424309441445
5.015201738271759
4.992704817417313
5.0624824961386645
5.05386759960017
5.079067693599172
5.001663449132618
5.053814914192261
5.00493610356379
5.0777747474987365
5.043040281502938
5.051168738436717
5.115773906727209
5.095461648249673
5.281470488300646
5.2873138246350635
5.152381571048915
5.323264418723855
5.210245776812412
5.198436243169292
5.279516819538582
5.270651414739097
5.390395494436655
5.2845743606208595
5.350126933992645
5.256739173448459
5.326040839285407
5.317115454862058
5.443807734800969
5.398687666115798
5.428476103387386
5.5039657692019865
5.440558104270553
5.413981582757942
5.487792995865547
5.4712803879089185
5.4523913350706845
5.527327150121919
5.459661561282296
5.535465077049048
5.609205916218297
5.689796674736975
5.649866144087243
5.65637989224681
5.58653229344287
5.713256574849424
5.735724705802166
5.658100532305813
5.646220184096009
5.732445431750295
5.659136230689435
5.836543490528143
5.676488460359834
5.77982740413961
5.732879579903511
5.731224158419994
5.848299910503704
5.873689709237154
5.849907085169393
5.9489402069662525
5.966127020693449
5.795667384328701
5.977145451148044
5.912942984866731
6.037110519369943
5.916739532304364
5.9773422868105115
6.074293640183099
5.970639546435788
5.961343445519153
6.0821058701315645
5.949488977724065
6.028753487018303
5.9781211517542205
6.045500672890297
6.021006837031194
6.089615657889959
6.105075522080432
6.242396652252713
6.089297565662691
6.163979188695177
6.170267498298673
6.249950521264755
6.297934986791858
6.287322482851642
6.191850117920558
6.210558301605511
6.371145259090235
6.261075466597755
6.241715952610095
6.32447620564179
6.395339952409928
6.262050356098026
6.445697405244607
6.341945290247115
6.444073126882325
6.468444358878961
6.460883151467607
6.35227101680176
6.454957931825519
6.486966690555353
6.5256953463555005
6.5719054059652855
6.6080124431159675
6.504660533057278
6.487573889596126
6.4905541973650065
6.506761725341966
6.621774278694984
6.6494604332103595
6.614933358118311
6.666703934201479
6.585606794563073
6.670273451814987
6.618348632345826
6.790785376429503
6.730019605771261
6.659177150771799
6.819367404355051
6.844170222829938
6.85570144396069
6.866441655214004
6.793410235124445
6.751596064809343
6.755811009038472
6.758090694498695
6.807020775966656
6.975269820437101
6.90140418159406
6.872478039594944
6.951861514414974
7.0214677516173065
6.873176230035795
6.974473918579718
7.017657467576245
6.964051300862694
7.041882658540245
7.028796209507438
7.060001952757897
6.994812826586931
7.008092947626308
7.11319167725694
7.104097498912392
7.061256931189638
7.2001100975776895
7.189049115135788
7.261852848582265
7.223025930704013
7.241425106921794
7.164713836752421
7.149134124087521
7.15335381845021
7.336697887564617
7.295393206368456
7.1981360340711555
7.3340678120402805
7.287503758183028
7.327458084614919
7.267163820562103
7.309230552204779
7.340977417182494
7.316778559081398
7.334044556041391
7.337376558361536
7.44196880840061
7.425179819929372
7.534385807339387
7.5585190848573784
7.519250507930062
7.525159819842071
7.440523432876248
7.441901140646981
7.6056288749477305
7.463518595754445
7.65850716974939
7.595894431243043
7.558911235802758
7.587471561009408
7.539989372829175
7.6876769248748005
7.697792032726564
7.668479896307726
7.672725423167615
7.6520956686537795
7.76524615251841
7.793935384651221
7.808495774603228
7.735529213134962
7.689646218118915
7.788666719116224
7.767661011582387
7.819579307288824
7.767693927816425
7.751626162188415
7.9161711023436485
7.874239619621791
7.8402052672480735
7.85045568676165
7.916296166982068
7.982642086285335
8.011343505351336
7.8754287816373
7.934048713308044
8.048321894913794
7.9052457311674695
8.006622136105241
8.047242313204553
8.08134787864519
8.11579784634387
8.132802131024295
8.092478818709896
8.068435497843813
8.008418114765336
8.181157830750465
8.205384049318557
8.10002226286081
8.058205305116553
8.111210560059977
8.272878049208483
8.117874310883332
8.176692991068034
8.223955565286907
8.29641939767098
8.21962186178875
8.33962380571254
8.26592047857053
8.195811166505427
8.342250359517733
8.3496779962475
8.344954634031875
8.2826726040135
8.374438311521835
8.262835339929518
8.299390145808143
8.343989806902451
8.492363343034114
8.402037681710755
8.33646611183614
8.419014268833386
8.495039852695344
8.429370499217091
8.49249145159235
8.464016209065818
8.500337335938788
8.49720460101887
8.522138052638775
8.512787511524763
8.606504995105462
8.531567995204675
8.629430803818316
8.48199613929226
8.609994767199359
8.591760896711191
8.71342729552201
8.649105782633844
8.569289105590494
8.58344186595771
8.6935690933242
8.772984868424759
8.769219308338469
8.739487217202342
8.80562004300325
8.714324563502382
8.686425028409689
8.679486922495233
8.666557281634466
8.778885579311321
8.757739547839346
8.757017976093325
8.798379087094744
8.851328137688089
8.894686573763478
8.854721462198777
8.923688725804556
8.83193958660386
8.900062899559137
8.909380821219077
8.848500093110157
8.957867273283156
9.00360698951538
8.9700387725826
8.991108615852683
8.921710544490642
8.932512992494287
8.879663328108407
9.052262169486477
9.016396821474963
9.060725213795514
8.958381237817182
8.935677332556315
9.02308071223069
8.95783074612682
8.968479171888584
9.09049974039885
9.129388605453215
9.027579394321913
9.080942692765102
9.189116398313345
9.06726472045231
9.114632824868558
9.175542804314706
9.192294645868312
9.108088879256492
9.187645895167627
9.265340343240625
9.13347052877624
9.122515433039572
9.299032363470221
9.144538786405738
9.153176523797578
9.283510593953844
9.29553925141458
9.30168515606139
9.35024077735207
9.216973729205328
9.281973876725733
9.242686179940566
9.315471596685194
9.372433118918718
9.297764166297705
9.35418253259981
9.404200181986791
9.27320881416138
9.283442625904032
9.444102181807887
9.43093611304822
9.333837694859811
9.384990335824282
9.387722094784104
9.37051918092837
9.357069728911581
9.364995072308202
9.44123010783073
9.511664336641704
9.50897243366051
9.489872058417053
9.462013811131172
9.489387627535503
9.453915042641057
9.480100744613114
9.521246111719716
9.59544483596468
9.558434845104086
9.561503134466937
9.506703158019192
9.48606585193521
9.566255332489252
9.541379604786988
9.520368960793231
9.608583742800578
9.563674105590321
9.677677171609862
9.62997994983471
9.53911631656421
9.590599617294803
9.52682226947328
9.622990409367214
9.607155658875513
9.674146889396681
9.553775809810798
9.733529986901834
9.582303523804791
9.568779417807685
9.726914313871358
9.759951759831834
9.644496820582242
9.656331972672564
9.632634094017511
9.706356450466663
9.804097763094106
9.659965759796448
9.793510900893182
9.819075363883698
9.83207542400688
9.841861407745222
9.691350456783216
9.70917961074405
9.73617189167426
9.849978485387135
9.769097724043498
9.773561294223798
9.879844576634044
9.731002917453193
9.75764215201667
9.787146520643446
9.793846879328205
9.821028393811742
9.815277153915282
9.854201540757462
9.796524936503669
9.755031316441952
9.868340484024598
9.881489669482809
9.788862599695678
9.77383840208361
9.882498557725183
9.80549288361189
9.88769422364832
9.801768322987872
9.95869828673395
9.851807191824149
9.964965267983159
9.885110669334278
9.81603914855924
9.840207458225924
9.855130703899409
9.821402031572067
9.983720476527497
9.968797044456098
9.86924627577128
9.884065883085947
9.959895944592711
9.910522028102905
9.885764775590854
9.931776551878524
9.9662776307166
9.862813774124392
9.94285277683218
10.039835101416761
9.917208450726601
9.898997967675971
9.912018257735522
10.061225076846371
9.907092987384397
9.976621750461291
9.928280792107195
10.014204466944982
9.983928640627122
10.038696115588001
9.983564025678271
10.063885445085669
10.0065628180452
10.094556559555409
10.078828695049157
10.064456684217069
9.970487706575016
10.0574884118611
9.96955400549967
10.0120352959326
10.087553982095303
9.944957121463155
9.948542723561667
9.989717357373587
10.079821599034602
10.11281461537396
9.982744306716524
10.085871401596705
10.032327498044898
10.0341031743736
10.089794481554216
10.146396205994884
10.095005359618263
10.006604751214995
9.986170136285038
9.964571309641359
10.104652038166849
10.084960844020125
10.022688634345759
10.059355891576645
10.088406023379402
9.984973939953473
10.119825128441825
10.03728672069779
9.989587510744641
10.052205091620035
10.031700746957183
10.098420877177183
9.976717186830275
10.027512924852243
10.096258883246934
10.017594430655173
9.984263618159726
10.042233999009287
10.047041536105015
10.021513044572409
9.975728040119694
10.022285160592975
10.046870732751406
10.065695385835628
9.99678666232626
10.074345849450133
10.079101495529013
10.088031041199006
10.112838074591979
10.103597222961609
10.170187470862771
10.047282607320021
10.052229668408014
9.992709561412795
10.135320043776138
9.997172602294986
10.03553631642708
10.118974018990903
10.051020140492984
10.01985610222785
10.107127106887036
10.11905843783434
9.99415649446932
10.15568906271469
10.112632672023041
9.983889454948333
10.070823936877117
10.152653387960385
10.042934574148369
10.042270450308017
10.106681987650658
10.017214839272883
10.110028320939518
9.989558756182621
10.063461686732156
9.972034220128952
10.063656520983965
10.036170496013925
9.948902133182647
10.007435525065127
10.054483926784336
9.950932954224818
10.081776521050633
10.026726199003377
10.068535935437152
9.994763525529024
9.98425154803535
9.969715190058473
9.971255273078977
9.974645851479643
9.976843140161249
10.061954367078693
9.958475820001622
10.018073981809183
10.019411672030813
9.982035403675956
9.988624522345752
10.050654273310272
10.056906883755545
9.888328867025677
9.972772538992
9.870578550969352
9.955729398530398
9.999063837582648
9.981665610985797
9.928233269197447
10.045936129730435
9.915580475195126
9.853370785045666
9.896037305602368
9.868319462845374
9.931270545952387
9.930323839966173
9.848787454604789
9.959298627058159
9.871397122584565
9.945522511739052
9.901926447240147
9.936409240664753
9.932827849437741
9.986526819969274
9.900524716155815
9.928747766611238
9.960163466867641
9.860078660444524
9.806484223129248
9.853769264957469
9.900949900173563
9.813843372870359
9.824795853307233
9.867751366974856
9.847962384755524
9.849238173350672
9.854315114526154
9.719585244471645
9.879351070201388
9.836814529130834
9.805837806770866
9.78210949237463
9.862408947693195
9.816987321004678
9.866178689452942
9.686958869188805
9.814975908954118
9.746739362988983
9.76972616781363
9.744427718659
9.81130828843196
9.646167540859071
9.691280726780109
9.690862947378937
9.63707650512127
9.694063491550743
9.698772620044595
9.761657113458272
9.680993106258494
9.58683597945567
9.747129286620003
9.576343754631337
9.571345862774699
9.664335530046635
9.632335770729807
9.649426675253755
9.706356901761074
9.562701835271856
9.527420210693517
9.564730607314988
9.621419434942498
9.685804676779275
9.682638444204226
9.543891330923033
9.540399154122202
9.55298582650731
9.483791407259282
9.630527870728791
9.569216047136413
9.475216550646786
9.61836371136057
9.44028966360673
9.42768640727017
9.567007665131445
9.427175519305798
9.42304428227215
9.384258003709705
9.546230455487683
9.407919783356284
9.48165108512796
9.448050669371622
9.423649067006485
9.428070315875601
9.424228026428906
9.361951433935495
9.397818729478299
9.304068218252974
9.329430219761322
9.447987639549652
9.395276820399618
9.371290364801093
9.41061232764587
9.314742567214383
9.271721395894957
9.282174939795741
9.223908302350159
9.27045804166271
9.309225870576709
9.298490223083094
9.184455236586269
9.218276995541391
9.288633649995472
9.24432448301633
9.175819510565228
9.25779869463379
9.212859769244035
9.17867782490319
9.125404853323138
9.231194434430753
9.27106377628648
9.107474521647339
9.122059120196376
9.196024264740998
9.134436016468827
9.191491287604123
9.175771940395665
9.204862168481943
9.064397999732
9.080574032091993
9.066444016495256
9.078636582685084
9.032879999830671
9.075124205403371
9.004856379297209
8.941099183805765
9.068858778370522
9.074870262888032
9.048800026323676
8.921315266357807
8.93977653495033
8.926641109079911
8.89432834177198
8.960995330375509
8.839987490867935
8.89967596422425
8.920648718634196
8.848460580755644
8.87455068504346
8.920860430599582
8.944743236216235
8.777283911310567
8.832378805217136
8.930241461756124
8.8882205077821
8.811552390976846
8.831672119494026
8.770614329448147
8.711282643817057
8.793918386209226
8.666092158712104
8.840628800260516
8.773433634680215
8.730962663254552
8.633329536649084
8.74897186479133
8.652152302776672
8.687041300220558
8.709204964879705
8.640823818869507
8.582369860958577
8.535202503722381
8.613186659463747
8.54679486374128
8.66081110947039
8.539866831634273
8.471373880457149
8.55586776470705
8.497834479066215
8.582591268745702
8.45654353030128
8.54156226551523
8.583373668501105
8.429255971909138
8.510309364731249
8.3817439424089
8.495630436355045
8.351973240041573
8.401367323807134
8.460312976349798
8.414375729964295
8.405954416510092
8.36516298905429
8.265160205144587
8.357611490598702
8.249385653025607
8.383247513640013
8.352804622145001
8.230383850628705
8.241584853192004
8.335208130069791
8.191292852763608
8.285397268101445
8.225790711246246
8.20971799375185
8.289021395918606
8.16857456238385
8.234678649492514
8.225301925815415
8.051112772996108
8.183926812852661
8.163060382590187
8.022865113014777
8.17176346146241
8.055381125639201
8.13081012749895
8.14301761045005
8.087017898994361
7.980375888186092
8.0666329227544
7.918250098242602
7.9229568624178714
7.943460735598918
8.005521288495789
7.986498871651564
7.888497762012682
7.94712376482755
7.838798500607188
7.808663533722272
7.817725712251715
7.917890268651965
7.8037233730897455
7.8013244253782945
7.898340722621474
7.716275261345384
7.837576929083817
7.743583094835361
7.805625981437504
7.679584618785187
7.64507587061982
7.700941604004679
7.793109030112184
7.679458323109113
7.6447089215221675
7.628902484746032
7.5881016320198675
7.7021310535147665
7.5499649116588925
7.5879870710207955
7.590132203124417
7.494336781085146
7.630089526133778
7.629022294821567
7.492239180477976
7.561627999620473
7.532400040796377
7.44028901205126
7.42692139064653
7.4441407010697604
7.421122681379699
7.395706509883855
7.491559130637458
7.491763790356882
7.438891323905854
7.47805037009279
7.409155044985671
7.2782832351332125
7.359498632584995
7.330279737408681
7.309648243593065
7.209244128616991
7.368043234071708
7.226326593738668
7.21918609111125
7.224072533131961
7.222761265009725
7.3061198483512655
7.14121191506894
7.176908157812233
7.1048811611683265
7.100387604769901
7.0671877560793055
7.143726066342595
7.151450345267941
7.062522910346393
7.0769978774724525
7.1468994597929685
6.966927052358517
7.054674377850945
6.940303810351238
6.998459951348251
7.072620531617739
7.064153460358384
7.002201089293087
6.976278234173067
6.991700494627502
6.917481282777285
6.98904593310967
6.909174841916844
6.787738875016055
6.762094809474795
6.9016098939313135
6.80652203402232
6.73430554768323
6.799289516336788
6.802626247470697
6.802763921931119
6.783550833769429
6.775998656047063
6.758729474029268
6.788806266119658
6.623235376276137
6.656619761641499
6.578893958127075
6.684920863425182
6.549477870070678
6.580414133231879
6.700528261861674
6.520658055234918
6.5839449479399095
6.5942068493531805
6.633724451406203
6.460162758702473
6.577247299555513
6.548892394581852
6.517949378007579
6.516507070090899
6.387902058703734
6.358141830334615
6.328626884085426
6.371030490474345
6.389866965101963
6.361317014410642
6.360412635995909
6.279883656692407
6.2428563999523945
6.395833346922654
6.326890865651371
6.275047599460175
6.345503940413383
6.314639774813898
6.288757396824703
6.195513925583756
6.291310905860791
6.291573916282729
6.2765267874388035
6.219155236250651
6.196182003481428
6.190092321320903
6.1819937636336535
6.089538122795526
6.1609752203240955
6.096281067053755
6.057574218738001
6.06753002778728
5.994909980485372
6.073421198447485
6.0357312147955655
6.076467866924361
6.008734042287143
6.00371988945166
5.9394080639781315
5.959032905723442
5.878663974335548
5.815394172608944
5.827529721760606
5.92295143322981
5.773232613967431
5.872862885172656
5.782153886240704
5.856396538358628
5.7005578976100235
5.810129589407709
5.756984849785883
5.641916318676939
5.812073468602636
5.709854748962592
5.69840811523782
5.681193539709759
5.6841817146476785
5.742242042802876
5.570481812929813
5.674907661434695
5.648960291228182
5.55464492222828
5.572540330591574
5.477357370648141
5.587093944585993
5.528840545529728
5.526298297469106
5.472381460004644
5.480040644125403
5.378783293180753
5.379482447856745
5.389933887138793
5.413528693036916
5.473887713435511
5.3322200484878115
5.403049310520909
5.284209403360629
5.409426634782715
5.294487506409431
5.35624718281439
5.256362729128375
5.3771280226466125
5.209726002455303
5.298522431591722
5.275300128225061
5.20322978090868
5.290153460039839
5.276442977573961
5.199723819428372
5.119570469846492
5.20415947939463
5.154648018991519
5.136632078940621
5.068681989189744
5.047171417885553
5.045393358021176
5.121014213881852
5.052245485344186
4.962438099014758
4.982182273350921
4.945064499192981
4.952527638539544
5.0393731273329285
4.877925986487593
4.891370139173647
4.89220761199314
4.92553019901169
4.936275172623258
4.915871304106253
4.9665224023271115
4.910450943173809
4.856378476523833
4.775941741474153
4.775431248058232
4.863178733613129
4.792780163079384
4.744183730394937
4.711112200065682
4.843396022442898
4.819016400057297
4.684064054592523
4.707433167365886
4.760860827104482
4.654315444549311
4.728515526147642
4.556351760184387
4.7145424667481155
4.6647134636733085
4.657804020058818
4.5268976770901075
4.530800138191848
4.507540789453889
4.540845035874171
4.508274078619106
4.512591017730997
4.59525464888795
4.40676856049459
4.40280151020343
4.368674076948178
4.4538453652774255
4.529375617615719
4.378763636796946
4.458230965488334
4.3777826467983
4.35669853036834
4.335980752566927
4.366288355709159
4.305008608827906
4.24336151116735
4.368150115881023
4.2507973260796055
4.254695351572266
4.181544587990308
4.2366825694051675
4.1846133456330605
4.304430091346408
4.144117935173483
4.195240379978156
4.185047804879697
4.255615665763585
4.2420192641347505
4.06664028215634
4.09121013501219
4.044408245279383
4.117019744931278
4.019586109554161
3.990526531985606
4.008409400928523
4.1518761285310335
4.102118179733285
3.9643454071090787
4.033106330694255
4.000321463880481
3.947566714819764
4.0170453444695
3.900334050995811
3.965694476419859
3.9568354085320756
3.9140865217823335
3.8319783200828543
3.8771866272751363
3.829091061944109
3.9298945800088045
3.8408830509407865
3.851019297301873
3.82614126273496
3.7286163891056376
3.8034634513604813
3.8273122848399312
3.8363522725349495
3.7324650190849487
3.7479777440725286
3.6709046738695097
3.75376622039742
3.6491023885954843
3.7297386809573903
3.780652595485363
3.6915243147161694
3.6678315334987532
3.697806326952199
3.56655787938327
3.680666764011003
3.6709845329344133
3.6219114766377674
3.6776785656982356
3.653294567346366
3.6056330304035615
3.459460264089684
3.5750029831699783
3.6009363974773296
3.495095795763418
3.5534136230131814
3.5442299461699305
3.44852643060136
3.3636118277277594
3.541333620945467
3.3455546704372128
3.444182305842944
3.325880196087535
3.3091653217882824
3.4528005132862507
3.2777098241549045
3.3342111234825995
3.382520538289426
3.3055313160425155
3.272232789142554
3.267760711970335
3.2035344853016565
3.2143800573434564
3.181890487892651
3.3509245801908927
3.3350626288066993
3.1972023905189353
3.1765371895611265
3.2531693509374078
3.2982084366465205
3.237916216348493
3.267365728065748
3.1109225869214248
3.1331945305127524
3.090794283873781
3.14608680844621
3.1189099465468444
3.019740434434136
3.1116799595752314
3.0395220164531866
3.1262554683777894
3.009889813740044
3.079369090733207
3.1033728992864718
2.992103781378544
3.0922488235569037
2.922553197179193
3.0576634798093028
2.9993167762602213
2.917758712194239
2.986156205664641
2.9955866726691833
3.014930574764692
3.0264051649707917
3.0080436282060985
2.9766673984962067
2.824270329994836
2.926568692020906
2.850417840826627
2.9287860060717836
2.898192162349807
2.8555054237785664
2.896815489844069
2.791736381075537
2.8063376737358525
2.777297060730206
2.7253016581149008
2.77497336376212
2.766965423749303
2.7450440781658254
2.7285007411075486
2.822743637821203
2.8151298187803295
2.758092502617052
2.639496302919512
2.703884126781937
2.740456956419546
2.687149057710108
2.6373203666510805
2.6648199499511738
2.696983242744344
2.5523668624948845
2.706003598326915
2.6858871138406455
2.5963381207848757
2.5267886069770125
2.6117128152257165
2.6262155895843606
2.611487687009501
2.479831691474682
2.545508732279167
2.6072904593429853
2.5671016584922763
2.538667983545322
2.4315723008914545
2.4363425622440436
2.459393912545353
2.521509236858535
2.4125366704973943
2.367937390999738
2.4609245161854854
2.3693829191316165
2.318956237850759
2.362697211989678
2.467153646087505
2.321416153851281
2.2801517175415316
2.2774227750832474
2.30468756895513
2.2592009691740063
2.3785383528080684
2.258812199881774
2.255860253786361
2.306793533875759
2.2817249260496513
2.363697537896308
2.3473521093238032
2.185966117401511
2.181220559487212
2.2148421582737847
2.2240090021765946
2.148367294773363
2.307164708184198
2.1488292697742493
2.171961854815571
2.200221218449938
2.2245760938005255
2.244817133016778
2.150240811653564
2.120607633038629
2.198968172031844
2.194962721928008
2.174474381518524
2.0348199253450936
2.016077112079146
2.072809047462042
2.1408415727877332
2.027442543586803
2.1683891398170814
2.091865051279908
2.118163957690314
2.056631474095941
2.098116153879739
2.0928080763784664
2.0970847317872647
1.9176592814910507
2.0441065380826546
1.9546191125675814
2.024132389032556
1.9507538845985477
1.9723694559781797
2.0104547235466743
1.9553091301392396
1.9653714492532077
2.027979799771543
1.986352902882745
1.931481641617144
1.8395253295339016
1.8360733536651106
1.8800228204928373
1.8928866058889553
1.921493345091213
1.8577033747240836
1.8569272938593848
1.7821449957840365
1.82622511324675
1.8505274840531376
1.733830029834531
1.9062646347399697
1.7907516909165047
1.7662773688556272
1.7283731424563333
1.827041441477055
1.8593730147291487
1.8619237725064288
1.7641358537004252
1.668112510363106
1.799589377470491
1.817092736583473
1.7390807234800025
1.7627968163585883
1.7692074413432202
1.6749613206167122
1.7429762085128524
1.6151492739473934
1.5960224885571588
1.6166597614610025
1.7244589696967818
1.7616656764573153
1.5800384012595259
1.5891257755822754
1.5959138399958674
1.5854946939393912
1.6947139541950493
1.6925480464613867
1.7042802027077402
1.6859401286789562
1.5602853541453907
1.6197754700917106
1.5928223570496556
1.635235688608716
1.5147590800498052
1.4692543044330018
1.4988416270443032
1.4878267662862823
1.6047043416282685
1.5738531673795895
1.4746858095074389
1.5537209330443462
1.5311688301534305
1.4312248393291
1.4603839600254125
1.4711877550053694
1.5411674450077875
1.4500443751386851
1.524546949202879
1.4902508415182125
1.5234546328252143
1.5285476466859655
1.4020251722871608
1.3771151774657007
1.4066290924328055
1.3761489477911195
1.3425491991397627
1.3243755544085976
1.350202835042923
1.3861273685999935
1.2931081858535047
1.4422319212832142
1.4286535645869052
1.285342377256026
1.2708319425865648
1.408304227457086
1.2704394566520305
1.2603457877712798
1.3081971128811158
1.3304364214919033
1.3086992482857505
1.2647653510884254
1.2804933448048679
1.342604789428925
1.3138914375169533
1.2684334183057393
1.388676536298228
1.3138933522593652
1.2672791247764137
1.255091589146275
1.3483896524825563
1.175934214575449
1.256736820786757
1.2251293726353587
1.19423726139859
1.1577123252834018
1.2566510328767686
1.2992502714037761
1.272326974365524
1.2043053674587967
1.3040041630635495
1.1278486719856682
1.1010095537131197
1.2785971575610233
1.1236494165124011
1.2381891829105793
1.2212920428040122
1.1957134724765623
1.153194314531789
1.2144231615963939
1.1064511679175397
1.1082623096360482
1.115145415781457
1.099358827244275
1.09555360322638
1.0704952957202534
1.0265919510206918
1.1184215200378884
1.0507707081047455
1.190983206703722
1.037764111788142
1.1400563501778558
1.1258833467815965
1.061879748288641
1.0359219393659362
0.9962204421289945
1.078517721376541
1.0579225317484624
1.1180226024929287
1.0157092730633261
1.049562714926695
1.0574162885540825
1.0519666702700525
0.944303118585369
1.0068024370269024
1.0236974659524933
1.0712541957205024
1.0816008628202844
0.9405966917816271
0.917098906560215
0.9347264461502769
1.0541415560707403
0.9984207041393766
1.006154141194004
0.9605358066104785
0.8855559628622568
1.0116722516469863
0.8745147749817533
0.9092674840787346
1.0177933915155342
1.037362192209812
1.0236877688109927
1.022973890616374
0.9419318025417628
1.0150914028671298
0.8484525779490562
0.9582740136519079
0.8931429051375376
0.8678536634720407
0.9016592688372581
0.9447114783493339
0.8317278869584
0.9285174801827693
0.788949420927586
0.8607303014097967
0.9671126758136231
0.9383800748784832
0.8829608984864907
0.9617485815408413
0.8076120799946899
0.9305209356385544
0.8657761360883933
0.7783154239292395
0.8663606490166744
0.7615288220367272
0.7581491020126288
0.779014968868953
0.7570549919310592
0.8086133392520424
0.8411819510955117
0.9033633779659863
0.7552351467534284
0.7688122795073759
0.8221722661715936
0.7465175992917266
0.712041465976355
