0
0.9592355297435081
0.9238859751738682
0.8766794797181792
1.006654705770163
0.9564410296311485
0.8490524637184096
0.9074861561302063
0.8316788524070893
0.8937524615928388
0.95641712313912
0.8548592683294379
0.9595074276446874
0.8924500146292136
0.8990347721805486
1.0382365128647095
1.0415562895353943
0.8763655797050615
1.009024341556072
0.9861433976941816
0.9984789476489275
1.0258710680896335
0.8974122579572671
1.0089647131843333
1.0541758981695797
1.0617469150555388
1.0812639718639534
1.0823440350640565
1.124320056727199
0.9617730131897281
1.1135836539642137
0.9836928788354053
1.0989540322529174
1.1184480893898072
1.0841585316186702
1.1446963276679583
1.0629113452544268
1.1173930223471165
1.0462345160205082
1.1825497049287006
0.9973784442423946
1.0009227136057648
1.1731736904808603
1.0705341278045617
1.045127394038087
1.0469205317508823
1.2070456325095085
1.0598109374444702
1.1205629706794893
1.1435837406445093
1.1749465706304196
1.068394770514958
1.243689588901224
1.1798957542189166
1.2628020077524194
1.142830809975807
1.2070612311455646
1.281690857196451
1.1941548585669477
1.134200652666141
1.198580536440399
1.213887389502962
1.1940161569859773
1.2495625139979096
1.175567107383772
1.152655741713539
1.1850998095733754
1.26442335785636
1.3344427977965916
1.2697099918263057
1.2239360116779339
1.3644474693445567
1.3589279702696986
1.279991941167214
1.3719846372129672
1.3261738552266018
1.2806624662739956
1.2147201055785857
1.282498234915251
1.387412049833944
1.228364453259799
1.3559283675843947
1.2434129627644328
1.3287258446372585
1.3586903574396947
1.2913762887404856
1.4543208564784083
1.46181963598296
1.4150619809370162
1.4750313684157987
1.3759762942168299
1.478521606727734
1.3594166782738715
1.4429834573555913
1.486305887389922
1.3397467130083438
1.4356177808939816
1.3659911164559353
1.4212347598005
1.4272369743743325
1.4347715322709058
1.4625980611861524
1.4096828637638101
1.5164376197978593
1.4689108772756625
1.5075729478399638
1.4227671116121137
1.4956953382821443
1.4880932239748332
1.477191093676997
1.5032023476670713
1.4339794723333585
1.6186952922897775
1.6325946900630144
1.5890701060228254
1.4795247321152885
1.547623107297437
1.5907722883434432
1.5774573172837931
1.5581694994827286
1.544613938520446
1.6947591568229028
1.668683933704254
1.6905254875023503
1.537956298851163
1.598156947945317
1.6156823217307166
1.6397984040753522
1.5523706479990658
1.5867135536782349
1.632618355415719
1.6919671750188787
1.7765634830721289
1.7741442681707194
1.7624024037676156
1.6718652297600205
1.69588784211542
1.724377617760145
1.7769415661131784
1.7185080085510496
1.7008514236621521
1.677696106874494
1.8378635381992126
1.7999127844261116
1.6969272128558357
1.825673769109175
1.7655064909784908
1.7685895021324067
1.8584225490586679
1.8688196137853423
1.804235623693639
1.7385659776709952
1.767743287606688
1.8870054320015086
1.7966864915135172
1.7925161058504497
1.8761035710028184
1.7852266344092964
1.9544640594317557
1.93502134446022
1.9422706255335083
1.8802320483162696
1.977725917826434
1.8497832591639867
1.9960463058733517
1.9631156160993202
1.884771130919801
2.0246141278627605
1.882164142361152
1.996723770974613
1.8909767508309931
2.034697993773517
1.9827665219129054
1.9982955720955053
2.0177725475333173
1.9772446545449172
1.947274921288478
1.9679765157286289
2.0654947406640725
2.132427738463038
2.169383316670123
2.0836741687316884
2.104939824713563
2.027007585313804
2.0982473146572134
2.1673355551852014
2.1914439959918495
2.084967814706126
2.2346626921703585
2.149257581275713
2.104036264630627
2.1377203643123024
2.103600787638696
2.1456545991336027
2.2083379702559562
2.2319880155225804
2.2076719423338944
2.3075887863846023
2.2238799812575896
2.3284060040131282
2.352322791410634
2.2466719791418983
2.268892713764487
2.373739129566057
2.2825185961526397
2.23579771941633
2.294293395189188
2.255442221208769
2.4258611866061264
2.2788165177019737
2.3352427963749287
2.330672931641912
2.324935148328398
2.3152840391397103
2.31366820889581
2.4843801655145303
2.455032663027468
2.4918959382000736
2.5129386419350124
2.4078762822961677
2.3535767717195983
2.4859961106441046
2.5550572478765625
2.544550428930844
2.479403535837876
2.5551887527120942
2.443454275806294
2.574460470968779
2.5120242033944797
2.6227027898010142
2.605619734509894
2.599547046346449
2.5910538882541516
2.598569471564227
2.582069193124902
2.5147615968343064
2.6141898577900338
2.5918693169166085
2.5953486407273965
2.7122263634198602
2.619544550017834
2.7392405963758737
2.6799974457651805
2.6329326345541437
2.6108828797701977
2.7073668726207827
2.667992769338218
2.6604371182533146
2.6682422082653257
2.6677948391242015
2.7348600723971415
2.7182612565783675
2.832554581699426
2.814468239001452
2.789870652478914
2.8127579035751284
2.7737103260774476
2.878582283970224
2.86105599661588
2.8064265477907004
2.9719988590254425
2.8879134610611445
2.910956870892377
2.880566485299044
2.8609433015534873
2.855276005335957
2.98314465134524
2.8928683683946312
3.041420163335777
2.988008729753944
2.9809403925589786
2.9699891862320964
2.91276910938314
2.9957905747405533
3.017701328122242
3.014902165254516
3.1012429815288196
3.0002754553242776
3.0134292569626138
3.0112341441630655
3.1445688331734702
3.0799674805967165
3.0376512675585094
3.1061893115920745
3.2351726744349705
3.1045728848958425
3.1010991520853546
3.2591910397193775
3.2562097925227285
3.2324618037888126
3.186843734255399
3.1480574339013496
3.208826954423588
3.346402027158705
3.2522294124964946
3.356515979929703
3.3166516791631575
3.240441911472925
3.2230636763206646
3.4033560264072484
3.3618864251888603
3.331710243996632
3.4578342678665313
3.373040660966658
3.373563527400389
3.441275629623037
3.4780160285066772
3.505425301119221
3.520952867856926
3.528250323118083
3.5117533314942198
3.5313394396288142
3.4158187898903107
3.5231551903051717
3.506498482082648
3.5244629577544706
3.6182794706313737
3.523939639518243
3.6190458440940745
3.6568368497156722
3.5382265453957418
3.535276413039611
3.6088658502934607
3.6958931066002325
3.642761824660023
3.7046703430966157
3.6747413678045224
3.641039740453039
3.623885514149651
3.6156272799103553
3.7561120259728247
3.680078610730382
3.7874056535498655
3.7827683565653194
3.7719415840902664
3.836145219884933
3.814827726893595
3.7904646796457184
3.8087696704786276
3.7813655971114666
3.877481191528257
3.7618708733826938
3.8992797929028766
3.8216171504181493
3.972317617812633
3.952330259148235
3.903573734312997
3.935210142700389
4.0179487214808205
3.9662500490303128
3.975100693175855
4.048418649901078
3.9232413025677424
4.1034597348940975
3.9326514776857557
3.9530592176081645
4.016983755523551
4.101782492350728
4.048303551343263
4.1881245956097075
4.127605806314676
4.112591221348794
4.205334694932418
4.084231342553585
4.156421745686004
4.182835348916923
4.198959201233231
4.147363131990906
4.19750697964578
4.164026796065905
4.146111399654174
4.17725281802738
4.2685865946711585
4.378955451188881
4.210393739310462
4.390885433981105
4.378582708855543
4.401300270764648
4.3603003841721035
4.449816691789766
4.4343763912145535
4.449411861453627
4.452516184671194
4.512854558690693
4.4243207279263
4.476676005683936
4.521836916553394
4.412273153014704
4.596176267090992
4.432355187426023
4.502650547495036
4.579031140003941
4.5739419183726975
4.473571406883762
4.649778981962832
4.686858490561301
4.555640187740621
4.67086529465478
4.549939567063142
4.732031055380512
4.765949695463581
4.703192380660052
4.746392351274299
4.7701188217820425
4.65581424647805
4.6713996805218025
4.7736773224798705
4.847277419203543
4.856266694081269
4.729329672241656
4.887313676608935
4.921741793842012
4.916882921600206
4.951931640046803
4.786840457267423
4.967644771180892
4.946326911245938
4.899814673843281
4.918255682654546
4.8791202570719365
5.0498541583046554
4.886961942191158
5.031166182872906
5.087509884877062
4.939355584671136
5.015313902725704
5.123639447914341
4.975543723329637
5.090585361831821
5.043623678709997
5.037755213221205
5.050211633657584
5.226211888108745
5.0549666319233655
5.236911589162078
5.093905023324878
5.2208134525093515
5.214505695042618
5.145287781479351
5.206018780481982
5.330613476574891
5.208503211930071
5.3458097346173306
5.268827746669894
5.2480398748108135
5.275767443353702
5.390334827418167
5.429018280649253
5.432334591326678
5.410491747971979
5.456528445242785
5.447061073461248
5.428963310211256
5.520951973635811
5.410527144573433
5.514323163337607
5.460935840949699
5.485880339851926
5.5666000414517764
5.5702307873082
5.560886802827939
5.6441508087962315
5.554373487870134
5.651054340841125
5.592093283681234
5.706753386270097
5.719963740421658
5.695566803079433
5.64852784841765
5.598847574676762
5.631858168993472
5.625566487404913
5.805730828363721
5.675571636828338
5.777780297410582
5.728022701509498
5.789406574513456
5.765621619843558
5.823522689287666
5.7918417230532855
5.7841749098194075
5.763407117779564
5.845389410453363
5.86851388323078
5.856956678976227
5.951079412723141
6.025782814731338
5.989042411455352
5.996984236028459
5.983140263142629
5.96811527138606
5.959878496009419
6.047687095700326
6.022450584526975
6.148286237717646
5.987633338627004
6.074708778533584
6.069183216419932
6.126246839431596
6.188066740844839
6.07252380288987
6.13305361967524
6.25389574400964
6.233844009191553
6.250217140478951
6.278676494748836
6.209992232287547
6.304668966585087
6.28402344263571
6.281942609803864
6.367400381195967
6.271004816385002
6.302645744403993
6.436560737810537
6.4351649868502285
6.302086922083641
6.460278732021559
6.41022252258437
6.329727165635829
6.42269810425521
6.527658165196656
6.565161598440982
6.433952950507196
6.468585994452605
6.524965267189525
6.5864959428401
6.520731731183303
6.5565219720802475
6.501368342592535
6.683533223195388
6.649330052448853
6.7140782088904425
6.6221683164135925
6.725749295238431
6.760890727859331
6.603893794812272
6.709803571473303
6.678573704696654
6.702068840962866
6.683143751936625
6.774721892753357
6.808692318299221
6.725895596771107
6.790739937600182
6.835506389919515
6.805403620956432
6.880598527373631
6.885798766081439
6.962186561656139
6.902248236449555
6.839734283467352
6.821462926293171
6.931959916262095
6.967951191111944
6.954476091499508
6.87990168141398
6.995472782248267
7.100039729563414
6.998983184540306
7.040736538305464
7.0069029150473545
6.966108937509
7.112923842104939
6.994238559550874
7.120584633583889
7.050467068414832
7.047903528682296
7.113714630725375
7.159022365737215
7.138262145645905
7.1978393403442515
7.171400529330887
7.241834918152486
7.147967494244561
7.258180429538153
7.195770900424752
7.3110931228930784
7.334131091400619
7.227605653539669
7.374638472192752
7.371347205971337
7.301255821947518
7.2787142008691985
7.410760677009728
7.432734436327595
7.444462792389159
7.3550881393035965
7.519168188555424
7.552065342284595
7.534374643304402
7.51271277215618
7.482755663891831
7.432843723886708
7.494355434709776
7.602123698611581
7.500987756360154
7.501679874761781
7.553344623528032
7.63670046722567
7.687835502141949
7.643343423224064
7.585554248818092
7.613863702958215
7.72344853099875
7.739791942386859
7.623829567566746
7.75747307590385
7.826371568732252
7.649870526015712
7.788912464097728
7.730288224195498
7.725259008911668
7.887579929881961
7.7452522651783635
7.846053265082331
7.896546866850374
7.8436110095309814
7.8858293603001135
7.942634411967006
7.804441081186812
7.844392084042747
7.840283694424911
7.998822228884549
8.02803298805001
7.888979802884516
7.888176326581118
8.0314010621241
8.071064963528432
8.030395444254637
7.93369387672064
8.130402190396607
8.078012624565783
8.1455651626505
8.080569745025837
8.043554057335895
8.160662599260728
8.219660846496653
8.049509829688912
8.05103676749088
8.157085227955134
8.26455478580744
8.186744058529012
8.256565072583696
8.148144827253873
8.289721711506191
8.31719220164252
8.257847714259604
8.351603042236407
8.182106679704134
8.34561517304155
8.357351336685072
8.342542592041212
8.316789536919337
8.356538315047997
8.322252908198001
8.44860304216992
8.454152252376744
8.399670463930482
8.326250619332066
8.453172090377198
8.43523885937508
8.394218543965483
8.445327544260362
8.475531962148027
8.526554089638985
8.457496213942804
8.421744517089836
8.431871244777037
8.62048241135952
8.483077849937942
8.525341418351484
8.580362381852769
8.63943182199116
8.496956734290832
8.585130822232216
8.55911004372436
8.672247001220699
8.732778868670122
8.744958784244034
8.620761918876102
8.759062165697754
8.652688437370289
8.647026142065206
8.770123358163135
8.745082534530301
8.68012862797759
8.737627465162504
8.827435497786087
8.69456231315153
8.748207537415011
8.715421335994774
8.760091000577738
8.877635667126965
8.901949808838525
8.831240784075229
8.901552546469688
8.913404062902595
8.908235943627506
8.953244652993742
8.986641500465655
8.887305962692409
8.84229155901159
8.875785565317104
9.006913085475963
8.95936739257368
8.859259613848764
9.016583254217952
8.977346289636394
8.975022247234184
9.055474583753911
8.966823741743177
8.929186373094973
9.052751779905726
9.049678133903434
9.104912786662746
9.127662550603555
9.04634619959289
9.024948608471021
9.021211403567834
9.136291547238766
9.032219477993015
9.156122549164168
9.075124708814432
9.054921928384118
9.05850380684376
9.244754384474682
9.138000237655218
9.266893108569732
9.130860579245931
9.226721632043947
9.164301996220411
9.209261760995817
9.328082751273373
9.261456824413415
9.207040823904586
9.235892661694168
9.335467198500552
9.21509580218557
9.382850147632679
9.289294790330924
9.295830779094358
9.238813025358782
9.405494421122905
9.253216085815092
9.303685897569217
9.258470264036633
9.417958511716865
9.322946349547733
9.350977546161616
9.324335089758971
9.387272589574813
9.438088173283646
9.327136795771215
9.331373783420835
9.526548082149407
9.379981635360615
9.398034785415806
9.4418562433975
9.4475644056239
9.41635014748218
9.452020432271938
9.434402550747887
9.404290611334543
9.516108477956804
9.607961984970883
9.48876001663694
9.566162666936483
9.469893325117281
9.451532890024463
9.637884519645587
9.576309464956621
9.605205578747427
9.535583734177683
9.512215048636634
9.503017971106114
9.664220470886065
9.509657640268575
9.591028461711325
9.528134762525477
9.705229320990279
9.700969469887236
9.650399903688951
9.677430628225613
9.741571931602444
9.663824075082218
9.58618536102909
9.660668483382443
9.664312319263447
9.721209127310523
9.64233107527309
9.707527284451245
9.776259886522778
9.80279654756776
9.79325651880556
9.737382497918336
9.775537566593512
9.780870877862835
9.665961821191068
9.702906495820013
9.847839806013459
9.713235614329948
9.773566975688434
9.857787860109601
9.840960000892892
9.690800185657217
9.860123684710356
9.725000814805652
9.852120229595174
9.859340677638368
9.780842377755862
9.911158240336198
9.798622639505963
9.842866881378708
9.838895516810272
9.829055772176385
9.937851772146688
9.850717812802689
9.843304660354729
9.77722271994418
9.854494460135147
9.818484788796782
9.952242877558412
9.87504020058135
9.801081680357754
9.871815530552743
9.84669926334469
9.846222341390936
9.84656581721377
9.9368662115953
10.011272500366864
9.85322676194854
9.988757195074715
9.9129936680831
9.904944980769647
9.857358259817497
10.002607690298877
10.012043484033352
10.045669099675182
9.872853069106302
9.90957089726977
9.97220752300098
9.983336478786937
9.912702038117953
9.996696590106106
9.98228832889297
9.964929804055561
10.009214115415004
9.888347587977592
10.033675257462235
9.965142411178844
10.074235457461864
9.95412102675924
10.09766985600076
10.02790548258429
10.038259292275619
9.965140848857796
10.06018664515979
10.088923627467086
9.98900187067032
9.985282925712575
10.101196579359277
10.034423506278785
10.038249102471555
9.994316580513503
10.055282203939147
10.084883817571047
10.048912166723909
9.975564820603045
10.091104830055254
10.127936026145408
10.096835722556698
10.073670346868179
10.096512954606167
10.120401358682418
10.034924901252523
10.137084677808643
10.087807950935417
10.034320128305435
9.962572495543716
10.117867073545606
10.048244607363667
10.13690421175648
10.125872693551932
10.149536687784382
10.15079286551767
10.075984267417189
10.05668654899317
10.118121874111397
10.025153920910835
10.132860746189008
10.016566714788159
10.130565553974758
10.10278466452475
10.018503124369643
10.031128411922845
10.171927524279115
10.02029821832062
10.078209050828555
10.04057729510675
10.07691197387319
10.023983163225703
10.117186263322777
10.029489570642124
10.084949393593734
10.047835724349058
10.129863566273501
10.016344682762137
10.006357526638851
10.05140040666753
10.046349081832016
10.135516183993937
10.014237479387862
10.042491600174111
10.107815257665305
10.166444640353259
10.116112624858319
10.012124196002096
9.968989257751602
10.039174143127473
10.101973485784132
10.00178146896028
10.077030527052306
10.046186326266408
9.969935504797604
9.961836038629862
10.145780212231037
10.117760462693182
10.08840875755624
10.108818486740013
10.025957642632381
10.083516058751004
9.945735402448797
10.11988941892026
10.05798100677665
10.078383212801329
10.078703657130216
10.065877547704682
9.957769933168992
10.056884632051954
10.114283907673869
10.051799200391788
10.097426114552936
9.989938515160759
9.929127258162938
10.036268561277996
10.00483351156879
10.082938291527023
9.97025004771384
10.05306695010424
9.97620708712738
9.928591034158519
9.893909993897239
9.95038889585266
10.051378129236115
10.049905836433895
10.06566289699502
9.917802301879261
9.960564897111807
9.92858383489727
9.95488076816654
9.87657731914157
10.012198209830377
9.871814658907052
9.889479859384725
10.023029406445781
9.92604691879178
9.907217422509659
10.007513842615367
10.026370933236771
9.939355030428494
9.842107303040288
10.004201772096444
9.858908397881665
9.95133799704216
9.832215034914046
9.853993290073998
9.894116772580904
9.957747238454443
9.882702203878832
9.91797974860188
9.796992272844784
9.899762822655036
9.810060744204412
9.890305529402411
9.821084811795894
9.787382538594349
9.769055907673327
9.922892589949933
9.798483925059843
9.83774334286568
9.79306735767074
9.724856822973702
9.802969431430848
9.780109357659475
9.713743251558482
9.853572052522313
9.748879401423137
9.870840579188503
9.703342902468624
9.84590447092244
9.772354069348404
9.770689011206485
9.68370464139303
9.766829379874501
9.713260804282392
9.688445441727172
9.820075866129825
9.626841968280814
9.62287910343916
9.79564505726488
9.754568194131094
9.781175439327487
9.60039539684947
9.712997767019944
9.667214851094908
9.725493415859845
9.748892329405813
9.655133345003339
9.605257465063227
9.704876201754743
9.702110855548453
9.541273467142656
9.5450934918123
9.62193296012122
9.644426222574332
9.658486355197908
9.686315596362453
9.535664830286418
9.590241374167418
9.547289914214172
9.501359405659363
9.644887173922752
9.558442241272862
9.577929399045995
9.470913219020263
9.433378867401899
9.435014926256589
9.502134195834355
9.475218924011928
9.409520317841961
9.445884302929157
9.55900796071188
9.39008814977526
9.379171461589188
9.396498706356736
9.473884426102748
9.385950049785087
9.440848538328481
9.367535231549398
9.380085778995822
9.495084539468985
9.321488425571927
9.469687493672103
9.408906692300773
9.350078013609226
9.304570680237752
9.355914556109092
9.341843030394248
9.226153463598092
9.264980457208171
9.278052252271321
9.356695690582727
9.24028317749326
9.321178722525298
9.271313918743163
9.29911717534319
9.254416916607177
9.289281563453802
9.234513394923802
9.152203757855506
9.308523850482974
9.19491055181486
9.101533424497278
9.25397564309149
9.178745529244964
9.238805131794814
9.140017853045423
9.23766544269152
9.151232892758616
9.128886155337309
9.045286244070235
9.08091491328885
9.025356161347284
9.038667275356234
9.135720208136686
9.130075905478094
9.115723112015509
8.957502923830619
9.082462789103404
8.986645853638361
8.959877447812516
9.009114655337584
9.024494044371423
9.067351637931953
8.981773792584184
8.935109857890417
8.93583839588866
8.941258746839011
9.012039713056907
8.822559674950492
8.991958427686928
8.89229734971985
8.800406426389177
8.86524409332393
8.921904218705452
8.916062583020043
8.868359820826372
8.844018173033925
8.90191469967339
8.805782860938713
8.842241876113839
8.76147317728874
8.760290218650361
8.674439426794684
8.76116454298061
8.731346305624157
8.710128917611069
8.676183100010235
8.662842952397071
8.746852722893017
8.576930583114143
8.666079988956952
8.65267756762366
8.586664809346402
8.626692638127844
8.586193311394826
8.564674929678443
8.564980470720535
8.589587540624185
8.476540031255334
8.459613896322907
8.454168154939456
8.468814218561242
8.611969638928395
8.450193314136552
8.486303531723074
8.576638578283797
8.417434784779037
8.553181813901055
8.539480547129351
8.514517179632072
8.391200109265672
8.4447811638743
8.297425973675827
8.340825246020968
8.396544417082595
8.432501991336034
8.368384243350471
8.25222167452882
8.231182302646857
8.3143318617426
8.379291864688744
8.283894130241096
8.338908815128358
8.213055379413445
8.283264807029585
8.183560914961856
8.12871997128419
8.242467589833403
8.281560905506725
8.07794339685566
8.157043328570897
8.143214027052286
8.234720817668657
8.02578953483717
8.082018490956255
8.147199471387388
8.115556909990687
7.979937674889195
8.005383215163471
8.022596513754813
8.036167758911443
7.969418858889172
8.06725591549402
8.002193068783278
7.906668084246795
7.962140772069416
7.852735516878803
7.9057621129643625
7.8466312028404905
7.8323072654518935
7.849743046165187
7.873120191295568
7.927991552718345
7.7607903649701875
7.890802314158522
7.843312400419095
7.759789090232945
7.740042042661478
7.872137631921946
7.76277099114385
7.6598101987475875
7.836140518967489
7.753502325976474
7.745789556999645
7.756269490129116
7.629341658614051
7.6508663054245645
7.661555494054609
7.591523866797382
7.5413946717739
7.704570666720433
7.637831748928793
7.569865452686751
7.4764337507824825
7.638452896699517
7.522991331510388
7.451353577170185
7.5444000282395125
7.478641106005603
7.4173764027386975
7.527851274228154
7.474263885885425
7.441500862462388
7.3847423045789276
7.438292387595271
7.375037996788677
7.300369813900516
7.303359083485659
7.28478088753825
7.275998993977215
7.399690266992915
7.258014246106151
7.28812226111698
7.283613326982288
7.310430248809495
7.294698558183872
7.208140227387962
7.140913140252431
7.226731216157669
7.134159535139979
7.194422159092098
7.179766912044951
7.226124833910955
7.122987146908003
7.185722296127038
7.120126544884216
7.013480594340067
7.065549887284134
7.074193364335614
7.059509766893616
7.0292064926909585
7.054165433269211
7.101178580988801
7.005873752303357
7.037475025602838
6.9636704911053755
6.922613863371866
7.018783456033541
6.907276597816872
6.912238353444694
6.859960278969994
6.9580101527129266
6.816963716983384
6.919926009757185
6.727798566411274
6.817479939195017
6.708837986730196
6.833520815871199
6.752748287232999
6.839663463177789
6.806800533073497
6.690947275670082
6.647067960414509
6.687751669807486
6.666438811066783
6.584836176267874
6.624464377688881
6.708169561965713
6.569086368041241
6.5156509398064895
6.549302027211412
6.649111977539951
6.560779082901465
6.5066734547165535
6.570494114565915
6.441613428601137
6.475836990681494
6.545301307714061
6.42847274918956
6.53255670934673
6.476719516087313
6.498207280158965
6.346735429705848
6.401818993874416
6.30726245835043
6.306345890872409
6.394491543800064
6.240052816611043
6.348691274601377
6.283190933273843
6.25360410398189
6.2631987481787545
6.1900178933989425
6.315292590607502
6.2018738133820515
6.140614528046654
6.150630439231058
6.173216383097459
6.166275391260628
6.184813771225881
6.040583841392816
6.067163631782083
6.068950738005137
6.15102795516345
6.109359157797242
6.04277751983228
6.051905156054199
6.008989696292144
5.97963605444621
6.079308870289921
6.064388215961051
5.96110251354897
5.977057534878281
5.946850619421691
5.974073540942862
5.971473680301004
5.815214845151249
5.8581561557393345
5.89597225747068
5.816080839511217
5.797544998549664
5.859202659680805
5.82796161578397
5.808750177082879
5.724907131512144
5.853248197372789
5.651557251160404
5.713377775375757
5.706497751087107
5.6694379634960645
5.719182691902216
5.7528972360800035
5.639994098830767
5.612583452614466
5.709240369541413
5.604093207597757
5.681620766186631
5.587125803763837
5.579678436479754
5.622978226301187
5.62804097728646
5.486413170105068
5.495717733775396
5.5127897797849394
5.502621336575531
5.494605701968385
5.370094559197824
5.516088254306319
5.476054018956502
5.333384824250446
5.333203633136124
5.407738691424804
5.262605138177815
5.313895773115223
5.259874724948471
5.278968946992425
5.34773328260968
5.278575558017919
5.261867126508524
5.19422533365199
5.313935970382721
5.264204870769341
5.267334393225206
5.235956516015451
5.208851727824601
5.062838080329407
5.166744568897723
5.141523933186253
5.206152869991766
5.1819834372713425
5.12014667330428
5.106462529287437
5.016404087868555
5.08861848392556
4.95392121376007
5.0668723849940385
4.9923773638077185
4.990294412829991
4.923042545869021
4.946388928041054
4.967052476263221
4.973081689257542
4.949805879270746
4.936213139419794
4.9051737588267255
4.904453005347129
4.795967398110541
4.843576661489883
4.914261716689051
4.908410268061692
4.836358849952221
4.863866698816367
4.809911153961428
4.672893323490187
4.83249557558231
4.646017863623195
4.783467394535229
4.604063156464184
4.778340131465568
4.6285957369665445
4.710392639596077
4.677202736077023
4.672052109566485
4.705067621845597
4.620643424077029
4.645755487527654
4.521218739448498
4.596541680791869
4.633361854014511
4.500886321235086
4.5267077852299655
4.540931450437975
4.405200855454201
4.3805823613076385
4.473183786496268
4.416902030720864
4.434109718768426
4.373037733872372
4.4105286505006065
4.304385609932307
4.400715498913723
4.333715989353736
4.306471708121944
4.287631053355443
4.217816186463102
4.395428262638804
4.239532092630104
4.209154083239346
4.277814592776348
4.24745746518682
4.134793790906936
4.124703590160577
4.27799190133472
4.1936885092679965
4.260974517267153
4.235561140532308
4.068710074277984
4.0593750767821595
4.152299218480933
4.09172506998576
4.144448444627661
4.058607171440857
4.106970348042738
3.9573620022806
3.980997190012925
4.009213088181041
4.039779017196279
4.04234177193891
3.9801443540731327
3.9481846480426674
3.9035287195579156
3.9427569622776293
3.8974393123727267
3.9309195802394976
3.863883917035769
3.8742211285204333
3.834350437893725
3.8951348637665313
3.9163788076942714
3.762561701907541
3.87304572103964
3.8475500535798535
3.8787362908880616
3.8766889682722976
3.6962017376065264
3.7134273840838117
3.7870303570599106
3.793627859076773
3.683026623437535
3.669564600515502
3.788878891375077
3.723270447814715
3.5782034291937337
3.599339508738725
3.56913741402021
3.686280962030807
3.567626476136469
3.5611612616194632
3.544801446328381
3.6752947947760815
3.6471518717012157
3.5992634205311003
3.46866091978862
3.52465920295185
3.563634826117929
3.423452248403586
3.585204454456385
3.450323151406575
3.5061312556744646
3.5603289435880483
3.519316250908021
3.474502251266369
3.503866910211787
3.4679325966413534
3.3853217529164037
3.3062316858884886
3.3569786036200187
3.302725813955167
3.2824380435488005
3.37487629576472
3.339911128983315
3.275759660508015
3.395276094739182
3.2376803215739822
3.3763930003858884
3.3046981036126524
3.2879905061625774
3.3047629122037736
3.1978602277508914
3.2644192062151203
3.1576937301469945
3.2034681606287343
3.088305647674312
3.1273763629242084
3.0879712647658755
3.0494774900970403
3.1551709073511427
3.0985250564682203
3.148093111429242
3.1280376527027935
3.049303848584241
3.0469232919157885
3.0513400521668594
2.9838990547339237
3.136389883595374
3.005539255809274
2.9909596436269106
3.097456561541107
2.9926954343856083
2.916958849832131
3.0214618342208266
2.923983967960162
2.9152912973217573
2.9690457184028816
2.974473035576775
2.8824103693497127
2.8345804661348213
2.8836252150969046
2.9540293187586584
2.8049763169453845
2.8408814231241455
2.9064028428225392
2.865264396996377
2.843188094674936
2.907299212517111
2.805596011550738
2.730861430175406
2.7641494818134267
2.799051917662279
2.801180029074132
2.79638007949572
2.7873978190280404
2.816106715343413
2.71020767474881
2.733644978533721
2.7140614499744378
2.6651407428462988
2.5912232485098845
2.699980367430852
2.6140510205029543
2.5748899210779417
2.5777071374804157
2.689813968613577
2.6943452567378436
2.6347853250713626
2.6002750737697875
2.680542761043358
2.6696780069182116
2.554333834016185
2.469350494905078
2.605254609205321
2.4756510351691743
2.558025341275808
2.589656277747832
2.4746435015075297
2.5909558443414515
2.418904684321506
2.4920010246784647
2.429139274782972
2.417214369972479
2.50495145131013
2.4436807025516605
2.5031961993246505
2.437632167953065
2.478037890529999
2.3688255890742953
2.43096252925478
2.4441122293069086
2.436601478510564
2.279159588950212
2.3553227819486096
2.3702550460118554
2.305269026282523
2.3765701090326017
2.331991715247902
2.2128070048827055
2.3509960202986084
2.257325619286083
2.3662738617547197
2.2558785866105766
2.219602248085696
2.171830581456724
2.307939106592944
2.30162631323596
2.1550724282196327
2.2272620630361994
2.2172806235237688
2.0900741438064845
2.219100083934042
2.174025486762728
2.250620391146605
2.1177118405901934
2.1526932472104736
2.226019392692741
2.1947468705329922
2.0396492534080966
2.1695651616710103
2.036023098392968
2.0890484965898453
2.023357287944469
2.095103679007373
2.005263646713759
2.1237767387831887
2.1354222979510817
2.128059449385768
1.9887535714262798
2.0754575335206145
1.9541480287224335
1.9408369389949236
2.061985966374313
2.050657197378215
2.043076030709316
1.9014828849151693
2.0272510183793657
2.0031360436541474
1.9675430207261713
1.9478849051564935
1.8225502059600505
1.8106671254946185
1.8856858059658277
1.8334813650894852
1.8241016444348075
1.7995243171157167
1.771412593504405
1.925605212598345
1.9148157638223022
1.803339606850211
1.8808064767800046
1.7567575397455952
1.7908567903011925
1.792791258915462
1.82979197504831
1.7828343842562888
1.8036634108217602
1.7405175120336864
1.8196918611342836
1.8401010952039965
1.795255789881384
1.7342709181779563
1.7185359798733888
1.6683038567590036
1.737881860268165
1.7402972915062873
1.7146449072217465
1.6805238733276198
1.608639142429349
1.7762694030068942
1.5916231415860498
1.7550561210294608
1.758730182117617
1.5879775305834423
1.552515546823173
1.7375950987880135
1.6844671220533982
1.582075688894327
1.661895838537029
1.5352790212688168
1.6697021761604556
1.590388745551069
1.5191894249463125
1.6313649139709627
1.5968930518128397
1.508434626054425
1.4984172242237337
1.6013106997600666
1.6228747577844085
1.4828980458613918
1.4780561535152188
1.5638111631248877
1.5705972646148343
1.5119628345751897
1.4161988673119712
1.581283277091994
1.5385652857185166
1.565180825795293
1.3891536274258698
1.510355856297849
1.384745912770546
1.4149023916933312
1.3765424644750814
1.4413907634601246
1.4470570773226
1.3613293981002217
1.3439911914337426
1.4142871847876837
1.4561455890129782
1.456155008420641
1.3740350612532597
1.3543849365686413
1.3915235482866057
1.2967089552488684
1.4117523438056758
1.3100734172306472
1.4051038076107112
1.2561415973958254
1.383495482625612
1.4027060737423405
1.4100803936548958
1.3609331306621564
1.3174419467104967
1.2670801467354469
1.2775637234996162
1.261440815466757
1.3389861513171248
1.3795714841566076
1.2099782174076374
1.3483578786138444
1.3182190412613672
1.3395077746019253
1.1652421652472738
1.2008863370308727
1.2061408804878577
1.227232035250741
1.2473488321880246
1.2377309690762985
1.2089957693117637
1.3001346781790055
1.2847365923411092
1.2409748253044492
1.1010810115669023
1.2737392865889836
1.1668823819411585
1.2752881943266101
1.231826175080402
1.2133248513531933
1.1548848899532627
1.2257212531178578
1.074779350737022
1.105462334281679
1.1268349944347311
1.1816422305018444
1.0482801834020026
1.1008810690111468
1.1873724347529573
1.1426282429662524
1.0135381378097266
1.0158148674704244
1.182937110671612
1.11000551506307
0.9903860273059101
1.004118319592458
1.1626482478062052
0.9978691967959675
1.0237593519115056
1.0423776010143424
1.0486969412485585
1.0233053708266735
0.9980949552592686
1.1398118512596915
0.9756794338230673
0.9961715990693051
1.0903647031447994
0.9711627809923842
0.9575814759600241
1.1034131214757212
0.9708434274734629
1.0801391807814633
1.0951581284683642
1.0071388891136366
0.9314438400950563
0.995912481957637
0.9652549499908145
1.0252420897207788
0.9230089841093136
0.9819330249226567
0.934204826210169
0.9085790010337237
0.9555924158382677
0.9878437471957607
0.9983010028564159
0.9551115766094975
1.0233975076344073
0.8461727865869995
0.8497715807369534
1.0142940812419052
0.9686120862154101
0.9110176654856478
0.831972999311801
0.9072927548095725
0.8184096613141889
0.9862655760599919
0.8490575713523815
0.8523322363993306
0.8048942216494452
0.8911331110965581
0.8144049443739226
0.94113402922014
0.8153158504067828
0.8416091370617882
0.9166420905861175
0.7713050778428159
0.833689978106331
0.8457725745789486
0.7344407941224484
0.78021991244336
0.9151014941740531
0.8655052219987234
0.8786971555818819
0.7951318639390992
0.789661447238985
0.8768271630521272
0.8070530986600772
0.8602116830636091
0.692486347379368
