0
0.8695673746962279
0.9759243831715892
0.8183221619817163
0.8583010533791234
0.9671516544767035
0.8843893012752152
1.0133097102193098
0.9376309042318014
0.893093725877578
1.0099013660598315
0.9752507092131169
0.8578572182463151
1.0374821254201814
0.89774540326387
0.9497663627016082
0.9847443672190728
0.9244637718763434
0.9248735153692709
1.0717198675772592
0.9761249851115731
0.9252389136085026
0.899803834740869
0.957952746861612
0.9203225752446687
0.9414917129834083
1.0118367964725066
0.922333687126704
0.9547694579634973
0.9861442332295357
1.0602618721710915
1.136884037163991
0.9478336497355708
1.1445795829203222
1.0520835893801117
1.07887985625422
0.9832282646447841
1.1060771084918777
1.0074467922943457
1.0732761158635902
1.0904996437078258
1.0307889139786686
1.1834362884147718
1.043221837407351
1.0272571639943588
1.1605607718025541
1.1499293095536234
1.1982319946452613
1.1388414161974663
1.1330139489804623
1.14600253346776
1.088642000747845
1.122173719609182
1.1207008179117446
1.124943975083024
1.2109624447302476
1.0923883138898824
1.254752854074877
1.2853831304815893
1.247517591039649
1.2130488889453357
1.165567514328706
1.3060190508026657
1.1758095440759322
1.1485226301640652
1.2675154803509767
1.1752488136892651
1.3317770518278929
1.2032897620136735
1.3145041325528906
1.248980784064298
1.2146713851223407
1.2231958936562652
1.3566505240981612
1.2203373678523934
1.374940291490893
1.3600571197958033
1.3875496534305403
1.2741244200037662
1.2747900171481696
1.2348407275919757
1.3067309704733139
1.3133769637733435
1.4290020730876107
1.3833331266815612
1.3198294261317558
1.3280751555334926
1.3942329903926398
1.4321275638753956
1.4120711404986672
1.3425504036852012
1.4105154106751148
1.3571546792042917
1.385163191272931
1.4537805081815545
1.3513491159914908
1.3359161303828055
1.4958872231940936
1.4071964452373877
1.3446202033789705
1.5422067078523092
1.5102080871047774
1.4166838385939544
1.4378962623449674
1.5696449480028494
1.5429561742213531
1.4403126150897796
1.408600393840382
1.5468586016162642
1.48780979861232
1.5806660811290785
1.5183890631933497
1.4542944394808444
1.576506544040715
1.5757399875293903
1.5933989006069422
1.5661895741239658
1.4860451754129307
1.6400883728198496
1.5069081593077729
1.6257021190734098
1.627071251853302
1.6112828166403896
1.6973476912739398
1.6671907498780052
1.6425739979771885
1.7263555561962574
1.6631361245314586
1.6097728372042166
1.6011472746920798
1.59806275587629
1.6751419327424852
1.7222770796243927
1.6619131572061123
1.6426610835063968
1.7363786781374544
1.6368285614193032
1.7602830122011177
1.7554392801152168
1.799229855314286
1.7017152626913894
1.8396093927082908
1.814872689105989
1.778905583597842
1.7646968897809645
1.7540837939198581
1.875541791552132
1.8097486520027921
1.8575740979345938
1.8393635069981837
1.8864655677976616
1.7546287171776083
1.7401991993679478
1.897125779538557
1.7933636608936134
1.9598381106367062
1.795173057211993
1.9014998197335315
1.8627583546962672
1.9921133706505065
1.8684350635347176
1.8345493514138935
1.942929602626338
1.9430701253024978
1.9637621113609633
2.008674010196053
2.033808622332743
2.048874105712981
1.9357866859315809
1.9584940091863579
2.004497111622515
1.9855030874326078
1.9496737848582848
1.9677822463253212
2.0726453406082674
2.0413947371456076
2.1127665717713073
2.058997354594723
2.1351982110378147
2.075831136860407
2.1261718933539777
2.108060759137855
2.097238103556379
2.036055474022332
2.0174085825047636
2.1856651902917004
2.1419393754690454
2.171558688457825
2.2255295269601656
2.1624548109370707
2.133435810746577
2.1398202586475343
2.254583181350169
2.2481680470086793
2.2576011585917
2.299838064456943
2.1600434902329098
2.3142431241865107
2.2175977167215746
2.165539483692573
2.245838032469756
2.337646494414988
2.1968825053026215
2.1913933653744606
2.3331880956276954
2.2566410965330115
2.241266119195534
2.372540263659851
2.3630228788942325
2.386881702727631
2.272433790612101
2.269076082003061
2.3918381412873564
2.2893261349856555
2.4179316370809723
2.449401706111382
2.452359122694194
2.4130166027525624
2.481712324196713
2.4481225745764528
2.3723854721894884
2.382935871753985
2.3949279038143434
2.57680324710751
2.5695197594425463
2.418283946399542
2.524897759460935
2.425641881079133
2.588269527732034
2.5572999671636945
2.592075996693994
2.647274689293593
2.5115361247152914
2.6332800635791025
2.5836531691889806
2.5905514024208367
2.7058053448553974
2.635750245509231
2.5579690087488536
2.5538691069104593
2.726240236912422
2.683614484900804
2.6415792504050777
2.623756847354247
2.6909351106659196
2.7334183666822676
2.7819910135147294
2.702398396268682
2.7767570973548263
2.685739373760661
2.785415456446115
2.8644802896484656
2.7671088214515187
2.7919335874091034
2.899942688131848
2.915745552890864
2.8501226103605912
2.8739289998317137
2.798546654601176
2.8497162848428026
2.9199226596344046
2.823051216169158
2.9890520211674305
2.884431286341283
2.830365780191048
2.9913576724110897
2.8785201868855643
2.9441369891662577
3.048912677339301
2.8805842436826437
3.0087557876597995
2.952629611597068
3.0741310174688627
3.0890734428539086
3.130005948865692
3.082772003068095
3.0638481974990412
3.0138823468151394
3.131553806507846
3.1882226599134373
3.1354081427060354
3.1723037940096592
3.1049517896063374
3.193323322385205
3.1816219548305953
3.1051241295916183
3.170205863613916
3.1762077974484155
3.292819877032535
3.210083435874653
3.273177118291869
3.2130486862851346
3.2852648144926917
3.315078794544524
3.3625406782963676
3.3099148924947137
3.3550908991514614
3.2701243175448713
3.354461855574199
3.243583272862399
3.37008621062071
3.291669033481346
3.4227238321530162
3.321086585185482
3.446885394487058
3.3059408655204683
3.4426065575251457
3.4493143607034735
3.5327313129498235
3.452675246393933
3.5062371650439004
3.5129046154841537
3.425918623309872
3.542256944013147
3.4781467247878046
3.5494607894655035
3.448460943363098
3.457879422792285
3.5953558747289267
3.6454623235119126
3.4952221452972214
3.6682048105836875
3.536761642380716
3.5567270632480072
3.6716765082565503
3.7405513915449493
3.7315023323381964
3.586170000434192
3.6059368462502794
3.7498112288245715
3.76980445610789
3.6636443603342577
3.7129170324137837
3.8398452933585085
3.7057448537102293
3.7657345878339354
3.6947705211999033
3.86785400156669
3.8775471087837
3.882457096739186
3.803069230061515
3.8857743803146034
3.911224889199088
3.85081483226267
3.963112881153196
3.8666117146502628
3.8784677059427795
3.9947210611463366
3.907745659426652
3.913425203354014
4.037338851473981
3.925142927742271
3.958836234097654
3.9485456333254847
4.063907553073353
3.9688807725337103
4.045765371270381
4.025649860522977
4.14428977180673
4.190863370017787
4.139900401112675
4.171606011469793
4.047431179616273
4.2013096128200855
4.242958119308527
4.128204795830024
4.093011164569773
4.262362020426223
4.2499098480761255
4.262047639221146
4.290463474114397
4.176036693052177
4.227282699064732
4.380947423769122
4.2177138507759775
4.381435958963138
4.374491227150764
4.370372593608874
4.358917488520891
4.31192285068146
4.34984798976528
4.335474296393507
4.431753542171988
4.463950866844942
4.516626324558419
4.544400174184234
4.560242559246156
4.573252108650744
4.588050614725771
4.580815214781438
4.440221765332975
4.50822938746204
4.599372614041855
4.539512360049827
4.646000210619217
4.676573485502281
4.577829532944641
4.717200527268206
4.601755125694569
4.665716519097318
4.600733408014759
4.7657296956873925
4.600271547049062
4.671567694862881
4.772210532348338
4.797647791008272
4.789389055741323
4.836832264651761
4.707434792754104
4.74449264615088
4.788330331673677
4.740415253849285
4.855570832240942
4.787977325809502
4.864248995806511
4.980394881369833
4.881621226381022
4.997173225020121
4.974147391199929
4.8626138471903175
4.965136657817421
4.907701361101636
4.911832480659905
4.945908699246985
4.916472021882377
5.058485238624952
5.032235356968268
5.102086593368935
5.024195856829181
5.180280335885277
5.087334411811622
5.097435188565122
5.16953707338399
5.220773397529507
5.088878005703713
5.1131003964605695
5.099461306636702
5.182652648479716
5.2215231807087354
5.263363962217354
5.285639163038073
5.271471142387282
5.336282992699017
5.214438896552189
5.375085445261566
5.32677436679714
5.424526227261682
5.323658264921677
5.272234383724116
5.29993516885054
5.470862033024524
5.395780944657669
5.383222067761324
5.417923730833371
5.410846051912096
5.386821376656838
5.49598198176805
5.499595393890787
5.578284107974201
5.535162841755595
5.494908211939497
5.5795658140217705
5.517737404662703
5.592641999610557
5.588622723076881
5.70615112148749
5.611557714448837
5.733467425684352
5.665265722082594
5.623837129223813
5.7492648198848695
5.745254096246272
5.7511622795967865
5.780098491722334
5.851755992463038
5.764670483511155
5.876161619237918
5.8227470601631675
5.7406932565974635
5.780590299224114
5.85410145509587
5.812229685776032
5.940636174661388
5.863762486455179
5.850163914154339
5.878081720239816
5.936788643909025
5.944630490337349
6.033663323052335
5.9527625628181084
6.012833961883549
5.965513631436444
6.12808215324467
6.0586593262889625
6.094647495201988
6.0266908009207265
6.0514578792400995
6.1168397913518024
6.107045852390679
6.114198469525052
6.23579280211843
6.155126368114079
6.141189404519507
6.264933988300123
6.134384549625939
6.283953827784299
6.22723704015837
6.217498856695193
6.328069307257572
6.203641893515224
6.209290106515692
6.271933490760324
6.234426769192218
6.256175617611896
6.264162541076561
6.376597758756889
6.3575930467427195
6.412493425823636
6.339191950049875
6.451421052114679
6.438604582117981
6.44417942871561
6.548205582937402
6.404062247408694
6.447406071345285
6.597829562124567
6.4522302827869815
6.529000453054782
6.587270151138814
6.548341934996907
6.585592622926026
6.527579109638094
6.576519722007192
6.63608917917173
6.744559258488044
6.695435225629984
6.660457922266326
6.766863769045647
6.750118666986112
6.789391153560977
6.809418576393149
6.726227282630631
6.702160560354184
6.7338659738789515
6.723269096407991
6.75535717064356
6.781865515243671
6.8763479401788805
6.824849331645927
6.919558192829841
6.850649564164135
7.009778191474771
7.013544242628393
7.001143155556707
6.946185069911131
7.067766117526091
6.951788939616983
7.031581283426226
7.105780585041148
7.045646185776718
6.993730520985707
7.006450553617821
7.074709330328117
7.190852229845128
7.055866909593154
7.094086931920786
7.180390688442287
7.063535869051658
7.176164360151523
7.215103783986806
7.159008447881022
7.244846755197505
7.150371482104037
7.258426861912544
7.174014200861859
7.366225406868276
7.319521866135334
7.246736574091761
7.333885862710476
7.372374121939153
7.274227826469105
7.441164077867474
7.319704732006436
7.4720825652728795
7.3687714666835875
7.483486163644984
7.431273645744665
7.445655429745197
7.464757951519138
7.377364497993125
7.549341334515382
7.472788866683118
7.482559196151315
7.4944754621659575
7.580128616990249
7.468930292253687
7.546440905113903
7.5558263469903
7.6292393633565565
7.634828348176727
7.588325835485877
7.73899820342764
7.611303477883604
7.7447286891277525
7.665511425617591
7.745418038700068
7.787583431210555
7.6907290724409245
7.801508254199996
7.697692438635529
7.737861717145181
7.718911430049429
7.696379859352936
7.731377161106169
7.894750663569588
7.780697536188744
7.849590273334838
7.870548699785937
7.8318660700053835
7.823606658153162
7.888571566196968
7.8859996035228175
7.8931026814197285
7.916670456013459
7.870896594903227
7.902137139240838
8.08679280659491
7.902473936825111
7.972530596685954
7.960558183893084
7.961038036999567
7.9788440878000735
8.109701564017625
8.09478127189756
8.056756592047847
8.103308454745683
8.028349220900855
8.117641605039907
8.155195935706937
8.195759328343721
8.183072424666188
8.094385820385776
8.280754133902798
8.179743618415465
8.237934265747864
8.230277959618228
8.325600905595437
8.36233306658147
8.183976465743008
8.260189045059183
8.208873497368861
8.32337651782221
8.256906977098096
8.272460461391718
8.26610973442161
8.384894313219434
8.407662706613536
8.349339771512081
8.367254916941482
8.374445708446649
8.396807632579101
8.457672744415646
8.499582292292644
8.401751094035747
8.545093195932106
8.572171021764294
8.54750869213569
8.5058847915077
8.453547876859584
8.547736164430816
8.526704272083801
8.663932671521577
8.579070642525897
8.492585031921331
8.618606123809776
8.61549007179284
8.565896375769192
8.619640836792048
8.690372744140571
8.622641697816585
8.721444837201794
8.591176003234215
8.672270152805442
8.777058413308058
8.646897110122957
8.7031587496662
8.82363895460006
8.725911542813659
8.71366969154835
8.744974334471891
8.82240873433377
8.776333370952923
8.86631175531356
8.90698403393429
8.90559087496834
8.755892797807597
8.909253775476833
8.925610769993062
8.967055488688974
8.831738934659628
8.97229662515954
8.900768046129718
8.89857148793328
8.95972183015005
8.882509282531514
8.87036550282993
8.921549728100496
9.073395144093674
8.932857796282107
8.9353380000125
8.970065798282945
8.951701774551342
9.118250569040297
9.02134084687146
9.115029900655768
9.107166086475042
8.994044608331254
9.065006425952186
9.036003068340493
9.035873983607162
9.117221997075374
9.206365228067206
9.115837758532573
9.198294012865155
9.094927627584559
9.252610138456879
9.165958848630284
9.234923508241529
9.141632842089301
9.239032202790698
9.298996648776582
9.28536204745812
9.138642433822808
9.283996601830127
9.325298626672243
9.277890139383064
9.191158153206048
9.260330039029304
9.38822526998709
9.362108847514317
9.345875755432115
9.362478302203181
9.253998989786277
9.353643429705004
9.341617144586415
9.375021330255702
9.31708279605147
9.270325571357251
9.348192764599832
9.344849218097664
9.35164866317366
9.37544870822345
9.459913561696444
9.37444432102278
9.470988561593252
9.40027280826817
9.352308275774742
9.46614679125766
9.450271614768084
9.400053017122984
9.542174836427401
9.440690445226753
9.494999090538453
9.499936652783477
9.582550554557262
9.43883077085952
9.506853944857454
9.572183359627868
9.640600782109324
9.619475972323432
9.574869620824833
9.600394734052568
9.651642181378111
9.548980394680134
9.591115469662292
9.667969976357059
9.51679135410227
9.573785052228663
9.534750230023866
9.555452027753313
9.583298891325274
9.666513889528103
9.608402815676293
9.585874568609478
9.675894229482754
9.622118101976245
9.661465397970003
9.604724944589305
9.775542361178086
9.762526617691657
9.603673499749277
9.62702207329235
9.762884110028224
9.658047749898241
9.80736929018303
9.728670315218222
9.78568123741238
9.737479987774359
9.788249998313393
9.686877346758093
9.860109754566645
9.6989500632973
9.759158769019903
9.857564988724253
9.770510146653228
9.742158264094925
9.893441865416357
9.906337701111962
9.764646860478003
9.764703844986336
9.898116251185503
9.836860226009296
9.83072068573371
9.766305283168213
9.761927981892615
9.859888909754437
9.856039482973262
9.806590190625322
9.855860539031621
9.866867810808913
9.913410722130823
9.914297132469487
9.964352166161738
9.876652022684762
9.88674036922653
9.82493817228252
9.977215649286455
9.824782827475149
9.974788876651765
9.997106192607099
9.876338337178217
10.015407775751614
10.00305717329813
9.896273562964037
9.855219383394132
9.883270163663491
10.013432555067435
9.851593307148615
9.903330571811534
9.989941264356327
10.013404556595068
9.959080556157147
9.874975634626185
9.877548970889425
9.918518562503262
9.961860757713266
9.963955990828623
10.03483835194621
9.978191948148613
9.911973090540373
9.964081998934775
9.900720492951187
10.016320821568293
10.041045375270718
10.072334227062852
9.981089977075724
10.099367873943937
10.000921665313758
10.012321374817228
10.017376011153495
9.971137022191652
10.003262904119374
9.981370069219222
10.030239197932818
10.006015796867942
9.972644339516277
9.959363177578386
10.118749871626113
10.138505461559015
10.040843883008074
10.109762981760758
10.071540740247851
9.957982824659748
9.984840842347905
9.976799569673217
10.151439155432284
10.108430152924042
10.011029474852558
9.995971744849461
10.103046743902281
10.116760980743917
10.115340778832294
9.964841302726096
10.05084100626214
9.970767711919489
10.046213363524178
10.125383086376472
10.140075646372397
10.134142223536648
10.060863484268987
10.062366864091784
9.973938719167682
10.092335834277069
10.121603465148734
10.143934539137613
10.108646129403779
10.047194531980464
10.05040457594265
10.00006877751524
10.065106097378527
10.107608560125243
9.973964301434048
10.088173221417849
10.103431223523977
10.120340544716562
9.98525448844786
10.041381093027338
10.145885310410154
10.159339492075297
10.163535455616977
10.001702558412648
10.060535057106195
10.030954564214195
10.095371083282254
10.015579623904067
10.124735610997595
9.983756797379906
10.031371114364074
10.089874763566675
9.979104273592329
10.051666032515964
10.127527000121953
10.111500751589976
10.068358826345825
10.10041283252794
9.980798536342295
10.149406252223898
9.96581141272909
9.989353792356303
10.075690868595865
10.001646914838199
10.107495446609565
9.960946163851386
10.0026908436945
10.06580778807966
10.021476919883968
10.05689217531106
10.122803522889251
10.09074266468994
9.954320511178016
10.04206754314196
9.989946050495242
10.0582628662436
10.04126079431418
10.024079093275489
9.915579083396496
9.932045679701329
10.02170515647867
10.041065203665722
9.914964699295052
10.02025767199483
10.013762998144946
10.028981199791643
9.918440257699116
9.919420614278797
10.065558281576463
10.003672727133818
9.95187722873778
10.038232862415423
9.87177388475087
9.965768872368177
9.893154844140401
10.044173753173201
9.96740766838696
9.96533376623935
9.988933530731178
9.887424068248473
9.83773782480336
10.007168589987048
9.903355339258908
9.99299025746849
9.894727320024751
9.902663242963955
9.812887468086355
9.891581596858193
9.959645468272308
9.867643737422673
9.802933270761995
9.807906424868522
9.84551459989948
9.798065269409218
9.799998712084404
9.880858724340255
9.782899487989509
9.871133945225662
9.76755892579164
9.789163263363774
9.841792701632734
9.776836083861424
9.865357310996545
9.74121758082541
9.898917772765497
9.848888952399218
9.861340958227192
9.899609513213846
9.782483340312082
9.717110160678443
9.737997635935333
9.682076027634062
9.675450270299331
9.764109810753009
9.693640398744412
9.730352893671292
9.663073659775073
9.694862773442209
9.737777998930921
9.799002304044393
9.802907757267269
9.741636412704178
9.731818514616004
9.655839474138723
9.777952230703102
9.603749366438354
9.612041338641307
9.693476523558354
9.576178270998453
9.63190958934324
9.698324667026343
9.597575293234414
9.696775904898434
9.641560697582918
9.724587488736397
9.657379810917964
9.67075294124597
9.601133809105809
9.555474311861131
9.624235146036835
9.579060797925061
9.590793221959665
9.587633244655096
9.543114984310321
9.472438350573011
9.54427502873576
9.472086123628722
9.525910058001932
9.540144606103572
9.558825760760687
9.558763450431218
9.495228693555317
9.48186824374548
9.468028499765671
9.488077642072739
9.391023111874787
9.481753939283063
9.481631834105388
9.402794433644793
9.496379807298801
9.349507180912186
9.31975352827828
9.32464446563459
9.437274194592003
9.309524133047422
9.314384429142068
9.31297618998622
9.451998725112723
9.367209061713035
9.400061827381409
9.356166489573392
9.261950944145555
9.307698779678999
9.31947248675004
9.29545543894459
9.189375715870204
9.33725604959506
9.23879470555593
9.360059163939102
9.230299722422464
9.26630023560296
9.247568353116996
9.239661024040888
9.303278429418704
9.124248251613203
9.236371060490269
9.104314187842064
9.2221805484694
9.14315337234212
9.168809837418792
9.106473300006177
9.184814222995021
9.207684498453416
9.174609259991673
9.057107553843387
9.147774676154192
9.146036632054066
9.118514096780707
9.03362873619925
9.124253625594124
9.025970527769172
8.931977289121855
8.974355153302117
8.953969662211295
8.937544674996369
8.927170263047152
9.034635759287507
8.932261919318934
8.910028888509904
8.907670685906982
8.859241020004593
8.928945663611351
8.909440874956855
8.988111243881443
8.92873696952909
8.979453225748951
8.87419790407894
8.898748117524914
8.754981645680516
8.92421248351808
8.861157437067824
8.76759597496668
8.839119693874053
8.7146588174456
8.857977860445578
8.693138163721459
8.738137408917193
8.7793350934066
8.759367926508114
8.693894869603612
8.623906530013288
8.725900516925968
8.669809749631703
8.716893451424449
8.561998477715813
8.612344822137969
8.619399025541885
8.672035206932447
8.699579456156085
8.63921287636527
8.544902893189091
8.6517087128832
8.576613966262034
8.51580137695683
8.557230174139006
8.555183027791626
8.556221351201252
8.56469519104727
8.428951563826134
8.407692031123188
8.52931716247287
8.3729294221373
8.418218305002082
8.382882404052982
8.323495889972301
8.324253084815641
8.457720030597033
8.340755284987384
8.328652451082164
8.42968920489689
8.358220729503127
8.39234205511989
8.305185136683134
8.220888142790457
8.325632634087121
8.360420441871785
8.291902286940315
8.321818647834773
8.223872764346005
8.265155427482132
8.159357600137469
8.140292009033338
8.198475547633263
8.090945794280982
8.242617280177805
8.109313526274729
8.086941849543349
8.185674724591285
8.175644290042213
8.00416123348047
8.078948706990143
8.135261174640693
8.148723807523654
7.999039739874672
7.940293995011502
7.967391135794433
8.024973235279965
7.994012136948442
8.022064307868055
7.979791070079585
8.043145257286165
7.973699498716986
7.835674947161465
7.9645310068063235
7.80154752145337
7.892587544134598
7.845016802028815
7.833817218835105
7.813444841144568
7.817029494037478
7.906956488591894
7.861701675281012
7.76093235842163
7.69615146025423
7.834095093809548
7.786838897699312
7.7982987901552026
7.772775467486741
7.742434200416534
7.726634749883113
7.6358338035775954
7.726868111722237
7.6180140097579985
7.707297789588364
7.6341437765151685
7.586099469557071
7.659686446994499
7.528954631483746
7.611338846263026
7.5370874879023235
7.504303482901411
7.48779954968242
7.47561774644356
7.480908767543254
7.401691564574943
7.382539047317108
7.356852146971721
7.361283375391497
7.314700306248528
7.434701230749229
7.39685387274973
7.360385192096301
7.315396027882672
7.34712190687894
7.363393764933382
7.289949395292864
7.217965536690032
7.287039103261897
7.34648539757954
7.261130635347815
7.22683393734866
7.2742893425194435
7.240849732026282
7.262491470378829
7.22415784159954
7.11280965708151
7.212406315231363
7.190195827297602
7.175734473124701
7.022389287783768
7.001859871625247
7.151847897759052
7.05334184065156
6.959836367237198
7.1054543139857715
7.109902850802035
6.960447416457544
7.005008029715852
6.960008235007156
6.917576670490277
6.953709312983958
7.018557999120554
6.851313342565071
6.886551909397681
6.937276785593851
6.922834659448306
6.792156553452028
6.924901471020039
6.774779994911538
6.760695833743646
6.870049984572908
6.691098924077785
6.769336397339782
6.657318971828538
6.658553201791421
6.707691370567695
6.737583202858279
6.734197382577128
6.7171241536031925
6.585881262390876
6.571495217684572
6.713025904069074
6.711188923141074
6.59506330596799
6.529933552485949
6.539979925715629
6.509622966856896
6.592939153054807
6.57289921359207
6.470859503633555
6.537402188833282
6.470679969210709
6.493472108715999
6.418596520915203
6.514677863473824
6.325967904553787
6.492578704093247
6.3059064006693655
6.3841620132271
6.379479531620015
6.364838521976336
6.396892879226292
6.25797353095676
6.233534995959197
6.315232244555991
6.255785613482489
6.350551833213265
6.227296100104697
6.275028565505509
6.120887944048606
6.136986938533176
6.09479016922401
6.247082225792073
6.20502474421324
6.042481709759095
6.16688855416309
6.023283895897384
6.067261126620023
6.149166962989087
6.0662618637735095
6.008876746415543
6.044388024257189
6.065948166854517
6.061582622085391
6.080158607114887
5.931584834148876
6.001982816861399
6.004040097908913
5.954978386506555
5.951180491334958
5.854312783318091
5.792206831818511
5.946918706683113
5.813764153832985
5.8466988206483
5.73292023097026
5.781424109701191
5.744177472051173
5.854716610166292
5.813163691750726
5.793761606674785
5.789514887953125
5.7918070606714505
5.790698448538542
5.699500558549789
5.65995224965364
5.65479622713007
5.63350474036965
5.712760606194796
5.529192328700268
5.597618160060063
5.535773475408094
5.494327495949389
5.535954855143532
5.508119155144246
5.501396950822255
5.479795607424484
5.50162433284357
5.478632674521725
5.468442507780069
5.511982285429327
5.477171914114468
5.390599922908447
5.361977398839029
5.347131850557021
5.4531695881376985
5.387593067712444
5.355693327159262
5.259350324861625
5.3432833295489335
5.293204210021475
5.301980762070294
5.222366380686772
5.214359707122297
5.203024563662543
5.303132886843368
5.221121838541458
5.2540744690792565
5.24429169136504
5.150747519224081
5.061651462000758
5.120913870332632
5.187657052787825
5.140144242740439
5.007653217783039
5.141789716823366
5.010893163362852
4.973552804924353
4.96971247909506
5.070826396489543
5.091995408018191
4.940216560717269
4.928975221948925
4.99172773911188
4.982765081639976
4.973427308006817
4.985975188604455
4.946064040020691
4.976390620009045
4.878344732874927
4.7548398056204295
4.807675431310854
4.914918073451708
4.730481544793485
4.824955014041788
4.872888351366608
4.826015834891711
4.743579697037816
4.647369515878248
4.765959159390925
4.768191574738231
4.706733443333321
4.628342528770715
4.570943141694718
4.643507644194456
4.711467595740766
4.626178228674731
4.621237422291773
4.550364263905219
4.56683577859297
4.640157588764029
4.522221661141404
4.473569871097909
4.526369827605372
4.508155022536197
4.42366680144397
4.383886497738529
4.39448290743933
4.501977196324212
4.421426509625506
4.3562687726597655
4.314849400082663
4.378594092703726
4.417936990234816
4.375068969813736
4.3127650801090756
4.26809615047212
4.3355256799407496
4.268554084456666
4.248009015173876
4.352966365674661
4.340752200477625
4.279021645719506
4.247066805868611
4.181742904512323
4.277778034884546
4.218766073232742
4.244445116279479
4.087689023267165
4.166406427064046
4.179181117445075
4.0558126100643985
4.197511182755694
4.1568819999696185
4.160590157135945
4.066101733256624
4.021053627929003
4.104172675330713
4.076516745616584
3.9497595207449354
4.072408151746409
3.994849348809538
3.962243463899466
4.047349872401014
3.992840521061706
3.886330408122773
3.915707376587726
4.019075843750229
4.003028523844657
3.9183378920432146
3.9202073200955185
3.9254468688599995
3.803903038944663
3.8871679225075626
3.8943513842311663
3.8258857431505677
3.77187762934194
3.770723057230045
3.7965493807781385
3.8283557356568023
3.767067422189511
3.7790859400459165
3.8013059595576086
3.7177828609473216
3.6529694416215572
3.68300964131024
3.691284020071229
3.6451585996912415
3.6345130617735086
3.634718932169361
3.55662782480618
3.6590062132975247
3.5625750808640166
3.5290742063255927
3.58278522434039
3.576120887786096
3.5122404281170527
3.441599794118389
3.4333248822108984
3.503484812505033
3.404817264492323
3.450199852842103
3.439753117081649
3.532894888567074
3.5324538153859115
3.489921175042478
3.4578922849145557
3.485380130632822
3.4099787919628572
3.2941887112935992
3.4173420243306896
3.3341783167486345
3.44717032433155
3.29302151523686
3.3176343322603232
3.301292124955675
3.3444157347379204
3.2219980606664156
3.3718090123669917
3.2033525880718234
3.3220315841887844
3.2339095064620933
3.2932257655377084
3.218563195474489
3.2020440934721615
3.2336496374175145
3.0982615462157943
3.072339087433222
3.1926922759756406
3.0654909314602516
3.218105270150823
3.1840578091990177
3.0528524915906274
3.0849659398541722
3.128802352467432
3.003806728247168
3.1039948312613133
3.0580980857304088
3.0347454093919812
3.083836715374435
3.1019035260066268
3.0477694302459946
2.927936109398773
3.0605757711975556
2.9206986679823967
2.9924044904574667
2.989458756804402
2.8491565849997955
2.855824898979208
2.9869539812562484
2.897028199813906
2.962142834697715
2.8788773380302803
2.952470850738547
2.8869962453201703
2.9357829854519446
2.9052093374890773
2.8651529575038044
2.900766188672415
2.7586119261970246
2.80672415272134
2.8300619897271213
2.8420527600950916
2.824098251849366
2.7988330489353337
2.8236036714072466
2.7744636340976814
2.710402142381942
2.7107968379234086
2.796022409017523
2.7387463398982597
2.73063330414453
2.5746143651484465
2.653964821668971
2.6071728585101503
2.6724799079951325
2.537504732546769
2.6300677968756236
2.5295463430679574
2.6801364191062933
2.5578605230398552
2.517918826312401
2.5582954138211456
2.5784086279659553
2.475038749715135
2.598880155267649
2.6177211139213945
2.488425426396111
2.470133807254786
2.4303146045268793
2.411106831705518
2.5501987827291366
2.5127537160119444
2.3852430959390296
2.46705024839513
2.5304095614633186
2.37775831579756
2.3521518958409127
2.310074886022858
2.366635352764516
2.4134632229472257
2.379046211020957
2.3560043706588027
2.374511840051228
2.3053056715939704
2.242090030871505
2.2798427247498543
2.3782152318659415
2.2335490818121473
2.255719605154179
2.333302100844634
2.3107452904082995
2.229971271041047
2.25982867713678
2.215732813957207
2.156371590925904
2.3217803592224517
2.2004408728767983
2.245045219981632
2.1178316764761416
2.1638867180589836
2.2583678039466726
2.1132796311425683
2.0971347237886264
2.2416065334273436
2.1879371503425435
2.036804768699986
2.063778470180393
2.055078833034497
2.0180327620445255
2.0575893338683606
2.0597537023109505
2.1354781648911243
2.0447664447178378
2.149931312495755
2.021625148178758
1.9571384061318426
2.0801494669860827
2.095348386150691
2.1095526726429386
1.9159106154888241
1.9488725433030905
1.9860019864808403
2.034516092600783
1.9704030841632674
1.9666836213908423
1.9762561028082173
1.962187347651671
2.011525702334298
1.9526770838914274
2.0104633816023605
1.871562784083684
1.9825005259475545
1.9408655001086048
1.9743322936656889
1.8058009972568803
1.7965074845881015
1.7917708644713322
1.8734397623493724
1.881114026744042
1.797186807000053
1.747069068912881
1.7405684373190946
1.725254535087672
1.7796292605899315
1.7466919252060815
1.8022034580302329
1.7235377069834268
1.8330844421063603
1.7445840574853992
1.7908833319233612
1.7062170879429213
1.7528133206625667
1.7854367176070003
1.822499935559824
1.7114725115002543
1.7368627053981438
1.758518938878665
1.6183616654399862
1.6364851952140678
1.666302925342003
1.7262998112706178
1.597009162329577
1.595476171324178
1.6518326512565737
1.7132103326425119
1.7263257831898047
1.7130834039025586
1.602807018417472
1.6830704054891932
1.5365186921688259
1.517716842710294
1.596737115840474
1.523176614694953
1.5772189837303328
1.5162382039385482
1.5303485763833333
1.626331445338241
1.6461505649407127
1.5236908546389751
1.4458730008532452
1.4355305242581498
1.4867956564140599
1.5410053080211703
1.433540956063027
1.5458283056275177
1.4898344809471185
1.4581848947137044
1.5578601694246732
1.4449694646775746
1.4677623541236664
1.408913019669844
1.4749433525361366
1.5150868288983703
1.4202697279130623
1.3424962332326265
1.405854061131331
1.4054162262660486
1.3469411400532636
1.4631807052619565
1.4730095138781825
1.4060315417978657
1.375445606300369
1.295595526931667
1.4609207394694637
1.2883837518317316
1.3385868306865296
1.3271051424920546
1.3525248922588164
1.2843698646426311
1.335940922647063
1.3618081469767722
1.2628441411141276
1.3604414644257634
1.4082996994922108
1.366350055267017
1.3352525084454498
1.2165409335582722
1.3082470977703644
1.3711004835229217
1.3289339469651957
1.2822615047156396
1.2357055576784175
1.1958268512300039
1.2129653267147589
1.227036713164288
1.1512406772322787
1.161767379782295
1.2917221386269173
1.192203103116578
1.157934051517785
1.1133661140657125
1.170523335378709
1.1722852449166692
1.1188926595125186
1.1138146482995241
1.210256888313174
1.1953545266153383
1.073893319529132
1.2117473169361384
1.2491749329923676
1.1840583219975822
1.1443060207284046
1.1658897192227697
1.0881397215386241
1.0389187623696596
1.1396687551104805
1.1348421058907867
1.0957225541325017
1.068778186483769
1.0968779523975853
1.1011362920473207
1.0200696174165849
1.1762177696649545
1.0941993643033614
1.0916713620954848
1.0063449947188328
1.024141816244169
0.9657402238452856
1.0030849325492153
1.010717454853481
0.9893287166363702
0.9872661767724794
1.1137090963286254
0.9998417055370925
1.0564515204717573
1.0024898643044777
0.9167274552242224
0.9234815013138262
0.9929693319064632
0.998739570429416
0.9019261631062903
0.932076332404805
1.0184606884140557
0.9740888028564173
1.0310985414656686
0.9887254988464516
0.9204676274687346
1.0342755468529425
1.011846007527094
0.876262368383562
0.8626773998764966
0.8913343957622899
1.0130001828734732
0.9698536492312344
1.0222863879419872
0.9560074350559582
0.9898398681647049
0.9794873939047021
0.8821652853249906
0.9099956700527501
0.9132631073977857
0.8393135557672846
0.9744348123484441
0.9032387150316942
0.9348361449668506
0.8544905160563838
0.9736792605999383
0.912952721140576
0.8669346383337749
0.8244207040932038
0.8387667037023517
0.8996612186011854
0.836726780613017
0.8413644803845378
0.8568459950664609
0.7786365295118506
0.8047709497839515
0.7401559566433787
0.7732140194853506
0.7420785012852654
0.826312811542154
0.7531740832244658
0.9054977971733655
0.7236138714020455
0.8289228845221103
0.7855784909289841
0.8772466230472964
