0
0.9396262784890248
0.8586714753163153
0.812250205463292
0.829966528387944
0.8812200076134463
0.8474474516906599
0.9644509481402168
0.9429436995770198
0.9577303088211785
0.9673304466575855
0.8849192141638916
0.9847424209348945
0.8969834443234268
0.9577099026814477
1.0296048732261602
0.9799186547934426
1.0377827363219745
0.9955465982126843
1.0249318886132561
1.009223201898414
1.0749384879048482
1.073591125832045
0.988976134758155
0.9523783702499381
1.0016610110133888
0.945139788456862
1.0592829587046295
1.0549006952345519
1.0727734461636607
0.9441065358273374
1.0910535498251117
1.1184624439551956
1.1438757940461994
1.0676936387161466
1.019729678587101
1.0818713795470596
1.0864905170777508
1.065673178045761
1.1565741203659898
1.0378626917535232
1.1635509783095697
1.0150333539724508
1.1419956712758044
1.1808741386337982
1.15858474543393
1.1726109543112866
1.1625363777852076
1.2199054282051165
1.0797545523364072
1.092132434348343
1.059346727053382
1.1632491113130212
1.1373411758394423
1.1439214240963718
1.2616567805872891
1.1579285712061815
1.1326364812412753
1.1983723778961677
1.2518674128096254
1.2432317086986497
1.1367844101256768
1.1523989084712332
1.2405447347620802
1.2203195362917543
1.274973707574486
1.252014991331196
1.2954158103734414
1.3202613487575356
1.2177993416956487
1.2917808778012663
1.1981766899484247
1.1809582390201399
1.3063300084582947
1.2243751086872225
1.2463947514837745
1.348425524636201
1.3545359999209616
1.2747738527262573
1.3804100754319522
1.303851796445322
1.4036525366807031
1.2566642805243575
1.2518114172167565
1.2918564092654614
1.4385757641974684
1.4355182405264082
1.4581036855274752
1.425965933008223
1.4216131938403207
1.3234330310138065
1.3684724480713415
1.4603872695873856
1.3877559855905395
1.3750380811959115
1.3587948583758251
1.514337386728633
1.4297870165838407
1.474876165422562
1.4581379366616978
1.4486569818175774
1.4840015393380692
1.4625249166224874
1.5621231341011375
1.3844305427161618
1.4130156629708839
1.4205429637355869
1.460744738543288
1.490419943833394
1.5118968544191473
1.430362213416161
1.5428413502524292
1.5923937803127188
1.5477464691969425
1.528860290228852
1.5967998243268144
1.6082845043904237
1.5180745872910015
1.4946129263416532
1.6542305909493118
1.6800282377564748
1.6645020464946472
1.6816223839044404
1.5800379992010143
1.579781946710818
1.6587997857787942
1.555766666327385
1.727903999304002
1.7419557469501583
1.6032736111589214
1.693948430865884
1.6479439297876923
1.7099784124622746
1.6180814724489774
1.633560401685536
1.6413621454941072
1.80304468525057
1.737250913773835
1.7220475240605233
1.7781421193817821
1.7515390814969778
1.7171446507532022
1.6732514540121288
1.7319225248969239
1.7501723983321489
1.792056532402555
1.8831396005015135
1.8674124569397532
1.8027859422907602
1.872316799519978
1.9001726098514657
1.8637660962883271
1.9032949398847339
1.8668516617142055
1.928500421658238
1.9498626012995781
1.854557148891336
1.9246931873479118
1.8140944747526941
1.9321424330281736
1.876264274442451
1.8213469017751944
1.9874615575797574
1.8853115112176753
1.8798921361178837
1.8974443584143144
1.885576798758139
1.905285387781055
1.9966886561817418
2.0409884433944434
2.0623555451757833
2.0259965022499937
1.9070028493546287
1.9754272676860312
2.0643721528744154
2.094330299430478
2.0521179205259705
2.094383292650653
1.9816388285273951
2.129800800158964
2.1645294720385517
2.1258029545765704
2.1339804491193033
2.1871533478142533
2.139045936616693
2.0947391303455314
2.18626169612145
2.17968746099714
2.14015356873709
2.0772296740098426
2.2079004955356836
2.213635478914893
2.1427947345712677
2.091961971780587
2.1541494975789846
2.2282248302480188
2.2645904507978996
2.2707874834573487
2.2610914683449184
2.168358248193344
2.1746063297441283
2.167527135977577
2.1966344408557363
2.353698427277862
2.286059809370735
2.404347459264628
2.406923769033545
2.3416992459153607
2.3279350604321523
2.2879894931590057
2.3870209526239545
2.411397046836401
2.4004498868261517
2.3493666110863223
2.4622422312759293
2.3693313243866565
2.3613456177954464
2.3378210830228845
2.341522502474138
2.4142011297394776
2.4481944876829083
2.473313207890728
2.5182062720522103
2.4389084814538036
2.4576226253901092
2.535349707170414
2.518486517843679
2.454348412760951
2.541054649677423
2.582225937733237
2.609506710801069
2.539166914281473
2.5807337406268207
2.606355872726205
2.616019573859073
2.5668644701764647
2.6398474486543937
2.528184833074469
2.5470022464081
2.5954069369584842
2.712044142778172
2.6056271668535134
2.745452752077062
2.7133192332877445
2.600400160805362
2.723701544305351
2.6299673117699567
2.7881653034030056
2.681066455284844
2.800302049790013
2.6718697753369494
2.813544404497651
2.710111629476965
2.755480038279012
2.760853024878937
2.7331021917531295
2.9209407378514642
2.780375465718625
2.9217018021764467
2.8302915839052503
2.8775666713818415
2.886150331572699
2.8992264756640775
2.878403873079068
2.9019377808315574
2.8572038147432313
2.9603966846755587
2.9104781157445165
3.0216346981305784
2.9146867814318824
2.8959020904676973
2.9126329347086015
3.0359865577931577
2.9375195255379474
2.9858843352890503
3.083772852837549
3.1010416658931037
3.12863219655308
3.097770791618507
3.0444349425558945
3.147441752429288
3.209919981111382
3.099981513707435
3.1969416668571276
3.1263212322994107
3.248921385536259
3.149668317059071
3.278908809858181
3.12809914593251
3.2567464920992824
3.279220529530437
3.3234609158599886
3.208644633415246
3.316624322796013
3.2288795598428544
3.353702543673445
3.3272550352174775
3.272183704549953
3.2432958291241953
3.2763099112758622
3.253713106568797
3.2734896574312806
3.2808922800989766
3.392287349782596
3.468423279088375
3.3943520486147114
3.445265246617153
3.4838454099694913
3.367789470040527
3.353053566851286
3.4272913211199967
3.4536571321402776
3.473728404544173
3.4183807994344106
3.4817376615224203
3.4256662769228847
3.5580260670582784
3.5982114559561005
3.593915016660229
3.6243964115057445
3.6566915383565752
3.5326419131790763
3.703681223425535
3.712376508701387
3.6915436054757156
3.585370004597356
3.5977815193281586
3.7587851895490845
3.7403590734325802
3.6379530011482375
3.6632007580895976
3.7886918269919008
3.6895661018281807
3.7138861630896742
3.7145051287023647
3.7085724266950746
3.757792962409787
3.848179684529152
3.718214973750178
3.8843330253311987
3.827399899345098
3.7887347959444613
3.8423870878502826
3.8004235144604213
3.857520112687295
3.887283331227088
3.843847205264979
3.992283563792615
3.882427307633543
3.976436668451572
3.8884479344547467
4.037701974368549
3.9363054245119247
4.028219469609353
4.124264057493238
4.0274335506627095
4.141713321416942
3.9785033221463966
4.079687171068979
4.138691118624535
4.034171353817462
4.12731173124744
4.226895225949001
4.113293346445715
4.257610465586626
4.262830230356145
4.202023480966077
4.181045152653186
4.310721747183892
4.2479210439966275
4.268658013597336
4.319625351718836
4.193331692615247
4.2573302809806775
4.349802941998781
4.2538369353802965
4.406150965087819
4.307960680249163
4.370486772981334
4.466116917236064
4.304244258708974
4.438742696135577
4.491114580975896
4.516277196498138
4.350913543174957
4.487970668115867
4.43039407095485
4.397064197127312
4.568616324498871
4.428311525106367
4.567776073312274
4.472290743021032
4.571677631373582
4.4903493684930975
4.634248405601893
4.53932493798496
4.639776871100256
4.704599302129303
4.5451626747586396
4.685200621757659
4.661923021805844
4.6477955553813874
4.735100697314831
4.647740537612705
4.639746609899541
4.732607807642075
4.83945883720939
4.846454034165411
4.862245301132494
4.88513585543329
4.743643193658128
4.780898370180204
4.810492161885022
4.843681116446856
4.777592596465818
4.889790090973291
4.884681230162051
4.820335523065417
5.006310501826263
4.886531324837888
5.015413591893032
4.966846010110786
5.063753658694423
4.9913840109766205
4.922122878269007
5.04364193206189
5.068463979198701
5.0533012920383324
4.995521084543293
5.108613884495721
5.020792634833401
5.214553945933612
5.216379422430062
5.0849777009912644
5.19892957968247
5.107985286631503
5.194810435040522
5.295520915543538
5.268509923529514
5.30093161888038
5.258420911315981
5.299245652612537
5.30370658741845
5.200485767811644
5.232601805602956
5.248766317944133
5.422065219929008
5.408230824576321
5.421861559214921
5.433003928622755
5.398899732242072
5.394471916097379
5.4234806301418015
5.416136109015295
5.380984254175797
5.385340949038088
5.41379736085335
5.555530340396844
5.528960865840052
5.4698034361424925
5.449779319917524
5.617559167039593
5.569805407658221
5.512048072344028
5.534902890063947
5.6502106642142484
5.696064341061408
5.6925195359690735
5.7380184570574375
5.703721081166314
5.607363099570028
5.788721624126142
5.82580111450787
5.748934177685772
5.675355032021509
5.8060236197762425
5.748288809427745
5.893690259757802
5.771305193136731
5.751087746577798
5.753693750054988
5.810632164670913
5.908876510738078
5.873716973672752
5.962578610407428
5.95012356573516
5.842609364887919
6.024846524276946
5.869769298812716
5.9975493843744925
5.983170713223003
6.042327672896451
6.0145013623965555
5.957463076289455
6.016609167314395
6.114431252159743
6.080781343250726
6.048375144619541
6.078687366568238
6.0426372723680455
6.12161933039957
6.258600314498513
6.236143314539569
6.121545934002148
6.114563633722219
6.1648973004261665
6.258029850206841
6.286537134247647
6.28208705974952
6.2763911407862985
6.314181171425851
6.362267334497561
6.413662380190158
6.433496924651784
6.292590124583799
6.43035335258306
6.438403796881784
6.338532128937039
6.4812320344669745
6.505432182571709
6.531140651946175
6.43353992438581
6.492622367815955
6.464290027609665
6.594692984551796
6.533537118883478
6.555073259573375
6.645255556473951
6.636525460592651
6.589750484227287
6.620317906720959
6.695908282061033
6.63567698956491
6.714689290117835
6.576659657372799
6.602857224263598
6.650694991005866
6.768636093993486
6.764962403796928
6.672824906334931
6.811422640227712
6.680051061403221
6.818752387330733
6.826439820983925
6.890669605887147
6.75573835024434
6.835519118365051
6.788927541211952
6.85015684235217
6.931819136817551
6.846100899627172
6.9802357686800365
6.895668876603399
7.0242328150672035
7.055866937678012
6.9116396579853925
6.947561817436325
6.921846098230136
7.065404057057744
7.005428474848139
7.011043285931688
7.053321451826517
7.062417864882735
7.131636616215607
7.073507472457059
7.038466029607105
7.196452060300192
7.239108109695486
7.085956479687938
7.276062511798222
7.175775462007288
7.175705833427858
7.32077768576571
7.2006356962326326
7.269086044303585
7.286582877546257
7.355436716617134
7.362054090181916
7.412552513609297
7.399061096027726
7.345728973405662
7.375243599800113
7.466323699134912
7.327526198201823
7.424777354738531
7.41663363055193
7.439517717531166
7.4707363835045415
7.490611991176386
7.489050275975952
7.506408061416978
7.4010609406641965
7.520942880193597
7.4752756051249385
7.51109833306308
7.477951291489211
7.629783018073178
7.63761265446834
7.66051309053773
7.543741104281906
7.652142869654142
7.570697940757713
7.67318741255825
7.6338959423866575
7.6171590622734024
7.615700275617591
7.805576555974998
7.655150538807065
7.680739788048828
7.726290045781209
7.7883948853589535
7.784086149040939
7.842876788213309
7.77498332243883
7.912329316695419
7.804190358106248
7.8755785063344
7.950325710663136
7.920305220540177
7.957571811275832
7.9061408854281545
7.833071732546783
7.955344513372371
7.87479331941407
7.9432694013879
7.9014595559652125
8.005918141163296
7.927069909120576
7.950837842914604
8.091284507907051
7.9748773711839105
8.113846164611457
8.108238799837318
7.990815103666945
8.12470565514617
8.107517334917521
8.195848942137932
8.078160643874252
8.161175926527426
8.141899562780992
8.21987317767499
8.135892927291023
8.197312558916801
8.186536319445702
8.156390499556732
8.24417470968225
8.329714402396025
8.226434231759908
8.349269430685398
8.315986944006525
8.284353553095274
8.41093268595555
8.408236029603666
8.434429030191357
8.454891257569816
8.278985724337895
8.410296595358181
8.449238761231678
8.336521041067652
8.336987263087067
8.433139818384824
8.405902249392067
8.500536870446652
8.544653436004157
8.401833042994712
8.409873266512774
8.604823666390365
8.467293827480527
8.517935132349736
8.629788052919801
8.569349639470026
8.623977661835468
8.543383275868845
8.640224378533109
8.681902812816007
8.628848789675128
8.646078049574832
8.581295667240642
8.731010734266269
8.682145527922396
8.596601624305967
8.714471402930346
8.605230141254733
8.681617238806458
8.719792634886087
8.686683212725077
8.831922266272567
8.703881488249522
8.739222621483545
8.853619876408857
8.801769587925808
8.73619488083521
8.831717051888841
8.90843639807322
8.78436806693997
8.794657218475502
8.782490290753003
8.824315664298066
8.810239068527515
8.830886440132554
8.92076997782629
8.927140158553259
8.931033304645121
8.841734866393656
8.865970734638067
8.872088698354547
8.890196443407323
8.930255133345876
9.01255687715568
9.057735984993995
8.981306105403196
9.077575608742753
9.028088642868735
9.036112902027154
8.96265713779496
8.99080962634546
9.114398901077402
9.105341501484721
9.02128952279547
9.080509379837949
9.112818720220542
9.073457229237345
9.211832248608312
9.130048969398622
9.080622957245648
9.071551077715252
9.251967973763056
9.2480071391733
9.226675729284407
9.104421911928549
9.251833381737407
9.24356889676511
9.252873569284258
9.304993741514574
9.248756037304869
9.334257612609077
9.356336557236027
9.317347130625075
9.388142041539352
9.33123751525032
9.309635606873478
9.313819758832679
9.263387809329293
9.275386961271877
9.307895356191704
9.379812453788142
9.376060175523204
9.312287041830796
9.286632886613047
9.341887770965851
9.475681317493928
9.454185295268696
9.438383531531528
9.42825886570294
9.40047496682814
9.429769505267325
9.462916408899236
9.464618312417006
9.547958608475337
9.37773921378322
9.47430130861468
9.426641422154283
9.456206743506437
9.548877225471262
9.49232925630997
9.45103765180447
9.453746650978458
9.517398251689812
9.45759636548023
9.559136511431586
9.500653591670009
9.481224269346669
9.644752763422122
9.649059144492195
9.616013509218426
9.570914055503914
9.616820441376015
9.671038418296105
9.525826516451868
9.55050564444143
9.656420506832067
9.588198495380826
9.748340745676431
9.556614412281904
9.667930298010958
9.68722939713101
9.597185209624072
9.63041811272379
9.693048520824478
9.690065975507256
9.773488916276479
9.633448431394665
9.801577784943339
9.69999957400509
9.692108580986242
9.729380796426792
9.779684369710845
9.814202460245962
9.679218280668136
9.827786076965747
9.745863577647892
9.854562458131584
9.761864229175064
9.771677017170553
9.770071276362845
9.880154898923074
9.895790037789762
9.76387481123909
9.755270284175786
9.778982123610607
9.915040175888775
9.912161110248418
9.795761300487136
9.899504947634046
9.785782528263741
9.790448479354817
9.863407248537737
9.9140646110963
9.943416021840738
9.831533551461298
9.851303751076744
9.888737348663465
9.794355290989111
9.899929303933806
9.882404567763805
9.851435419583849
9.861727697457445
9.812725769133287
9.881136005412195
9.831001174072801
9.94027334297698
9.912188667761518
9.934199627339236
9.976464509409361
9.908365641588775
10.012858077851122
10.004188515838147
10.035334206456566
10.04857474975999
9.871253255924016
9.88820190515512
9.882464218053324
10.007839734189613
9.889336552979445
9.995655534370115
10.075243538852
9.937562882725695
9.960075877520397
9.920959469265256
9.96648792957016
10.093515440535164
10.039930679739818
10.060682279146775
9.942184694108388
9.947547455619494
10.084139729478052
10.105230339635485
10.10289951323197
10.105814603510813
10.02269405173432
10.120544643677977
10.007132020512925
10.064538218076699
9.984378119481978
9.99741866836069
10.079730709012598
10.122945781539556
10.065887612104136
9.990657399695005
9.946383790693243
10.13032485566365
10.108245929555236
9.95999167673466
10.005607740169651
10.07867796762829
10.044327287960037
10.02361358775329
9.967933363647747
9.99429114571635
10.155567763147973
10.014476692770847
10.0703364424626
10.129334974359992
9.988749098758868
10.159233332969553
10.003428283853522
10.008074201637012
10.037509346490411
10.156317637878923
10.04367241482928
10.101956909859334
10.00966615365468
10.170627024900194
9.982330074505272
10.019172865721227
10.069832515737074
10.028291214713153
10.034497293555868
9.9957425958214
10.130212733494515
10.13893916337579
10.00040707625621
10.122021058914926
10.038125668825613
10.113032527537262
10.010765545522238
10.055263956464826
9.9995243320726
10.083420973140173
10.09355913170103
10.089489050382864
10.072951190086846
10.013373364832557
10.130054773997413
10.075184553139092
10.07826374675317
10.036990923304215
9.975487771887453
10.071902365387341
10.143900619051093
9.970173451129792
10.144144264712043
10.038628426199915
10.03884189305747
9.993919745662003
9.992896497364965
10.062165754810898
10.10028912290177
10.059788014708754
9.95952282586981
10.112967949714449
10.131509375497242
10.016382536502386
9.966637191550214
10.082976409518102
10.120697961996678
10.058976369371445
10.036363601899554
10.004972352710306
10.11759995811754
10.109039979374845
10.054348778823302
10.037592822269826
10.100098772847996
9.931014374793026
10.008454519054945
10.076132784880071
9.928194899006401
10.005054706325282
10.067467258393698
10.04869036980868
10.083681085137906
9.974765600461788
9.890343819322089
9.963557729394925
9.913833409041994
10.075943286377527
9.897396578626989
10.013860637066173
9.90861713569697
10.031213176721279
9.886192179213525
9.986132348386377
10.030188404380313
9.957410310147868
10.013526411610288
9.99938891635719
9.900929211371395
9.88460754613739
9.93638875620304
9.827284840705767
9.825679420805626
9.814642662296016
9.941827577150214
9.933374156559333
9.87688273548015
9.92581066900319
9.88968836700158
9.827501394149548
9.868505750685788
9.917600557202952
9.933657897140836
9.897128912203415
9.87134506132248
9.8275293696825
9.854083147490101
9.927632631195902
9.904362579428591
9.8588006429045
9.838075547861534
9.76861825951778
9.903915218773731
9.849927017415286
9.869453576928583
9.880778526842315
9.847140409291562
9.796903040179451
9.706073125305581
9.753156482282874
9.838261296629343
9.793951563514884
9.75068399730207
9.840881069320787
9.707626026915296
9.799895960644593
9.738851376557074
9.7943292651555
9.693345964313796
9.753583570981434
9.790966942726353
9.781156450320864
9.778400365878305
9.693549580791315
9.713365187828051
9.633821108673654
9.577399019445016
9.675514480879595
9.563305154614696
9.57037862063536
9.726528585106088
9.638193531587055
9.710838349302666
9.686965989436663
9.67475796451885
9.647913616446802
9.580748359328393
9.58825240790534
9.594749976631899
9.665748549111576
9.506899166078133
9.512326709559273
9.472292672000483
9.468984652956813
9.610810912566256
9.622491205609645
9.486007644074276
9.47951742791749
9.458948249324024
9.466771916079823
9.405915994951195
9.381275280321741
9.4035386515686
9.56011562641565
9.525812785206531
9.425210716080398
9.366509589351239
9.465886591912016
9.496107286034249
9.487308098287109
9.330664269128452
9.328521879719892
9.290420908808997
9.435833352273606
9.350127783627197
9.457277979558539
9.299422787685629
9.295405816688026
9.259329903927378
9.410624350720504
9.383323953650041
9.361784197874506
9.348406769023986
9.277574396042187
9.292790908700036
9.180551996655417
9.204088322046472
9.218859138061106
9.246130989769123
9.15871137436581
9.163318929941312
9.125891063654977
9.12774823349255
9.184109927996342
9.255347752907623
9.104960845216329
9.069262032889297
9.24219054531024
9.111127985268546
9.118089077666008
9.04262921112318
9.16636470915424
9.035050830876363
9.019746807666433
9.120771294927382
9.00276168245299
9.010575527213929
9.000622935887948
9.133158740415643
9.106959889345971
8.99004871071046
9.028948873473635
9.07344756898918
9.006841736674538
9.048467169247163
8.94724765495905
9.01122645716657
8.884343664237715
8.876144584554938
8.847662347958094
8.908254553513036
8.879703079096481
8.950415597561317
8.853422233902249
8.91380940925805
8.79468387448122
8.862197233837199
8.781836552937468
8.831658761000995
8.837264524877636
8.799718520166245
8.78605554333134
8.783807598326966
8.830101391924499
8.835482490866605
8.790944166026575
8.733729425832365
8.695547812448094
8.676801887369429
8.71293592187309
8.603357686568119
8.73380357770498
8.599396121791269
8.696524437573322
8.72303794100197
8.692235645724935
8.563049276532945
8.512124959349439
8.538413748436248
8.529372401160536
8.580786740049907
8.646039596411274
8.580578813556755
8.526244979866608
8.502645430321847
8.437280490769194
8.549868383841769
8.388758108245478
8.388847390866145
8.520100654402947
8.401322249780723
8.417612223650744
8.451615528621934
8.346388298694865
8.368003435262603
8.326062044646104
8.380897808870438
8.337489318008172
8.407963271378593
8.240348876908879
8.227022589092432
8.346064410361821
8.333024859630763
8.239928307427444
8.332529050414788
8.350218382788952
8.326847242479976
8.252032265824297
8.250228925755604
8.125909370944635
8.150535333635125
8.14055262252291
8.217750331585837
8.191753899376517
8.089431476624577
8.195672415084543
8.11895389513448
8.092726709019562
8.073622681717165
8.168285206224338
8.15453406315568
8.067576667727373
8.071201781914205
7.96851127915376
7.9942246123833876
7.950808789868601
7.9584169436884356
8.056705852816487
7.971276972892036
7.954728452331552
7.997095907619166
7.943640761116329
7.846649480611686
7.875015339083882
7.937455955422911
7.937866741500504
7.80717748072215
7.916248559858623
7.782953984991088
7.856004718811971
7.763263136949481
7.8110443502708655
7.737515163901537
7.645248076095602
7.742184451267136
7.689210890631236
7.766486917565243
7.668226554103129
7.634096559744271
7.633587431749104
7.673364158091163
7.590025205140971
7.58070270899873
7.589513148262716
7.599468728719528
7.628744080311259
7.534078149441909
7.521706211073315
7.493023769013879
7.4252024291220895
7.402829066226382
7.534179446991954
7.395212196922818
7.554352007125577
7.440660095459388
7.423471196189015
7.489815602082714
7.4044718305869
7.337504025935024
7.3346472649606405
7.339268382867452
7.40434501049949
7.234224170278455
7.338321047634567
7.389653147355975
7.197627392848778
7.173518714927226
7.252052087477541
7.217524977059856
7.204075874844972
7.30137848700285
7.167549266144197
7.108254404338714
7.137661447725228
7.236051986697332
7.142978296997269
7.06588813206751
7.174287109292816
7.116369094977027
7.110600928050828
7.072038590396727
7.097327483560173
6.967598183830506
6.988298156817453
6.932749506705138
6.982658299252592
6.956460162411386
7.041603162495456
6.978169308761115
6.943929656691299
6.977131371993794
6.8505561721922446
6.883342268452127
6.878781470010269
6.93227433357541
6.778906479562348
6.899071435012092
6.809909962956265
6.851306130208087
6.733284955146549
6.695603684357095
6.779339630037609
6.682320356364525
6.650714707057103
6.72412789537015
6.70528558676878
6.671510827352578
6.574995983942987
6.578500540297164
6.629997681564278
6.555903529694868
6.690243292444305
6.6331410607031565
6.500451395419386
6.562415675148944
6.457885327769867
6.555935962315142
6.536725291501645
6.559516025718409
6.517599250958866
6.475372023782827
6.498052624643536
6.413244630446682
6.481928399035497
6.358430886555118
6.317433366753936
6.3896069925733165
6.322738414531278
6.335333768818558
6.2700739736368805
6.404482126048297
6.369028065050437
6.213767934978185
6.352641016418809
6.336653446963839
6.226204057239917
6.2749465573467065
6.28923004520403
6.180121850626668
6.088703057985756
6.092203117821717
6.081667704087369
6.049025861028348
6.166994791437687
6.113410587724619
6.0014878111563945
6.054628587572644
6.0681278900751
6.038687250680855
6.109752233609875
6.07251773124746
5.903235818873233
6.040074926193703
5.886760592708596
5.951361124038737
5.92315977936745
5.979408362373896
5.930645759205434
5.922583099430753
5.953761579055327
5.779740337815983
5.747494114043422
5.752652383040568
5.722624409959421
5.759867635441502
5.691295379111288
5.814278708803727
5.728895578386009
5.816422984148309
5.7282261710786555
5.687103090998732
5.680470649964315
5.7378980505814345
5.622347542436969
5.655452875527986
5.585831437100171
5.61313277227705
5.65612988833743
5.638612496629939
5.5135690104772115
5.4851352117796495
5.588039487873985
5.4674264180990395
5.484092994155746
5.480308454109357
5.53435660184818
5.372261370320847
5.395418294646285
5.34829339482782
5.411251819112527
5.384812837712996
5.38703381931895
5.358810848102675
5.304188338850976
5.2712292932125875
5.396717781288596
5.362479122342246
5.32681998502262
5.318077984905454
5.217724222663803
5.279388697526557
5.178629882212532
5.242421770055816
5.258841655047897
5.170247055113406
5.208440195536061
5.265226871982952
5.089874189286778
5.2401439562647685
5.04482935421832
5.0677841486773545
5.165949489123177
5.072380333331573
5.059245361597042
4.978360998180381
5.034470209045856
4.950524744795236
5.014534516272192
4.921802606746984
5.045083975043454
4.955605663464442
5.018627155878098
5.020046020776106
4.901939885137464
4.9733778906008475
4.925273389300372
4.910360304086918
4.8233395965416905
4.938812514249786
4.752392432831906
4.871034019575436
4.870865767391975
4.881672615561266
4.746539784868041
4.697089497551255
4.8370107730791165
4.723182333684302
4.786363470345321
4.646892075267317
4.708436579002621
4.580698311401051
4.624573069102357
4.6856595171584745
4.588532928732491
4.5387980560739765
4.6662779010935225
4.604808145586497
4.5596266494830715
4.545695325707675
4.609158154409583
4.480034213058128
4.458810897474719
4.555426289482391
4.424707652642634
4.490605417174143
4.5287172459586085
4.411880903567292
4.488745934590105
4.329490636875322
4.325550016241939
4.370894919531669
4.406856543003844
4.291127302850313
4.436276602463278
4.312101952447212
4.2449354961801395
4.305898603700048
4.325701176196387
4.334963712109995
4.198327761393889
4.2512838860144955
4.278863980774374
4.327385524353734
4.300804279423819
4.1361846298209315
4.284664564475505
4.2069046056521024
4.235590877366897
4.061963065505397
4.1154168064301775
4.182031586116261
4.035326180412288
4.007446555483576
4.158939739280261
4.041800206692765
4.094358954501959
4.118749513473228
3.9620562136290354
3.9475863598899754
3.913399813750046
4.069530048720657
3.9963205304977776
3.9379755291880527
3.9373209225842984
3.8758202268810793
3.9241806814556934
3.920766631679871
3.8053478826673723
3.8339600438421098
3.80710035695013
3.889970573501403
3.835749403665089
3.909205328150608
3.841897897574385
3.868839535821227
3.8236916341326093
3.7684999616186636
3.7947554232360203
3.674780679471619
3.6909674827840466
3.8250358963918503
3.794409211952561
3.6423070953046075
3.6199686051084097
3.582544938783828
3.5996712728936453
3.7089955694104386
3.573970186114782
3.663286457413466
3.593796801782314
3.631326609181218
3.6810596711463197
3.532484137053604
3.4889403265355523
3.53764997120145
3.5482858637547205
3.5198401001936723
3.482884510332233
3.563906123400913
3.5166258699101416
3.399947468809983
3.4330900298537474
3.4266848472039033
3.344943303647514
3.3482003494210395
3.3406797881898536
3.3693636538365688
3.378051312249229
3.2848238807512056
3.395384271218387
3.319311746091532
3.314075777533925
3.424050480302621
3.3011908050677654
3.2590939030372983
3.249393245777559
3.28036625265318
3.343628526360584
3.2317677218760044
3.175163999374977
3.193434954095496
3.2206125292097605
3.200036084116384
3.2747640592877394
3.173388618887871
3.1147486186780413
3.2090479853111735
3.1289392705829866
3.1011985296368687
3.061621304350193
3.04622782860164
3.100648917285454
3.0671729491711868
2.994783299956215
2.985532012512295
3.0652220700831423
2.9920857538592243
2.937234514415067
3.093250560546625
2.9311355522415665
2.9549184001903805
2.9243918281921095
2.9834789762214076
2.994157305078984
2.861918939846612
2.903483140512125
2.8380717567118423
2.988879894866886
2.9685564986058703
2.9224381063443525
2.956291958935052
2.951387419047066
2.816271606947526
2.8811891816203596
2.798913927452968
2.856156444160732
2.7321923714065823
2.8261451434062757
2.8403664692313684
2.6972656084830966
2.787249513351136
2.764576126319009
2.6535935592061026
2.7958087207087536
2.6521536706472144
2.7979925744670684
2.7743047597707653
2.7562335168537992
2.6390472354246146
2.597302127081757
2.747792099973882
2.644238124411546
2.6320831688736828
2.6107154137317203
2.675563239774247
2.578994035684006
2.523663381474716
2.541469923980585
2.681599825088459
2.6270344300560047
2.574686408503375
2.464194456813696
2.486295484949603
2.477279893892609
2.5661084520568544
2.584023949196275
2.4350535657757053
2.5144158643550565
2.5376295854841353
2.5039861929456833
2.489089328721154
2.410717453801761
2.513903421006949
2.4141628792948153
2.339081699400519
2.4150800903529754
2.4445493051878744
2.3993404783660557
2.4690452343066807
2.299307419424702
2.3489414944087668
2.4255822689078976
2.3591792287013664
2.2373685465450155
2.322978148412602
2.2260275614784457
2.296791659704663
2.21207430586968
2.1985573693122795
2.205716629779696
2.316428257693136
2.26582108827008
2.294228270430684
2.2495033500622332
2.162505243808778
2.1460829328683806
2.184296655018165
2.2424271155278426
2.1228749249649295
2.138555421362966
2.1272964342614484
2.159043294946465
2.1110793232983154
2.2148283836203575
2.1349088520818937
2.0566735214086522
2.0539995371769546
2.146914821629167
2.1830976872594268
2.0606125688714783
2.152173608107776
2.1013363384668198
1.9666324606494316
1.9985323907129162
2.0971686006911003
1.970275516375043
2.0013354240911965
2.1080079724184815
1.9675194906301345
2.0604465347886802
1.993933698855182
1.93744792829981
2.0544587239426266
2.0303049383130376
1.9094867509887297
1.944253175241864
1.854587081299473
1.9847624488060838
1.9499833240807245
1.819889639079478
1.823748426303565
1.9942305814149985
1.884754623277273
1.9540297119783265
1.9320546939777081
1.8438841692696948
1.8055580075646038
1.7818382308400507
1.868904781257767
1.8103040775031118
1.840958100442561
1.909776843014936
1.715438662502734
1.8070117168515227
1.8215117178370108
1.7725037107274821
1.70191881713046
1.712233555196285
1.844175266613571
1.8112198024133521
1.7941651730993673
1.6588247166107715
1.785622355049604
1.6839047511815053
1.6873030548300916
1.7906681912193751
1.697199701439278
1.7658354115137491
1.6241502254692588
1.7137175895006853
1.5808384712871224
1.7542679252382636
1.5712037958828837
1.5549204908746814
1.6728066691684016
1.7328224052323242
1.6405783196229036
1.6906593962555898
1.5787997227386719
1.6239039303054343
1.5888503373180785
1.638340033694299
1.521675932136368
1.6551953351078237
1.5205103025806812
1.6393637516930515
1.589001788197761
1.4628981717303926
1.5929680874104872
1.4826628554702388
1.4805548743298698
1.5359460484238427
1.5817535872618769
1.528135723651514
1.4270844571764734
1.4844869736436244
1.5183250525743759
1.540535646691825
1.5449865687793314
1.4979407793725346
1.4944742471504648
1.3762241641100321
1.4036381399795597
1.465957346030215
1.4184274996433994
1.4831308126036689
1.4533886726940848
1.4015586308057129
1.3467688802809934
1.4128847420554094
1.345851584481409
1.4031893702517952
1.4499936883974784
1.3389047129898988
1.4500260964255762
1.4286773190656143
1.3735927390923843
1.3425654324444944
1.4327023837921016
1.4112803613259546
1.3254148334456295
1.3906529604007725
1.3250482882607717
1.3499173111559182
1.2246140291967753
1.2465560541762601
1.2437810763442234
1.3252628521301175
1.2451400344052805
1.1847488228935676
1.277851595742246
1.3438982402877633
1.2012256858899635
1.3462942405389153
1.2768879892106877
1.2558611902230545
1.231683204686625
1.2896123495942269
1.1998215876703184
1.11985815349967
1.230100292887156
1.167594962964301
1.1022238744533257
1.250028847307747
1.1842606298921785
1.2270179607910494
1.1475500677855344
1.167509335144766
1.2206636033945115
1.1886717678116603
1.1413401761504782
1.1040561693546058
1.0507171049836683
1.1657759499440428
1.1537535403232004
1.1729025591362015
1.0476313381760913
1.203037341686369
1.0694254390466125
1.0449299938432433
1.1575793197746682
1.1810076363759294
0.9895435832937816
1.0639081751542583
1.0894800176715682
1.0745681851457802
1.1087780123074302
1.1121389997810698
1.0153462319460154
0.9699493773223624
1.019430975756914
1.0809311718513643
1.1239567048276322
1.0723473133876875
0.9269172865543317
1.0821263022479806
1.0109490125915237
1.0371876896934842
0.935028452456711
1.0295674290998373
0.9232975749405694
1.019445298887475
1.0222337416677143
0.9493343435712424
0.9822528132194459
0.9625451570511812
0.9964898925511528
1.040296026452198
0.8658846372857611
0.8495144508249403
0.9143625734945647
0.9704769359071815
1.0070345034877057
0.9247753683284292
0.8940042092395666
1.0135070366106231
0.8551908911713484
0.8363866466530581
0.9722565964086194
0.928390330513751
0.8029694293659041
0.9212210930853191
0.9485039609310628
0.9112719189849589
0.9669085234692625
0.7948003646887553
0.9311771253179066
0.8701402254034918
0.8372407870748745
0.8906409848708543
0.7762228392596632
0.8970999456164308
0.7567391276718873
0.7740456407318708
0.7714595347156825
0.9260744721862137
0.9130011105340771
0.9130775646299119
0.8704974793968502
0.8450462464912245
0.7841203733504286
0.8630711844701052
0.8799818433029932
0.8450952154509768
0.8201808375025483
0.6997091984848959
