0
0.8742274202516038
0.9083213850562075
1.0020227386952465
0.8369108118564685
0.8861967515787911
0.9585901672291502
1.0221855871563572
0.8590446511490663
0.9008640866680384
0.9108744844864226
0.9601339186084403
0.8979911914047015
1.0452414673056394
0.9861699590387846
0.8721902794410095
1.0641469762292552
1.0196475457140701
0.8854492511394102
0.8909522299750235
1.0714103610348826
0.9511656451624336
1.0641892568045148
0.918601372475901
1.0941943712794209
1.0524131954264855
0.9276548466764463
1.0111097741296646
0.9330482559541237
1.0128424313900497
1.0062493012810003
1.1266284283324068
1.0427555154595267
0.9825087994787741
1.067660702892108
1.1498306169967962
1.1321529729692723
1.0844701970096606
1.0054778643530529
1.0017491105951761
1.126475402285876
1.1366528604217978
1.1629402582322155
1.091553020679046
1.0917613158290096
1.045251099056292
1.0512206930665482
1.1300631276348683
1.0325030172236476
1.1652092376014105
1.2256620979317083
1.2055011697036944
1.2274638343044706
1.1321125155351426
1.1742395411394821
1.2389811041666086
1.249924764892845
1.256793614666185
1.1898037627531954
1.2599133141080363
1.240825231433224
1.1886309695729527
1.1967491579408407
1.2979012561745735
1.3208989049309838
1.1904698806321137
1.1564950837654004
1.1882160852983643
1.1921678284931292
1.287303771517945
1.305982414675918
1.3224545213445955
1.2038311691889696
1.2605578728173745
1.249866888214012
1.266095559475012
1.3140834803088004
1.2359877281354061
1.3007134698703413
1.3167831130175929
1.2392040815071899
1.253041109055752
1.3016817854290565
1.4245444581471367
1.286173051833938
1.4096446861028484
1.2765777948241819
1.434384175621878
1.4081634124414826
1.4030495332693098
1.3056573881090259
1.3629851900668928
1.358370774574557
1.3274030666735284
1.4916600785424483
1.3672283827588414
1.4216643143100043
1.3650186322251687
1.5254972912783853
1.5117048408254439
1.526697684050203
1.4524485804342746
1.5179949943935616
1.4866626992206415
1.4224533232343344
1.4360190040288998
1.5406658285425225
1.4590759718910413
1.4912432855949007
1.4446124166210752
1.5756111142738494
1.4901021343700371
1.5142523435485913
1.4497602409589139
1.6424495759885043
1.482489285068422
1.5851579148284523
1.5575222036885903
1.4970969900753814
1.4935814159257672
1.5612739224469554
1.6533326507015256
1.596781892816369
1.631842322392886
1.5221916638810429
1.5538568407517483
1.7084488400185407
1.7012773312773228
1.6387239259800763
1.6232600531971884
1.6763725432010055
1.6728733720049183
1.6661361449638687
1.7141767064837494
1.6203958775064335
1.7135759425342307
1.7317496328565807
1.6921965248824093
1.6487558448284452
1.7798399670667762
1.7052425716621176
1.715589761374912
1.836776849582567
1.6827408044145618
1.759837178907297
1.7624475916103923
1.7852310830540776
1.779884276239208
1.8250141342974908
1.872533333822096
1.8238170228575492
1.9203402473119264
1.817121823383447
1.841182669941949
1.9188920620959034
1.8425339562914231
1.9244162877485516
1.862175232732745
1.9129125746388858
1.9543317869026293
1.9507443238819044
1.8381883606163831
1.9012042295286433
2.004153417468821
1.9176458501491909
1.898442094129796
1.8997825588660462
2.0202093944691213
1.9247257920498293
1.9300607399822236
2.047246761913779
2.091136333375223
2.042230652268387
2.030379227059138
2.052055314142112
2.068449448223527
2.004346835514296
1.9728822164229438
2.067732000364089
2.145838944456726
2.11381079452914
2.154125487014293
2.076848409352026
2.0675554421914053
2.096798334915693
2.185087227878859
2.1920963031848433
2.0695603592781855
2.179454088815362
2.254038474737543
2.2384623946633333
2.1767345126741304
2.083979383188742
2.248434829138376
2.1992627911773543
2.2405267110794833
2.2230891015736742
2.311204479257639
2.166584592276026
2.2949654143651412
2.2994328863920517
2.2150412658804037
2.3499657779036185
2.2073359362020986
2.198682510954363
2.390742725090257
2.3871384419406225
2.3382896378283555
2.2574859113014556
2.4138426773891193
2.2877819733390017
2.360402411253065
2.4443131926033983
2.293742966774431
2.318026797900035
2.353120502483054
2.3202567922144213
2.4604911354917998
2.470690275871448
2.498509752487325
2.4472838782129647
2.435196654300263
2.5274111261392473
2.516975688969617
2.5720683625668586
2.468206194869763
2.541454878045161
2.5626904024420742
2.548915108913223
2.5397628453321155
2.5977056848149243
2.565687858103769
2.5881218072501264
2.5200825842306087
2.5840775836102083
2.6853066085558073
2.688207234064138
2.687715801513096
2.6188675851901086
2.5651401387187156
2.567099762277595
2.762303045157104
2.635819758106231
2.6312842624055017
2.693730940212737
2.61832848816273
2.737893639282971
2.748453883577802
2.704536968945884
2.783933614209204
2.724757204259899
2.8294395738699496
2.7100201020647856
2.861394888036811
2.7965888254063787
2.902458511309294
2.8899889270986945
2.886033374016235
2.8014823011054064
2.877419053896691
2.928641190970965
2.7902199419382407
2.97914522626797
2.906605639532634
2.8200305232285845
3.021572246086845
2.8580613740946075
3.0277653992983637
3.0072953088136845
2.899524042587906
2.970507154358795
2.9267655445915843
2.9226592207290523
3.085107848136693
3.1175683490203716
2.953548795988814
3.1252397002206385
3.0890685944661147
3.1271321575336177
3.002066561721554
3.176984723617227
3.1275431961242326
3.200309145037386
3.0397656593329456
3.2023057188937316
3.1776695684201877
3.1242510830225356
3.109560612732189
3.1337866527829727
3.2821891378193397
3.224731230718732
3.3251563876667087
3.153373074435774
3.279749917954741
3.2145013722433804
3.369739237369748
3.2740556907849614
3.255522384909625
3.333807415962119
3.3247544500441117
3.3721181465897936
3.3596267059346605
3.3207258635010755
3.373276168000025
3.3288619016489065
3.306788360316824
3.43001787854269
3.3688356192646802
3.4151168455654477
3.354914129206678
3.514212368005504
3.39331181252685
3.3866875752926937
3.42559273341407
3.567424447571481
3.573690783997615
3.5503151025067528
3.534898765699666
3.5899519682545455
3.6444774878250237
3.5888011862012035
3.6769393865045066
3.5152302829711077
3.5970624392789166
3.701875534444575
3.68907975377894
3.6202556671656203
3.673514239827889
3.7585444383808486
3.78473096101715
3.746226154239894
3.675166975614885
3.674430433338114
3.836436609776916
3.8581842548321994
3.7765658735347745
3.8796187614476656
3.7152219386976557
3.8769769832020553
3.745195735433493
3.77503052042019
3.9259933559593936
3.8419164628359077
3.9576315125909742
3.9169199877437397
3.824885295514061
3.991984344252859
3.8590420369034617
3.978730195557275
3.8739532686046014
3.988871957504407
3.9829617383673908
4.062357795172691
3.9865854334367876
3.984172972391316
4.03733575932101
3.9603587859515543
3.9697252916375025
4.06997247486955
4.096541587776147
4.201936419595162
4.196087060603059
4.055569412001547
4.2086593885811
4.116609526663382
4.083162347901104
4.224530789646159
4.235274857277864
4.143989245927535
4.294071236659146
4.261610434855625
4.333344591738444
4.1827502971986
4.303186763073717
4.2637887087176525
4.389813990804504
4.37973254595906
4.2824871023016975
4.326835762365292
4.290655468000006
4.348345292909731
4.352950621581728
4.339944351747809
4.374868510621573
4.37797983352959
4.546458225599025
4.460921700584424
4.4457843572193285
4.421520962391156
4.594083414378272
4.433611588319606
4.548812090570857
4.615483173179527
4.528530874342717
4.635898864106313
4.571874765330859
4.647057401198413
4.647350065080438
4.5678175770743685
4.5815644109321205
4.676587908187277
4.779903329982326
4.7002603036751
4.661966831706095
4.699245687912789
4.738229263047142
4.73902907172211
4.834616047413758
4.751010075235568
4.776316273762458
4.772711605595698
4.81115144961768
4.830846471977609
4.78137292680164
4.860291855085325
4.962960421584275
4.908444040397159
4.875312164681658
4.962431322483608
4.992836132576211
4.999743634083408
5.063289044987348
4.967304185224854
4.900147792402278
5.00671772551861
4.955685432450155
5.1411942566167905
5.0200624976128285
4.990636754935748
5.10197029069262
5.174445672542025
5.127982721022488
5.177978057621418
5.1670919354375995
5.214359142962278
5.206329386503733
5.123948168609783
5.151200689314455
5.158233922807188
5.140443080564254
5.293486279139928
5.22405131904058
5.248002676302272
5.355963711073828
5.404928373942963
5.314132441024296
5.284836686702128
5.271249328018404
5.375824052586882
5.296821783602702
5.402904123810154
5.357583422758586
5.368058507575089
5.3856028098161435
5.358419111752985
5.527929432510412
5.427581984445005
5.589318993488847
5.460388732293055
5.537735030729335
5.604814952900989
5.588619178193233
5.674895592414841
5.5894456689939185
5.590395155345199
5.533772770698673
5.54245929417097
5.608961724610892
5.610030572702832
5.718441742206418
5.601800442924337
5.649666045492567
5.796111309747632
5.686307979726668
5.736108644221243
5.788905636524687
5.727435027689394
5.792562237951313
5.830977018959018
5.839878458294005
5.913107454086405
5.866406408167077
5.911009473982442
5.951674574413244
5.813900822109521
5.829005213958622
5.9654822100759635
6.017406384329062
6.060227925972361
6.011769296294513
5.984534017528554
6.05756369836596
6.0598785941250055
6.071305815056421
6.012490559930882
6.169080641612343
6.0570315809240896
6.096001470329014
6.0416350007533195
6.1524635563044425
6.219717607933085
6.144844943229227
6.276597545326723
6.236865018300388
6.109809512088951
6.3002769510174925
6.278339759996335
6.345587715217093
6.322719171340153
6.311705441970695
6.2401508695974774
6.264591040635951
6.3604540695641845
6.306467980225006
6.415773610565344
6.381048140588616
6.400226102489712
6.459644972679721
6.50668176148502
6.360426374265246
6.465792713481912
6.377479533889159
6.557746996693306
6.526217873811218
6.484177663221914
6.485989984965059
6.488898858906337
6.530979690832604
6.497131439898731
6.572454219833613
6.552529326189535
6.676079209436365
6.633967090869818
6.653265944811389
6.667913099495289
6.745865004785323
6.598783257061809
6.798490960075995
6.636962487574686
6.714728254707174
6.824503400863121
6.788359523388806
6.816033422459169
6.896603605402788
6.879197293717881
6.771112458097748
6.89429895832872
6.859891859146041
6.875651656646526
6.972016319918067
6.837601228452998
6.884463801755433
6.84808303950821
6.951370642636991
6.925721834315687
6.884314003723149
6.94946421777226
6.945029590300311
7.104481467376973
7.043689658812013
7.136988654315264
7.021753306625742
7.042251209179501
7.0648114588574495
7.030558151506172
7.050374888553933
7.197180138605166
7.1332699841906395
7.151537772527904
7.181922671100192
7.191902079579389
7.127116059291418
7.2131769844205715
7.23442802802648
7.252114678271926
7.313613677171006
7.378860898479529
7.222056921908204
7.289858773670724
7.343121878594992
7.416375422146259
7.442674423510073
7.327662702558275
7.45173082436988
7.406452972517901
7.390655396817854
7.488372122672615
7.408977691038197
7.363668039425592
7.476855950010703
7.4395197126742385
7.400936999266492
7.43239316632457
7.44835730993692
7.550654194203589
7.554520420101017
7.613236480190908
7.503732503117211
7.59065987579685
7.54186523856796
7.696108946338865
7.71428916642604
7.570123456201553
7.685883141105369
7.698180239808606
7.784490087185618
7.791831703612744
7.747756899788622
7.667592838160193
7.694953448078902
7.804718683683877
7.7492717609362165
7.7472099589806325
7.892139549894701
7.7458826455434595
7.903679045942772
7.894804364751388
7.961639398156162
7.841393929039492
7.871980062546271
7.896975526506161
7.969577468672324
8.011486288054694
7.960000335054968
8.051131263950747
7.946196449239882
8.04424061833405
8.00993210652312
8.036289693204603
8.055913823791919
8.116742426641435
8.050117013810429
7.9988645897836514
8.141993662209563
8.02032254375916
8.08844996610997
8.139414021598647
8.106999749718033
8.16499091079183
8.070719088194625
8.197100651879143
8.283480983961425
8.184853308566716
8.200719792009243
8.25656398651169
8.308875852543512
8.21891846733014
8.31211401324729
8.282923460976386
8.231619420134107
8.398318044995396
8.30705221068163
8.27492108939807
8.242941432534327
8.343956633565345
8.441144637278043
8.325657570362454
8.33243179674354
8.454358664303145
8.43007181445631
8.412410880492265
8.52726209521278
8.372580810649119
8.479488510846222
8.489067300387179
8.486933561458477
8.56864140888216
8.424512391211788
8.447812163270168
8.491437619713636
8.516669715300695
8.604709447339399
8.49749648020161
8.511655688120547
8.518876647476594
8.642829954399504
8.713989205729092
8.53859790009863
8.646888046804255
8.600282010071249
8.696004584389062
8.641734866703391
8.680077082847939
8.782340901617102
8.621698050062205
8.698824602637204
8.7242027132344
8.828511577040219
8.717244669962302
8.836046962426867
8.737989781244575
8.839673816967258
8.896520865268393
8.852486934141726
8.90387459150352
8.88369809305899
8.876562628504429
8.942716726518405
8.977606974380931
8.871392105982121
8.810191151191521
8.889756558931683
9.000705319141742
8.99068398504118
8.942320655894871
8.931734376241529
9.065167403862548
9.068015716025485
9.041407996268738
9.009670062487235
8.933080827231267
9.0126098885682
8.937624232138646
8.963353571156015
9.14722945249604
9.072052374431014
9.034161761909372
9.039190843300322
9.049569739133663
9.14151345264735
9.204206431565526
9.108956799324904
9.070778167113614
9.167463559230383
9.060217987412775
9.125572405999803
9.207985345652476
9.12485226410893
9.16047234487204
9.142546175255056
9.30953488026923
9.305042612413668
9.164605456235462
9.2162239923779
9.177122081156663
9.26167212402632
9.33513077008966
9.319244149128199
9.313431494853482
9.220984678301384
9.35126601658245
9.360201167153491
9.310169611533999
9.381458310845431
9.394994122694671
9.329447311935727
9.262253209446767
9.313222857531201
9.362636144546919
9.396698185624016
9.456722785177618
9.489043665366252
9.361163178667425
9.337208157763268
9.52412792166367
9.425396198121295
9.426611247426617
9.46616174368496
9.462978686263124
9.570138166522673
9.39883513093173
9.469154926095161
9.510499162210813
9.440079884492626
9.473214105688973
9.542612534736366
9.447811799059142
9.563011418540547
9.501233011496364
9.644475087836916
9.556629064572542
9.524286184359246
9.488726251589966
9.667134079724658
9.660913400472559
9.611035599046138
9.581920711776329
9.63910472758673
9.544270303641683
9.647150935608822
9.677056833958735
9.682154271210688
9.692065204326854
9.693510377116331
9.707526666938186
9.725474932118052
9.710517859664671
9.638934367021381
9.702396926076364
9.6652972684241
9.677222904050975
9.71814694678451
9.628826746635978
9.735300859399908
9.764411089751873
9.809134178443712
9.653315362821909
9.770184950742376
9.69684883084859
9.750692066574201
9.759730026134092
9.673981137404594
9.838000410479463
9.772384603315688
9.747336072280627
9.888163641769761
9.760339242850028
9.898372778754611
9.807626316308975
9.795772480504649
9.76183678187184
9.841682871885515
9.740403402349127
9.93031586385405
9.909642884721668
9.924549932237362
9.91916612640269
9.90429915295867
9.940868033222559
9.839638126557363
9.953196228972441
9.968875703219426
9.802740421758601
9.796391922092926
9.87220971133959
9.887185936906132
9.841403991227123
9.897861178950263
9.887546465516543
9.876221815827135
9.954435155590296
9.84078191156093
9.952345308775286
9.865238180404138
10.0295462181213
10.00972706725313
9.950056440064348
10.016594727590972
9.919968388688378
9.977917173882195
9.881348492860798
10.004573806644949
9.949374246611407
9.986627248333539
10.050672822632277
9.911575485814138
9.955002679389153
9.967667159506451
10.066198604802297
10.007920815607344
9.934631077367726
10.04839561558844
9.963849871844644
9.93889451839625
9.978212285716832
10.102858351442622
10.054176821655282
10.106177465688992
9.920208305715372
9.99870095419817
10.11022207893338
10.086090886339214
9.995786491367955
9.989851149673143
9.969359643047298
9.982942773483133
9.969533112941356
9.991077755531041
10.082838299930975
10.052231524381838
9.952245518431692
10.087332559324008
10.024060678771432
10.069343497232474
10.01920773302666
10.093185418618605
10.10124317477254
10.048165714989445
10.017040526578981
10.147036090896247
10.112717342605846
10.046150213192666
10.07958216513895
10.07797241201356
10.066082491081502
10.061396166094509
10.127963595926323
10.030906956415016
9.9797391427241
10.090246253465079
10.030955966383248
10.043466190612355
9.981182480703621
10.085145907453319
10.041443653129473
10.164163197813485
10.13058462968003
10.007763967230789
10.142365823315828
10.020885819227024
10.028305647177055
10.119065957582603
10.042435808596617
10.111486332184352
10.148591922557761
10.148836191632972
10.045968521943372
10.079884427145343
10.075523815899716
10.07371320890734
10.148008000518203
10.143378394637157
10.10275663732808
10.056727226905354
9.999875947462154
10.026811978613074
10.025768597455363
9.967944172753137
10.037210282876758
10.13910179724849
10.154962136452744
10.136956743209058
10.044027584921569
9.981570850145143
10.037143711980036
10.086434422317573
10.04969655979914
9.952812860999428
10.02347170791391
10.042856315934419
10.10500659537566
9.97024523408356
10.13969559969916
10.091298233153804
10.031098554209164
10.126345242865456
10.011518749160784
9.932976370613153
10.021558023329161
10.100043528170058
10.117766191963693
10.07982607330042
9.960150210561151
9.97071824719016
10.067302358865893
10.086473172327874
9.91183915344603
10.070302758672817
10.011572768458967
10.091445195670039
9.92211301042224
9.938349116559461
10.005900190425058
9.913378407684588
9.920393274311436
9.925020419032712
9.935611328730939
10.036748004870844
9.9869007497159
10.056700718551651
9.971014590333906
9.8725165440985
9.872310398373227
9.862295580340174
10.045934865148404
9.960191349055146
9.924818050629334
9.836506260963915
10.020203763823844
9.850925254379334
9.927550768280856
9.850503271966303
9.972520102642127
9.841402133295155
9.838956454759323
9.971165340198096
9.945945400852858
9.87983440752622
9.93409251557256
9.971107923299995
9.857836040359864
9.956410297838138
9.924615391139978
9.948542591548591
9.780098828751713
9.79558113060198
9.838413336342086
9.85937005286132
9.804566427592539
9.896742237879208
9.83904782045699
9.913787760360496
9.873865894838184
9.895115312220044
9.821924238223023
9.791754402933698
9.858555410412785
9.752984785619393
9.703944089730374
9.767002563196584
9.67917092307061
9.796658249513625
9.793542161487217
9.79658115894491
9.708420482460546
9.703064451039703
9.647503818968971
9.714567866486204
9.695373739212473
9.698107531733738
9.800909106925927
9.720277298103412
9.760972749182406
9.727699507324088
9.632749350013732
9.668220924733395
9.758396648442085
9.727402557389716
9.653725442619795
9.593660906133367
9.703156380413033
9.537064821144885
9.537200221853192
9.585009407918097
9.69037463938666
9.644980003993176
9.529689810466445
9.56737670411195
9.579956863454818
9.470278362704539
9.580378465815512
9.527637344587196
9.59962198304838
9.474859731246822
9.595938084427567
9.589133461602232
9.576081675869315
9.476159699916417
9.496476587634282
9.417615885777511
9.522074999819957
9.399658357202453
9.375559984219544
9.367888149415524
9.368645142334918
9.528641067929064
9.400646228004488
9.499354270841087
9.451345130198414
9.445279586655623
9.35054808802112
9.421100684090558
9.380172291959173
9.41016580370144
9.394738995741854
9.41026340880645
9.338370092397065
9.259064328720264
9.239720491920938
9.393855553426311
9.356010470760747
9.24608556444975
9.271184000513259
9.24205559127729
9.331698394892516
9.28399519067156
9.278432151919676
9.189365203465508
9.319115295107208
9.315910025074782
9.12129849483048
9.149944282823155
9.258333859140928
9.269691707441908
9.220921063201933
9.099000347274009
9.216658621452817
9.045064584911406
9.106897743372201
9.036891014795717
9.081125300368127
9.199629646783645
9.154804192925138
9.119693510672478
9.107437897467253
9.153276701795166
9.027639034063748
9.013885139207783
9.072631986678463
8.930351667900613
8.92705980146549
8.989350983010796
9.045608925809246
8.94138813616895
8.993817766703547
8.874297314616628
8.923604797993262
8.896469126132272
8.871690728426723
8.821866808331079
8.827896147373643
8.93362832820384
8.795903338720292
8.773219177929603
8.787343988506963
8.755431550959178
8.834718792382402
8.782996060276204
8.840950057144557
8.817035559206381
8.836116485522036
8.72575440079723
8.751647317184538
8.771651765489523
8.830606157833161
8.785684530761436
8.625605482006621
8.616303740757658
8.638975187519742
8.606127904927614
8.770415575619833
8.73098281666487
8.681903632712832
8.589510156718688
8.546719918585145
8.57650060341909
8.612087865800417
8.654012076259624
8.665395166081579
8.592569371197454
8.51396641775031
8.52682549227993
8.610292346832598
8.4546904023775
8.481753635960047
8.525352734929251
8.55681505956002
8.523818188376216
8.372578635829269
8.498879968959907
8.378998051099781
8.503342348960569
8.47428960541387
8.350822054244244
8.42284402818756
8.304831531213598
8.272102555736298
8.40911215573092
8.285418039965414
8.253173550536971
8.253321045170637
8.242624236441086
8.202522838440014
8.350393188796968
8.298838850586245
8.339293492229531
8.253737449430037
8.256146441817432
8.287884613157452
8.17993169134963
8.170372646174405
8.12088276663258
8.048899225564325
8.054656869228571
8.166006914077657
8.189723482383387
8.006900600609619
8.038412865950177
8.049229459932986
8.096682058397072
8.002588663340052
8.088928006571809
7.921729392822395
8.084661137413558
7.89198309744144
7.924195653878137
7.982676989823367
7.900909371110931
7.901766593432811
7.840542425294913
7.986014809629904
7.870232869801267
7.956913757443652
7.820854785074519
7.8153615819527475
7.8565108012793035
7.884864200610552
7.842774864315276
7.867979799353069
7.721462191049688
7.7525157645599165
7.701293649993552
7.650625289265407
7.793127862723261
7.739555891515852
7.666439173457433
7.775688798555943
7.708801008753687
7.619324410554257
7.640618795376611
7.5664819936395595
7.62525669275157
7.504315284692972
7.629581770394177
7.5264842140252775
7.563624216491796
7.607450616471455
7.553654598671576
7.457756447866987
7.461842726380501
7.518724180498917
7.4978097075688135
7.404789945464465
7.356507656548815
7.463699073797732
7.432160444487363
7.420278633020823
7.321209797894818
7.434778429651759
7.320941219800403
7.354556748792675
7.296965775671503
7.229901081620388
7.322638572804991
7.217654544065047
7.342173667115133
7.166261541527582
7.271608700627407
7.147700593495773
7.1593197106353
7.258593351441691
7.136608289693988
7.086685765695301
7.169672304312984
7.171380868961287
7.062353344184988
7.016985338927535
7.117268878046954
7.0337516188856055
7.12149355242051
6.998245068566636
6.985798285214817
6.959926218095013
7.054047907822425
7.032576727492728
6.922489458323757
7.005073296722905
6.929678533404419
6.837299828700509
6.8362197187804
6.803219193280105
6.9849645512356515
6.786779445976322
6.889240397370307
6.809733762271435
6.923731743446992
6.885022952332485
6.877463174185326
6.781404728603049
6.809966769549364
6.7658735296550905
6.7313536171830615
6.748434144067354
6.774444891296537
6.610338240375071
6.723375044781796
6.573266696881548
6.672076813896479
6.644224299116114
6.650660117414748
6.5773328040565975
6.514039442584325
6.568554016786439
6.516932421101655
6.448591763415369
6.427677769110905
6.491130653911969
6.585398633573503
6.532564711060033
6.542634772569628
6.513922792337819
6.3926988741471105
6.361649552586436
6.351161210144478
6.465865878197093
6.4569005391754795
6.291724396445647
6.298725103538569
6.367374732780395
6.313553295059718
6.3275988937436765
6.257542285307946
6.266128149097476
6.324847384026747
6.268970137677471
6.291020690605562
6.228532536244166
6.257428273988972
6.1714055676477475
6.249444946362146
6.130534595266058
6.100121755113575
6.110472202763309
6.0627541131547
6.035907130134364
6.0519524811756105
6.024766661679927
6.12219030398921
5.967036285291536
6.090682708151567
5.904918677674845
6.001108340640487
5.99720266341704
5.9800589164982645
5.873538467977936
5.986933049428036
5.864852969157861
5.948731091195781
5.827557782442251
5.840465115607135
5.872228664426446
5.761489027299419
5.749638174752552
5.887115024348922
5.773553312182299
5.858913162635797
5.710758854588222
5.786654004333733
5.805243749123022
5.712608805824843
5.637855012326321
5.589575668922689
5.7157902754512016
5.560797395903363
5.698292676312427
5.536364342962975
5.668577719848557
5.659012836170318
5.563124969646898
5.538738687450802
5.492731267180112
5.602365188934364
5.416514014068608
5.532807856485985
5.571525998569553
5.540197403018575
5.519871157391456
5.522592417415604
5.401043450670323
5.347324235676439
5.4427040791287205
5.3470800737181285
5.287426755952156
5.397337091750043
5.32164300882792
5.326724240412339
5.250277524579428
5.331445778178922
5.231656152981727
5.235931087214416
5.188880704941527
5.285361991938836
5.218103679537478
5.281252604984569
5.123006449570437
5.193503416159322
5.161924563734013
5.127783291157599
5.093609266652338
5.0240698573848634
5.097273956937934
5.04256016025635
5.093322715130373
5.030653287493382
4.978580449179387
4.939221906927159
4.987142875750631
4.952783528789617
4.915429653720604
4.994045394274108
4.963747672109692
5.011059656126925
4.911169924709455
4.859448464855192
4.8080607567069835
4.88419709010479
4.917167330039579
4.912886162868671
4.887145737067463
4.817050858226752
4.789902518063223
4.698839192865116
4.720775514478964
4.767326173592913
4.6682262378464285
4.721441395700169
4.718457146223941
4.746012620334908
4.634432330508172
4.665988068631841
4.7129565397755755
4.662891774802868
4.557211338559629
4.593759799111514
4.5487700235100075
4.640646543490331
4.593502471831056
4.52284424221797
4.583486986088435
4.449119004798908
4.588838258171252
4.427830508395014
4.460431099461886
4.443815774971653
4.5325280966587655
4.4492041629687815
4.379704085711016
4.443745462287761
4.3995629523225315
4.475027055975343
4.352377441115013
4.3405506962392915
4.410466980406449
4.361587545361266
4.341411050834892
4.267181373774988
4.3412486531280905
4.199532798389606
4.192084388169188
4.198711255112223
4.206698499260511
4.243412913050586
4.298489541175659
4.2990567164743885
4.206148341914688
4.16195572610746
4.113362640711195
4.169425116732837
4.059375157366944
4.05708040975064
4.150990215512241
4.069829121681642
4.09934770053492
4.115173988135786
3.977795396139923
4.136931834369082
3.9695036724374075
4.10770668440466
3.9342685051406825
3.9333696063322163
4.021863549729984
4.005410123664525
3.853371566992585
3.97164815306695
3.839427152144569
3.8410070360084947
3.9200276038481916
3.9065773724141337
3.786809813922625
3.8452922405504757
3.819846729309199
3.8865280405226375
3.7713098499186244
3.9001572058273486
3.7225250622776884
3.8180958559240894
3.8012163208080865
3.7716246539635248
3.676467574982771
3.73081346046
3.7388851269285306
3.7902729414584946
3.7078876452630074
3.7089783689935674
3.6772691807117983
3.6508406518148404
3.6576239017555956
3.5730034844966774
3.643961792946655
3.6975530592261396
3.5989617823264344
3.5244942465996028
3.5526848693360513
3.6451084115994066
3.4595443361890608
3.470572020183657
3.422785378782535
3.4087043648973854
3.4181061821495695
3.464826515526878
3.4183667866876704
3.3592637917647146
3.429924053128911
3.3960281722581027
3.312677938881788
3.4221087992202306
3.4580041023371417
3.466503798413693
3.406359044930936
3.4193637652733564
3.310099972476846
3.3157264679749843
3.228778866910377
3.2238376531695243
3.275330807477978
3.275649952393474
3.255019718587354
3.3319695094744777
3.167172119805932
3.2855869584101285
3.260323819814076
3.2634886162521197
3.2643575131873357
3.223812895308888
3.1599748168521473
3.0620376081355296
3.1876197615917023
3.189321712015957
3.081621981882624
3.0958432268890173
3.0637136216857863
3.1568391008537686
3.0816931038758653
3.068935398797143
3.0395549114726443
2.9605717647235794
2.970269489707549
2.9303137956345564
3.0444715125314135
2.9104357055858907
3.008820743548259
2.9023593675889727
2.896336977873265
3.040379990494326
3.035505405267961
2.998906913486807
2.9689973791967392
3.0004610140948142
2.941204535431375
2.7884851884528725
2.8447303951993703
2.765758159271929
2.9194692222288374
2.7931026443360207
2.9200328961021955
2.7946547275159124
2.863476207303087
2.7672281504314777
2.8744603931998554
2.7650595459002187
2.678886358822683
2.7824796891512107
2.709772623747189
2.7334659464114552
2.6674098029135864
2.775481451794448
2.7723043351640246
2.6570188992778454
2.7272464173216417
2.58234500634068
2.739358844342801
2.665540083642732
2.688049395679001
2.582227496499564
2.6753516654480465
2.6072790531785155
2.6803327093833005
2.639964226262794
2.6578637712298088
2.4785134428874165
2.472745789130907
2.4962426726954043
2.509867849861966
2.609834147662944
2.5169676526714486
2.587525760030418
2.5636300794855598
2.5178602527476914
2.4741726326155433
2.4620149058112064
2.458140394111954
2.3413634905637983
2.5117804567069153
2.333864792493029
2.4945444173492843
2.3585145238536955
2.4698379351858595
2.4173270066081263
2.3529251525790738
2.4056721125297496
2.4393393655963203
2.2624900561658805
2.3614076327577407
2.308082867902887
2.318757841805385
2.388558130798084
2.214724478698308
2.3847313267657473
2.3626296494828907
2.305254991703034
2.241071178432002
2.288504161227772
2.2242952885151324
2.1608648477317955
2.1630935215356164
2.1287949059250773
2.2958989137757437
2.195927878928073
2.169997852288486
2.1701238975648875
2.0894833301940494
2.188029892389125
2.1813895147141027
2.191777394601842
2.0278991220339964
2.192770678502362
2.1231522543050603
2.0826246108542676
2.0833430847311942
2.0558550470294845
2.085743174599685
1.969207163964525
1.9571908358732715
1.9585072526691558
1.9931841653879365
2.0592924530502117
1.9375831655280862
1.9397042033369993
1.9239543228149647
2.0473191863346876
2.0638252185867723
1.970390679791893
1.9654905393966873
1.8715763685699611
1.9857806862699108
1.9889371980514723
2.0139881399208317
1.8953114948053382
1.9316356940120567
1.9367396942969324
1.9757003694785926
1.8608631587257691
1.8334815706761032
1.7848733619985953
1.7755202396968248
1.8501691198091474
1.8348156470558339
1.9167719735346405
1.9270802464934194
1.8820542287378448
1.8419730941044015
1.8257087398438383
1.8572318221217408
1.704348406138863
1.8666925992720689
1.8676084462989928
1.7482653753384112
1.7833558399280005
1.8127451896601656
1.8376913359409053
1.7276467625918916
1.799363493280973
1.8077109126657092
1.683715219470222
1.7194559037298927
1.6665714579478856
1.693222531433231
1.759539980587974
1.7658907090247495
1.6005189750951523
1.6599676354549728
1.7163122241621833
1.6897334849116898
1.5619312798716014
1.6072228819532413
1.6841144410661384
1.633903552782818
1.5419133373346674
1.5509364335690965
1.6103303364145083
1.652569615520979
1.6405887750017205
1.5494782718928042
1.5399553004886408
1.6279757668347283
1.5078226488887512
1.5119402383460696
1.4448992494047717
1.6316810992114108
1.5760564387604223
1.426084335757699
1.5049494274391533
1.578401619888625
1.4498988684281038
1.557379382972429
1.4697459462921665
1.4304635048503127
1.4583292881957095
1.4192186385472945
1.4553610153334087
1.3714200330047759
1.4249326370749196
1.5149856773497312
1.4747910142820273
1.4116801170988156
1.3505780601887682
1.4791444197330925
1.3283208441071928
1.3265914446041664
1.3816778960361236
1.4600477848362088
1.3186603279749844
1.3251588404985322
1.4441690741356965
1.3295715957111023
1.4116271042341022
1.4332305516967865
1.283386456918182
1.3422893560146352
1.352197465415483
1.3875546075593
1.3592364630822193
1.3085302493881237
1.2097468436851195
1.199956602621063
1.3165779185498878
1.3191643158731305
1.356687655201022
1.2960452621240959
1.2783788346189666
1.2612137520395186
1.195695780529531
1.2201312413878047
1.3119873597084188
1.1924421778667278
1.2413743578139815
1.2866443768437075
1.286627806302136
1.2014304725044858
1.2988692863210836
1.1724781053125464
1.2750100554403956
1.2733217463445845
1.103071284396976
1.1708678431826594
1.143873826479
1.1754252774163183
1.234797746463603
1.066375977644322
1.2106330405064132
1.2217951835745884
1.039136473012
1.1751814204891244
1.1676696129107482
1.0224772150020474
1.0342126671016163
1.0459449878989102
1.152460196119375
1.1353953388356393
1.0007006400227765
1.0671218656762835
1.1823810706311013
1.084129529756419
1.1197880974371297
0.9895490816111383
0.9909621691897763
0.9688266790649708
1.1461209577379778
1.0359047284107779
1.0688714306262348
1.1296863039408707
1.020493984411235
0.9792436595904306
0.9881308044349997
0.9295417326364287
1.026231956565423
0.9417354852030482
0.9705998000564978
0.9293804571967256
1.082357750488145
0.9010801934216336
0.9224292996321192
0.8789169513285141
0.9967394992299748
0.9022270426984512
1.0372333348182954
0.9262688927239328
0.9079499562105738
0.8779607478675707
0.9523915880894605
0.9811543284111702
0.8826823244608729
0.8742846587981323
0.9075159174008396
0.9019158502541449
0.9518896768440688
0.9000036609815021
0.8156211747366683
0.8774984491580528
0.8607119138766064
0.8930346208373575
0.921655156732863
0.9265416128141784
0.8422799395141232
0.8268095450016614
0.8137564032429846
0.8521926698930442
0.887115427972239
0.9139314355547001
0.7740279077565312
0.9050306611448248
0.8602829083507679
0.9010697220474143
0.7895427309157592
0.8632712250811629
0.7700455948506012
0.8847968672922945
0.9038291486868686
0.7419841759082134
0.7920819181837527
0.8553315785183937
0.8275223913622283
0.9000535862245154
0.7551284644170901
0.8731677080303802
