0.0007631228654352344
0.00091928580515585
0.0017924546189973752
0.0011786365824548695
0.0014354178373192602
0.0011690800801678232
0.0015560516027228923
0.0007219247750261838
0.0018113950215477728
0.0009039118107206134
0.0010659525882971185
0.0007743697986331826
0.0019230061295572316
0.0017024864503207367
0.0015872186811104732
0.002240484576301883
0.001490315635974114
0.0007074752249901313
0.001074533372139059
0.0015915521429783423
0.00143075120937117
0.0012727759674906042
0.0017297763488362998
0.0006825733339048036
0.0012727396655451801
0.000852645812296327
0.001804651237186565
0.0011666345948177837
0.0008793100864838707
0.002068389531102652
0.0016088046244137817
0.0019798689595824366
0.0019114667461446373
0.002161624223547349
0.0019442130111475945
0.001500248138498164
0.000781078223062554
0.0024252465063853306
0.0008285739678099256
0.0009407666982896193
0.002064983333139887
0.001209715016016378
0.0009669862090771396
0.0011772049214835803
0.0014996685638117698
0.0010515144800740098
0.0022861396836685276
0.002239388995875054
0.0011840957249990747
0.0011310929444831497
0.001464448370593588
0.002510821713579905
0.0010706927070378886
0.002587614917304228
0.0011436853500373463
0.0013784844106852088
0.0015174031887706444
0.0011583367626076821
0.0015907779005505185
0.0018860483671592997
0.0021214211159997537
0.0018297364475880129
0.0015160120891180978
0.001767734211060691
0.0011791848830796595
0.0010098326878440307
0.0010510601713378915
0.002499401297274005
0.0016785521972279727
0.0016380115793167315
0.00218410433310055
0.0012406557354715817
0.001604473664655102
0.0013172773282020022
0.0019204088276595526
0.001859096744471982
0.0025848128421644377
0.00238163133747165
0.0013048504744930089
0.0021438765999041713
0.0026419706261698473
0.0020955863950869002
0.0025700943687157877
0.0011930208632429792
0.002917051691865171
0.001941934143868619
0.002001343818109312
0.002232693246273331
0.001879103446137182
0.0016053810797808335
0.0020356607486048807
0.0017822332601571298
0.0012564848016037651
0.0019899234711013942
0.002183604888387581
0.0023118806957236576
0.002297327927894792
0.0018507866128757164
0.0014446933747725328
0.0022782518074279177
0.002411454391936229
0.0014286889326712107
0.001607018535200519
0.0025760123229840366
0.002464385676477351
0.0026324866082281097
0.0024685469091838487
0.0021693903656679475
0.003095536361651787
0.0027209310566839798
0.0024780967579334486
0.0029038145298155163
0.0029827978084279584
0.0021549351378842823
0.003083616343448819
0.002181700822346236
0.003284083882269131
0.0031095675536458815
0.0017685876709238788
0.002701347148331164
0.0031074414319681876
0.0033263921833798673
0.0020201136376888536
0.002113255629472601
0.0018736299660074352
0.001859823539219871
0.0033467642255505746
0.0025811725572105993
0.003265503038341026
0.003107708030065144
0.0023186039177213185
0.0032354167476099107
0.0019211648750718758
0.0028349674698330096
0.0020557863920837695
0.0031886333693798654
0.00262954297924991
0.0018422607076928933
0.003408007068287098
0.00294754068539197
0.0027384309932780414
0.0029281754268500075
0.002891802226619448
0.0034252397835025867
0.0019736178362239447
0.002277982735730744
0.0021912930295388228
0.0034876520501455417
0.003605584289807658
0.0027965413138963326
0.003051038266252963
0.002841617654934738
0.00304216543287158
0.00213926079055157
0.003596454785518063
0.0030847435888491544
0.0027116841235709714
0.002337990932522761
0.002901711836379517
0.0024442280899649844
0.0037764660039734397
0.002593108338822373
0.0027020962103160746
0.0024612413071833364
0.0035258265356181186
0.0027733854247621276
0.002752299406926943
0.0034019746176035884
0.0031303668800183766
0.003606453566798105
0.0027798105942593073
0.003967521792573851
0.0036716513191590487
0.002697963805258332
0.0028079609298229118
0.003154234939878321
0.0035685750035471687
0.003332435012841597
0.00290860412479041
0.0028242115426588975
0.004307270746584346
0.004282951894469624
0.002599461739737172
0.0032962330180016045
0.003613309152389335
0.00305732960890699
0.003424203883179264
0.003971198326375225
0.003676461145294669
0.0029208971165176952
0.0028421880797448616
0.0041152006202674445
0.0031816644334624494
0.0039125038528449495
0.0032482045664701986
0.004142428404920149
0.004096996642482785
0.004546632039171992
0.0033881514527389577
0.004028378774217816
0.0034564994817098925
0.003948827971335161
0.004206736017020259
0.003962450690770391
0.003908192954409779
0.0037157510950503263
0.00330409358269344
0.004560186656641604
0.0037261618387458267
0.00373379046424497
0.0037407697508726164
0.00327120423354829
0.0036847191718731532
0.00460120084885966
0.004761047054697916
0.003751250865008661
0.004609246013781543
0.004179701109536474
0.003839290802978358
0.004405024916355914
0.00391491092896823
0.00409462008749733
0.00457544937575985
0.003673926111208747
0.005094652693367752
0.004471680407256585
0.003647116759613392
0.004841012360526505
0.005130825829183048
0.003735321616227061
0.004750930163902229
0.0037451693526808715
0.0038013704608521413
0.004467648354315809
0.00513111174979765
0.003994474079092815
0.005063167843523157
0.004462959438695506
0.005259710821984325
0.004345236110307537
0.004664036395752518
0.004900019855247733
0.005032552917678139
0.0054018758446716065
0.005317844678110941
0.004801921570874812
0.004327001821421528
0.004211470607027719
0.0048791478169356245
0.004584893636246501
0.004527030100048888
0.004694510012715482
0.005667765922409867
0.005467918030856476
0.005566733067026099
0.004994094343207249
0.005671125243164754
0.004589665271976215
0.005267794229202701
0.005193209143558681
0.005885843732591731
0.004607815507663879
0.005975899461483813
0.006293790992944525
0.004775464247292276
0.005564569059197186
0.006379581158952633
0.006168519051426265
0.004868299255660146
0.005383917810219083
0.006127823553434066
0.006635318590467952
0.005230800591418621
0.005871785049645331
0.0050659829442288124
0.005281229216783001
0.006296938008574536
0.005306349918065954
0.006138007658528556
0.006648379494618144
0.005943732167798063
0.006612797888747769
0.005747385920301633
0.006211220270240638
0.005848496965223757
0.006688827204820638
0.007052431110952756
0.006133544945150678
0.005974284209788093
0.006703101308860533
0.006395833620518541
0.006319991602113292
0.005929144201219095
0.0064365973222211366
0.0057814959077534984
0.006418771835770473
0.006546128929520273
0.006525129858345022
0.006153927623463256
0.005869191297611051
0.0073357161896778385
0.006927898095617584
0.006809733520256291
0.006502559750473363
0.0075946314049172075
0.006291514143350588
0.007126324285532857
0.007072533642568368
0.006319377383881254
0.007755662384516994
0.007931461589685608
0.007889528533168714
0.0065143809416771375
0.007157873078190383
0.006900144509757689
0.007997288502185621
0.008204221631751628
0.007142038361337829
0.006809469038684458
0.0077891038168036685
0.007930405786610232
0.007056090265673044
0.008239569298772795
0.007426440107496601
0.007439454881395225
0.007771784375225059
0.00864961812402001
0.008181377045034802
0.007640709619449029
0.007405872118493418
0.007234409035022946
0.00819333173207448
0.007626954052969367
0.008268470594568514
0.00761463924030055
0.007581876472366947
0.008921818601337218
0.007437961371895262
0.008505705247193945
0.007778560327341912
0.008706904786074299
0.007993981493295317
0.008617067105270469
0.008701748878058966
0.008873470583061278
0.008203230606644078
0.009473947127414499
0.0080156154002826
0.008394952550934125
0.008467509784591496
0.008816324399029565
0.008798867961653226
0.00872128884488251
0.00865118870866927
0.009773774453924128
0.008254926144698216
0.008296838101126974
0.008610615003802934
0.00970901958480118
0.010057538388962069
0.009504391551227192
0.009252582704327194
0.01020809997701176
0.0092836220644047
0.009557298435200987
0.009600225011592496
0.010001763935126858
0.009995245401825177
0.010293177374548493
0.010465856726513208
0.009589804293531155
0.009098760874742847
0.010072493183120583
0.010628141699591885
0.009808760890928398
0.010816074164673267
0.009824502390329318
0.010727356711281022
0.010529931510509167
0.01047053595796901
0.00961911752246292
0.010256550672815794
0.011369470472055752
0.010022183510505848
0.011454792095378365
0.010201093999740115
0.010023503673267289
0.010579061379370262
0.011678996816284246
0.011622308231869787
0.010451978097913798
0.010514878877859152
0.0115177479609289
0.010368853233608267
0.011350294050984233
0.010967802349036652
0.011362829807294694
0.011166777122360175
0.01206372545500669
0.010789690395944407
0.011373727105367323
0.011939959099559257
0.01086657768159757
0.011327105478782086
0.011310974120143704
0.012529270788729754
0.011137839345966604
0.012288165981876967
0.011862248206611995
0.011235698554706734
0.011872033414672394
0.012785862336712913
0.012670788416457723
0.012167711415407288
0.01221671227429857
0.012114128372888201
0.012137957435113514
0.012925659774322676
0.012995840382915555
0.01228536371051428
0.012541041159827435
0.012519768510580528
0.013323508425230378
0.013181560153377415
0.012926105491822522
0.012850404116074911
0.012819430054537412
0.01366461154688892
0.01352094665468746
0.013003509844090844
0.013416836389615352
0.013436429346393853
0.014198431046671553
0.0137239997064792
0.012761484322506556
0.013604437257899728
0.014096610613529684
0.013581369486949843
0.013279441546059428
0.013116967480728855
0.013636657760532337
0.014410124090077045
0.014619066463632245
0.014268243875694083
0.01437872419066909
0.013948801232524113
0.01401753688643577
0.01372386731356769
0.013660937063669656
0.014544865066134597
0.013851062853329738
0.014369264665037414
0.014034443457988984
0.014284209651843766
0.015337003031566862
0.015240624632023846
0.014968482926088262
0.014866090869302196
0.014789329639523037
0.014852006284221154
0.014444180304352119
0.014961218354867483
0.015764812455982383
0.014568614085209724
0.014658468009952241
0.014915200267275925
0.01566025616360211
0.01554072138464151
0.015921406209729375
0.01569280144674221
0.015516250582509165
0.016274553017239294
0.016895611996886144
0.015493420298480201
0.015644514199061044
0.015782695156344773
0.01686878656763909
0.015529433325335094
0.0160017841832327
0.017008237148465295
0.016464156666607752
0.0168681921593925
0.01622667945561792
0.017568781299899864
0.016403025237892194
0.016213841540160853
0.016352815430691274
0.016793504035351285
0.01657963360135298
0.017906243056696778
0.017587986978594743
0.017149879182190172
0.016770572895543928
0.017765008017943743
0.017302744420039613
0.017011516282376522
0.017432143396823564
0.01748222289039937
0.018613143947780193
0.018706119242578225
0.018617176039461843
0.01866951238640805
0.01818172578993467
0.018464349203596422
0.018515034018965797
0.017909244200267637
0.018913410991985978
0.018698505279122177
0.01793042888029316
0.018679063930334742
0.018938971082473565
0.018259939473996883
0.01819614656462784
0.019680585192647596
0.018694095355552498
0.019008098605798242
0.019997788228081598
0.019184995718557894
0.01920545238053895
0.019635204732992014
0.020041321896249683
0.018761364823347195
0.019595177307976937
0.020386555024383662
0.01912731509102835
0.020193771666056976
0.020237898402922984
0.01938867459856603
0.020303420356831414
0.020308937410808553
0.020751431244034866
0.019656293646488434
0.02120378759032754
0.020885346777159332
0.02026599579700325
0.020407707951976942
0.02159160517547666
0.019987505257071107
0.020211616682599073
0.021522822293398046
0.0210278776295725
0.022014874698735667
0.020569842595753424
0.022086292638119207
0.020680636787987955
0.022134446438315254
0.021526557310440706
0.021935208286870518
0.021127231548381382
0.020898704159931177
0.02232660302199844
0.02110484817788081
0.02256056527606674
0.0225952466455681
0.02142218612208947
0.02204679281337369
0.022580536622683698
0.02327928773965817
0.022991735226242527
0.023293683456761603
0.02194947336654011
0.022674936345141027
0.023302752309604942
0.0235472290657781
0.022247155326119167
0.023146785185014167
0.02383810629614563
0.02335343315715251
0.02267373501673849
0.022914788473756085
0.024078868254894133
0.024101241073910484
0.023363620959986543
0.02443211973163897
0.023338901923611894
0.02429031560572986
0.024434877182640525
0.024095638254130962
0.024915372522928535
0.02423315719318637
0.02502267238162907
0.02436684783347768
0.025179037195491225
0.02430034133825056
0.024550168109750102
0.023814292391145363
0.024082570182981017
0.02419665366541597
0.025216201528317744
0.025590319623054407
0.025214732246050444
0.024899926890424903
0.024495026623752535
0.024598731995850054
0.026065441409990914
0.024942004863539726
0.025550025106197433
0.02555350379374195
0.02489405046409343
0.025217734016343224
0.025724941583982242
0.025467876350279302
0.025857930559761825
0.02526627611681466
0.026451758915865382
0.026558800992199455
0.026806485615070843
0.026128717231236595
0.026304896578533705
0.025806105055667012
0.02656705306878697
0.02612492739940752
0.026175392175273187
0.026484952361056347
0.027130887126027976
0.02647904831438986
0.02707099295881698
0.02798687160478536
0.027502868236161698
0.027869514397076724
0.0278852001466155
0.027382160802712042
0.028200772456959188
0.028243811071342915
0.02771629470524306
0.027529727832172612
0.027510506876406556
0.02876108881723737
0.02812150966229477
0.027899753762715498
0.02862605411517122
0.028324887235780635
0.028606335390979006
0.028903139017242684
0.028714895697369906
0.02954823527718962
0.029559796881988547
0.028939691492291895
0.028141683332911407
0.028795971236082137
0.029248803860010015
0.02910817425205382
0.028633877050906344
0.029606243961740598
0.02994069210635827
0.028939500932240667
0.02931303338100154
0.029340385079256955
0.028976565880608603
0.02904767869648195
0.029638379561673592
0.029234822615476327
0.029207483729084088
0.030611022634173733
0.030050596063679675
0.02991678203271238
0.03073019202859
0.03132090599712266
0.030584106588029906
0.030414903123512423
0.029957379511833457
0.031238339875992057
0.03065927613609244
0.031282849376982544
0.03058532302471785
0.031217516232559344
0.031509016768843184
0.031000747903367258
0.03151737737848583
0.03175801181037938
0.03221091913181189
0.03161899984392617
0.030851967750101048
0.03198407709776937
0.0323586510706524
0.031929323716975565
0.03206017126546883
0.031905393047756726
0.03223043204245636
0.032313756236208996
0.03148583127583804
0.03153691526710653
0.03268054631185791
0.03219223373428028
0.03276383070058224
0.03225334012668868
0.0320079837926002
0.032313285949690414
0.032805222247236115
0.033006620322476005
0.03235747893366299
0.0334849461175753
0.03351743201957425
0.033274319785310515
0.03263930273971764
0.033118136631228805
0.03274185998144867
0.034111761105139866
0.03393315565905649
0.0343993384332042
0.033448506782379955
0.03434593868464163
0.03466854400355769
0.033899468850596484
0.033136859202735396
0.03443559364782735
0.033937556174046236
0.03362850903190179
0.03420291474466566
0.03500278280258573
0.03503735169806975
0.03524357804293104
0.03507772955385437
0.03471382975862588
0.03429046944304861
0.03455467357605708
0.034414121856167816
0.0357787773649561
0.03579170952753624
0.03422569275084182
0.034921947755622754
0.03490021856655176
0.03476748264165852
0.03456220091563948
0.0352328982676003
0.035863095269150935
0.03549856162008233
0.03479531804120788
0.03500143702172244
0.035753111887936194
0.03601301148706401
0.03587476105947487
0.03622356258458938
0.03511152343214633
0.035263783844615336
0.035362558663308966
0.03608250971592438
0.03615246770207285
0.036728692788448404
0.03714792102422109
0.036808102545797645
0.036619975380534034
0.0362602971596916
0.03698664490385714
0.036658093253150933
0.036590373440528276
0.03750567034362832
0.036778062165847086
0.03617347941607314
0.03683514379749173
0.037401809828903516
0.03719229220366461
0.03767452003585653
0.03678439174108297
0.03724781627271377
0.03738338028988596
0.036831282558050835
0.036753230355965116
0.037112413038797414
0.03810910955611224
0.036787779734958594
0.03858404199985556
0.037594746123022056
0.03786003614050322
0.0382369515387059
0.03817746424706147
0.03833470228437149
0.03720070280176519
0.0388417319168681
0.03810087987096504
0.03888570672489072
0.03757570768951502
0.03890850011645425
0.03784018783070977
0.0391762832801417
0.03810719578814956
0.037681747822641755
0.0381207683365515
0.03902300508529122
0.038222332164111396
0.03940744185159862
0.03951679325441933
0.0380353541954149
0.03971262375272699
0.038316730143086127
0.03921611928763536
0.038437023432267334
0.039489839559105164
0.03875530944692462
0.038573350658305486
0.03858680156603515
0.03889259190504857
0.04010760056105983
0.03937314759228573
0.03991349236554923
0.039287579195495276
0.04017640572097688
0.03899188468400469
0.04035114333860567
0.039355116188176636
0.040590622795712517
0.039171549310162854
0.03944060235692727
0.0407001221745335
0.040096859615681046
0.04002799225640049
0.039815160554011526
0.04084388663031957
0.03963400359607251
0.04057119327308786
0.04070929640512409
0.040528380701191184
0.03980016370998105
0.03948381357711325
0.040440676286783814
0.04105192946353916
0.040708483691476706
0.04071701165091142
0.04124800610616104
0.04065047753711786
0.039852882009510274
0.039998206622319406
0.04065407426544018
0.040097600964862264
0.0415056604608712
0.041311345197795994
0.04048735586614698
0.04034200579599457
0.04138122358208984
0.040081914935350384
0.04155072776711693
0.041000403991217564
0.04167890689852695
0.04058403784614537
0.04063631903483824
0.04063634715366335
0.0413019843258184
0.04201750194178473
0.04164483666925067
0.04208170205344312
0.04168546970704477
0.04047026810261837
0.04046369147330575
0.0417592022020956
0.04155735022866595
0.04143709336110421
0.04067548222909707
0.042030725697393224
0.04060063921791015
0.04156169882532112
0.04190594591351529
0.04109261685000118
0.041949205167622745
0.04239216308733373
0.04144827096183448
0.041409829742137486
0.041863779831645576
0.04167480698928029
0.042133469684393535
0.041854366855201296
0.04229647273938402
0.04209522503867937
0.04169246702423344
0.04124554329952006
0.04102945607202081
0.041780689087280956
0.042063246984002614
0.04169032043406369
0.04106371436132548
0.041079126795840026
0.042736460031963686
0.04115144522052993
0.04208307238922885
0.04119753564520768
0.041912072742398304
0.04216063993158331
0.042001360213536565
0.042458194486972245
0.04230078194892795
0.04209979943685994
0.041816106720767854
0.04182487500148972
0.04220425930961166
0.04182295230116303
0.04269106905939418
0.04138913490101372
0.041927091655559065
0.04179472482578431
0.042508380711132276
0.04255665597568919
0.04277872003004656
0.04179442293887829
0.04296393959744342
0.04274331947482331
0.04241754456120299
0.04196075248628251
0.04175079642749393
0.04179112692959478
0.04284538128073058
0.041996962962469374
0.04265876448039908
0.04165876450850758
0.0422783305607595
0.041709326457376246
0.042626973065657575
0.04320414379967146
0.041914778723460715
0.04320648676277224
0.04306778556166853
0.04235744217437846
0.04268513999386762
0.041887968212494846
0.04148187163683423
0.04230630712064573
0.04285959226254119
0.04299050646418564
0.04223020074465944
0.041761741053551654
0.0425286188210666
0.04319329504205636
0.042763400943337
0.043179559977075205
0.04277624957853514
0.041788543065694704
0.041695765436603735
0.04270549971744759
0.04209890807726374
0.04312415367663583
0.043154102490629155
0.04196105209454752
0.04142400371990951
0.04251705732243781
0.042705142939200406
0.041996563001450764
0.042707139021329374
0.04293597890316186
0.0421228794157644
0.04169281903032874
0.04281141293691071
0.04233337918627441
0.04161471613608433
0.04294717221161561
0.041279297955885697
0.04247062700950997
0.04145465095337074
0.0419212173875793
0.04243981462990207
0.04140492583117989
0.042191869575200325
0.0421209789433217
0.04154734601615529
0.04264492577556804
0.0428559660644851
0.04154137838887733
0.04159484507109159
0.04123246578660046
0.041043857747070145
0.04256925145661972
0.04262328146292538
0.04187648892284595
0.04140761429552829
0.041162735591963893
0.04157577597850212
0.04158813827382795
0.04175228903624362
0.041815786390003065
0.04164946919460076
0.04251542260939324
0.04082039909227429
0.040934476834108564
0.042310109842267705
0.041125187517514115
0.041184215300571966
0.04109501355300026
0.04170279362814
0.04152307918171417
0.04106479110733191
0.04113377237163099
0.04140067665425106
0.04161551385151357
0.04158922200952176
0.04061014936664846
0.0407823678940674
0.04107492551747708
0.041604533089356535
0.04157936206461898
0.040657487720782724
0.041909548080705857
0.040373116900501604
0.0415490391373659
0.0417782759811317
0.040271363777373975
0.04027443913171314
0.0408095397911174
0.04143722430118811
0.041476645929337544
0.04032837818725055
0.04059473605353659
0.039962512448844974
0.040095592526044874
0.04066981728837429
0.04075374191073084
0.04143568280412431
0.04058353155589675
0.041117694212393543
0.03967390481382725
0.04000537612313615
0.040336253166694036
0.03992933279217098
0.03999278249653332
0.04097432121939671
0.040287596053956265
0.03967878308049535
0.03959688789561008
0.04051328025790667
0.03973075790846339
0.039431822890907305
0.04055651727675862
0.040360144427057466
0.03999031399564172
0.039064493434713576
0.04002181102786196
0.04038921305535271
0.039730594660128286
0.040114762320418496
0.03944125293670927
0.03996599154869443
0.039709540919570956
0.03863703310054245
0.03942517242106141
0.03917136814384189
0.03986573802499001
0.039177190161172805
0.038658831900143756
0.04002320014292911
0.038656854882836406
0.03894062472290951
0.03878559848535195
0.0388545754744985
0.03853951793121757
0.039283490545302356
0.03909449350677522
0.038675232596704676
0.039065142660179276
0.037878185965491695
0.038298701050454395
0.037731178215553225
0.03874595019251914
0.03849985799443899
0.03834133744266173
0.03818949570402797
0.0382108224580522
0.03872123219214167
0.03895975703421777
0.03901738374195199
0.03766209225027768
0.03788179392500067
0.03823491708355808
0.038221078268082194
0.03843318242667572
0.037411221959030995
0.03780838072943288
0.03849467265276867
0.03690351789972717
0.0373668806385106
0.036696995019067126
0.03796981029919035
0.03757667049860299
0.037744135244996146
0.03797002754017258
0.03692385362037364
0.0368672078488165
0.03717550861217649
0.03785478596357855
0.036364366240619436
0.036730512436843256
0.036600564476963346
0.036993836040746124
0.03759180729233967
0.03587782363291282
0.03716696850138898
0.037428201555911644
0.03636131899952673
0.036638796240342886
0.037166613992989546
0.036570871545456546
0.03696457293024627
0.0362649225541584
0.036556376346461535
0.036108004673213775
0.03599320854734548
0.035908259400995894
0.03551038444497881
0.03521946243777981
0.03606724895518052
0.03609086256354228
0.03507967908524306
0.03515257466179549
0.03626522551702353
0.03587790590320189
0.035389224209541915
0.03565763765997637
0.03552152591360164
0.035448337064570505
0.0354834519231134
0.035556695424438456
0.03447277460663164
0.03471105055705553
0.03464913430832682
0.034294647130763606
0.03410985384562667
0.03375240742933167
0.03533758399121918
0.035213693925773976
0.03493047283825706
0.03408422461023089
0.0344186526654683
0.034291740819696666
0.034595788592930325
0.03417774265083861
0.03320993622511486
0.03416678836334606
0.0332405655269389
0.033163658306939486
0.0332456700544039
0.033414042623225865
0.03281218626490847
0.03264766692926179
0.03357458500922304
0.03292561747105079
0.033029833008201344
0.033726945631285164
0.0328380842334864
0.03317806816161277
0.033123393066605174
0.033450129113474905
0.03191366232078129
0.033254850586929924
0.03221215510975213
0.033034288813080605
0.03219753470924199
0.03212936966990577
0.031551909735306714
0.03200176984965827
0.03292371203270747
0.0323623667963086
0.03148246666073596
0.032775473805296225
0.032149162934338185
0.031441899254463765
0.03231681903548725
0.03240203454144849
0.03157950253015934
0.03193215195266826
0.032193086834941466
0.03115360544807546
0.030733057165061698
0.031204324103774876
0.03166892600590243
0.03067729448901411
0.03125187697004041
0.03018031561002801
0.02995421785803826
0.029979228197973905
0.031097988642694318
0.030349514619756608
0.02993637856564911
0.030470585498553117
0.029991747907553632
0.02947400042416898
0.029432656383528474
0.030849827856586274
0.030044709076705596
0.029044003701932195
0.02947020473772024
0.030529093363474754
0.029849130929104975
0.02893817711126331
0.029773188649623226
0.028776261628316792
0.02932244928911258
0.029466793503144552
0.02841019984952634
0.02950547784646689
0.02953313144250169
0.029089561157066318
0.02965426471696482
0.02818836303596698
0.027932911836290698
0.02888826300787616
0.027685994736255576
0.029337854876303027
0.0285811641618226
0.02840910501817112
0.027793664476220187
0.028544345725256368
0.027400268685120778
0.027572118122917974
0.02712208724255319
0.028272738532502353
0.027674250102976656
0.02821813331746299
0.027997869762398056
0.0273944376817391
0.02680890018561653
0.026585897316871734
0.026422966147231313
0.02713011167275588
0.02738722474804842
0.026703679609328
0.026879428385913402
0.027457289873605396
0.02604753847397592
0.025944280763693296
0.02679590194692218
0.027111713750717546
0.02658152111132676
0.026027378919607293
0.026393592956137
0.025893071148032992
0.025860164029439903
0.025245239402358503
0.02554981194948175
0.026211484523604403
0.025106274971953366
0.025220644031641055
0.02487761805607845
0.02550258388825091
0.026295346375642823
0.025970718143630642
0.024892038552812624
0.025928880938061474
0.024879117737605115
0.024229004893067355
0.025307437565182177
0.024338337069012117
0.025387953791863527
0.02478462782481137
0.024110264453332943
0.02419838225275162
0.02473885401984342
0.024521249363992182
0.024122856325769694
0.02502279347324243
0.023474279755853943
0.024636208334913985
0.024729815366846458
0.024512720437612726
0.023660012673100056
0.02331832485373157
0.024267850611528356
0.022824017527979332
0.02290822923076749
0.02260402865528224
0.023684947509755843
0.023394544300503067
0.023515147997357513
0.023636519319969445
0.022233081159601962
0.02284330733246661
0.02246293407974562
0.02262042168644621
0.023154443528841058
0.023296766772374
0.022810216464918716
0.021788524587579575
0.021673837587034662
0.021920959643178795
0.022137028537451964
0.022038640001163595
0.022968807788631338
0.021335460235022054
0.021195632876103196
0.02222582141220392
0.02109311424460117
0.021900490240907615
0.022070772119671827
0.022175262698905008
0.021976648297846166
0.0206138058346451
0.021029957721173317
0.02198754931794011
0.020441227617532746
0.020616003098162035
0.021561956667383676
0.021169274330079355
0.02136556812971947
0.02062017782489871
0.020436692656524414
0.02119558517463303
0.020071408004881323
0.02094542747755979
0.021031482796273576
0.0206115190522749
0.019908772334127117
0.019356616635312712
0.020605267360932048
0.01943952227514806
0.019031949657934567
0.020360170556641285
0.018915409198459146
0.020444019502546838
0.019156520007324648
0.020123404385129082
0.018590778238547295
0.019176493264774663
0.019281328523844378
0.018366465765926394
0.019346075645612606
0.019322941408349288
0.019657745307744657
0.018724204428281172
0.01826575631439678
0.019283227116839576
0.018237810993213872
0.018266216420900774
0.018438544694400604
0.018607160141555223
0.017668789954418306
0.018109396194214773
0.0175344665070965
0.01800790775540029
0.018158401258862606
0.018800361161738444
0.01706783645861986
0.017742272838113148
0.016981957160956043
0.016878326402772245
0.017051958872683754
0.01804351238934367
0.017156143999775882
0.01724328011868285
0.017942983099498447
0.01758348131598344
0.017227467306615243
0.01628186725331735
0.016511972556375727
0.017737610958996057
0.01755816150988
0.017030816478719606
0.01715838922794917
0.01744145040106661
0.016525778532387184
0.017283724103102496
0.01662340924045592
0.017087251006158977
0.016721510895486034
0.016999572069487334
0.0157270572053547
0.015531727244963203
0.015938990694721978
0.015687856680476696
0.015196349333482531
0.015089782846892847
0.01584532562040453
0.015155572332785399
0.015041255148525558
0.015399633163571281
0.015016341385278251
0.014706968843187639
0.01597311804376828
0.014750550638758058
0.015505688385332526
0.014673740380348733
0.015277231830249335
0.01542310148071746
0.01579543848074094
0.01558224043717446
0.015476060157893141
0.015199893378289987
0.013940661493010185
0.013922484722269502
0.014358637782988067
0.013699376508467821
0.014003746478565997
0.014808033932559523
0.01447621815731495
0.014595855444291622
0.013996811730905228
0.013578764994113746
0.013895532831952117
0.013610490787118304
0.013199632010855278
0.01391858293935458
0.013465644281534763
0.01345240303805823
0.01368910204370825
0.01398828127684361
0.013020453530044827
0.013022875432278144
0.013724260793019735
0.013266111927961653
0.012863066216710631
0.01377567059018161
0.012616872407974156
0.012819120888355354
0.01222164761156522
0.012511517149443836
0.0137806965816814
0.012796882674957452
0.012604643269584328
0.011977531044086456
0.012792316953836381
0.01189398653256964
0.012294635702442673
0.012019516956169447
0.011763356297380137
0.012993745832191156
0.011878875131032144
0.012260767797091477
0.012951263075476532
0.012209186974522517
0.012364043889434982
0.011185017122338735
0.011973606437536704
0.01184472639028054
0.011972697771518735
0.011351103818286265
0.01170058100014501
0.01137269233875604
0.012471841071822741
0.011220931486202124
0.012384072859321417
0.011441556198686786
0.01100307433565799
0.011082232096933757
0.012019896725189086
0.011632791381699484
0.010952718722187761
0.011021684248236316
0.010301198201211321
0.011249445275732349
0.01157242435960407
0.010120201061205017
0.011497452262344308
0.010880361183299398
0.010672112640860529
0.01063183353893835
0.011372956021867268
0.010420172101445743
0.010348675827425794
0.01004818677326752
0.010709432854272234
0.009500788138608211
0.010032747131688231
0.009855769933794
0.010254288049554238
0.010740191276629072
0.010405353826598036
0.009597641834831125
0.009801387483908687
0.010430506919808593
0.010737220589418764
0.00969972176256361
0.009144689369065522
0.010392806129795264
0.009633953082707246
0.010228897451435001
0.009342584746273733
0.009892606589448632
0.008911196701386032
0.009703832713759217
0.009109176996799145
0.009111992909250008
0.008559424616386492
0.009848765211842239
0.008769304885816865
0.008799501938265201
0.00963578795736307
0.00920836725784561
0.009725540275624039
0.008623915591267737
0.008957390235694928
0.009331750489291435
0.008722315696012181
0.009300696755086607
0.008056677971058022
0.008724439949343271
0.00808975616476005
0.009486062250399172
0.007814949868523935
0.008319331839511755
0.008558996014346523
0.008946141318678238
0.008131641787669617
0.008446558928733321
0.007579659181380097
0.007619497418690038
0.007352509104876916
0.007482137227802371
0.008070669874167711
0.00892427191161384
0.00786735757227195
0.007166090923155998
0.007398170813616423
0.007265123574599086
0.007818367701148778
0.008437160843518027
0.007382800574189667
0.008308184591370478
0.0069103135410968665
0.006921336974532124
0.008432785625430175
0.00825063564840534
0.0067348819214983514
0.008048061887547817
0.008121223702085026
0.006877814229836247
0.007090660044893335
0.007178610686002576
0.006976624819846075
0.006860774969974964
0.006899971969517004
0.006452552396248093
0.006721951907813456
0.006612071559078024
0.0065378287009534965
0.006410896620885619
0.007502123857427129
0.006536521345195453
0.006377557994657052
0.007648630293111843
0.007252702991409075
0.006032980656369861
0.007040964982057391
0.006319489611493816
0.006293624311491125
0.006181011274668666
0.007283019458577147
0.005753715928521859
0.00711828770158587
0.006899459647596726
0.006098430522247839
0.0066236388269472046
0.007094834955265016
0.005593206421784084
0.006348471462310969
0.006646597137408009
0.006682729981586735
0.00580250483415608
0.006813554176952532
0.006466532578569954
0.006340824389911666
0.006592866531300494
0.005921254201880071
0.006599218635793609
0.00640130373530445
0.0067674648984261026
0.005398990419455722
0.006511853257902724
0.006342487536130982
0.005898910931423307
0.006243427604045868
0.0052281647729638244
0.006248420851141002
0.0049553187232526585
0.006409064324785591
0.004741505625502774
0.0049119389849582
0.005632378493973463
0.006003393119408909
0.005390741383406278
0.005726390598818142
0.004741050247657512
0.004599372830269005
0.0053418826815561414
0.004953768431269973
0.004782386819341579
0.005856785831936964
0.005805529742065578
0.005797896868654588
0.004891242936743359
0.004566836532801648
0.004411039828970332
0.00595995639209588
0.004296150073180981
0.005907602857186823
0.005700068014823726
0.0050935671901376515
0.00545812193229783
0.005171129551404642
0.005228311289355968
0.00483647251188824
0.005046963483889826
0.005392387322285119
0.005645689490428366
0.004169143182136803
0.005054435564938199
0.00544818226887731
0.005089503755487804
0.004529490683015098
0.005334397021061568
0.005405906612595681
0.004579403509226762
0.004295664422578891
0.004230994558698107
0.004411234865278158
0.004792032939359655
0.00481300636797045
0.003678882441079358
0.00523101027914476
0.005148627611677218
0.004248984071011609
0.003467616693976754
0.004393836289091974
0.005095533765437722
0.003753869914524379
0.0034088824513522
0.004833562864907493
0.004465198968829547
0.0037636300221968936
0.003441244853843949
0.003708109314469206
0.004419024372931181
0.004615940802505117
0.00391369219998053
0.0035582586539470583
0.004511538479166748
0.0038333910902236677
0.0037884092927179228
0.004148218416387192
0.00441215842390939
0.004714734487055395
0.004673463112251082
0.004030088985971314
0.003029616146382344
0.004315668592269012
0.004014843924969151
0.004380686822212836
0.004181895638008632
0.0028421189367295835
0.0034084715459230088
0.003077975565272876
0.004173556123940718
0.0036354680006652337
0.0027803534146914164
0.002702107403258341
0.0043356474087266695
0.0033790283767934147
0.002656918763897992
0.00285152968525028
0.003765579066659077
0.0034910040365054
0.003991615187139021
0.002680816627840308
0.0031133526163668757
0.00289048849844912
0.003013701334996811
0.004137292961835891
0.003653335454356116
0.0026955552054996434
0.0025736228262356947
0.0037782370227862796
0.0031436621796366595
0.003629740195224388
0.003913784759357711
0.0028335637411949725
0.003676377474637001
0.0038865077432462675
0.0030522101409290034
0.003813496924117305
0.0024339640852960335
0.0024157832681339906
0.002817211343540452
0.0033501172909211592
0.002902459653415956
0.0025407944962516165
0.0030061175918850488
0.003128830899346356
0.0036810251379464933
0.0025792080459877396
0.002785806595976531
0.0035461284672088406
0.0032792260610363254
0.002972738899426828
0.002669578463573943
0.002609032772895734
0.0032427671411454093
0.002711649113100787
0.003240516999060114
0.0022693939187510433
0.00318884872708298
0.0018847589781913656
0.0029557678447084527
0.0026290712181765213
0.002437391717570253
0.002908544381827515
0.002063049302090541
0.002951576820463531
0.003366772094704506
0.0034101469734737207
0.0023366243082668667
0.0033665979133438817
0.0028632835299824077
0.0022615870613364084
0.002503651343007548
0.0024843326022003643
0.002405096302684281
0.002413289638121724
0.002660067750208734
0.00286736204270072
0.0020572274851265128
0.003170061750562738
0.002867353866576486
0.0031558740994736476
0.002560334794032778
0.0023330552909566937
0.0019323721875520506
0.0028960552796563122
0.002271577015940693
0.0015820606345587993
0.001586320426357288
0.001954451280613868
0.0022686512749928067
0.0023799572130601735
0.0017925720360382547
0.001974143523553216
0.0017799031314977578
0.001412976237677097
0.002311888530669767
0.00255970878481734
0.002828725736556158
0.0018715749208189812
0.0025367381523208232
0.0015461036023176945
0.0017620223159650992
0.0022073515539429733
0.0014652349772767128
0.0016927631754795774
0.002255921317873374
0.0028313472597018574
0.001786960737395195
0.002376674903466365
0.001768946196960268
0.002091375930567288
0.00260382949965689
0.0018563988385447978
0.0018584071452086843
0.0022922415466274
0.0019516783289774146
0.002229682626494159
0.001575375632436733
0.0026908853614869715
0.0023330617378657065
0.0023508874003199016
0.0022038260515821048
0.001916973450384829
0.0019380113917736386
0.0016890293419421411
0.0022243997361725085
0.0027189807264125063
0.0011281042510774544
0.002208574177755215
0.002229282272792046
0.0013881726136170936
0.0018375970998836591
0.001163277934499803
0.0018834039138128276
0.002310986768861482
0.002488772844168077
0.002561027696349289
0.00195768694909704
0.002075485444758936
0.002229858104030711
0.0009401301833780955
0.001730132114955347
0.0013961762607862442
0.0018354261185708504
0.0026559425454496664
0.0014774187754216137
0.0015791985928316169
0.0020153063082119908
0.0016847392535566605
0.001999166300729276
0.001374410541415498
0.0012302175357601286
0.001539672560375302
0.0018370597254478349
0.0018117053200975574
0.002186783341308675
0.0012987750399202512
0.0011997598126783698
0.0021754640344998923
0.002299700287980884
0.0013479283285181348
0.0015783981153618537
0.0013913519266926268
0.002387604756010967
0.0017966917457320026
0.000884394767391084
0.002003847586817656
0.0008389731598102605
0.0019970359653607183
0.002251073471240997
0.002392854051393148
0.001306613208652378
0.0017306103215258626
0.0023838241689872783
0.0022417231037258154
0.0013538765372887271
0.0007312007313889285
0.001929853367795339
0.0011709302519229796
0.0022894418629999798
0.00149098599579327
0.0007606532102142729
0.002020700075681515
0.0023033942496875803
0.0008592378938856844
0.0007980971035167454
0.001556947821351969
0.001490352622485797
0.0009813499686384445
0.0006712071155640955
0.002146691904562777
0.0016205381433283155
0.0013320459408093868
0.0012529398032388205
0.0012964553000169479
0.001972684698210221
0.0006967549422730918
0.00110089263690888
0.0013952491753830688
0.0013162517320126994
