0
0.07940123934343356
0.026036272064718154
0.017203898773403482
0.010136767842764188
0.01924550775232352
0.04732631396425047
0.08833698560528398
0.0948904866617372
0.04193345945695547
0.006483268816321041
0.011166214716940771
0.08747666631025006
0.0764548963628478
0.011552083336260085
0.021599710354949453
0.016738947733081447
0.05862411408897825
0.017846516678241556
0.003811141016673987
0.015505406432087107
0.09628001804242026
0.021554623699448692
0.04265322816648317
0.005042710632545585
0.0857627466571362
0.04606621136637841
0.02030086895162684
0.07247322426374933
0.08018911011650795
0.024660293468596117
0.006445140958747045
0.06555975189495876
0.05135245941953529
0.019031584377780124
0.07666669209229338
0.049929027932917036
0.08134399712010168
0.05557692157039716
0.08591986510558701
0.10158556514076922
0.01250570387146726
0.0850897290506732
0.05816979248595322
0.07476047356939786
0.005080654066981798
0.09653408541459804
0.026937551909805034
0.06480073237760586
0.04081977788842938
0.020035999389493336
0.0570375552121354
0.046031490032934094
0.006329955346521563
0.018649965613932673
0.06617155780744066
0.08295956302494732
0.03412606946561071
0.0908726155460646
0.07522410620208965
0.010841149080270965
0.053567606317094583
0.029807818589481304
0.08311912478189956
0.02535516153748162
0.06033261430433351
0.03406334057305122
0.10455349349571674
0.10386386014787495
0.06716969488667081
0.01956320277823196
0.08045709940331923
0.04747843377304939
0.03643564793970165
0.006643741764648396
0.04958219880273594
0.02080258358340991
0.08266847189160735
0.03460530995392875
0.04813955241751529
0.050852323166439374
0.09524852721107356
0.08334822948576436
0.0650790198176905
0.05925294898932535
0.03287358270692172
0.08455560014616956
0.03485573395938232
0.027966521224958952
0.06165746702138936
0.06903620792272583
0.06382158042512942
0.009902966897870225
0.10309076437353501
0.03850760060669152
0.010964747672169251
0.07427823985627134
0.10681201749788148
0.0891886876028923
0.056128497938162686
0.011337198119214936
0.036687663797959756
0.09848290049105343
0.0821378015199686
0.08675683703850504
0.02737499137107273
0.056430933583260984
0.013715815624506269
0.06781850615710205
0.026276289661093993
0.06038876266660205
0.07656199008175998
0.010327345985220915
0.052498591432924215
0.0710419621119595
0.07995981056381962
0.09417444117284236
0.0959717095739855
0.04564365897698605
0.06114195430748917
0.044262333967171275
0.041045244150181154
0.035778530170355226
0.05254010162989907
0.10475884983603921
0.06115437672069666
0.07249224255419993
0.0950380810995683
0.09492759574454526
0.10563767960011997
0.020488024263498786
0.0389381846453119
0.04520783096939611
0.1087562941029007
0.0787733641467141
0.0765722995811694
0.10229084308344306
0.02761778275086198
0.01326286707919544
0.08467593076432019
0.08933122680614403
0.061507358468131615
0.10589060428963942
0.08473579956696263
0.0790214006852629
0.061224732032581775
0.06901480684715364
0.06374726509792986
0.028140354893641875
0.07019647000485697
0.08072686968280977
0.04892882645603079
0.017676857067112903
0.08827420787048709
0.09876992023046675
0.059383750302550116
0.10746722759756448
0.030302236909841553
0.07200854938625592
0.10489341531954934
0.08962213328433935
0.07353230780540017
0.10601475730753718
0.08370705981141822
0.09074613840414078
0.08134420145555465
0.09597085249407027
0.029156707316797984
0.059942058676887386
0.08435031948740755
0.08001860546639519
0.027402598272354427
0.09759189565184048
0.03148245230503409
0.09530886780815545
0.08738801953434609
0.039244124488360406
0.06314695727186491
0.10201753835211477
0.08192988128383588
0.09147178383170956
0.02018002428572886
0.10998921579710383
0.09396885889061676
0.09219362708066726
0.10398891756671524
0.019429304568373273
0.03491061922370464
0.10837284810430856
0.01567275302839828
0.017199328080159892
0.11411420993858994
0.07480162276554998
0.08072180147106366
0.0436120113268397
0.08350798486302438
0.07008666906456892
0.030003958370321653
0.04201064596762944
0.04107712616419003
0.062428802240411786
0.11290841312761199
0.019856623393251338
0.039175188990424215
0.024278652014937382
0.11483402135018551
0.04383479307436346
0.040367006649496495
0.08103329004303568
0.024693830377836977
0.09028361918405357
0.03925207838702201
0.026764930188756482
0.08218664599879086
0.03255075165962734
0.0974076809646689
0.11779238547554367
0.10733133610682015
0.11246490102671335
0.0290354383603661
0.0805535129475366
0.08288700290429
0.09156056327714968
0.07683870976254953
0.10753150580547394
0.04203826461579111
0.11100645477497344
0.03686219882752866
0.05221723616770513
0.06633229025213878
0.04415149267568183
0.02161738293258386
0.021945080589705335
0.09300241353353045
0.07868458006981238
0.10525528432297737
0.06554072723624363
0.043964227636470087
0.08268082436216412
0.025356934529590067
0.04268626892972166
0.10221669523896008
0.03424359074301622
0.04699689553037493
0.059733219632240306
0.03922790119022526
0.05787837431425111
0.03275059760489156
0.0954470003228653
0.11529882900109256
0.09874630344938003
0.11625236022673356
0.0783279894624615
0.048682474477823
0.09473070638472242
0.05364687422613457
0.07106353390134071
0.09098391409460788
0.07341678478108546
0.09440086600613234
0.10921938404476174
0.04585663130276041
0.10684518791992306
0.07774622248273552
0.07977633489502443
0.1247022479909462
0.07095061420278234
0.07732417714369252
0.06960970831437556
0.10145870824125594
0.0645142102106867
0.0865596431977634
0.10445795464837421
0.12124943808336594
0.060233319974065724
0.09476134690166169
0.04081811242345805
0.05021595113166075
0.048039115500399104
0.11944738693092685
0.10446058316323595
0.03362976630006853
0.11364541774832027
0.11549633036940012
0.103736576751733
0.03716484652838535
0.05528470216178468
0.12434614179827087
0.10230626221607309
0.05921504850665753
0.09578463821819594
0.10100206507445206
0.1200863095660533
0.12727126820018803
0.08397513280211416
0.10813196594803763
0.11209928309374852
0.061602502163576114
0.07743431576067517
0.09348483327718285
0.12192515938641998
0.03934355874830746
0.05581734489146489
0.13282131182743312
0.11268488854093676
0.11680631193990122
0.0851709226583672
0.11498940039312137
0.12284960973170975
0.11637323776909689
0.07436861809550442
0.1132351606069067
0.12437083214897704
0.04394687579950702
0.045138340986562685
0.09395413527490815
0.08327997413440856
0.061446956058002794
0.050503823086213574
0.08318345938273386
0.07896533239868324
0.11159086766377549
0.07889808078423712
0.056506510415339294
0.04969031310285197
0.0859614969683904
0.11207132354110186
0.08406669075278403
0.09425278422976424
0.07262322216015438
0.13108968790517503
0.04618208776095808
0.10674531521772479
0.12473120614965924
0.13647072821804024
0.13286667198348295
0.06922367284120987
0.04485991572752873
0.0902960970964279
0.06417171535174004
0.047241964601143084
0.10888465113619344
0.09407387772450065
0.1295552190638927
0.08261440309658707
0.09098408514014308
0.11753839962929893
0.13095921364689614
0.1432367144468008
0.06811851188053904
0.11638932796022547
0.08344415813732298
0.09232362180722958
0.11577213528438565
0.11407758214402228
0.10028232041175206
0.1390800482055536
0.12415221337649149
0.06781585833634457
0.10571682019073156
0.11060449493191432
0.08636516463228089
0.0519563717669184
0.05922548918911216
0.12309857877631993
0.0632594314230784
0.07929283565006007
0.06106330007652713
0.09151719197958968
0.05477044699583871
0.09634461118937718
0.05391388431896725
0.12096343520560035
0.1368816276817493
0.07108389780296853
0.05723609962103891
0.05745254554647659
0.14405301448962526
0.09195578521618242
0.06758779139117761
0.08973815665990131
0.11404722484055102
0.06530019371379239
0.13422846980150996
0.07417443886082663
0.14954209749596292
0.08852155679603098
0.08855245309609751
0.07171395804122095
0.10683291727846672
0.11663572416591592
0.06460162267714188
0.11717815319420735
0.08922914953551005
0.13631664478819522
0.1127570705842115
0.1046254649438646
0.15847615997847087
0.07795810630889241
0.09739020717353618
0.1548466165097409
0.15175299147368268
0.0956919610517492
0.11698491473281525
0.15592196110232992
0.15874797112204575
0.14675919446515145
0.10683431895114026
0.07350225410164339
0.13787064832501428
0.13204705470202419
0.15224776448149097
0.13761238737127257
0.1575411046270887
0.15349972145790447
0.12217846341744229
0.15485433341386645
0.13897219115277126
0.06583468172016152
0.12311675303927065
0.0910476270367016
0.09854157076870476
0.14560893825556465
0.10275908239060735
0.12985635138207524
0.11168850256779284
0.14770777779632344
0.16554229802116843
0.14516075235499998
0.11152450476551717
0.15561515395711067
0.1635883312924526
0.07273112204977326
0.08700620072243832
0.1585883409766326
0.11069633885281034
0.12341917644420286
0.1660214473147059
0.11968107342191077
0.16291606730113872
0.09316374112181328
0.08962028934202675
0.07701927203002938
0.0942432841029471
0.1531584565995739
0.10508207887219315
0.08907272666327647
0.12655942905133333
0.15141680141857056
0.17517098051065372
0.10943609085469008
0.07926485775401362
0.13065303107552081
0.08383208641592325
0.16724475187360932
0.08510337801425734
0.12425825249173537
0.14150778073524162
0.0863882213630288
0.09937725237745812
0.14064262051065363
0.11478438172961557
0.1758476218811265
0.16317068921213262
0.17806409404463497
0.11855740339426826
0.15473212640808653
0.15666995055980554
0.13083437910776233
0.14185193259573772
0.1730080950411284
0.15522558202442907
0.1744155285269376
0.1201730357826166
0.12778765384459054
0.11216698819855705
0.1397381000141099
0.12590191787409005
0.14465197130441107
0.12071218267546399
0.09124963486856631
0.12027372336789349
0.1566110253097169
0.15171538963453257
0.10389005024085499
0.13147902759775354
0.18980907827930282
0.1665064076922969
0.16392818829057065
0.11616753269882493
0.18163248251531727
0.10555240955412856
0.14419878376345857
0.158242352181179
0.18992800792715026
0.10879413043862335
0.1922149921053944
0.09841329191125782
0.16595672309791282
0.1821115050931426
0.12983778544383978
0.15224296698094592
0.18811707298847485
0.19420027629218484
0.16913033836863267
0.15283756061256815
0.13729962049731445
0.10436991835195773
0.1911514911381037
0.11423998382856299
0.13502844221504035
0.17983541906545797
0.1478276569757934
0.1948443983547246
0.19567614624970014
0.15694233469659571
0.13342504422727974
0.19622286748463513
0.18742830394116125
0.184027618049402
0.10690285251003552
0.14854326160796325
0.20299510689333958
0.17227033249564921
0.2037368639398256
0.19429790469718886
0.1977220758592615
0.1938440361874416
0.2085561829128595
0.12611170326637913
0.185873493286411
0.19858173097499476
0.1419936266307776
0.16608882488466528
0.11449593226149293
0.14988286442194668
0.1578379297912611
0.15953724691101023
0.21075699302180192
0.12476342070588989
0.14221793349988449
0.174587689000597
0.16543278232541295
0.15480586487613113
0.18008878261080097
0.19345050535263847
0.19799089433288486
0.19598684990363208
0.2061038664953181
0.16556215685149395
0.12168595541619501
0.15039808744077332
0.1675585509856652
0.18742643406025844
0.1993937553509654
0.20450277928886362
0.15958488694829967
0.2128626894630155
0.1361322662501662
0.18490803832575972
0.15279245444960876
0.15945074999565761
0.16674254219748513
0.17339869864176072
0.20971401273235696
0.19763285630147182
0.15269935513096367
0.19566419850399647
0.13009666479550802
0.1584793806355828
0.20966064016710423
0.1680046916264744
0.13499444971733504
0.2044632734554367
0.12931733001487075
0.215843124575846
0.1930434501383606
0.22817239743904444
0.16357002521472894
0.165023528191322
0.16311567371601743
0.13971488057648304
0.2308339398041009
0.22801644946772703
0.1712977162930086
0.22893406670553013
0.16085815154184943
0.21506683832925927
0.21760710674598643
0.16221182564252257
0.15748698388105756
0.17204959470353726
0.22258445047081726
0.13793124134402915
0.15287201465511918
0.20201310589661153
0.19602088218809408
0.1496534140457879
0.23723798894372583
0.20814169125397103
0.188591106360659
0.1526350502589405
0.2303917271320412
0.17967682689313275
0.19911716058025009
0.1956885597983542
0.1975423264004024
0.2394291119082696
0.1507657379959283
0.156611204291143
0.17085805311252886
0.17434813103959468
0.23384545551205338
0.18107785427435602
0.20502025820193298
0.16536103861211976
0.17255348859141864
0.22508437832061495
0.2146158348698302
0.17978245420526318
0.24720283050435213
0.20838438228592715
0.20264331567588864
0.21256038581734926
0.21811102884523215
0.22585022394261406
0.2414016669295378
0.16607293403392623
0.20961601671040678
0.16092533873313467
0.15719804572706686
0.19834079201976035
0.21759557024397125
0.2557074853690831
0.2011847738676117
0.16355447083919675
0.2294145702789085
0.24130908523336217
0.21695318852689569
0.18240934087743163
0.21209177988376623
0.2152403552143351
0.24063934612638893
0.2542089005342846
0.25262475289436864
0.22419592766371926
0.23206067980162204
0.21317253883369608
0.16658438641455978
0.25835353667298966
0.1883029256203906
0.222852598980915
0.21470891845035206
0.18341702871378646
0.24180666193708178
0.24779927793606626
0.22963966737397493
0.2237660621186179
0.24094972738632803
0.24146004436414942
0.18043942952878425
0.20044926936484347
0.23106813301175091
0.19475529541352019
0.2309156459399312
0.25475800800573833
0.22148329359900695
0.22826203719033053
0.2697496641001003
0.246154861476312
0.24856398528402357
0.24343616507171106
0.22429070537361206
0.22277319832762152
0.18095404840189194
0.25780731228370435
0.22479807401723573
0.18783165386090883
0.20837248987875
0.22904257038094594
0.275141388793462
0.24104970692318464
0.21634196039922485
0.18860824735198217
0.24579576166163197
0.26744276390556004
0.21610647068850614
0.26123589926399127
0.18673507491402205
0.2053691618263226
0.22399986742353645
0.25678452101355137
0.24899122185627215
0.23531706519486684
0.23711834947510554
0.27724097179001234
0.20335844300023076
0.2615856489610297
0.2709688789946207
0.2051435604161108
0.21712699905763666
0.2304279782289506
0.26936629539289303
0.20497767325122282
0.28325819184009504
0.21441131322130377
0.19710286917754516
0.23038494012151084
0.19007305543086256
0.24751126547775765
0.2771998469992362
0.28653826209720124
0.219996999986465
0.24210533463873204
0.27561114682173854
0.19719607527409563
0.2910570677263986
0.2650403252837067
0.2704649829382293
0.24097715941953363
0.2400163076059348
0.22256331806854843
0.2740420550151216
0.2727026962986198
0.21714760412591327
0.21621444258675374
0.23117889465926525
0.23558349435996778
0.24818485309397648
0.2722956242830614
0.2580702331712094
0.28134971563004774
0.20926912532279676
0.291286126288259
0.27085884953374373
0.20043155816415908
0.26591515457002424
0.27161472896657324
0.26586516942080224
0.2730867490128941
0.29761269595441586
0.29332432611556913
0.2803097141910521
0.20361407074186363
0.2328727648497783
0.2519162908984914
0.2709435242252214
0.23976417780337367
0.2912748634388454
0.3028208775263776
0.2253824982699777
0.23720373913624318
0.215033288448082
0.2135236642856819
0.2875034147611916
0.21450965354670407
0.29625176348475823
0.2533562875111137
0.2109694582998175
0.2939188388378322
0.2390570669834826
0.20988648847171282
0.28395976875481566
0.30162133901071614
0.28200374111008353
0.2806542262574968
0.23666661090644642
0.2896351530214628
0.26663541696612625
0.2917915952795914
0.2500571349700613
0.24653061404914559
0.27020330950647586
0.2886654806105382
0.2984024713572122
0.27830619258829076
0.29673450200920615
0.25911481336001313
0.3100808023221623
0.27288769004736385
0.22343548754419712
0.3114590082479684
0.2648389161217461
0.2649579170702373
0.23450912229388549
0.3020684588074573
0.2549746144539946
0.2391444651943616
0.2853916021295205
0.28639988764448326
0.2798174145504321
0.31015313725147925
0.248479921493984
0.28065402939368994
0.2677278049271267
0.24355784425466337
0.25853190679223825
0.3067695578690256
0.288961280627153
0.2265839721573913
0.22884264595441728
0.3198492856105981
0.24747194233158604
0.2588243190864421
0.2219821438793087
0.23351385582219303
0.2886503671761075
0.22697389937851994
0.2703678651200049
0.2924038909167783
0.31509380165128875
0.2325242265109896
0.2275458041453046
0.28667853350399053
0.30732548693978967
0.30340144587532497
0.2517136394609227
0.28748573870858196
0.24730636304396147
0.27872899612053226
0.2812605800297303
0.3017235814063495
0.2924705371719279
0.27712787535615613
0.2312035213959504
0.30579345792977014
0.2815276178708547
0.23832777482446119
0.27347653780474535
0.2879319943060241
0.25265684980775716
0.26775564443565675
0.23590138024935484
0.25813408502882956
0.3136749318066025
0.24249569141814975
0.2508725156236197
0.23231042901902457
0.26753165561813264
0.2566059800929916
0.3038511495135292
0.3240500680375879
0.23866636472130928
0.2972376916309981
0.3160700499341752
0.26874406434067044
0.31837303090102054
0.3274831720705773
0.26500414242761605
0.27126153894428656
0.24474386738963858
0.320655489436899
0.30935702073743976
0.28487390118965444
0.2415810097226834
0.2700126854001258
0.30002827130669574
0.2751149860261369
0.30781472261113274
0.26929223834088867
0.3296527057237707
0.30119845798872286
0.27665295532807055
0.24150734755474404
0.30145891994498986
0.30655134978069754
0.3083272295567879
0.2768800673767103
0.2487073593713305
0.28059367196567364
0.3056579411819834
0.27366689873746924
0.24065670913717016
0.3190092972759164
0.2590399472401681
0.2951091949318072
0.3242411044372081
0.3267259693940137
0.26879799372405305
0.27068778477159894
0.2565560917696627
0.24633699652288266
0.32798297110009633
0.31390765752717553
0.27333183150477564
0.30498276199210994
0.3184730816932955
0.25465612575133495
0.2538877364617259
0.32853095010370725
0.2988809094568429
0.3002197746275937
0.2414523992377865
0.26277971468686834
0.28459662929163154
0.2362609243539144
0.3148071979266417
0.3083148929031624
0.3151149709866703
0.23877260390275032
0.2519455311713986
0.23971438182216
0.2722161333242988
0.2739490279915412
0.2505597011910256
0.2825442538721193
0.241409128283272
0.24965259792295805
0.27629683157372287
0.2517433129087163
0.2918340210852598
0.26012501509666514
0.24233961542050042
0.262707943654378
0.2654192084657291
0.2597335710496745
0.32275228935283445
0.2586314668052034
0.2994944340199495
0.26350447490903567
0.29043250099738543
0.329578304585997
0.30333395834523
0.26600779698280136
0.26608892328912065
0.263386113790577
0.31297079440151965
0.3142708659668685
0.3001084405706311
0.2718536681282059
0.2956782750649274
0.2975187580886957
0.27770477307818786
0.2637536733316431
0.26826804273797067
0.2678523957310278
0.3005529438493127
0.2500186535970812
0.30185620625142195
0.3307095074999778
0.29753628688097156
0.2747488193728271
0.3033247025755968
0.24042250070963675
0.2843019791996223
0.3115544326148253
0.2997057483886651
0.3169679409413404
0.2554551699244456
0.3010442942048861
0.3148835656880638
0.265268403533913
0.3082663320681029
0.28327835031197857
0.23741856637466682
0.26727228700805483
0.271643211570423
0.27970302160910815
0.2615613870125408
0.25367301246177903
0.29709602365271087
0.29368209763932707
0.2499791280999836
0.28029356194409605
0.2728829474131743
0.27962545766952834
0.325536043723903
0.32700852611416487
0.2834829456282016
0.3179423439379114
0.30021708168714417
0.3201632783185725
0.2817444994001435
0.32369250367087815
0.24816073599537244
0.2943555974388685
0.3192582195808031
0.2393716894677844
0.3178190737909459
0.24122317537792784
0.2518499257339291
0.2431417433746263
0.25006330643097213
0.294859372635012
0.32865812116094006
0.32300709123884414
0.26242539957178895
0.3243246992644374
0.31830251790967334
0.2519264633822696
0.31546627236706465
0.22820849538656304
0.25674800719251706
0.2583705699854167
0.2756304643885467
0.29339935440009585
0.2443184898108199
0.3254650852409906
0.2704439728728494
0.2343913303126969
0.2792752233383333
0.2779111744670063
0.29562455854215436
0.2686535138977076
0.3187727310321607
0.2724709402956035
0.24813792474610358
0.23365922845566167
0.2990627588757645
0.3083757368695729
0.32067291855515
0.3149581764449785
0.32093128297280116
0.2908601599939659
0.23730535904877162
0.23023672281621868
0.3150044566417567
0.23818102948514058
0.22806223803788736
0.30126429165781093
0.26128089852491976
0.25149588194996486
0.28052681061094387
0.2575670903886662
0.2930269487957672
0.2914570019529649
0.31584012854933885
0.2963176692953417
0.31456952687185424
0.23699323150587584
0.24260609642225345
0.22813492650359318
0.27021451994225776
0.29922971481214516
0.25847676796667524
0.2408168225804443
0.2602110979996567
0.29752438061816966
0.2514223225360557
0.27013871767751757
0.28479933950636493
0.27214839054793816
0.28522352150029345
0.22209853549484992
0.28958380671139616
0.28321480445386915
0.28585401049619813
0.26439281882831245
0.2558956425470176
0.21963906042788278
0.2949527896795301
0.29694958338199395
0.3070159130211124
0.27401555900084545
0.21171759145271915
0.26505606305526996
0.28361511077630397
0.2559048662355259
0.3078220490859647
0.2751200700589163
0.25554456816338267
0.24864511338854722
0.2992123673533234
0.30561771681633654
0.27968255399057396
0.25542232949458377
0.30494019133284983
0.2659700432157474
0.2292409142961179
0.2440287046650474
0.2704022420063998
0.27165911119462893
0.2557033980004292
0.25414725672758065
0.2979745498783193
0.26565961465368654
0.25448771921924096
0.28633234267920604
0.2350546529178331
0.2304262092795735
0.2553126355752495
0.20297224172082623
0.20341937829454845
0.25324013607336765
0.2406706928333881
0.25414596044551385
0.2087258419617807
0.24317078457411095
0.237226497211673
0.24878837929182063
0.22264611891628855
0.2149522454129246
0.2265650296894749
0.2295563534333405
0.20533322297082277
0.2594991518931107
0.270757960764376
0.25630926691114486
0.26015645518060976
0.24584117717191606
0.23498748674975747
0.2893844357943554
0.2395956207588359
0.27249365810905546
0.2856203718277682
0.28248252199229984
0.21340583108720063
0.20989729303454482
0.2885309250991315
0.19970153448541741
0.2726565675062748
0.2609958546833885
0.201774504758912
0.2117307829850658
0.26462469802732563
0.2476374866869626
0.24141312115695235
0.2107803396205442
0.24905046301657732
0.24957144685614482
0.2809798354631804
0.2789792640768788
0.22105721489873817
0.22025993207154848
0.25980029607630023
0.2674709308055449
0.23723631773488685
0.21327630153051613
0.2049391165294016
0.203293392378955
0.26456126839751265
0.27539633332674485
0.25749863716304344
0.25155072726920163
0.18470171711110642
0.2740247512955414
0.24874738984511058
0.2399947114158677
0.26639437773232677
0.2594824409834353
0.26126534166877136
0.25730562185267847
0.18749188006791476
0.21020924791691556
0.2617695204434995
0.2718047265598655
0.23039995259803495
0.23054758452875956
0.2261526408576307
0.18124234310411247
0.26725610935369876
0.1814822200119985
0.2707185000969917
0.26715798463248475
0.19655565873881115
0.1934459166634383
0.2590770884998693
0.17973360309468034
0.2656951125152744
0.1996104432774161
0.22995351030228825
0.2292803178889262
0.26597042983520536
0.17236468285961742
0.17416767333271307
0.21438346116673307
0.17225526859512494
0.20837645457873843
0.18980982293620438
0.16864639405006251
0.25118171017507807
0.22022891377156964
0.2162997871561329
0.19582867536959453
0.2242417098304585
0.2588928431280155
0.1946609068968804
0.253591635433481
0.2546494526423909
0.18377865532371254
0.21391530383227042
0.191195210849976
0.22213030298430242
0.24628809678965694
0.18981942989041523
0.16084520764654447
0.16057608548068028
0.20604095342031822
0.24807146506772776
0.16311913077478915
0.16931303875291653
0.19035662319445565
0.21544602357517617
0.23343898393593265
0.15801671991458133
0.16951547542004672
0.15611784448364974
0.2539869715655647
0.17911545112013216
0.23635332221206745
0.23883352781447004
0.2521164036749938
0.15260027464269
0.1556897943152652
0.19274831850949448
0.1852025197717111
0.20094758487628347
0.21799341920180854
0.19621158945244596
0.15965592301883574
0.21546044883065535
0.15310973504333597
0.2405942627046111
0.18218889518075823
0.22230209342720791
0.14973956328590277
0.18721262568205352
0.14935126364845183
0.16982740170575453
0.19519388819354633
0.22237433879769855
0.23717715257928623
0.19817408339996567
0.1903024012012427
0.21678730382154754
0.18857370278653798
0.2199721598072174
0.21473247849746985
0.23791731413986278
0.23658621796835
0.22945619596842703
0.14781869624348293
0.2029389391271516
0.14529911956361982
0.16028491968101866
0.23150636800345892
0.1797435802139692
0.16278683490539494
0.1354286010850894
0.18861619454527187
0.18314080820460055
0.14881401886991924
0.18244396890528938
0.21579717700150988
0.17843804423959353
0.18927577781337585
0.13239900350260422
0.15567822516001473
0.17929497989925688
0.1486763019888898
0.22383003262338808
0.1296589809508943
0.16294022657362706
0.18640550501350078
0.1399833501243779
0.18778393032617088
0.1511114057368214
0.13469020308811724
0.17602615433131133
0.19811414420703477
0.16601426349496723
0.12531875183614416
0.16168769503539174
0.17840007465474583
0.16269307428429314
0.20108532414904262
0.1291609131069058
0.1936210030105779
0.1697925780670602
0.1705155768979425
0.1920440631131468
0.12801867666006542
0.19496640394761405
0.19128135116465733
0.14363062986600098
0.1466993981412219
0.19755785261019235
0.19223655720977617
0.2098960007794395
0.1317801209616067
0.12777578823672175
0.16672795249726546
0.14280532927236428
0.1782010374774599
0.1246810670567902
0.14349343731650174
0.1310970535113883
0.12046034521716781
0.17072848855475548
0.12305410551281702
0.19612298863706146
0.12753533324310967
0.1485270955561243
0.15111573206393134
0.1959878136761587
0.17346633990922145
0.13511775717818814
0.19324333883374178
0.13587234116126898
0.17467951620195177
0.1583942752841354
0.171908959090473
0.1701343818133687
0.1297504361127058
0.14971877405380363
0.16987956627693507
0.1789054681426941
0.14209961942615232
0.12622806184137958
0.1755264348983802
0.18510549260960646
0.16621356580731625
0.19044488658197764
0.1158606509169079
0.1426383827633062
0.19261901284911975
0.15311392847919764
0.10407437803453183
0.15523731779601704
0.10210939793745122
0.10413912974785078
0.19749592704664937
0.11184921866976073
0.18243923085863367
0.11198222692765773
0.11617937157188298
0.1876055222137718
0.17726470110939116
0.14248961769752178
0.10361266428515016
0.12519387870871723
0.11309195120457727
0.12363486836270261
0.17774815177122671
0.1605920054598336
0.10858462413739683
0.18917435121072868
0.12224141543692478
0.16744134721025736
0.1762340354843
0.11121408302751126
0.10804004885117073
0.11867014722460546
0.11187856210521209
0.18032084593863834
0.09147609098207064
0.12916773822676159
0.12268596326631925
0.12256672858620962
0.10572559785623083
0.12094969772421515
0.08840056483568197
0.17991376398123943
0.1073879862667771
0.09394845552188742
0.13193412972929544
0.10008712206364226
0.1703503250896289
0.09093626624088186
0.09161235012475051
0.1111176065752013
0.11720725292822157
0.1345975886533265
0.16659620039333
0.13930527407977789
0.15343644999434347
0.15474207151978064
0.11226839704481924
0.14022092956989593
0.10332336377894698
0.12355460456447498
0.15487708437606879
0.09783597759747865
0.12704201522144798
0.17389690233382724
0.0894868257533662
0.07987381114409092
0.1297038955563454
0.14265795361020367
0.17543530415075304
0.11742205835548004
0.07614955291809548
0.0753741239063097
0.120125798584384
0.08527983935109684
0.10823371308026883
0.12529904914624698
0.14941834647675822
0.1557057196635705
0.08732623828349004
0.07182669301549707
0.15594626895263203
0.134664000180433
0.11356450738508231
0.15768286661293773
0.10994762509181748
0.0894657828526885
0.16507639291803403
0.13451051952243404
0.14000829788945698
0.11494366802594091
0.13246179507707778
0.14696350533257657
0.11761965915925049
0.08249708800076082
0.1593249283616992
0.10358043998873222
0.10272229251693629
0.12959143592131217
0.12569119545601884
0.1517319105985223
0.1522715536948353
0.10283018464313992
0.07725389395777223
0.11829876015718532
0.1128492221471471
0.12470606883616048
0.06763210143881519
0.15093914915607737
0.07230285369603084
0.12401354702451967
0.061259047519837656
0.0751813435840592
0.09485809422174131
0.06313365409505753
0.15322678204771828
0.12280036955120899
0.10159506200677376
0.12222469304242857
0.10668468741084135
0.08245798836574231
0.067150726858597
0.1176248187516726
0.14925911900890942
0.12408128781270455
0.11555819954114116
0.09420639712873591
0.10043141976527017
0.10606127871457247
0.12829239403025716
0.1288633484101845
0.12270341224716397
0.10865494236196317
0.1465871826460852
0.08128591187032982
0.12659981377630763
0.07055059144119533
0.10065843206713933
0.14036226181243783
0.11730056624264998
0.13164143653863591
0.08163623376868832
0.0919951237370106
0.11279222962167892
0.059048314321383855
0.07406144615686622
0.0897151237180811
0.10838874327561647
0.13084160963254676
0.05530337688047003
0.10730376647849518
0.09314813480521296
0.06588719773517697
0.07466634277644753
0.050069968521751974
0.08474900114357749
0.10381097862309188
0.11027203915089961
0.0955014808635426
0.0716268177003992
0.11145767795654518
0.11320799253129751
0.0544542713894807
0.052651643001999635
0.09906965142878793
0.0681603975354694
0.052814480394783606
0.04979298368364168
0.07619106686363894
0.0754567592960426
0.11909762430258944
0.053256537491101874
0.10945409725890748
0.056055261307173254
0.09113019835183557
0.050204514141514237
0.1218279413828787
0.0773952050296833
0.0838030871456269
0.1074420666886908
0.12802764023381663
0.08683410806877681
0.12551647206425331
0.11116302895006744
0.122422873026512
0.044551313656354986
0.06034311951141422
0.10889092660020797
0.07077258593611
0.07279558556467938
0.05099310366624421
0.1353054113555137
0.09625960464338715
0.041821388676037595
0.08157191401851968
0.12062658914913732
0.13593045543806254
0.08811643114450318
0.09717685822087592
0.12662735125623722
0.11982921350992282
0.09646351397771516
0.12335151633579436
0.10088566485339015
0.10851289799985056
0.10886806139300506
0.07886030678326582
0.12254716299986645
0.10215050337542435
0.07888875189086639
0.061083209897324305
0.07549582192679838
0.12410220062775815
0.03467964401093112
0.08794869071528291
0.0587263120996024
0.09868929487831801
0.07002050126699583
0.09238528994274477
0.040786806960616234
0.08975627231702035
0.04576464994216788
0.09347551762206824
0.06832943903901777
0.11786707017935395
0.10543923501853222
0.12174181430445763
0.10096854183309378
0.12467048970435031
0.0991926363635153
0.0664930320563444
0.10974060466393731
0.04605689248869994
0.10856339660766234
0.035702578190694306
0.07629364039683811
0.07565491065790089
0.03265692964703383
0.07125324537772514
0.054633500752984746
0.09387845545135719
0.11091099576048057
0.10482653041991052
0.04588471921981711
0.050307131415363665
0.11266744828806358
0.12563277043266724
0.08287092296187233
0.12186793678248652
0.06044541742593218
0.12217258468664757
0.038911907015060074
0.07014505076443085
0.04529224073919879
0.10707631104030317
0.12496741444668809
0.05270336869939159
0.10740288686696878
0.1094304234231355
0.1019706261148601
0.09368453177953867
0.044369279823199964
0.10195155242377363
0.09051859390348102
0.0782900295133145
0.06949741123701607
0.05181110633423459
0.0792527002796635
0.03170812365909215
0.08370004596790992
0.0870569893099866
0.07391923171515469
0.04153192256814034
0.02512261702046117
0.05147552819045484
0.056010738921777034
0.04013600173918482
0.11536060498790723
0.0990448040121447
0.07320419643985202
0.11404072072926402
0.12052251391038846
0.05410335287301783
0.09614928560658895
0.02727878179021492
0.04498443819968499
0.09512509240879538
0.02290420995545267
0.026821252251893496
0.07923562338812654
0.0703407491114379
0.08383231507732757
0.11389694789048721
0.04130110826304754
0.07681400035732627
0.040777933139315055
0.040851043325340945
0.07789114482791228
0.07885870914173859
0.10630185934683295
0.11733402563961959
0.06821481047656529
0.022095688082512572
0.04467697799708988
0.03634894932554229
0.03445033260589337
0.1096659369098916
0.03596280419153303
0.10403875351562822
0.051912010785294366
0.0704027921869484
0.0818400620920459
0.11505341639464406
0.10893903866798366
0.1084747901979421
0.11325997026905821
0.08130161227495263
0.07362293998600561
0.1051339306840012
0.07496002256624137
0.08178087490451302
0.08568702313101992
0.08986764493524683
0.04623564304986896
0.0871605857339623
0.09979334816574918
0.08681011151974805
0.03000124449103421
0.04738768362955389
0.04287208305130117
0.04085299753869323
0.03304451503417143
0.09021142496380773
0.10451009099175221
0.10198661450484149
0.026466378592231547
0.02979482170611967
0.0931175964842456
0.06972493612469002
0.08225947832160671
0.11156864805036164
0.0608318740069282
0.09761507855898156
0.07945080069578375
0.0515613051599483
0.107937033154417
0.03437114488126035
0.057128755680261614
0.08460072868764164
0.10736386293902105
0.11234260921964505
0.026548461003633207
0.07958612901029921
0.061439620447285244
0.04440427637382635
0.022202458061064814
0.058091187559527635
0.07623342815431874
0.03480207735293411
0.012602643186147799
0.04252312508347261
0.0752444224626564
0.05281812276082507
0.031435723994541365
0.07718915038798295
0.041474765391697324
0.0300346629128308
0.07764346169442747
0.09039686242222597
0.10034359877077781
0.06715914366122797
0.027675512541895604
0.03434030503347885
0.02190221139057917
0.10045217618551261
0.013177870951318319
0.08432467824884025
0.04845598687939541
0.03459947887096651
0.08359681750716892
0.08879942231970406
0.043019558335243166
0.09556348969509813
0.07853200489823758
0.06016299941920572
0.039305085251322994
0.06723329447227078
0.102592006322072
0.04912064218189902
0.031720310406772353
0.09022439700730682
0.06332625488607342
0.04426317674322049
0.05308972114050871
0.019592679276671486
0.08538594177585364
0.03410840756263975
0.020014135580557153
0.037245674007870724
0.09914180780055114
0.061556170048166506
0.09914584257343259
0.0760812229872086
0.08238782907759569
0.07591838938440945
0.05483127024001471
0.08996590947586337
0.09770935667875978
0.035843969911563356
0.06851436152494324
0.07892630554046277
0.07771858544235145
0.0664221460515902
0.0632764949014233
0.015511212375932979
0.02336960937869636
0.07915802555553803
0.009890188024263294
0.05967893952660022
0.0788514695695314
0.028233930909296604
0.01024311559153432
0.0299596694190538
0.041822829502554754
0.033157926381215924
0.026520384909594297
0.07413533051303005
0.10570004737410713
0.034971177024711475
0.0710178851901406
0.026784168149657533
0.09608351743100037
0.060897111744415526
0.04837696742975886
0.08782150371345376
0.08820084406922908
0.05085727343155203
0.0989548462904107
0.055714222022858556
0.013221836391638181
0.024282239828950204
0.08717781669276932
0.06697894269469759
0.0934158975686398
0.050114476488711215
0.04569351145866726
0.07244190635946295
0.022906190678251004
0.011145193764047526
0.009294785212460216
0.019611109121203715
0.09008689599251597
0.027799456630493248
0.018454416865983564
0.08142341612136854
0.08396747429660935
0.07315910392410335
0.024272802985702394
0.018999791569360457
0.011795752501294476
0.03579730980518918
0.04507099957469499
0.023416170683208924
0.07805900850865279
0.038822795908144844
0.010198719894979072
0.06831791368384617
0.054798199080977335
0.08622451592555294
0.02276029144927523
0.01829410305432571
0.0682617098773986
0.008587179127966141
0.06312921718788062
0.03227925542678296
0.08882502885683005
0.05243973426700896
0.047627258290669786
0.0714207758925672
0.019160933734554304
0.006324754473064308
0.052362167006241495
0.05077820763419012
0.009609819804391056
0.09639585817422776
0.08762184396216932
0.0523365069655986
0.09839416214690745
0.06310478194143901
0.046660391978733055
0.010806445166279394
0.07650932297832856
0.03054990242555741
0.03938193920302759
0.08022806743484576
0.08697430089579672
0.03361433462816812
0.0037629118077379476
0.04547248176980469
0.06573558769752577
0.0987617748678647
0.027601713133691128
0.0377388780523549
0.043890479361360354
0.08436275740452268
0.017436904264434026
0.08175972635929271
0.09268357280267307
0.04288611246075079
0.01617488635362007
0.08887025920804324
0.07519460115928434
0.006008529006308319
0.06243649966412963
0.08485656512023437
