0.0022835271844843766
0.0013054727912521016
0.001080408973937276
0.0018171753952268192
0.0012176088437517094
0.00205844592747556
0.0006673310380995685
0.0007405337595791975
0.002344101934127114
0.0022194741232300645
0.0007969879681717204
0.0011004857261323118
0.0020649560789595036
0.001078757733609723
0.0022403844758682326
0.001474311601533595
0.0018252517667510094
0.0016061780784570533
0.0021907860314739802
0.0014510308989542906
0.0013138596580129992
0.0015418885829010989
0.001886548434081307
0.0014170112158250385
0.0009182667124427085
0.002428084300276248
0.0015012766108425583
0.0016243779053688795
0.0011528892513134402
0.0020525346718450977
0.0012175243820008903
0.001849955340468905
0.0022648376615934146
0.0019331772563183545
0.0013620117313131307
0.0011883825441496435
0.001749036793822331
0.0011721557631736272
0.0014299787578338345
0.0023187744808980905
0.0021090690263754377
0.0019916863654259403
0.002034675817875579
0.0023717738461983716
0.0023344439461646157
0.0018580885461768105
0.0021887317482038714
0.0024191555622374043
0.0023615083217940315
0.001684211648483379
0.0021393583031809613
0.0015162839773247836
0.0017564460393303639
0.0016214233869987866
0.0013143012225640173
0.0020237692824501075
0.0025532743798419933
0.0021238466996824274
0.002484879310572542
0.0017684684186916957
0.0010387262642799165
0.0017218271534176117
0.0026757535740823076
0.0012791102517128563
0.0019071430909523848
0.001240251450066922
0.0016630173318704935
0.001813200295860087
0.002475864630376602
0.0025879018126189267
0.002565224233633341
0.0021265288734418127
0.0011694764977810512
0.0027646100471269692
0.0018509935811590235
0.002034719449069052
0.0019307938839616258
0.002163236503668561
0.001521169718661758
0.002861953017494827
0.0022258225069669737
0.0017239540108567467
0.0012183143765459935
0.0021946963576003936
0.0020743355078717113
0.002654209369179841
0.0019782159622007047
0.001904927129167927
0.0017990124937010965
0.0021140228533833047
0.0028235007104099197
0.0016799804021536114
0.002000472290044759
0.0028039872777012947
0.0020865705555922
0.0012944249580680372
0.0018442587258695041
0.0013805599249333948
0.0024440766355450956
0.0014977009720560344
0.0018385737631875557
0.0030923059830342313
0.002111155879126027
0.0022678455110373584
0.0014744007109944901
0.0016175807416098557
0.0021557807378252913
0.0015739662054847794
0.002425655869955174
0.002772886202287259
0.0029091973322832006
0.0030364766437263203
0.0030137770026501215
0.0020917696167502397
0.0017319209890633363
0.0022700464732397026
0.0019170335506461667
0.0024551970892042535
0.002842223848605841
0.0028164104510512863
0.003164614570690453
0.0018940838385365514
0.0032880479418828205
0.002177021823717494
0.003131326233832953
0.0023425107398677915
0.0018825020702681933
0.0027097930192308195
0.00298045911324673
0.0023070765493131934
0.0027525800763000363
0.0034374759991349082
0.002837973900205356
0.0021269913098141318
0.0024995275119286653
0.002893215082507777
0.0030377437274573017
0.003524603333889124
0.0033954546186445605
0.002344571018940579
0.002427640275785402
0.003551274898221196
0.0026491025277861784
0.002600147587987439
0.003323874719295252
0.0020743988804987493
0.002291708451947603
0.0032756453912680056
0.0037140067600253996
0.003489411032589172
0.002670534148597813
0.0025320913134738838
0.0020529086227473814
0.0036503851617949814
0.003672689371536367
0.0034439935989526013
0.002484505949410764
0.0027249833135032575
0.003397222361716459
0.0027158208240794274
0.003794860170113411
0.003152628022596043
0.003868282647041877
0.0037573581255971435
0.003406200732355298
0.0036761418189799923
0.0032946646087692287
0.0030903999492182554
0.0024853494809871307
0.0028624941639517087
0.003119395853087509
0.0037139626417714115
0.003194589947100229
0.0034876922523424518
0.00394764209725405
0.003840498590315052
0.003244158593502161
0.0034085439061917544
0.0031801124045376648
0.003953186773120983
0.0027963296830055
0.003881606579689171
0.0036699199576269875
0.004247143704705039
0.003329909461005509
0.0031696041791420596
0.0039036470773319764
0.003477581946433034
0.0033098807426524693
0.0029187034724796252
0.003766643408580062
0.0041025978124490416
0.004524034444314949
0.004155179032274563
0.004544171780849465
0.002987392855921039
0.0029167460896124303
0.003150539757777024
0.004441205799609082
0.0033895943703551117
0.0035459292391695394
0.003205772621203644
0.004072163793942731
0.0036356807391738507
0.004150369751182536
0.003190708197045177
0.004791163737322334
0.0032298518399563555
0.0034834733395121146
0.003442835555370399
0.0034096023318706523
0.003426448188588255
0.004932433630037725
0.003613142095436175
0.004524529128324874
0.00487186898650149
0.004414917988238593
0.0033904098294514733
0.004358378910026552
0.003869456490399815
0.004706814352662808
0.005058711905696414
0.004265258956758036
0.005120047763748499
0.005196210430335408
0.004321000998410482
0.0041125720378438054
0.0048862513305755
0.003762362163330245
0.0046453540010872665
0.004086975982670497
0.004758694917583381
0.004695472578152836
0.0038258250775113525
0.004009232728144443
0.004306317372017139
0.00402349350295651
0.004945322470137513
0.004268279826079189
0.004826870031008729
0.004394232353595274
0.004214584877622065
0.004178720579921509
0.004892814853924543
0.004973007272362505
0.005590215702693379
0.004833453493133239
0.004551003738390708
0.004626423221731133
0.004677175782539057
0.005498157072406512
0.005386012899728276
0.005535858190561188
0.004510984168604497
0.005709831522961854
0.005527970434803093
0.005397860954349124
0.005848949072038822
0.004649880472962845
0.004864785095876229
0.004803355342582689
0.0045956482752248125
0.005811068680639354
0.006113347823085272
0.006253618796715433
0.006052385127588949
0.00595540464113969
0.005975944362804147
0.00615947623781985
0.006420303494433188
0.005923072043462944
0.005203368649603916
0.00504496606263343
0.006698945990948151
0.005346734522454808
0.005256137549344516
0.005560940146101355
0.005440799387687721
0.005626375490043091
0.006241071561507854
0.005739508546698012
0.006399193132120847
0.005936841533840655
0.006755532339551781
0.005910189357057481
0.006653421479805768
0.00641663701321873
0.006468189388197663
0.0062342484649359
0.006136195408996194
0.005538890091854534
0.0059673152447863006
0.005752555734203083
0.0071819300448655084
0.006829011396412958
0.005828037961084538
0.005847223372843311
0.006802388966682654
0.0068011296122356645
0.007431276313116553
0.006206410418743308
0.007620214539785773
0.007312147147558604
0.007189697192634517
0.006933317230337203
0.007410443251717029
0.00684321481698603
0.006940626271663765
0.0069461700721058575
0.006440713163017971
0.006342433406650867
0.006637532118916196
0.007200221022529887
0.007071037090151143
0.007788048078934429
0.006804626605025533
0.006781480682954151
0.0069948734949326595
0.0077312630673731
0.006773489959842447
0.007529358686067834
0.006825925586749956
0.00842289129967407
0.007902539120527892
0.007192601329543996
0.008244180587260161
0.008346816999841905
0.007233664373875959
0.007243453500795558
0.007240708809938095
0.007288590281447961
0.008624831618488149
0.008941665902051562
0.008599161151444367
0.007653879565405424
0.008110995102709132
0.008795936235134905
0.008234624952200306
0.007587987347298403
0.009134226113682331
0.0077862503286919285
0.009031557138769563
0.008587678045062433
0.008422589295547936
0.009433429448285246
0.008004968536450573
0.0092474264103938
0.008627210523830336
0.009495019940399401
0.008386913747701242
0.008487155561576391
0.008332379287122127
0.00814459082302472
0.008806436084726137
0.009232402944392065
0.008780990373234009
0.00829435270570229
0.008797967263406264
0.008686811577701735
0.009173604205252385
0.00867190227334144
0.00945707849939234
0.009572695833648587
0.008814224733062287
0.008790491789905538
0.010454640275905295
0.008965006964361562
0.009086444093377312
0.01016632843897496
0.009137771926072145
0.010499214775935753
0.010650663526940872
0.00969857412471947
0.010788697278711012
0.010505072471795822
0.010085151780214751
0.010411115802082762
0.010857505474300623
0.009645795721913323
0.010832372934145929
0.009716525386148247
0.010942387759834077
0.011126360829034787
0.010872379210515204
0.010183841400335179
0.010569314689531524
0.011018011039384192
0.010682435875887325
0.011189421111251157
0.011678551844630897
0.010299766105133303
0.011786571166986812
0.010860610159633273
0.01051705040997314
0.010752359387494826
0.010826519106278642
0.011902457927087861
0.01209128366121601
0.011226839278883037
0.011550650393519513
0.011927871747568668
0.011674150566784301
0.011905220881123972
0.012111041421011175
0.01198642631388862
0.01112371658066937
0.012397842315476935
0.011359761681052294
0.011233210209765065
0.012032384055330324
0.012033106127544949
0.011252663299550067
0.012716909476469525
0.011498796924407282
0.01305716178011907
0.012511948208634549
0.012580518051358463
0.01245385779744036
0.012656349548378543
0.013333235752833811
0.013121202304709674
0.012755740835805541
0.012662936087375554
0.013475874252604455
0.012038222489701976
0.012829994072849673
0.012741673862986606
0.012724832969415472
0.013529115387232315
0.013681523542816659
0.013074153458861138
0.01292389595638989
0.012593586608590935
0.01278910597462556
0.01394958957192381
0.01308592169408743
0.013291970705005072
0.014217351553918782
0.013271085943663828
0.013593997914530895
0.014659004146886586
0.013385997148680667
0.013159742798488768
0.013997949043857285
0.014283387765409805
0.014004164313340282
0.01361754020380164
0.013882226837080907
0.013811232201211773
0.015158263342248375
0.01437641451328054
0.015116529972806457
0.01540967747819175
0.015585533242217316
0.01500162165225871
0.014064373230735065
0.014983973971842991
0.015706036359842895
0.014240329687415655
0.015140900530152449
0.015984694281313248
0.015637590722946976
0.015320851326998257
0.014958331773806488
0.015958624793489723
0.014861095847540258
0.015356566718572816
0.016265377710423128
0.015135870148701285
0.015662008131356604
0.01666704020067744
0.01622847307256655
0.01562744252750006
0.01550301783820114
0.015874877561351402
0.016182111853456763
0.015780577755424775
0.016022996089005637
0.015643069691790162
0.01679774006077827
0.015722665212504865
0.015754656954469416
0.017467876219624257
0.017285509420776994
0.016083450424685064
0.017632409887406525
0.01671644881877742
0.01781026740448257
0.017673565729890754
0.018012891643089966
0.01704256132108365
0.017527409420655535
0.018147704035447267
0.01703839342142666
0.018114108033313217
0.018309874714716547
0.017469846707376648
0.016927833819230038
0.017859117642939057
0.017554664544850215
0.017234049582577547
0.017488911786835117
0.01827362815891615
0.01786948894584998
0.019108831118881793
0.018713105034208446
0.01863137761918565
0.019197466686858494
0.019124483989019822
0.017802347021709568
0.018817779707955323
0.018421378716768567
0.018407137324333234
0.01969043343076434
0.019735262594103607
0.018914245168166602
0.01902755690166998
0.019686628460577622
0.01907972784171858
0.018897944171184237
0.02029481331609772
0.01871298476486757
0.018974095030495654
0.0193245675590773
0.019415209105187497
0.019260793492235036
0.02069575555105371
0.01982838937058747
0.019592396020098265
0.020094856128208372
0.019683089017066856
0.021216916512955864
0.0205134122243542
0.020379481143888625
0.020077274045996553
0.019963322130457588
0.02116758561862619
0.021579949526889686
0.021502185537016587
0.020456665396556543
0.021609843905974462
0.020508947288934622
0.021076801872255767
0.02039757731272968
0.020500801864007538
0.021945321460539
0.022117974830551862
0.021200474735886495
0.022175394162886573
0.022242489175297815
0.022423920375134392
0.022751215949407908
0.022665085047643398
0.021849630617771815
0.02300616240536124
0.02289044393691212
0.022903101867244386
0.02279824244329337
0.022319889734679854
0.023017436622085743
0.022558528221585716
0.023372973516111895
0.02213610648374038
0.023586766436237593
0.02352807478736608
0.023262239026139254
0.02395903591002243
0.02293723140835478
0.02249495415855166
0.023380125375357823
0.022799524954073662
0.023352594134301307
0.023894106595809456
0.023335239929584733
0.024121179928842076
0.024696727157652972
0.023535391777164155
0.02458734375005527
0.024862619581027076
0.024838627662924204
0.023402836591323056
0.023528005759274922
0.024631772594222695
0.024030803660418508
0.02485897108443302
0.024346169276432923
0.025001568351194058
0.024632135469856164
0.024829320992301195
0.025314902754727257
0.025291532134786097
0.024335727175965445
0.02496558727217869
0.02557349795144884
0.025322507026344657
0.025923923833214575
0.025477245467350938
0.02521488196052181
0.02594546379597229
0.0251531147766729
0.026104408522383517
0.02514573255672354
0.02612140826815564
0.026833946777017996
0.02702387085287148
0.02594575252034539
0.02611265691062325
0.02571521069920539
0.02582181784087967
0.02734763803786766
0.02600673929442206
0.02672135636193658
0.026273403737822148
0.026725405145904862
0.02669862219056144
0.026242064277862624
0.02765656375609246
0.02778131115562561
0.02694811312909097
0.02702300544863603
0.028115314740730084
0.027167283187831938
0.02758825693740737
0.02723983146001692
0.028554303543695824
0.028444642770384873
0.02720324546313833
0.028874440167750755
0.027271517497952976
0.028715207470291167
0.027495218317384676
0.028338493647546523
0.027607200046047924
0.028056879552255984
0.02818762322394458
0.028597949297535206
0.028556392687528333
0.02949313144624695
0.029700199855376645
0.028658084006822775
0.028400860768379364
0.028409582025482313
0.029403234230946276
0.029436945840032664
0.028851934035047804
0.02946114789085177
0.03019568508573657
0.030241611331545362
0.030156594352613714
0.030593250120710944
0.02937287782215945
0.030175871926206202
0.03082122000254575
0.029686451766120548
0.029965135393184773
0.030468175897205657
0.03056152496380445
0.03126769266752056
0.030406240384965474
0.03136096522578073
0.031228293128692738
0.03141187561493445
0.030183494825765735
0.031026270676392922
0.03120236938204152
0.030854738369979477
0.03190652684003676
0.03140192063520425
0.03158725302507451
0.03206677109282721
0.031153022754111536
0.03123338938780618
0.031093280500318336
0.03090131524351987
0.032031285684187394
0.03200712578985795
0.031745311943947384
0.03190028237041797
0.032527318827132945
0.032665962859881624
0.031635702280085644
0.03206721564411176
0.03170506844397107
0.03259977075448457
0.03211153943447039
0.03259994418833485
0.03182431144009116
0.03265237287217339
0.03237630537004405
0.0327582094429153
0.03312835657456026
0.032589900463087566
0.03352042635184167
0.03315523502734392
0.032726244403293345
0.03279347766750318
0.03348506415511072
0.03326048796696961
0.03384673126467051
0.0344530317108305
0.03382474872542473
0.03340194586327406
0.034000131559011555
0.034405600731039564
0.03363403508451636
0.03367551878050007
0.034589054439498314
0.03406987358083761
0.03454742925398343
0.033609977706163176
0.03399200349315201
0.0345361987751514
0.03402462777804965
0.03423680635047903
0.0344728789010504
0.03420459639346869
0.034328320528215016
0.03487766203204551
0.03427222286843647
0.035080284437995955
0.034505997504075486
0.0346629370785538
0.034880467505075105
0.03541687050742921
0.03535681591576103
0.0357779034343532
0.03525058507943321
0.03581993681010662
0.03637490752505348
0.035482447678560736
0.03527990426154418
0.03528122173908919
0.03522080955845942
0.035791882414234526
0.03595360528070943
0.0359975731315929
0.03625926278020384
0.03564629111969861
0.03586915526458695
0.036102312178608945
0.03683404109429583
0.036427209284690766
0.035645350509066996
0.03685647179027064
0.03728870972166459
0.036955543765025294
0.035894462875779264
0.037624669016902236
0.037193786694896515
0.036246577074060184
0.03679738257007639
0.03648197258762232
0.03798988543269994
0.036894021584936196
0.0367839967273733
0.03817456299064337
0.03826121875042427
0.038276092156340896
0.03700615995425184
0.03754627566173903
0.037631111742560994
0.03835585643732192
0.0383394487464116
0.03810845927353231
0.03700827280541903
0.03777725530287645
0.03735963468866996
0.03823521824741493
0.038548050538796785
0.038834664191883736
0.037486012745727104
0.03778683417220685
0.03893072165559839
0.03856670967922932
0.03800502623962348
0.03817492391547585
0.03915166721041505
0.03903030606931037
0.03786533712287808
0.03890241888346585
0.038337359554497394
0.03816499750801789
0.039223155065951316
0.03844815953177965
0.039061551320713844
0.03952549579962206
0.03831922857631281
0.03928038435163698
0.03955270197943126
0.03843779558366122
0.040092342056803565
0.039517729784654065
0.039397905106367107
0.04004798884591796
0.039925763129465296
0.03932050443412304
0.03987076157706291
0.040405259284182524
0.03980444245157591
0.0391112943935703
0.03961437855058223
0.04026282956857419
0.03935422232073099
0.040310502317474774
0.03900964987487948
0.039389137452744374
0.04028288308525038
0.03978084940604419
0.04015586852554277
0.03967326894435703
0.0402092711514103
0.04006415655591605
0.03953880678098918
0.04019794441760282
0.039471647308175865
0.04099614071713171
0.04029183306361331
0.0410336721649481
0.041140518614273376
0.03972110241104653
0.04065471769155188
0.040784632023181756
0.04107035775225381
0.04131717815053231
0.04082358671691778
0.0412806549804996
0.04069472006324882
0.04113281062003517
0.040087880023828695
0.04125972369732506
0.04011411702098158
0.04149049017285153
0.04149537740215429
0.04132596290250695
0.04114617759849829
0.04029019078621465
0.04065589258068073
0.041006993572256935
0.04197244738989539
0.040401449869929947
0.04167293254705357
0.04191059843461014
0.04114636964291364
0.040900439606126035
0.041620705383285585
0.0417069343526988
0.04210522508555851
0.04060469053926278
0.041258251760587575
0.042112990476439204
0.04077398954606215
0.04201671840487596
0.04109057624139238
0.04155269682402688
0.04240856876245113
0.04167906820668591
0.04161279677967065
0.04078268380437031
0.04216610270302855
0.0418077610360825
0.04227212371668241
0.04227339116753649
0.04164824361631621
0.04094709862126556
0.04168422609760389
0.041641679024559126
0.042106038772508056
0.04196966033131132
0.0426106881027283
0.04234351510545769
0.04150091278605223
0.042652793969624125
0.04197836902845176
0.041396808911843316
0.04137149640813065
0.04174196511194572
0.04261433967606427
0.04180150704774735
0.042923219250198506
0.0424811593413362
0.04186866235919029
0.04283858083729674
0.042102287135259125
0.041676361814515964
0.04251003335216492
0.04254891682990396
0.041777859904254075
0.04297921115302672
0.04190930746280498
0.0429952192454358
0.042088945091016176
0.04265341135410753
0.041755529850081824
0.04170003355066869
0.04171560282737941
0.04168420346969833
0.04278014109061189
0.04281131846508273
0.042718706411015474
0.04251357209938003
0.041971349490934215
0.042721780139508225
0.04217856941879371
0.04194108723996872
0.04176849119930316
0.042617750240015184
0.04222703473612188
0.04182448324553137
0.041561770372106024
0.042804029067723126
0.0420486746346737
0.04284694398527187
0.04166062032252592
0.04155760878324864
0.042427504305396956
0.041865285088620065
0.042362556960037503
0.043072468282965626
0.04208746074137483
0.04146055346737971
0.04170172159134925
0.04265862993341373
0.041585939294853144
0.042851950087945914
0.042809081937355026
0.04297219677269292
0.042777083452892356
0.04200783056739723
0.04224025518058473
0.04144304151559428
0.041814791850974496
0.04251266324553611
0.04266884348382853
0.04259254023112952
0.04283892389219933
0.042992671516250976
0.04210356181319892
0.04134208493706026
0.04194100133304049
0.041767664563355046
0.04181645019526273
0.04164764488961417
0.04277659415475039
0.04243780551338205
0.04273134346171471
0.041879486055404834
0.04260239646593877
0.04136567785528672
0.041143112247461
0.04127584145219323
0.04217376007880998
0.04140389661135567
0.04191097101312365
0.04235140711921916
0.041142204498123655
0.04111309749555248
0.04106819574768907
0.04237537579737736
0.041492374432897994
0.04185392896097363
0.04176483871645938
0.0417917083991739
0.04203460909112547
0.04200130516876954
0.04152690188015307
0.04165454389471084
0.04198268577678567
0.04233893631289801
0.042423742089174495
0.041403582334213554
0.04216149915617937
0.04148742973824828
0.0415409516751797
0.041816575046947115
0.040672836606476706
0.041924328184377434
0.04215416647998734
0.04116722228896516
0.04114990666182861
0.04131198017196811
0.04145846856987668
0.04126738131284455
0.0405047892274145
0.041518136570249706
0.041326539822003135
0.0408163992826116
0.04054336884526739
0.04102015172256535
0.04151461708458497
0.041308036629692756
0.04026639348035012
0.040262811909918456
0.04071063111115506
0.041256134380205436
0.0402149405247241
0.04103340238179967
0.04108316450991048
0.041602226164265226
0.04125065301716198
0.040120596934761256
0.04148752867665264
0.04065160932890289
0.04141169255718121
0.04000636107593396
0.04049748267136354
0.039689962053498964
0.03983715164623727
0.04015649608495198
0.039490156301401555
0.03987696014069729
0.040710189647187735
0.03960737262951672
0.040464544392825756
0.040685514688928046
0.03931201951146244
0.04068403296525161
0.03969161428001767
0.03976973661350926
0.03914833551866928
0.039088204340744837
0.03983101882009491
0.039886578813703485
0.040215480046883974
0.04038617821953356
0.04032781798509609
0.04042278849091076
0.03998431778820426
0.04016393808588474
0.03987404801911487
0.04003666444959233
0.03951111744056103
0.04004319329882264
0.03864075303116968
0.03998682193789323
0.039306962084882276
0.03949025631323832
0.03925301688985899
0.03901279593542542
0.03959940078016443
0.039595524629032944
0.0394867389605544
0.03879072131003287
0.03831440497849377
0.038117492321129105
0.03895939596073629
0.03931082034403592
0.03932650969606675
0.03771017755314843
0.038181298284582665
0.038227031974285064
0.03771690088960319
0.03844097769423537
0.03748887237462256
0.03821043739133907
0.03898130283489278
0.03883272886699901
0.03766033966136271
0.03757132383564685
0.03715856862863195
0.03721056054046053
0.03745509600064656
0.0375725444538198
0.03831185417847476
0.038147226559174484
0.036894989339914766
0.03772878719605856
0.03822002710974102
0.03821343722997302
0.03747723853937183
0.03665605745246379
0.03794389316323851
0.03677078892307669
0.03673231154643494
0.036283779978246784
0.03704144028477626
0.03750316338935786
0.037290534138185394
0.036752528903198696
0.03737446455042541
0.03608264139434719
0.03714674409944577
0.03717343073331722
0.03581060621561682
0.03574142628013889
0.03661244541864353
0.03585314701343581
0.03563943443454661
0.03586198000514948
0.03525977541810185
0.03515854274080029
0.03573319011128816
0.03564084063564286
0.03596102434746786
0.035803422481694214
0.035118885072414875
0.035918664285073426
0.03625983263796273
0.035946799538356174
0.03479312249031495
0.034558092260851984
0.03551874043950975
0.03551847151898208
0.03595767284659283
0.035075275902755054
0.03495444105024334
0.03504177698926805
0.0349271275567341
0.03532149470871056
0.03436435340644062
0.035314522222561304
0.033938111544712636
0.0336793126415226
0.03523853301349427
0.03457216641417386
0.03489786108857175
0.033749668709810485
0.034164865019046156
0.034408376990919615
0.03321270951145739
0.034606399325285746
0.033096621257882604
0.03341265847273423
0.03362689717810378
0.03333638545596842
0.033334471918597855
0.03424367079053756
0.033939087560870745
0.03363586621886441
0.03319392084788746
0.03310575847059736
0.03244523575488184
0.03275448683513691
0.03372971044326305
0.03296884293024975
0.03233274712439462
0.032981033151890826
0.03270433411876944
0.0327840356726722
0.032053787460288724
0.03229563303116051
0.03181906575304051
0.032531487625422566
0.03223338665139717
0.03219142764757835
0.03267709877628119
0.032177309312260656
0.031161713784735538
0.03170499398327225
0.031120598449740192
0.031017207959094753
0.032325901797007506
0.031207062556657592
0.03147803587711044
0.031746533967385505
0.03149966413783135
0.030801589733587022
0.030956606583656877
0.03142970138243661
0.03130665344019521
0.03178473846253862
0.030994342925659873
0.030314430510983936
0.030157066881025433
0.03053519334712205
0.030133110918533563
0.031132694171950796
0.03121250371532081
0.030806857992413644
0.030513930648584982
0.02940197484312012
0.029498110276988874
0.03006334871244663
0.03033911240198923
0.030568773414213032
0.02921713236071545
0.03053391958917044
0.029742945772613653
0.030212967784863386
0.028953988150186804
0.02903150470889707
0.02999606054901876
0.02914055962220934
0.029629584878590416
0.028847585258295626
0.028669057753721257
0.029307917316193626
0.02942009765984757
0.028165766874073888
0.028587418645665837
0.029003723104522913
0.0293513423004797
0.02895350327344712
0.029023601820878955
0.027534000122990156
0.02751154331271494
0.02727304595542966
0.02809660281846693
0.02872376788109236
0.028350715847460496
0.028057850654947643
0.02836607797652666
0.0271982505468931
0.028115128103852003
0.027700412874322098
0.028250167010680182
0.026898471528296917
0.02739400931760783
0.027574116191838
0.026648924659652032
0.026320655335987698
0.02721323384811716
0.027096366748217485
0.02712511023561788
0.027180494737207756
0.026064529113988905
0.025920246286012336
0.026170053643271882
0.025579239120390045
0.026190285907565176
0.025686727410287585
0.025212325749891136
0.026831014605796455
0.02605349317521787
0.026444054637633396
0.024925884497244345
0.02534215985526192
0.02610291539614259
0.02520563327543581
0.025605952986969913
0.025360034273673473
0.025762994981459827
0.02558725634765483
0.024706762623415
0.025822807559409886
0.02444301661544926
0.024479725185422123
0.025506728816246504
0.02480745813865431
0.025195810823166572
0.024286733403402733
0.02448108119115781
0.025166292647628007
0.024096640408146235
0.02378291213068299
0.02491913297835754
0.02346340010023335
0.023917987964242136
0.02447733203489199
0.024584825743318387
0.02315679245812359
0.02285281667135546
0.023265016734023054
0.02325207110310418
0.0229881964576202
0.02398872438575611
0.023712726477058525
0.02318137934809747
0.02300165934718548
0.022454849361377618
0.02324876845271226
0.022780958136169607
0.023602530447606376
0.023427197057661563
0.023316738117714515
0.021995221455909795
0.023155131971013772
0.022520252257116437
0.021512642322144237
0.022325202406470807
0.022217681395391927
0.022161374225907693
0.022035826955888984
0.022508448841660103
0.02180072707790238
0.022163887894549622
0.02219010233655485
0.021231316839378945
0.020851256093569925
0.022006086454778768
0.022147933024862627
0.02079806848687919
0.021440208503580107
0.02155718898492562
0.020962077423711267
0.02137002727335953
0.020907469966872552
0.021132335694822497
0.021006366756247036
0.020225597658460645
0.020421648894958264
0.01970732028953917
0.020459921255567955
0.019517205626669653
0.020465511956787308
0.01952681115393392
0.019853661016128062
0.020085634797705903
0.02016509295585289
0.01916154412302979
0.01971500035795842
0.019589794739345624
0.01974370335980765
0.0201321594829985
0.01928552450119989
0.020038126224511968
0.018522787111066225
0.01963565887982787
0.018615036676347108
0.018938891752254685
0.019131939455809526
0.019525314097854584
0.018590284839878027
0.019065632898951607
0.018203043182251945
0.01846233304921934
0.018165181312722413
0.017977419271458173
0.018177444042226813
0.019090722609213913
0.01761727515161316
0.01804558944436094
0.018089562409215425
0.017986839262717717
0.018733605707337793
0.018423923298013276
0.017022915714856403
0.01827707428000227
0.017858159784102247
0.01837660501189019
0.017423524367710698
0.016886714802518243
0.016924925135803248
0.017518592440853662
0.01775316585788
0.016543165903769617
0.01722237363770094
0.01744689645254599
0.01621070645749808
0.01658971300686089
0.01749551254961771
0.01693802619404042
0.015963066719020643
0.016431141715971948
0.016460480294074657
0.016191493264075794
0.01713838773248298
0.016842533838395735
0.015581735482016076
0.015485160701093589
0.01629732368330836
0.016541270622618703
0.015167854165507253
0.01631912384372089
0.01553459299625794
0.015360339343730293
0.015357145350616455
0.015156341601141763
0.015735326361485592
0.015835398338410276
0.016251508079186457
0.015209008304105456
0.014631178397616556
0.016026329361884653
0.014449836153005926
0.0146458413933508
0.015658907032910976
0.015437359884214201
0.014059438012278012
0.015110753422932627
0.01457027533135819
0.014228427292166423
0.01387765211425847
0.015211612990460475
0.014341858365847466
0.013767474759201693
0.014260810718167634
0.014139767834272076
0.014348622428253308
0.014597006183813896
0.014576491093736132
0.014531198400261644
0.013808649905381904
0.013118140545567984
0.013586131939814864
0.014207095179240663
0.014495547600682697
0.013116813225845406
0.012836251166162702
0.013203357171561216
0.01313333473433647
0.013029063495019604
0.012538174676313988
0.01388871155306854
0.012930772522373091
0.013566235250000462
0.012262352136039815
0.012860419622627423
0.013078864849543657
0.012970041222366805
0.012999601489579089
0.013624011117444951
0.012123243752315412
0.012611656720943448
0.012252953354679371
0.01176247924692157
0.01177040750576218
0.01302459778886201
0.012800422457324061
0.011805368470471197
0.012720937006301192
0.01253195707955522
0.012988974512822963
0.012669835260488514
0.011976311517420905
0.011742621575335411
0.0122085010660435
0.012087253024166363
0.011689808311046235
0.011788888463737105
0.010982290535554155
0.012013636767634521
0.011578262961750943
0.01077521367316647
0.0117787829631562
0.011095244481507257
0.011617264132890805
0.010432492088012214
0.011813890635410924
0.010758857613756768
0.011676688953471764
0.010369825228214596
0.010205242779959439
0.0112193022949679
0.01079810537598082
0.011624659301760227
0.01087558938796879
0.009901051581269206
0.010844786437973649
0.010414637606417013
0.010622709846856817
0.011287944233730493
0.010179375248562082
0.011242532395390172
0.010477747495190481
0.01078311321645343
0.011023181911780843
0.010447819978024693
0.009535364184062707
0.009977733826426232
0.010062055015819731
0.010034976389596275
0.009128104326462496
0.010528606356837103
0.010479273488804152
0.01028799494694168
0.009851512091290615
0.009269297566636792
0.01034283435400396
0.009629035820744022
0.009627494571516968
0.009106669675413459
0.008575202215476932
0.009859207864685046
0.009096972433231385
0.009446365019699221
0.009344325124402008
0.008991891683957648
0.009491144162200014
0.009587425216437576
0.009155447907568814
0.008783681110161494
0.008710657396454869
0.009757745429489777
0.00889718521468104
0.009460590181363247
0.007985543869174678
0.007992155330246298
0.009203040905603916
0.00906853974551167
0.008901779360238088
0.007713412931117348
0.008558595609592448
0.007591770057884391
0.007650708963693352
0.0078783181921976
0.007989672112789465
0.008257101976339266
0.007760654492265591
0.008531425717576757
0.008955225403750574
0.008126664216632896
0.007893022704515607
0.008885869960564396
0.00812921819845389
0.007087916839185243
0.00866260652491811
0.008369380198797254
0.0069541844715441
0.007112346047475042
0.008288952877948723
0.007006372195449727
0.00698126210389109
0.0075278208808917885
0.006784119044160578
0.007019215315456859
0.008105169719297122
0.0074959923651462335
0.008011072507176599
0.0070886783875700006
0.0076897355428139766
0.007508891354823068
0.008088631757609425
0.007617366148175605
0.0075488214119363425
0.007486918474954897
0.007838856478870278
0.007557940595270113
0.006795403089358437
0.007713295924861094
0.007651295062385548
0.006682518530688916
0.0072495089051540776
0.0071563433854361135
0.006307957273307208
0.0063020254097071555
0.006280362912692947
0.0066382299561603625
0.007108170980004873
0.006677482109106899
0.007366746929814044
0.007238737296262746
0.005934313035788713
0.005904679001768931
0.005660399632357359
0.0059963046131902755
0.0060204179928841604
0.0069821503214926766
0.005871812079346341
0.006932162433936867
0.006446377145895275
0.0058229412741053225
0.006860953222073413
0.005833497944456083
0.006803667618877435
0.005623909156059446
0.006036763432981298
0.006132452073802197
0.006503032635203519
0.005424111869933011
0.005330385375804471
0.005585712662619445
0.0064487252697954965
0.00657811858386869
0.005315480983338997
0.004845632474003041
0.00521131338344794
0.005333565698922471
0.0059422972367940965
0.005482911160238472
0.0046642292034903355
0.006269282392358328
0.006095002605489068
0.006094351831816491
0.00512391638611119
0.005447382016850503
0.005313842486664412
0.005189677075709049
0.004996732232758296
0.0052606477171104815
0.004939498997962673
0.00598022050226054
0.005127976300094518
0.005567259167151248
0.005240698062970106
0.005436152779757713
0.005363305090356795
0.004316087397116161
0.005070214404101066
0.005741929487988249
0.005058107805434215
0.004234936228154463
0.00432863860112234
0.005567592526591169
0.0045499918522021905
0.004535310607754855
0.004183800517403968
0.005292834824912747
0.005449855358671164
0.004357394322788789
0.00464906017560455
0.003755693085722977
0.0052209168774000345
0.004295297346486916
0.005001724518846677
0.005105121079370422
0.004933222448796788
0.004374391303662938
0.005281723978865702
0.005085942703814864
0.004730463245486951
0.004359247085272649
0.0038540782901748884
0.004487395066783716
0.004331564738452673
0.004770508363290341
0.004858115680357331
0.0037000482192458824
0.003933811982450933
0.00424437544441788
0.004546339745380078
0.003506211220876909
0.004670756647091133
0.004384568138712142
0.004424271318540436
0.00446643256807757
0.004238461808997194
0.0037344838202774604
0.003942258019530295
0.004650817527439464
0.004256509844741375
0.004152888480803445
0.004181569564705924
0.0046573746464866695
0.003696561153470302
0.0035362122969333954
0.0042093751575143475
0.004224775689178996
0.003766259459002142
0.0031216880959838195
0.0037227158095542536
0.0028455022081252763
0.003336255769656135
0.002956641723994617
0.0043983165823438955
0.004145681777386834
0.003998330894696774
0.0036236216093824994
0.004120679806594573
0.0038234369128965513
0.003945080753047572
0.004043659087992335
0.002845036721985599
0.003960276047480464
0.004092056944085507
0.0040620540270476695
0.0035657776658006013
0.003779252883604212
0.0032572714173362233
0.0037301335444834167
0.003639476960570469
0.0032825344611453386
0.00298395164304249
0.0033714330999953584
0.0028093665735657793
0.0025250360157466887
0.002500111320163919
0.0034019222570551184
0.003722704762435873
0.0026281908698024214
0.002945264527231997
0.0026240666384162665
0.002388865624730691
0.0025299097431305696
0.003787486884123497
0.002567490191934215
0.0022868704950035536
0.0035085578962153405
0.002173340009445075
0.002297532619946374
0.0022444633840878313
0.00333124258417095
0.0033427228935374335
0.0037579642684002924
0.002438833267003664
0.002668531978159013
0.002671299564381136
0.003642986921784588
0.0031897387368658606
0.0036462306015507834
0.0030363812181891546
0.00336233889104234
0.0034383303223165275
0.0026671134950619533
0.0020866427633797683
0.0026691147245165945
0.0025327795995456395
0.0019875980094667496
0.0034325045211893073
0.003414416218720836
0.0030903386301104757
0.0027435643522179766
0.0020732307865177677
0.0019251689861249056
0.0024223746625667278
0.0019373053818752383
0.0020909333573337586
0.0024797829210569055
0.0019009616310294616
0.0033509041403123507
0.003303981977451837
0.0018459772104091267
0.0019025471961334854
0.002813418317626007
0.0020894014289895716
0.0018834110002096003
0.00288758735694409
0.002951647172729698
0.00307047513843238
0.002345215632697457
0.0023981353220030523
0.0021220933360003506
0.0032299742440048246
0.0019957692690382774
0.00273795158436861
0.0016699299703018169
0.002157177536022427
0.0029325708734951952
0.0018389733050810204
0.002979451798483586
0.0022793753128689948
0.0021957177090523865
0.0019054028417772365
0.0021474608258757358
0.0013833194269617785
0.0020316683175317777
0.0014134117519921687
0.0029024091713253882
0.002153009970983027
0.0027781932803418448
0.002739166381500708
0.0013877703075109256
0.0012734852780209506
0.0020327728565050942
0.0018493290734840674
0.0014646999031211487
0.002025563511140866
0.0028588151227359445
0.0029438760223030156
0.0015980030143518962
0.0028793246805516293
0.0018360257982559275
0.001690580728583997
0.0012802390819976748
0.0012430161391288187
0.0017210722158526894
0.0011364581708058923
0.0021235671293132756
0.0023595352722818133
0.0014180365542513583
0.0013059020612691296
0.0015107553435238922
0.001598960274096024
0.00241968280171134
0.0024262621995831653
0.0010587334220638997
0.0014684296545068461
0.001543563219017999
0.0021525987666676147
0.0027057087289687515
0.002514530928532407
0.0026006293142298367
0.0011239033976286994
0.0012604256908399572
0.0026514635127260844
0.0021571562577651984
0.001969814092346133
0.0015012203173634488
0.0009339741967726575
0.001543451984299054
0.002224225484678442
0.00242833902471949
0.0022163926692338513
0.002172556091733364
0.0025227847222189115
0.001575486153714374
0.0018240508400626085
0.002187924289419392
0.0010016413209737551
0.001894049216353741
0.000877948771507059
0.00158384011261849
0.0021306670093329755
0.0008749319096268794
0.002259783810931902
0.0019104605416985858
0.0016715313766795861
0.0018634553989511718
0.002522120186591573
0.0021991048825171127
0.0016029296693471106
0.0007759098784536745
0.0010343817327389605
0.0008697682761745288
0.0020548480388089107
0.0017826559785430933
0.0017353246182742425
0.0018378114813406045
0.002198187081742482
0.0015338406981477437
0.002327206189881262
0.0008045093668499011
0.0021419748859315287
0.0008518202209465927
0.0009304878280468744
0.0007197291413162272
0.001170114987127407
0.0016045387193450982
0.0008389300533467678
0.00145068559358169
0.00141114301811043
0.001539750764048815
0.002116865626991158
0.0013881087475575583
0.0012305802667803472
0.0011089303708226362
0.0011289761459133754
0.0015517759875691669
0.0015986472432367638
0.002118046781936696
0.0018374926213036273
0.0021810444613757462
0.002117899214999575
0.0006399249998009523
0.0016566010011409107
