0.0005472501735476833
0.0015255208964138085
0.0006646694948862665
0.0006642915018478631
0.0020611508125577328
0.002198560369693825
0.001179292119750167
0.0007434779471075478
0.0015255259664227778
0.0011135607518924068
0.0009623258115480995
0.0008455277400695428
0.0007354135842801915
0.0007718991074475215
0.0008228164629639525
0.0022301726098493783
0.0023232759374207028
0.0014972967682113359
0.0021466867066470127
0.001681498418142845
0.00220975902022825
0.0023106742550789766
0.0011025054153638192
0.0006903533968410178
0.001440409020440248
0.0013037118772972155
0.0022034755690034744
0.0023297925120580936
0.00210999951166534
0.0009695813037993487
0.001959516959275358
0.0023522997760107058
0.002415954521337179
0.0019170875404534529
0.0020249367845531128
0.000794124298100068
0.002263412030232016
0.0013198031045737126
0.0018159160163449585
0.0019589048186842927
0.002158414349640978
0.0013929044853887385
0.0012110947627576357
0.002302613196358577
0.001055334740103466
0.0017093829414501136
0.0017560720106642325
0.0023791489470346055
0.000989953519132466
0.0009093260927520759
0.0023546885297632187
0.0016592352338100317
0.0025853385754879546
0.0016328891615609473
0.002148884124225478
0.002082632560764877
0.0011175322234095247
0.0010778644728618248
0.001770995794427743
0.001118979962452765
0.0019459508523245173
0.0011612847427322534
0.0019925166444971767
0.002252561549958422
0.002503405344229499
0.001874645831711372
0.0025953613426715886
0.0012936248447022465
0.0014444149420106387
0.002646850727674493
0.002633276788360338
0.0017528701447800579
0.0025324645530167174
0.0021020951130497675
0.002072034873530373
0.0028408467453537815
0.0016212435821838845
0.0013465144866556227
0.002081979867269365
0.002018430463023652
0.002837644794100233
0.0024727655804024787
0.0012460102479609244
0.0016880251449936474
0.0013046982067619881
0.0023955873459812864
0.00221760382923201
0.002351010421749737
0.002244529420773089
0.0018248133507061182
0.001465434959701357
0.00189443921317727
0.002059587175477155
0.0024233072291807607
0.0016526873802824372
0.0022867639576037695
0.0023854007434287593
0.003038780511407597
0.0018759728644092324
0.002743976344787877
0.0019147024403159824
0.0017294843190556568
0.0017904817685822723
0.001854509858868375
0.0028516902663367955
0.003014297602892663
0.0030096268143302994
0.002892238591546173
0.002039046080616336
0.002328959186340169
0.001965066015849462
0.0029141908003037344
0.002453833925316403
0.002302511236767509
0.0030776764297377277
0.0019332494787743335
0.003249699803305635
0.0019405259080872844
0.002533940430030507
0.002070182609359623
0.0020125339164200565
0.00215915009512779
0.002724590847840136
0.0026612898496451956
0.0017903903200572981
0.0033416420850463997
0.003137037316856605
0.002050198628089354
0.00342520314210177
0.0026932201620166185
0.0034581221929861766
0.00206059553883733
0.002341345084887689
0.0029418058275666368
0.0019541562472985483
0.0034912804302344356
0.0033483184965935587
0.001841020473070631
0.002042921111138855
0.003347783904292318
0.0034318078162576776
0.002326667755189192
0.003429460886871245
0.001953971666643278
0.0036602541801504713
0.0028650401063549666
0.002379234619113234
0.0021410892619853654
0.0034411824273958016
0.0025650198017214587
0.0030955421816176104
0.002174065559951498
0.0033566852136940866
0.00206948861050537
0.0032153791225948483
0.0038359846791017256
0.0034086788306752504
0.0034670047190627105
0.0027869341378100564
0.0024066949516272783
0.002821750243181045
0.0035717699741872376
0.0030828094446564737
0.002539044806980238
0.002800065918994983
0.0032776062589905484
0.0026639401573638945
0.002352366387080776
0.003811839516723761
0.0033876851768444094
0.0040731266532241335
0.003238828906007236
0.0024011370791528503
0.0025763465785803275
0.003083129364719678
0.003741989910504647
0.0038996808584979034
0.0032808133851851165
0.0026295020150720093
0.0029909202270689416
0.0028919106762480508
0.002582492673821345
0.00364447737310868
0.0036711621860372017
0.003960307000277733
0.002669601990000239
0.004006904898118033
0.0037163051118213526
0.003486943627937661
0.002952992896012404
0.004244736674646862
0.004341943841576027
0.003211937077271576
0.0041003644068668575
0.003839420997486176
0.004078623549235895
0.0031103343068659456
0.003273835030984713
0.004243855650961001
0.004055908696945661
0.004062986415206768
0.0036908367373779463
0.0032532411682706618
0.004777933304572218
0.003470962084019084
0.003866941076416025
0.004558414707688039
0.004495819984743954
0.0032787613299001734
0.004755214605863492
0.004269379201091276
0.004123938009637411
0.004861182681641891
0.004508518758334266
0.0038947635294777575
0.0033250250856294086
0.004411502791101327
0.004092839236874223
0.003629885710402926
0.004573898378306481
0.005149009073096033
0.004094292799076065
0.003828835166559405
0.0047174908800306555
0.004073394350191616
0.003590881197124327
0.004091779731413506
0.0052295950044565975
0.004074916593884728
0.004430662911226518
0.004567651575147627
0.005394128766201762
0.005232713541908005
0.005186238202839866
0.005465877238633765
0.004413081462583931
0.004502986912071515
0.004909234996824389
0.004517962914501077
0.0050521902108305325
0.0052969923143559566
0.004815246718675041
0.004861860783431208
0.005192167573033759
0.005339449023916773
0.00517116144950538
0.005284141445309482
0.0050404917653826585
0.0055476030759498834
0.004622244875481939
0.005372981999660591
0.005138343663217438
0.004581880274587495
0.005160736239622991
0.0052678781307072195
0.004387174182472999
0.004887186982344742
0.005123320204422529
0.004777336161594059
0.0051352135984966026
0.004986263461337876
0.006038272740624197
0.005895544815093598
0.00520079794620673
0.005290368015431583
0.0062390390010618356
0.005388114682033912
0.005341189348201767
0.004858212371363521
0.005679607395617747
0.006452725640387988
0.006483895365676763
0.00548938157467384
0.0053667707964829186
0.005102932424368268
0.006687608131546977
0.00567943527813516
0.005167977390354325
0.0063822548079198235
0.0058296802540683725
0.005787828596488922
0.006088288104209361
0.006499463552552552
0.00573320653038857
0.00640373458595682
0.0063111833839224005
0.006074210727210485
0.006103266898747802
0.006847306154864197
0.007003186160462068
0.006179183322875515
0.006650107974155376
0.005886668878012456
0.006199479102166256
0.005692795197886665
0.007141629602057369
0.006899870558145867
0.00731104189426003
0.007545861877966311
0.006566024121439965
0.00760212573495975
0.0068009783458955675
0.0075525711532396225
0.007747450163714719
0.006119076535629844
0.007278765228383142
0.007026872881717919
0.007858863575707586
0.007186874520587159
0.006637337743529285
0.006722011606688341
0.007510729436783129
0.00792325965221998
0.007393728047257113
0.007337006454570951
0.00796012316705657
0.008206499166798192
0.007337588086934059
0.007001314295157979
0.007030729053402971
0.006946664448671976
0.0067803328871424645
0.008453807700703609
0.00812317602869123
0.007268639216016554
0.00826993909208764
0.008108834550326627
0.0074126411030256915
0.007568772725802301
0.0073782816922352695
0.007322482617268345
0.0073771306617137445
0.008393006129889944
0.0074642187674645475
0.008746545648676938
0.007430085606111298
0.00786308352400345
0.008852246784291468
0.008266630975019715
0.007536242525766459
0.008862646330248317
0.009090108791961905
0.008093532391271767
0.008760795144264533
0.008939096881189589
0.008951072560813084
0.008691860707035228
0.008035829017209848
0.00836693910013637
0.008238448881683054
0.008260401630610398
0.0088290773119577
0.008427737724278853
0.008238070893743395
0.008290978002773484
0.00967598478236997
0.009972063299873442
0.00937385544521843
0.00973831358840343
0.010152765349335615
0.009788936488911907
0.009880165971459753
0.008698557560462446
0.010125329447777599
0.009583959192770197
0.010259960601461575
0.010516611461266045
0.009454930534045537
0.00900858478274753
0.00906494069122134
0.009686280723016529
0.010078279374412679
0.010318771149560911
0.010706305804169706
0.0108130718759113
0.010846823386940754
0.010417480766556146
0.010568585088816137
0.010948929661137898
0.009579507073976236
0.009959700115366977
0.010956299507776275
0.009615656881207474
0.01036955440647637
0.010393451735281363
0.010212014778232094
0.011163466674120494
0.010756991354262344
0.011217475452812858
0.011453971421714823
0.01010619629762111
0.010812881582354023
0.011250763934353272
0.01160602740222154
0.010367297100380526
0.011885008661509915
0.01170181195926425
0.012168518541940027
0.010944251550616256
0.010756108206601434
0.011342099455775669
0.011419878737717958
0.01142395767065683
0.011654034679532424
0.011861778322472346
0.012232089713745701
0.011552327334975073
0.011733836070558631
0.011168690738993127
0.011450803219221616
0.011851145803280826
0.012826051918410193
0.012359586644483493
0.012744838680029354
0.012850759695129537
0.011459632050234144
0.013260153334481509
0.01278815629782184
0.01302110916906333
0.013382383122172735
0.013109315991602696
0.012098901337248842
0.012103032520577813
0.013416403741216122
0.01272387678537746
0.01205990415741036
0.012208978626920226
0.013883473115440411
0.013687347028992556
0.01286185076156471
0.013362140938849677
0.013035959026279348
0.013893335466752617
0.013781043151010874
0.013067259395210615
0.014115936645257518
0.01275512383830551
0.013740575519243878
0.013335035863016919
0.012948683669077019
0.01343344700661375
0.013208238441022912
0.014519322753698745
0.013587068651187794
0.014676853156499055
0.014253058935353398
0.014478994574533515
0.014820105890071395
0.01429267272983232
0.015270016731892698
0.013789848827955161
0.014221810414247417
0.014261328417510299
0.01526790410649055
0.01541483476843136
0.014111358194960958
0.015475221796303004
0.01456149529019255
0.015919183511041175
0.01576203454952342
0.015041919239769691
0.014968964071558882
0.01594092744956395
0.01567660198237042
0.016216708189056295
0.014666415662907007
0.015686204468787608
0.015658271276593267
0.01526170957828529
0.016134607137211546
0.01640743646668353
0.015698723919325024
0.015149708286858089
0.015406772142626394
0.015598647477497073
0.015779492832215195
0.016844692411955235
0.01644401544992772
0.017118439674571644
0.016886782934145528
0.016398985410582035
0.016536582038838312
0.01643751621281858
0.016130578546802655
0.017221781708618836
0.01709821108614842
0.016989494660581108
0.01773528719247037
0.016465202907435937
0.016768058265481868
0.01694841373060688
0.016792036748987948
0.017452151441621547
0.01698719279008897
0.016865618583258118
0.018138267740069113
0.018333289676491914
0.01756802083113141
0.017018692840079674
0.01783711936524442
0.017282565013761915
0.017238072632051526
0.01850488846489291
0.018089632811451387
0.017759810627940752
0.019242162216396345
0.01930850219980784
0.018012202178110583
0.01820068844313838
0.01801104122987821
0.017983211543773626
0.018332694388975307
0.018747391252808977
0.019851437336130318
0.01833691327255403
0.019309195682564173
0.020068546830932222
0.019169108240890763
0.01915108257017383
0.018994255691560696
0.018651462243604835
0.019417812746032458
0.019802030658350785
0.01916774783806696
0.01916680997257691
0.020312719814122658
0.020414830161550167
0.020263011048010877
0.02050604715751479
0.02102543925178615
0.021122163896574734
0.01952887902872973
0.019878321660652037
0.01996676617123367
0.020824795393695517
0.020809208264389905
0.020713546825979288
0.020293078187163437
0.020071540579581732
0.020912277575566626
0.02097328861326638
0.02117962108425711
0.02187682989317749
0.021476771733039645
0.02156041693539119
0.022317107827881204
0.02143434831586286
0.021690805802279462
0.021619501303877072
0.020897439390017872
0.022469338805489306
0.0223803144173257
0.022856417330481577
0.021831804561049804
0.021638138997882552
0.02307461421380374
0.021661504932189993
0.022750218780611307
0.023088998110086204
0.023217928903201023
0.0230700030070284
0.021864103940404767
0.02257552004597196
0.022919221762782722
0.023576918639546543
0.02273690784216994
0.022897736954046972
0.022509596490548088
0.022679027994637658
0.023893271437980666
0.022640660792108074
0.02300329708064433
0.02435089013778852
0.02416912053881674
0.023771336879177853
0.023264099420599416
0.02373628608403596
0.02410093646476596
0.023366965321866152
0.023972274178285315
0.024071478444863
0.025032328886268957
0.023539588940815703
0.02482502076618013
0.02420426476626648
0.025117602513480233
0.02486156512004278
0.024545877511176598
0.024069554762774156
0.025300664656029
0.025831823269437223
0.024620089845005754
0.02587697630629355
0.02588618509148951
0.02530008146373735
0.02566694742621588
0.024657369535468585
0.025546322861015054
0.0257375104748818
0.02643396769457615
0.02518240389140585
0.025655762666957776
0.0262633467991766
0.026462724493623187
0.026934765939039304
0.025386987787704405
0.026779248043052886
0.026141954155221293
0.02645011473408451
0.026937146525789657
0.027074715294427707
0.025945218851090385
0.026861261993294017
0.02711563940764456
0.026665869188020594
0.026477247898757002
0.02718532616206484
0.028076873448923418
0.027415527646537565
0.026886156869388157
0.027788098630256927
0.026987595438664747
0.02813892390188658
0.028234245285494685
0.02826648255975007
0.02871003410361035
0.027448316326074838
0.027648780538268122
0.028843501698547
0.02767687231845344
0.028034710291925304
0.02806156192148031
0.028827670398777434
0.02844948231722933
0.029218221004712122
0.027970447345217128
0.029418840545125356
0.028493768538086498
0.028896166215168127
0.029286643134171307
0.02827266782503463
0.028321443753914603
0.029574346496929086
0.028985633257163572
0.030135799492926333
0.029783672951738564
0.029402843704836888
0.03034521107947123
0.02951628562485436
0.030241513554582492
0.029023273068766023
0.03079446675082002
0.03078990303700039
0.030124616482517227
0.029528030028643588
0.029879726855800638
0.03102038429747503
0.031147062323960306
0.03096453779346073
0.030306259345770328
0.030670989423503187
0.03094033537660989
0.03155291795078545
0.030468476296177435
0.030367355150701845
0.030215733658790937
0.03089836482335553
0.03126107444305603
0.032045625606324575
0.03198221138839327
0.03222384448698385
0.032355042734594684
0.03117230193362224
0.0319811532843247
0.03178392296734348
0.032202940798105054
0.03247911623702161
0.03229713222537234
0.031510934049612506
0.032420671405853675
0.03279958044738413
0.032709250429897134
0.03262287886016336
0.03157035900823734
0.032743754021276904
0.03265481949715788
0.0324743710213865
0.032495406353664665
0.033000378151500295
0.033318392671536294
0.032106387028619655
0.032234628717795276
0.0324629543498432
0.03283487036735009
0.0337997496082801
0.03265036339612913
0.034106359635404815
0.03350375020342641
0.0341744135347252
0.03354378770285637
0.03399663963902128
0.033558377696788384
0.03395386935118242
0.03446619940794784
0.03359066582421276
0.033663652866229736
0.03459451772804058
0.03399985120180705
0.03350923760553575
0.03406625277432955
0.03505359040572757
0.03450207412236195
0.034098621693307504
0.03508443149674253
0.03484267636080556
0.033963367515457525
0.035404994282064506
0.03441553497428515
0.03435925203515369
0.035258730568213624
0.035168574303489394
0.035699145607920285
0.036049753993581235
0.03582439806478057
0.034849953523449835
0.03501666005066486
0.03602798779108185
0.03609449106923256
0.03519939454970658
0.036013701666020234
0.03586313778847261
0.035106810706920025
0.03545056812174971
0.035833649517609464
0.03603919677541225
0.03608005093832298
0.035932348505088196
0.036301053897880346
0.036374004815937694
0.03637853862150611
0.036075648446818036
0.03568531236218988
0.03617465832143114
0.03582633509289925
0.037008037410185816
0.03666658917240337
0.03690475335160258
0.03705290137819198
0.037175240404234484
0.03624678757645736
0.037527717312498474
0.03733152506881079
0.03760139128263882
0.03798660552621284
0.03644456321697197
0.037505829815328566
0.03753688209554372
0.036955779417643574
0.03776339563626271
0.037248257090189855
0.03834694602656363
0.03733991596150191
0.03790716421444995
0.03855019320212145
0.03777329986718769
0.037917543023210654
0.03741420525102362
0.03889707400021481
0.03888808167610135
0.038787562698918435
0.038327892527160734
0.03800259211876973
0.03866172062514301
0.03767770469983816
0.03779236748087952
0.03853175721277731
0.03904257873144162
0.039074240968172975
0.03933600915722621
0.038678649475024446
0.03786061134821114
0.038392908893299445
0.03889567792876157
0.0386131031751085
0.03913650404918179
0.039358847102762426
0.038627229037872954
0.03956801225793336
0.03872777752361335
0.03933867229079157
0.03879871776633043
0.03904680393417897
0.039700678027102816
0.040013624215676585
0.038605294864798176
0.03948280109607588
0.03942116483078928
0.03961115319666901
0.039981274096190844
0.03953099868029812
0.03900463950209174
0.040481990851986435
0.03935690724081767
0.04039802810410377
0.040461428501484764
0.04065753834907804
0.0408534489404911
0.040198353382953966
0.04086452672638152
0.0408673323393024
0.0398770719960882
0.03979142969688685
0.04049664138992232
0.040702683650986116
0.04023129523233196
0.04086255696738945
0.04030842057632875
0.04007558984994171
0.04124105028979321
0.039895859582444536
0.040487250367420666
0.04016788910644116
0.03974981206630503
0.03977523252873311
0.04070469136531332
0.039944257356897675
0.04076093595604424
0.04162745128802549
0.04021912692681704
0.04062961608749838
0.04015550887468234
0.04135364490974801
0.04034934066279665
0.04032023450034281
0.040614449616636475
0.04091687736949056
0.04044529771078355
0.04129928227702013
0.04067999756849523
0.04134994729830716
0.04088580255350343
0.04076060523681666
0.04114361535475082
0.041326217601777945
0.04173829134135135
0.04190985404457151
0.04202982538238629
0.04199238555911724
0.042253475757988025
0.04128493802916519
0.041360582926942425
0.04132295209705006
0.041136222712729605
0.04090935479945474
0.04226967680302525
0.04133166075296534
0.040855923257620455
0.040885948417113356
0.04222163632777085
0.040991147406184335
0.04115793891903599
0.04166263447424396
0.0416188745692633
0.041210876206863215
0.042336008912209504
0.04164254847782021
0.042624095542306624
0.042028326749804244
0.04268968691663939
0.04172701007925757
0.041308786922302505
0.04239226868271371
0.042743500729241615
0.04283690216966699
0.04125810289239458
0.04148137081446598
0.04128524286698768
0.041625276714167464
0.041644753966117574
0.042869369342250704
0.042112112183034886
0.04162248952537234
0.04263030292566146
0.04286237611964638
0.041672651130227674
0.0421155607981266
0.04272102515641956
0.042283931853391674
0.0425971623488531
0.042355346679834364
0.042344472491603155
0.04283040211215997
0.04157622582199679
0.042629047958574556
0.04180272293603091
0.041535340562908904
0.042022286991971664
0.04140057118104213
0.04141624461379144
0.04195219908225629
0.04144267638203244
0.04200713877677561
0.04229807257817134
0.04228136030752854
0.04266548896284204
0.04246416288721715
0.042583554361563164
0.04195571249521866
0.04155989150999201
0.04192512372535694
0.04271693932789076
0.04169888365285328
0.04304964272219464
0.04206046348708889
0.042475447262023354
0.04161257402901681
0.04245227155165901
0.04283299541672877
0.04198898816291675
0.04259910792277779
0.04179721836753142
0.042936189901459726
0.04271835534916339
0.04196573086711847
0.04158591942553278
0.04155977604089429
0.041671130773161195
0.04165043683959712
0.042437969238679055
0.04202902226262252
0.04254774422117863
0.0430288536808759
0.04271292271120221
0.041548602980429665
0.04200691456796586
0.04275420147167044
0.04183908968888736
0.04252144446603068
0.04128568133123264
0.04176416355371789
0.042673196873872235
0.04134066747447464
0.04192952441261579
0.04148270646952215
0.041919766655835834
0.04240401066299663
0.04150503561281088
0.041975144925507794
0.04195749320868218
0.04191422595632104
0.04242443747957127
0.04260507615743884
0.041949635759257385
0.04189883886155534
0.04141321082097757
0.042218621041269985
0.04146769784452938
0.04256251686253393
0.04136504668097322
0.04246679013055672
0.042065874089134515
0.041015744680890226
0.04166206028685988
0.04126892668405658
0.04215441799702229
0.042299712499036114
0.04095500830395347
0.04141733333995273
0.041820546954484894
0.041470024308207815
0.041286467657679654
0.04199963947111342
0.04087236752532611
0.04156811577490829
0.04212421915329479
0.04199090532281391
0.04062616657062518
0.0418895095724367
0.04144401986898118
0.04180105418499496
0.04117502937307945
0.041840491650247814
0.04198410931899487
0.04124283401878387
0.040596271725330375
0.041884572816072656
0.04177699031082876
0.040783775795291285
0.040627374520107014
0.04134004867277796
0.04061290099210301
0.04184057326684816
0.04081817685147854
0.040767932846325974
0.040460076573186544
0.04171092898945155
0.04161879630670125
0.04051872888083371
0.039949253500131746
0.03983897101720231
0.041124344799581276
0.04097960346709486
0.040474961024714276
0.0408686846297535
0.04060458682089311
0.04019121011090379
0.0400089622231399
0.04085226907780021
0.04038019002398764
0.040564374115388574
0.039857319172659354
0.04016070795811852
0.03933742106949801
0.03927739268140599
0.03965892009464253
0.040294335637141646
0.04066130793479543
0.04059423549495245
0.03958741045154713
0.04031324298873399
0.04021225483469433
0.03997538105455226
0.03899379771822079
0.039473666707805895
0.038947230694370526
0.038809148443952744
0.040404579049234494
0.03956072257971365
0.039825603593063925
0.03873171483049203
0.039341194410856956
0.04015604259452756
0.038424890914568424
0.03870931888244822
0.039305322600403904
0.03928709393985673
0.03950151497593039
0.03867996769908783
0.03882607553460688
0.038578452246884776
0.03822580317753038
0.038651447155366586
0.03855588809795508
0.039008367873063034
0.03895537130645626
0.0380972830663976
0.03928771052484077
0.03836701391523684
0.03770724497559784
0.037989342586653124
0.0385061851974415
0.037669344863851664
0.03913416195707479
0.03871061291290673
0.03834732187258727
0.037734669471454554
0.038022174954535845
0.03783450839116192
0.03725556892847586
0.038033215316448626
0.03828362996227741
0.03695108790630993
0.03845800458716694
0.03745163973095368
0.03757585275916657
0.03686336703796454
0.03785106721388369
0.03822044925696872
0.03749946718695907
0.03656096190840315
0.038046723267925506
0.038023237995790514
0.03642916411590076
0.03759970619071578
0.03639969149321888
0.037611156291143685
0.03598668359389346
0.0366493005218735
0.03627102536505098
0.03711092355965775
0.03672709054355936
0.03585105993182022
0.03729194347120155
0.037031771268387616
0.03675123201704774
0.03689630125247529
0.036356637225640795
0.03603451781286439
0.03660970581400437
0.03611337557211613
0.035418665402603085
0.0362640249082253
0.03586236667012714
0.03552581602728845
0.03598416737783906
0.03538286501621148
0.036167643656468
0.036070411763837684
0.03531452885201848
0.035441508769646336
0.03448785639801695
0.03585816881816679
0.03476053009890736
0.03523442456285334
0.03466197886940277
0.03557280801119015
0.03469011967190859
0.035021192210633136
0.035176573178578203
0.03473485261447966
0.034667882176911705
0.03411412471419782
0.03525670479070738
0.03451461031875501
0.035014174622748875
0.03396303746371751
0.034439343228013425
0.03414608706415654
0.03408336654563904
0.03354988412551785
0.03429642575564616
0.0337170916237634
0.033342130902435214
0.033537843636552926
0.03331181806655778
0.03373979672014049
0.03390424792840111
0.032920240520606575
0.03413513356674971
0.03295933692263521
0.034020058953972365
0.033640930340031835
0.032794792430941196
0.0325594317849095
0.03305639975625748
0.03200225269072312
0.03338038848940483
0.032285193033245875
0.033142708841090274
0.03329561833622312
0.03171504400327099
0.03219700175088963
0.03285440463103027
0.0316430745808305
0.031640059432987165
0.032242566561745165
0.031614906571334735
0.032068829738598086
0.03139868396615373
0.03121611769643155
0.03171676030884695
0.03149289293562097
0.03211774917817948
0.031002195548488574
0.0312278413041078
0.031002572844100705
0.03131681577970054
0.030465149046052038
0.030360845773051034
0.0305604237199182
0.03032479279065721
0.0308307501094978
0.030055507397024447
0.031058912724612885
0.02997855560324625
0.029704701051609394
0.0304623450607425
0.031177456548633752
0.030929457194453558
0.030424945817101503
0.03023698107996529
0.03039615978232716
0.03010977084214126
0.029237356390278916
0.02896145016157723
0.030570101830370795
0.02967850431219735
0.030406779487545457
0.03001047353396462
0.028968471697660536
0.029448708815422282
0.029079378918077946
0.02947549292671409
0.028884438767824837
0.029555786083698823
0.029185263025857805
0.02883344465913192
0.028280436075751907
0.02905335290121047
0.028238316034823976
0.028524021236776043
0.028284193677488086
0.028465880686659773
0.028907709905373457
0.02848882715741156
0.02788197744377565
0.027419034310679234
0.028069296872915307
0.028030174142925482
0.028499057042703134
0.027928873978493658
0.02735209937306136
0.02693068122125054
0.027329938172471858
0.026576022808569418
0.027397067633541015
0.027139520981291593
0.027334222930737992
0.027848701380541307
0.027005308443555292
0.027789526096748427
0.027110868921620006
0.026580748609815283
0.027483999604766135
0.0271208682492801
0.0258905956038655
0.027018500182708072
0.027041228512409577
0.02554412994301797
0.0256984099044892
0.026011554714114572
0.025806683289897655
0.0267398529105871
0.026578212942382665
0.026254414400105217
0.025523447723889123
0.025374277497642195
0.02600128648961887
0.024702033335455398
0.025232695292946094
0.024429353599188033
0.025965217858343832
0.025738211818490824
0.0243078071780735
0.0244250973401905
0.025450829454934258
0.02491491886932367
0.02495035179594095
0.024242262585108906
0.024575663454056984
0.02481852740679559
0.025161650627873535
0.023487350276531524
0.023830621125002102
0.02327799388921424
0.024457344492767236
0.024709873788984697
0.023282994670242994
0.023789825238938536
0.02311734872358267
0.02287273982741381
0.02279707327066087
0.02394708588306626
0.022798771623827513
0.023516514467749192
0.02288761419539025
0.02289816082708129
0.02343516145310915
0.02234755224488071
0.02323795611238728
0.02273409422760979
0.02192527119565733
0.022920438802225846
0.02342976216971189
0.02320174222690864
0.0229035871796814
0.021543043811488406
0.022625486001978688
0.022560188731101067
0.02257313791089994
0.02194635488564737
0.02224278226229409
0.021806499342887833
0.02269608955920018
0.02261087674524204
0.022047173028707054
0.022464561384987786
0.021803747801100424
0.02186696968465752
0.020690099432434418
0.021025253851126666
0.020399131663578936
0.02178726498154314
0.02032442625784073
0.020402040063760885
0.021160538776934943
0.020138586171805015
0.020893849432239854
0.02106849825085565
0.021356932739040487
0.020203339108604675
0.021227575965303096
0.02060632849283262
0.020076099848961474
0.020690285242827698
0.019507183145082936
0.020807791420150958
0.020119991815644316
0.02001536981715738
0.01990224810715207
0.019857191372715053
0.0193004545906021
0.019904706620708326
0.01874629026781662
0.019247576634215467
0.02006654055422199
0.020124444120000452
0.02003079114708499
0.019345671112549156
0.01832983497843248
0.019387080693235602
0.01857698362585455
0.019381675756616826
0.018256841969582518
0.019103443937914005
0.01937274836880372
0.01874386373861082
0.018946085014702907
0.01864476125803751
0.01758442046098597
0.0175038539642039
0.01844386206988573
0.018228277660884324
0.017852597925440954
0.017596004687612094
0.017068589820886222
0.018005761914757553
0.017876431846842684
0.01795270883318851
0.017183002779116937
0.01814886645514761
0.016624550610121053
0.01720711997922414
0.017153474540388482
0.017975103699118665
0.017842162642686465
0.016416509189858892
0.016615091303293705
0.017414080577809687
0.01630300527771331
0.016848981298227185
0.015961747656170828
0.015840520466079113
0.017123041477588665
0.01681938485140366
0.01674891669169004
0.016664718911444127
0.01680282436121175
0.01643064637417781
0.016649047949417625
0.01537594308008948
0.015890020033948078
0.016180585731831627
0.01641812324846661
0.016095678348419115
0.016018788708135667
0.015484841606498895
0.014938419954358715
0.014694567221150583
0.014769237191625203
0.015897399332711414
0.01564597804585178
0.01535023386931583
0.01476389518330623
0.014702511267655316
0.01451588083847151
0.015377414140256463
0.01430108020661397
0.015704521540279404
0.015210771373704307
0.015485088518958228
0.014245839371541351
0.01521661281077019
0.01510162262054766
0.014252626696199361
0.014077184571840541
0.0137687598362901
0.013576672935445408
0.013818595624001223
0.014844722966784357
0.01430991874895928
0.014776022008292413
0.013593771679672701
0.013554039819024031
0.013301267968839499
0.01338336892355457
0.014211305224633859
0.01322545226435833
0.013245967105324594
0.014240032278852007
0.012735562548732737
0.012677198877428896
0.014055101863411223
0.014066198045394366
0.013326966829006142
0.012804024213376447
0.013068166072397112
0.013781637787478046
0.01270683208790642
0.013640450310721761
0.012572861081626174
0.013386413794570907
0.012488531695988733
0.012689723896822701
0.012694679974623712
0.012398442071477203
0.01210260356158561
0.012433376244701902
0.012207164457355727
0.013138813519985715
0.012025779188364522
0.011991539593258166
0.011646674186946548
0.011749131190535826
0.012276469330322943
0.012430639913849928
0.011660921034602817
0.011359800170640689
0.011471186687178983
0.011805433484695014
0.01189745347915479
0.011420494182941067
0.010980085482176431
0.01169083645485918
0.012200634038278065
0.011295497337586637
0.010919691008701804
0.01155358245295449
0.011002367382593177
0.010999542093333562
0.011718373413194495
0.010288957211927418
0.010659044878934407
0.011029806593925544
0.011505132684694082
0.011120668131682984
0.011520942856147525
0.011212328936286335
0.010475760669707483
0.010706171300420115
0.011005363656046985
0.010825226232935602
0.011145459566551746
0.009542417948161252
0.011066207199998719
0.010428947849588133
0.00965970719500818
0.00997395861688052
0.010251927576537704
0.010519591735960496
0.009572303360453931
0.009281780096195744
0.009499804215871637
0.009921119247883315
0.009671628757782198
0.010009956680390479
0.009960425679050425
0.010299163446418569
0.00951292094889586
0.008830920199685477
0.008961834398733859
0.009508136556680091
0.0099010269227347
0.008525128751998215
0.009108165741505522
0.009287102647807766
0.009586219628267303
0.009449642054395352
0.008725985770809757
0.009062371368135461
0.008352625813807664
0.009642600326867366
0.008884932505820587
0.00825827997270375
0.00832186904937626
0.008284606324856161
0.008254080126401699
0.009027402283062643
0.008987573034281333
0.007798788312451287
0.008544428530294485
0.008501065308895502
0.008344322066191564
0.008424353892367559
0.007994098381698586
0.007997419381801284
0.008383457575925879
0.008896433478360851
0.007716572923656098
0.007581624332871237
0.008057373028475489
0.008677771156670955
0.007556858678594429
0.007146430051576866
0.007066452716292709
0.008338278534829961
0.007378741613805515
0.007394943004761401
0.00833828024737901
0.0074646378623797124
0.00824599353930626
0.007561031940565235
0.007910151707694381
0.0076993163240641396
0.007675723503259432
0.007211503592271372
0.00756459271398265
0.007465813808455706
0.007327864200433755
0.007446488926589295
0.007868401064268754
0.00640830299940553
0.006860263881023053
0.007941957663528948
0.0064507703317037745
0.006775670700519524
0.006337077889801944
0.006713698712692241
0.00637561736980753
0.006187611493839169
0.006050485836167967
0.007198512139690901
0.006432914553942585
0.006631015015392826
0.007386026286933035
0.00590987963085874
0.005855006106748238
0.0071347698386570865
0.005958732702495056
0.006127775915293239
0.007296387465348807
0.005961610799372017
0.0071265928097397485
0.007039858214229875
0.0065387913519299005
0.0058458432773590115
0.005554269403225267
0.0063395375941370955
0.00689458016342011
0.006535563412561118
0.006673979004039779
0.005406761328719677
0.006488896299951551
0.005262641036515806
0.005342967695803134
0.005680017777506072
0.006608924781505593
0.005749328062600237
0.005194431065474442
0.005716737462552522
0.005201906471767225
0.005314476720332696
0.005096348429416291
0.00570821677111819
0.004863084747137268
0.00576278172387901
0.006376087367685635
0.005799132199033387
0.00517982155220483
0.0058488122413953335
0.005289909692671567
0.005754703680278413
0.006084205897799875
0.005579592158259908
0.005802105062389643
0.0051603577071652924
0.005656408082803165
0.005630027598171211
0.0053708228689628495
0.004464674746693038
0.005905154116239727
0.005083295735160282
0.005512285435601852
0.004798341809558289
0.004769940678626459
0.004590289494931242
0.0052231977028467155
0.005795525866961326
0.004372894159255893
0.005481116808303522
0.005558343936816516
0.005435525996901564
0.005607720925567549
0.0041388537651474225
0.004681911194124784
0.004036592861593404
0.0051881517800899234
0.00411051974203573
0.0044895255031589
0.004374064430284124
0.005421414001395921
0.004648373057607351
0.0038670963715183105
0.0053443754926660635
0.004287621121041824
0.004509257902002434
0.004017648809970742
0.004616359155617448
0.004523434071723071
0.0037469494604610173
0.004216560917170781
0.00510150589620065
0.0049042906442521295
0.004383400179614992
0.004635798956383714
0.003409254415731604
0.0043970778800212365
0.00357550263806837
0.0042270389686790664
0.004649770254331652
0.0033426041095063774
0.0034611551098208144
0.004645468623358172
0.004573084977322867
0.003976191323314219
0.003407451884525514
0.004444541922188247
0.0032077063366865227
0.004599769998369232
0.004078254405757106
0.0045076202645830815
0.0033176908672883742
0.003171805050398529
0.003309922508582196
0.00397466576719175
0.004524275465760665
0.003970300792978025
0.004552684256444627
0.004120949942505361
0.0036208020301595886
0.004340408089187587
0.004527259723255582
0.003042276372099103
0.00393023150509149
0.0032675697791641448
0.0030598402320585224
0.0039988899793906955
0.0038338617267838233
0.0032287593695615566
0.003702293028990214
0.003289654572812112
0.0029139862166111985
0.0030495464236250935
0.0026308101842661864
0.0042126126971725845
0.004081618413266068
0.0029706614453496507
0.003537827974821743
0.002719552611750873
0.0027949845784523988
0.0035036228115438843
0.0032619141676860095
0.0029794312757289716
0.0031050638362741844
0.0036762301469941043
0.0025407267473731097
0.0032345780972009926
0.0026943502212793792
0.0022706266267307077
0.0026326259814557517
0.003239839150921551
0.0028254174546369338
0.0027560518291484845
0.003425531517239553
0.003372869255267502
0.0033034595711492133
0.0032620609870371692
0.0026903493603407827
0.002659564064593177
0.003055198621403646
0.002475385748639517
0.002660478160360157
0.003254532757097282
0.003617750882798719
0.0023023749403955473
0.0028295492036738367
0.003485505585701889
0.0027409187963678603
0.0020186977396508834
0.003019902374425242
0.0025564310716332107
0.0025853746187506194
0.0024119038036651674
0.003129007863740555
0.003457438388143349
0.0034199419371118236
0.002438909459077024
0.0022658638558914266
0.0023741215335037853
0.0020111625851341746
0.0017680095911170456
0.002520208866449822
0.002213079799297079
0.0018948885247949763
0.0034280050453063104
0.0024721192493992157
0.0020314036659217875
0.0030463364075555025
0.0017540275523601724
0.003237629392613963
0.0028509682154624553
0.003323793942871959
0.0021408375330721568
0.0023582104111658565
0.0026620443356466248
0.002048165338744166
0.0018678703625009943
0.0018623594188596534
0.0024054848559713978
0.0026898683443036184
0.0032450706631463686
0.0015742977541439744
0.003206312009950891
0.003202116103719065
0.0026115040880365847
0.0018108403837798115
0.0018824565019078744
0.002930588500640279
0.003076116846788327
0.002147264139642897
0.0024276686905153446
0.0015424566968179154
0.002915753081359128
0.0030098550396350367
0.0015542033366088394
0.0016047579840745723
0.002637299550702841
0.002825527444627023
0.0021685514904674612
0.002246623215643974
0.0017252043929765319
0.0029359948173217003
0.0027391469124591044
0.0023711733096230684
0.0016736246659659502
0.0014309127706593283
0.00245408827568872
0.0013250888558786608
0.002877892695274415
0.002543200065491339
0.002030956574426142
0.00227207367010854
0.0018558348515212407
0.0019234944351944952
0.002474060510906181
0.0013596509711553857
0.001843710448950019
0.002550406297322056
0.002422158626619788
0.001532920717560282
0.0020538398643616266
0.0022397717988596965
0.002346993515443204
0.002024887076673624
0.001739301261734809
0.0022728069521625828
0.0012343248173075684
0.002233693643537129
0.0017441023865994746
0.0018899106972733721
0.001951026463287507
0.00258635724709583
0.0019250777220396849
0.0016424708106005507
0.0013446091080937539
0.0018517368322411342
0.0023809301685968265
0.0011892797481767834
0.0015655951840312732
0.00174342479056799
0.0024229884595002196
0.0012555004803357463
0.0019957051355890716
0.002424206092173338
0.0019770995077735844
0.0023261532920699885
0.0009702934946184612
0.002132250439671513
0.0014239091816799674
0.002181914687691017
0.002454704821978027
0.0008286438703397815
0.0021021935271037426
0.0010919167892305913
0.0008783738260556977
0.002237615026303221
0.0019776374766526258
0.0015131023090561733
0.0022320282622480645
0.00197165519629244
0.0016065076282240803
0.0022337471262184553
0.0014871081546724498
0.001315210617647901
0.002352480586080601
0.0010430093799942604
0.0009261485447773248
0.0013742528824724422
0.0007923441116581709
0.0006971314622672476
0.0013152634054190051
0.0022825086382007795
0.0019110114384624972
0.0017322650791479664
0.002373112631509974
0.0022282617496269
0.0007493168563826548
0.0022213413857764177
0.00234250475878975
0.0010065728876453533
0.0020595385246048458
0.0006519283130623517
0.0012877688099274954
0.002272616481165181
0.0018088725054208367
0.0007457754822495805
0.0008282212410726468
0.0006226625994237456
0.0010126799119919542
0.0010160347400733245
0.001976300583954743
0.0006817405328482485
0.0012254496975232462
0.0006507373750531197
