0
0.022093410068599623
0.06369008786133669
0.07794245760468088
0.041558418464657375
0.085617915346972
0.020313437503583692
0.005340684804399863
0.06835591179062794
0.06118988681455951
0.06915666648268708
0.054851748356570675
0.01835712060548375
0.08226193642122503
0.0810193730134652
0.07228783245942923
0.03042698626259457
0.05035382926482319
0.014381561747634102
0.029381790770639234
0.04975746757146508
0.07100411310978834
0.09336801209444677
0.09835051112725274
0.07946369491170455
0.10307241180967079
0.004317472011753379
0.0476107658322975
0.02271629364184782
0.09244560566942787
0.006392958234142638
0.02321505700028759
0.040659613602878696
0.047681912400328874
0.00786722920090548
0.07307811322257635
0.06392935276197953
0.037671697336958965
0.07544062507730269
0.027790686931196136
0.04793317619030779
0.06373316725180354
0.06226229347931774
0.04452506761759101
0.0810074785828172
0.08311449889976755
0.1043514648926988
0.038325389622717976
0.07475986042960908
0.0219031846244105
0.008006814896914374
0.055437093414797724
0.0988798132645209
0.09410190194730846
0.015735658559333218
0.015735975108525566
0.051335617150244234
0.09962069812910104
0.03956910740647809
0.1049019762276007
0.05924827505200936
0.04249596803683196
0.04705461438907865
0.06756294871459749
0.0429002030428369
0.05198039293214955
0.04422002703772184
0.012238572418273867
0.05098128515021341
0.019185250851902397
0.10223341553601283
0.04394730436599469
0.09091025842835358
0.05970286567356484
0.055074671404065745
0.045237710288088075
0.055022165867809766
0.05479593159123275
0.011776011298955674
0.09828811986948675
0.06271975810724324
0.10560831163124496
0.018409205520259046
0.06774704513696339
0.10062883552152518
0.056011672568890634
0.009243584539304977
0.10267291485255874
0.024117167367397396
0.0314259933180386
0.09616818643377446
0.05401154604144623
0.05355645473280655
0.07162421850011202
0.0965159593630725
0.05867096719109003
0.09901757248818312
0.03293606702590625
0.10197238297088661
0.069382344001513
0.011252542448881669
0.022582416584235054
0.035705977624251886
0.05295740382086861
0.00985300523134377
0.0848529634618359
0.033312081656429564
0.014642265163163852
0.08765927910946035
0.1003248165155441
0.05354409234927361
0.0561307761973471
0.09680483290322982
0.10522456237214932
0.08781057900882243
0.021140301101610907
0.1082218656288309
0.037983600938130406
0.09523413037164355
0.058283235481675515
0.10036854887977996
0.0458561639493196
0.08989629677800778
0.08383685240994396
0.051294459847668235
0.01022140173060848
0.017873242806009056
0.04512483233019011
0.05124682211578659
0.024241906085007515
0.08590862917927622
0.031049044916910615
0.06232349799304807
0.1042391127908372
0.03751496684445788
0.032301646984605886
0.0460731913223582
0.08468770668229084
0.10305886459454901
0.11018881975171273
0.10352698227128522
0.046104029708741744
0.09086379520752248
0.04231852309621516
0.024555495781008747
0.032393632370716643
0.10828311015811962
0.07900248182798138
0.08899462856597484
0.0248114012751841
0.02580658161529322
0.033478797869874816
0.09011698448759883
0.0752344428796419
0.03664455670736442
0.07954653208183698
0.07412086125419551
0.02540431379904732
0.06646284417956282
0.06532340139015008
0.02577148507530142
0.023877154065520226
0.03835771279419602
0.10930610624437537
0.04463977862199065
0.07407212898434559
0.08788077024792161
0.11208318437267781
0.05067905910679114
0.030262131568521082
0.09352995008187323
0.05578845349241762
0.061917542766401455
0.09692688772049646
0.027304070152056402
0.10226089964485945
0.0702596785984518
0.10019619421193125
0.08737919254297498
0.04220227425414602
0.0358033056229119
0.022964753530737746
0.0934680437280759
0.06244258384914616
0.07418368287855627
0.09565522000209989
0.015081593202365162
0.05443018364697124
0.024369181320812876
0.10312097761705141
0.016700706345785
0.05866318232690323
0.08309783312575003
0.06922075340040382
0.04096686376855306
0.08451021463397793
0.06834552133624715
0.02980719412995987
0.11418659282781085
0.022335733111862197
0.06571562978637532
0.10404695706548708
0.11479324420000693
0.03473848412413721
0.03541359109189811
0.0977354181533429
0.07105885719312693
0.022943619903187072
0.0670282010128671
0.07474384658421321
0.10114012145315363
0.11798370150448094
0.10441823924812052
0.04836137235415654
0.07721695990309888
0.09115980539024979
0.11608493819037671
0.09034853679937996
0.0787527129816233
0.0398781108182031
0.10451316475120556
0.06832161941152665
0.056594886141270194
0.03393368463547321
0.05469959260095007
0.07129816943647493
0.08682376648632412
0.09632845673993967
0.08131537900456107
0.07457430250967556
0.03992287548285618
0.04240649040657668
0.04867670891825369
0.09768091724240824
0.07484309325606121
0.036191850616465154
0.0634327653414327
0.03189637717658617
0.04416044477206943
0.0704204485164617
0.09752184176076911
0.08784278952918255
0.03934613686390541
0.056293347103807706
0.05172009225662333
0.053126169665510856
0.05575139549400712
0.06588570859420817
0.11271928849731769
0.10057917821119054
0.054113524570802846
0.09731906052930536
0.024270880938911204
0.03368679557490842
0.1068477333183547
0.11096941892836601
0.12015243083701758
0.04629618340747053
0.10131299261605548
0.11943604835410178
0.045969677416707724
0.09969457948229764
0.04915515464073057
0.08322574743440732
0.06005672300589113
0.0710767118240773
0.06831133147614675
0.11147216227324046
0.11908097151056257
0.12149952512432202
0.028487185849913062
0.08390548888289802
0.11094124449808472
0.1065076875475269
0.029242363244143293
0.1047684602237685
0.12728359340012732
0.10737573507486096
0.10328685739380974
0.12711636771923496
0.11282337133424596
0.06107483851761239
0.050131840094067404
0.08494487494310339
0.07036326094349765
0.05606232253732646
0.08576441985300964
0.12565704098417943
0.12594047275175052
0.035077677364390186
0.12868254201084212
0.12600628275485193
0.10572920938843551
0.13154970805809982
0.0794344016190626
0.0656824808453017
0.09174280118661293
0.12088077970489611
0.046806846201031704
0.03440321581549077
0.040046092508778455
0.1273159928202641
0.11648984934646481
0.07917484835034325
0.04619298592383522
0.07137239152675977
0.10928528417247077
0.09321961652997336
0.048714422453783886
0.07375708937722056
0.08805216702761454
0.09869964638251413
0.09725095794785549
0.06301715849061816
0.11923492877129069
0.12717150816246278
0.05454779010233358
0.13611246984466988
0.09290143828320131
0.1201232653703464
0.039963615439165275
0.0637167879970851
0.07636075484699356
0.04929720730476873
0.1228459140354055
0.06993704906273499
0.09408249114567589
0.11625698974542639
0.10286372979095447
0.08656441608656054
0.0574544315302761
0.11783960597911464
0.049652896278311764
0.08805311152868639
0.05660115191847913
0.05272004538045086
0.04357155067675241
0.05079547042588491
0.056362342784148624
0.08286157193901994
0.04548537972398793
0.0551268705261839
0.13912789936233974
0.07144875727836245
0.10996680423101302
0.10410280899172394
0.0638616031242105
0.1058740998283429
0.07554384438021713
0.06410615453396064
0.12616401758176451
0.09599078824752513
0.11128125843225106
0.10562731607581652
0.13165158696322707
0.10864238334394036
0.06979191515008988
0.13177383261063447
0.06314606499491045
0.1272499592203509
0.12572677218603381
0.10728972216158272
0.12372419005821142
0.09595470086270355
0.11878837099059919
0.11813060395550033
0.06164878802306665
0.13854970812458542
0.08776877938988953
0.11131602100407136
0.14378248337243033
0.06200097393854535
0.13082470116807546
0.084073979697416
0.06843542228636883
0.06389439051323616
0.066477668989825
0.0913129987218246
0.12180894422582261
0.07062435362364894
0.10822030437751184
0.1368982911067531
0.14861634719454817
0.10076384790685156
0.12321399716168963
0.12525614828278556
0.13913144930506033
0.14301474927560334
0.14200481201769202
0.09471002757698539
0.09422763426428821
0.15603471944594627
0.08553308467490048
0.09088689717943192
0.10335685178981391
0.14463447984660668
0.06258862130038965
0.11024806531828064
0.10299780496382657
0.0971238097352851
0.11196447646989
0.13111275862601757
0.06920531035594593
0.1588517195073722
0.15135471544541906
0.06911679967505047
0.1540993572429415
0.12020622466381273
0.08558463015081319
0.1204681996453758
0.09982447228400998
0.1387612015275938
0.13775920777341116
0.1104345382435689
0.11406707963551078
0.0691769195678004
0.14873167660907655
0.07250442581339374
0.14061300221830156
0.12452076219353998
0.15739116076789783
0.1117841284769833
0.09555936994627559
0.09660747023441046
0.094426593796516
0.12917118540304473
0.0822171833802235
0.13477558226602376
0.12224273174146058
0.06940464802452942
0.09826680185995498
0.0742141925050047
0.08084109927316531
0.07123564610975812
0.16334166112925042
0.14730205579965733
0.16700738534433035
0.15596691556431208
0.12402433442620608
0.1598993162486234
0.15763049771389498
0.08456080182794956
0.12990569716993206
0.1577481468138177
0.15944912163257668
0.10935359492778383
0.0885881830081974
0.0807611196223651
0.16132981758895498
0.1111302872509153
0.08099303348850058
0.12149499316239384
0.13859733948965297
0.1461426608312662
0.15117087649140765
0.0922464836949941
0.11376638077259923
0.09070910855783951
0.17942650003387578
0.1787112252082574
0.0945457404393415
0.10496693448081623
0.14092589399051386
0.08841135429601393
0.12749519855027378
0.08693243243245227
0.11891487850391064
0.17731648846851594
0.17327637574258206
0.1505959484596323
0.11902032245218508
0.17015271563530499
0.14611373665265057
0.18531513853322096
0.11192306834799742
0.15449629572558138
0.09558468436796597
0.14590038913865072
0.09433653357378319
0.13250200360704362
0.11012492500763153
0.10419472322716601
0.16471678495662273
0.16101539120656716
0.15403205199468578
0.09307656510213953
0.1625043960732406
0.1002309162859139
0.10327993424407925
0.1314829765256656
0.17820441450190394
0.1874910871589543
0.1261199379830092
0.192125668683912
0.09666802245785983
0.16924867374109376
0.13774413149740838
0.17445005877987219
0.1022561135348132
0.10942309140843356
0.17165455032360089
0.18850441961321807
0.15657317910368523
0.18265932209999397
0.1140510687249586
0.17679284409066068
0.15265281426677282
0.16029041179653697
0.15426111719335936
0.1641367405695151
0.1551572413892315
0.19316861968140178
0.1559663669122495
0.19574007925173526
0.17060035215345504
0.19267198874679248
0.1172648446511764
0.12913220939748388
0.19479352709838738
0.11869738625196062
0.11222209458153612
0.15390143926637195
0.18756942678052058
0.18389395794492439
0.10720429808297545
0.14288800012940817
0.20597873931972943
0.18910779125076077
0.17736290384831455
0.16142667934277297
0.15767972161456448
0.1175097642100722
0.12396991476612795
0.1179884156339745
0.15869510000744935
0.12036662366427646
0.11226054175401892
0.15169469755203457
0.1151447364331658
0.1996856640783204
0.14497537949393266
0.12623703671761477
0.17479120476811227
0.20996353739477674
0.15076681662566632
0.1500581977393911
0.11912547725260567
0.21039341526782546
0.12683338253408896
0.1438816258747291
0.18853034041356995
0.15412699485591855
0.14213780567987344
0.1634343331566417
0.17512683640281843
0.13231790670034396
0.1668515480814442
0.1371531200667695
0.2044670130989216
0.1815275680944755
0.1698105196788661
0.15120723440569594
0.13321093695983413
0.19972997542449722
0.17853700808239534
0.22105867865227158
0.18560133136459128
0.17476857111059596
0.1527183010550455
0.20810961267013808
0.2022205292521787
0.22664785190572642
0.17478296622073433
0.14736179111132122
0.18581850003752287
0.1566555249322816
0.19137977575900422
0.21468795913835412
0.20051311386401402
0.21826560035872727
0.1339325076533862
0.18746284633616828
0.22064169167167233
0.2319505589215456
0.2220731458880364
0.2000832561775872
0.18314537435657574
0.15267950560507584
0.14977644979694646
0.20904721506618443
0.2062805363891585
0.14864053905686284
0.14302685602363446
0.20732628816680349
0.23465763212279203
0.2023757948709482
0.15479196985488725
0.19077667745554172
0.14963656952673382
0.19326700808679034
0.15778941666068239
0.2184324512480798
0.21086688261937897
0.18850780820905738
0.23956879659934366
0.21767997759842217
0.1455557975138532
0.1646182397575285
0.19436821464528953
0.21860831895078034
0.2399746790709547
0.23075481595395392
0.2279685578175135
0.19152763049640276
0.20703981463244253
0.24067291931656076
0.2440630768394701
0.18701514612509593
0.22168941932620398
0.15447522121522292
0.21627906392582438
0.1532947688139792
0.1690730077697001
0.1680896152369968
0.15936004953688293
0.24022117285652206
0.17934851400059204
0.17897332477476344
0.21660945645784696
0.16901972070145063
0.20120763051436527
0.2277135483351327
0.25096916152284987
0.2336084829668409
0.19396747257023075
0.25133809004345903
0.23428503455085298
0.24764697476338376
0.1888081120139475
0.2316475805363492
0.2242565817945719
0.25848626983754364
0.2589524946572962
0.18988340546971957
0.19818389375078543
0.16215215575067057
0.19173764312992425
0.23324036567681627
0.19757494695160777
0.21310303914725032
0.20976602593839286
0.1702070927136949
0.21694724970200327
0.23463900442804095
0.1958220604399002
0.2301091905972884
0.2010411968711115
0.2166537697750894
0.25055808080565
0.22970267898959254
0.25327077271508913
0.2618244545572186
0.2508794313684263
0.17702256725438262
0.2563048388841522
0.176952805223485
0.20941411376990482
0.2029590953098559
0.2467684093392048
0.22989675499986026
0.21076382816540878
0.2091192311020881
0.19965044155471828
0.26904740974709157
0.18755661250793051
0.23276080357056658
0.21345870306691983
0.25122645147512057
0.18454396106878448
0.27150017931369963
0.21129866839030237
0.25311861956011844
0.26122018850843914
0.189618760055668
0.2280819255985883
0.18559665365627642
0.18696415057090443
0.21133179635074867
0.26652554338499546
0.2771317042811707
0.276728352670764
0.18783348922115586
0.18500184287737573
0.19505968684019942
0.1953995923598175
0.2369879537419866
0.20382323346350925
0.27986349785387066
0.24711551398888684
0.24280034218320007
0.25827506179883336
0.27265776459456104
0.19330758295013314
0.21568645669138256
0.1978803529226707
0.2399797592934798
0.26481414091335004
0.24249011227280337
0.2044585922985283
0.25383228695577664
0.2801326329128425
0.2445999236155014
0.24969555743043756
0.19781360103741627
0.21810569091327392
0.19978094625569195
0.2501096634039391
0.2570945040619779
0.27061522056725495
0.2908398923719807
0.2780902451142382
0.2853141944847098
0.2086712236823629
0.220733683450986
0.27615517095824577
0.2682451122877092
0.2598369634030161
0.23882103077749717
0.25758136705156326
0.2498671669922755
0.21867889303356872
0.2975463799398896
0.24048146317319782
0.21218499710277125
0.2213727431750558
0.20888665071043871
0.20941262747816006
0.27736216066331093
0.2928271071191567
0.2816080951880413
0.244191784296716
0.28434997363838943
0.2356384861597581
0.29548994166756937
0.2190744121083344
0.2681709184461054
0.2656972677142027
0.20851857251486622
0.21864634225948537
0.22442851817045173
0.2939624973282882
0.2713692705761033
0.21468919231954797
0.2162423904723642
0.2978866450622063
0.2106815832736447
0.27861127379645445
0.2594842894085171
0.2390885808657292
0.2217563697641117
0.27414393947367344
0.25995925344387033
0.2986936164546554
0.23977037653579275
0.28723036720050116
0.24551358089518205
0.2546563524350361
0.26431535669423517
0.29568605775244544
0.2700273241079855
0.29011695285585976
0.2792251962889064
0.28999872727901554
0.2538292152834809
0.23076187909638884
0.22983743492623193
0.25112328557944336
0.31044151547220805
0.28873477849397255
0.30281967330597126
0.3029065849177055
0.23983176281750748
0.30224927070998914
0.3124132646774269
0.2651733904934576
0.23120046418304466
0.23466125023201928
0.22309448577386196
0.24364664438607483
0.24135227860787395
0.30699080872985973
0.23916629075642545
0.22106002347947498
0.24428368109568435
0.2625790742595054
0.29519914502477274
0.3135049191817587
0.3144113382464132
0.3014056525976786
0.22623435001909423
0.22838188964503428
0.3068527684193451
0.2768805769962427
0.3030768620287375
0.2637085585610303
0.2569443402352386
0.24198632751194532
0.2746760789715642
0.3066621365700881
0.2500961537516065
0.31523168355915077
0.31857763450895393
0.24043787848850484
0.23709226958371402
0.25745055835794683
0.2911412796087254
0.3209344207760399
0.265601846830177
0.28098630277360287
0.24444077461761932
0.27773940484046605
0.24545503978170613
0.3157131261936126
0.29338554798132693
0.2783524689615551
0.28197669131475045
0.2995649048684736
0.2897976319411939
0.31338436045372664
0.27599928919806854
0.24320205847523388
0.3051183047415623
0.30721890194101614
0.2615672498008378
0.25015226480589553
0.22969869179630112
0.26831910607377785
0.2876855510626939
0.23952770807228685
0.24511512575263847
0.27541261516801513
0.2642403158032505
0.31238260254789035
0.24688638997722584
0.27492871644881484
0.22974370285766757
0.23943199170098386
0.2889863443125664
0.25349527176466113
0.29156581101953954
0.2978396107199518
0.32827632724319683
0.3160860209884395
0.3203849592891609
0.28672063941813253
0.3296207331704113
0.29561821244081965
0.3289176279064348
0.2946856977649474
0.25217005041825413
0.2573828719937351
0.2656991854256168
0.28874928824354584
0.3214278042782669
0.29874553149699695
0.23527811946959132
0.23971699438077979
0.2743647077209078
0.27626679933385795
0.2792679429655905
0.2942720314617118
0.2771499912627654
0.24779869484496006
0.32390113477440674
0.26940163613955004
0.2558960001948554
0.2439096890058678
0.2525211329517457
0.3254175425056743
0.318646882198886
0.23772135816749657
0.2715187021042149
0.29955598787028354
0.313593040246275
0.24453469707733938
0.24203912807898656
0.251688838049514
0.23508534702937947
0.32868285370136296
0.26681214675970516
0.3038636815097855
0.29450516724818904
0.29114925566496563
0.3091847237055447
0.3100241923572883
0.27018402957097254
0.2901587105364049
0.31645087586015713
0.2922553373964638
0.2457621158063609
0.3016569205045238
0.2454832423477434
0.31267958243774846
0.291457264004263
0.24031858423724092
0.2969667573233533
0.319595386428641
0.31513850566865953
0.3186531637304608
0.27096093455805387
0.24539822387862023
0.334517517979916
0.2603112709917317
0.3228217951975785
0.2883189841622429
0.26733830389683516
0.2552863179559016
0.26693822655399757
0.28791508390807496
0.255749687458583
0.24442355458589615
0.24146399958348694
0.2889118720813364
0.28724869016296173
0.31617514396596585
0.2696830337872626
0.24325592190076245
0.2944043987892444
0.30301875700132236
0.2917088456293272
0.28269717620056245
0.2575354104570528
0.2871142785971602
0.2939683502896296
0.27723342712143084
0.3260204925252679
0.3063919914209843
0.31000302060884233
0.3217810426715926
0.30258771166126575
0.26024047804970035
0.26292737454623133
0.267874602000583
0.2586250798217893
0.3303517113109752
0.2567853760453154
0.2535146769047518
0.24319805828199356
0.25223067991012127
0.27107176512486036
0.2506938386427203
0.31022996728001373
0.2933700281622318
0.2540025699350631
0.2834161451644169
0.28819481465534263
0.24126304515450553
0.25163104536003295
0.32515438018675846
0.3172219022586638
0.2935026643212401
0.23391635740623273
0.2741417213615909
0.2580573721953643
0.24081319109677654
0.30539458854534923
0.23642425808438117
0.31320108368624155
0.23182608342158775
0.3106413514284946
0.2574860080292791
0.25882675651213954
0.29338305425917155
0.30265111129200367
0.2534983345672244
0.233125657070575
0.28866853591197805
0.298777245305072
0.2615455518161252
0.26260814827195944
0.3041792916912916
0.2607955117072445
0.26019242592462827
0.2564814644397384
0.24791274301478322
0.32497308115433576
0.26797701526892614
0.26033348980888565
0.25470642051191206
0.25037866712732393
0.2885099388144162
0.25437580129764237
0.26620222130040727
0.263216901547944
0.2959810096137013
0.2828667626422082
0.2288795137235674
0.2837577081914012
0.28960048821899187
0.30102428037623774
0.30080404015475015
0.2520680225735537
0.25188177563891534
0.2695951417926552
0.23822631070644562
0.25698318151079064
0.2720833611099448
0.30035208729667195
0.269214716925402
0.2797793545624406
0.2896721378725848
0.22711968879222932
0.2783636769749118
0.22826181011746582
0.2845782088391169
0.29471173209898016
0.23427479693604128
0.2776645219570467
0.2668634352806873
0.30120866018392933
0.24997154677988917
0.26422007644822154
0.27673684809648946
0.2899061338394533
0.30771024398011815
0.2763399817642318
0.31116748428124974
0.2565657533990825
0.29060743930086635
0.27413509633947697
0.2615270033256062
0.23426655629524348
0.31626341020636184
0.22082286360249959
0.30814258692009433
0.22566560639831879
0.2497178577753767
0.22461641576400562
0.30570686409696113
0.22901912650919198
0.30756355209394803
0.2649553885529416
0.30519976321884723
0.2616128746657353
0.2882251322082455
0.22938113806391244
0.23938802829473116
0.2761887772227788
0.2173175453825293
0.2599435794817923
0.3050417338671247
0.23582111089937371
0.2272856207713322
0.2714109731467117
0.24759690114404528
0.2422674234671408
0.23222072748812733
0.2471458215409551
0.3068422126645443
0.2780550442293983
0.23607913773391517
0.2492596158330955
0.2481215104074238
0.22089987237299577
0.28276501299236556
0.25010652059616945
0.26072383912615205
0.26044450012356357
0.22442753720907208
0.20957382356320348
0.23373928106797598
0.22544778933293064
0.2501207706011065
0.22823326056953033
0.20510874239220556
0.263617257376931
0.2817576836076552
0.22759066256215016
0.23172622824465786
0.23533391745010335
0.23757386807650022
0.2988821945527054
0.22575032724489819
0.21725338939364128
0.28840901082882847
0.29125281785960105
0.25769112580883957
0.2728285896436903
0.2594302611264512
0.2624477420753126
0.24345047498837294
0.2625816224936304
0.20597346746257184
0.2202272885731813
0.24862561505735448
0.28650049392937954
0.20465952847710858
0.25788755577818745
0.21215076919700027
0.24813671694777178
0.2734508717474411
0.2849271388160346
0.20247819100580558
0.24822492961615508
0.21219257348751827
0.2915102314052601
0.2892541833977624
0.2135249296197813
0.19759523532181755
0.19703781154881872
0.2578057463060969
0.22671886927973794
0.23118590930225516
0.21555427691379914
0.2335095812109512
0.24315849698225198
0.27445438704183417
0.2746602550127404
0.28762471890780866
0.19359968497451277
0.2594917573331582
0.2848542439991789
0.2517079314804388
0.2528939600634048
0.28424386822821296
0.24384791682875992
0.2691180827416272
0.2802615799166627
0.21886651210178182
0.19781657844184972
0.18673644337742304
0.267272952545456
0.21905576977422453
0.20849308423913476
0.19836149622683663
0.25018096562317277
0.26805664148309416
0.23586879219018886
0.23185208708200764
0.20060790359742034
0.22571902568440583
0.20239499049370233
0.256360264545455
0.23876087597297735
0.2475598021704253
0.2624003266130042
0.2396294459674721
0.23162812289438753
0.1870791366486669
0.1877667859174434
0.2681316224377826
0.2090745095510375
0.2534901616110487
0.19270260818751092
0.24549830452173105
0.21312318237528594
0.2626794080666673
0.18264204180764662
0.24650651581994248
0.25909007455550526
0.2141111687572509
0.24592807693790392
0.24759057846696325
0.17296061315829506
0.1835647885832612
0.21435507341347582
0.25019096228092713
0.16986670233758042
0.23492348091004958
0.24568767892551088
0.23819552638502606
0.20129276618888714
0.24618813486583954
0.2088302471106698
0.18786128216835135
0.239665084241305
0.2299655922336421
0.2519318498509553
0.17532254534808783
0.21154653855213376
0.21460724658971253
0.16987042847987335
0.2578567853308431
0.17543708548868797
0.25540315561114507
0.16180841458769152
0.194178572970442
0.23818399735420692
0.24276570871429248
0.25087124587447523
0.16686289898512532
0.23169631192974616
0.19448238939185378
0.16151172351793894
0.21144010894928783
0.23243685898152225
0.2510530512328083
0.1798793761037197
0.2516940096387449
0.2465230687878847
0.2153447092174472
0.2331191650634412
0.1900925175595649
0.15315734761332014
0.15800157224029532
0.20142252014954415
0.24250286122128978
0.14963750987266625
0.18456919615190967
0.16563925617001773
0.24414427437423714
0.2441804835223091
0.1660614267688386
0.15922458068048936
0.22753463478440183
0.15528213505182134
0.16493701655856613
0.1524198893936378
0.22208854639394318
0.19638492306744199
0.2208656248641496
0.16815169184452233
0.1820904756395991
0.1585586953461459
0.22464424989366083
0.14674231363992538
0.1734602720962961
0.20717579185637297
0.22593870877380756
0.18279481436973605
0.14186792770390613
0.16677539620614826
0.19987484741339406
0.14101356933923662
0.20647059436651538
0.14374890461221218
0.2140054488768716
0.15378456935786922
0.2088390721028433
0.14753403518381714
0.2006478525690376
0.18009407002628147
0.17881056830720954
0.141138719961526
0.17395022504861551
0.19650950411736445
0.13403970252180128
0.20927797188478525
0.1380310708000726
0.13747260050949187
0.2276818001207438
0.2082154461270619
0.18704909727978317
0.17497549240968963
0.1912961638492039
0.18075777494747247
0.22086187049226058
0.18262210889149877
0.22498856372057066
0.1339184781796025
0.21832410129398266
0.16055495260653105
0.13837325633894926
0.20242343524549133
0.14158514691272095
0.12850201767237465
0.16851506524073387
0.19262741741425846
0.21446544276348542
0.18242215316263716
0.19758946063343127
0.132565864733808
0.2140855296723881
0.1625467921675359
0.14699457117526152
0.1440628711418166
0.15520981065121087
0.16747525051789947
0.14222292671185927
0.20853540862082237
0.21031810976049947
0.18614368761843203
0.174041507184167
0.15299139218293972
0.19371540933859388
0.21313397529523692
0.13945636264890718
0.17131095553731163
0.16867895827022472
0.20159659749855435
0.1506476901795674
0.16889227360638237
0.19923655717284142
0.11579003063110108
0.1701792591123541
0.19160986099239413
0.20509505497890998
0.19770387236448117
0.11648842400441393
0.10867254539407115
0.15162618338172826
0.14942097959971007
0.16319001070827444
0.17824314373620298
0.15256834756425938
0.1156785681388059
0.16432610623654162
0.14646760599131156
0.1223209702296195
0.1652867341771142
0.10686613395881181
0.18608246159334113
0.1455299344122309
0.11157114457904646
0.13203664202807391
0.16018598608620027
0.1911752737248148
0.1805138732416498
0.14847743291586415
0.15853114344641345
0.12956500199573537
0.12938483182590657
0.1951179517133923
0.13621386424462506
0.11575740244567838
0.12550046954019214
0.18051543491813338
0.15840276307704487
0.18716343244422678
0.09771496027711049
0.143162051756844
0.16156247127661585
0.16851873843615628
0.14334242601592845
0.19198926747313177
0.1459817739918597
0.12045120501992668
0.11679452170473233
0.17283894414165063
0.1223645455202372
0.17088931450251826
0.10379133521692371
0.1280667550007247
0.12154615212338037
0.18481325597029824
0.13808681243079846
0.1661328691302707
0.13881325178431528
0.10919671786307086
0.09724869542140469
0.11426116533947762
0.10460117582203034
0.17854776745056575
0.16843873671911533
0.13449123859748022
0.15229465247989293
0.10392203348880055
0.13405059503377023
0.13061437844672524
0.1492846796416863
0.11772091742063612
0.08419040631740526
0.12939161152980178
0.10898466818370002
0.16919942494501622
0.08557681165438712
0.16804237288390494
0.08930092077746267
0.09930129817294939
0.17328791553910333
0.12781156274636926
0.08319660532207673
0.1143259807707871
0.13687219820732652
0.145176772421364
0.13182960097516494
0.08208529350488004
0.08563349770237932
0.16167267570087754
0.1750363755687776
0.15184335997978093
0.1488652396642744
0.1265051215324403
0.08338125316867262
0.09119615590672908
0.1301383092463358
0.0758917800746907
0.09604948109803992
0.07989013621312811
0.09767715331985985
0.13286842575191998
0.13564349362485428
0.12479875207378849
0.16258248418298865
0.09296019296997116
0.1688027213668648
0.071748172216358
0.14547775281706618
0.1061171956285565
0.16184711172440727
0.0893418720571506
0.12266779642654269
0.1365511734481411
0.14813330620280252
0.1021083197217087
0.11900249215627118
0.10335059058264927
0.15259396602921893
0.14564968263102862
0.11409152091200474
0.1602040099579473
0.09077912660233514
0.14542703839541465
0.10544188061002172
0.0772140609336944
0.06874964404591323
0.1283963833718097
0.14929176809640557
0.1014568244830744
0.12336576331321232
0.14565448502543876
0.07310751544351944
0.14468334694863455
0.0958183856202624
0.0886272231485256
0.11876777184419905
0.13513180296422836
0.10420451561869651
0.07321029956727591
0.11511391304834483
0.12556484126410417
0.09985449425929638
0.07103928063019152
0.1280779741075753
0.12707565077981162
0.10271110693499294
0.15553357077515118
0.06600386715424332
0.13321770443177178
0.08919142994728857
0.10718053921473986
0.09122383200329534
0.11117829591755013
0.0865208763640338
0.055352041389144124
0.05546040737567994
0.05349780970744822
0.10691061036333427
0.10194917737217013
0.06255795543483308
0.05444497509419192
0.06783680250143753
0.08845904339529262
0.08112543777532558
0.052463032612717175
0.0684284730962667
0.1276892052785915
0.10466750417512159
0.06187786591903447
0.11509308677450433
0.10843604662775574
0.13452565670831518
0.11688649082632571
0.07966769027298412
0.143119082820864
0.10940284258414995
0.11750369338289043
0.09678323171397937
0.10362514878774415
0.09237575011254827
0.13664502792499422
0.06740928983543827
0.13819430481792805
0.09584559001533513
0.047186298938653656
0.11517856745568122
0.12327955769435835
0.1441565244326152
0.13220585583284206
0.11020637434600083
0.0759917955191691
0.07154648569235744
0.12781668758509382
0.12333211377751158
0.12252844242425479
0.07665607378537642
0.12969125964007347
0.06304096483149113
0.1301950317586855
0.041878168246146395
0.12779129720265697
0.08909623527004706
0.13402900949778476
0.08637607572471759
0.05092709013268597
0.059150684490094155
0.05997655867212949
0.06959501711362974
0.10643437543553946
0.0479804989559009
0.08701309178897718
0.10484610417876239
0.0479086828437947
0.11123654104913668
0.052868511964989345
0.10184594234384677
0.12675577102687774
0.11728332852485016
0.08717736943352229
0.11995446020948608
0.11170163750221794
0.043214618402853795
0.11119127185075028
0.08860342178451085
0.1067847432575633
0.039865571556207374
0.1196584143203527
0.07283597807856834
0.06611311496336592
0.03453991225174111
0.07281722961401751
0.08744352799926068
0.05707450343609137
0.0869047435161964
0.10297263129914053
0.05823284624153226
0.09479381843355113
0.07495562608105652
0.09900749124638161
0.1064449267871598
0.10601079848859682
0.03885353515573258
0.07131783765749797
0.12763068069060363
0.09993285156419562
0.03267675083676379
0.05552437825117628
0.045941600066752936
0.09832321335607863
0.10451721075129289
0.07257356054041474
0.040472699787957644
0.0676079134466595
0.10087486586323428
0.12364245213969345
0.1053779886544006
0.0896335589643534
0.06294161288400218
0.12452918456635287
0.1162486769986611
0.0731822665888457
0.09615357907147236
0.10949960975022324
0.12200181969269018
0.0710033495458185
0.04773142599560168
0.12108380290932119
0.04858982483285407
0.03484837639536855
0.026882250074923
0.04192990775426465
0.0841229784225905
0.08150919899099088
0.027738826579039633
0.07503998849514375
0.02778394341952205
0.06920269359731676
0.1189778730977974
0.07795925282516133
0.043583535527096755
0.11189644661552063
0.04428875052868647
0.0751844157682561
0.040218144634133215
0.07375280779651738
0.024705346013148863
0.0604356535720863
0.037460383158699886
0.04267169460560907
0.09963266641481407
0.03311857815190299
0.05471898704319619
0.0744667346949188
0.07195412290375902
0.09412971797597477
0.0742700729630055
0.07973160591157322
0.026252923320014145
0.04765191718531525
0.08828360317211367
0.03873870848007124
0.07187505634731475
0.0881447250809819
0.06501329634256121
0.06288795472148456
0.06754907150385486
0.10684882466508014
0.036617506740893674
0.07271100413463537
0.10656591350732407
0.025303045148358995
0.06788413298930099
0.04845962254586855
0.08477808304989337
0.04323526755326125
0.11116137270207843
0.075047672398819
0.1151945985916405
0.11254460729357307
0.0257807741062505
0.03240634295969096
0.01986527140372108
0.11480954046911214
0.05193481711306239
0.03598319185173085
0.03935549723518829
0.026724619205872824
0.09200044669452198
0.05793185761418161
0.02714784631515588
0.08556692820719126
0.023788843708189542
0.02672760538874787
0.06418474830807303
0.06553534285993441
0.1062204660237635
0.04113437513571212
0.07629735274642155
0.018464334848533354
0.09723827850370005
0.07780394407873095
0.02221391013971688
0.016398040483552603
0.066974540882023
0.06564709985339953
0.02482629682008737
0.040319892529467785
0.04107014435798731
0.0246070135634411
0.0893950915187701
0.026516593615097988
0.09660322535111927
0.11326225131211791
0.07888143217678978
0.057055010179980686
0.015073350513525902
0.08625008568333396
0.0640125453488127
0.11316275419712568
0.06666262858859356
0.10593424291013692
0.048301010953767
0.015012589498160332
0.09597562705478241
0.026402607132153963
0.11263593248322037
0.03156011473458466
0.07599927758768972
0.08087729294466692
0.06421169286190263
0.04057153709273943
0.05956716619699408
0.08629064423496409
0.08105209585239023
0.034687790679176315
0.04881706618578464
0.08679298981214773
0.06752551361676709
0.09028664678422486
0.024354484061414428
0.04032405704932578
0.02645433003112381
0.0873587037307299
0.041642962811137094
0.10804776097734763
0.08409430968119826
0.06558882141476469
0.07702227918485358
0.059811089335373095
0.020378806394511936
0.034860377907883974
0.10444711583080396
0.1090661036360618
0.025861829710600824
0.024689379923568056
0.10766920019941348
0.10916251646617914
0.08674181271011214
0.043468654743802466
0.01959169059296765
0.03283572634747821
0.02552968813246551
0.03697806223960092
0.027032775068630787
0.034886730527224005
0.03521984050169614
0.04313499664604628
0.03809566513756634
0.02903423825425376
0.054767433528409945
0.061235514990112296
0.028611386673052602
0.013826249546444873
0.031944011007507454
0.010483923285201632
0.07983376285033418
0.03840314025343153
0.020981442139190773
0.036063519579928635
0.08178746071509657
0.009084516504016954
0.09373378900259739
0.08389128037506276
0.08538554785044354
0.052488743881169156
0.06481312681665315
0.02659587449014729
0.059680550867472704
0.024880755412535108
0.05615248076955974
0.08391562087311502
0.06268065701927908
0.08057316397719125
0.020334064037285236
0.0814394433914959
0.05638043583361818
0.09133133750749953
0.059334603940481345
0.08144911944785244
0.04689831872681989
0.07933294077030384
0.09251096275572111
0.04801426493641638
0.08015530546834018
0.07327115210343196
0.03264591123399439
0.06212940374577701
0.02944526347944905
0.06148574362013901
0.04872230650702757
0.03926613997831497
0.03719534173327394
0.094252065864412
0.07049008870180556
0.10008454025063153
0.06619568398725709
0.0989294008599011
0.06180721080577683
0.05785090811838746
0.08420995008739847
0.08781014238586286
0.007609470988577186
0.08320904131637227
0.01554710353862942
0.0628365678923383
0.04407946437700015
0.006408907352764366
0.09740204277860162
0.041349677643733755
0.0862271446162183
0.02554342103405348
0.043194025843065594
0.046752035864413594
0.045280990649978314
0.09733951877253948
0.05877613764516634
0.022008565034207013
0.053792001408110975
0.08635212866174816
0.035523713455339216
0.02721085144897748
0.09682205286970581
0.069176497139363
0.03698804044693021
0.07852962221323843
0.09950724115624399
0.03593624639767556
0.011293873275723903
0.04366257379987073
0.09954843551331936
0.03909308160001766
0.04771868113402699
0.07635279139588928
0.08050023700819188
0.05985205702514424
0.05905373989308153
0.05042856956635025
0.08972796355541617
0.03377005187590454
0.015516700210035879
0.05238828318997962
0.05758259905159229
0.012647535202123306
0.00966566657037537
0.049348366179705054
0.08487666731096295
0.058027270526348027
0.05712013656584608
0.09613066025778973
0.03450424320771062
0.07011431182794856
0.09929578953322737
0.08963917387916477
0.08053984627141111
0.051609320030365294
0.008036616497476619
0.05631868848916233
0.05190749368791304
0.08929928508587973
0.04667023079869473
0.04887049919255982
0.026059132809299966
0.013089201194245198
0.03776392457832018
0.0720354104314004
0.05550820975780654
0.049228585535072686
0.09598787755362156
0.09029824756931934
0.09314277089049054
0.037562521579943935
0.07790701176190623
0.051126054528641225
0.06815756506159079
0.05733602394906481
