0.0013546537704184226
0.002170671518333178
0.0010799039414123928
0.0012954864594101057
0.0009492130162353196
0.0015527625426723184
0.002110276478088143
0.0017334639034401404
0.0007573269826322987
0.0018870862976444358
0.0022477567817275027
0.0013538776170081805
0.0018925595787254712
0.0006250666195135166
0.000757723459194559
0.0007831513280962568
0.0009741346469276755
0.0015185181101806538
0.0010070349407148996
0.0011883749943746142
0.001523196021279012
0.0023583352320201813
0.0013588739085381156
0.001976049806602212
0.0018229703030674235
0.0011379843199640584
0.0016344861635279914
0.0014494323138276358
0.001723393111009944
0.001732689844411583
0.001009949356821656
0.0014074383483336666
0.002384286438641552
0.0022468662130486284
0.002403651410083853
0.0019710120380898198
0.0009446158211328525
0.0023515877766488763
0.0019223058632859293
0.001776725059248742
0.0011813024828373475
0.0011299604310624424
0.000978475779393341
0.0015974344912831051
0.0018544563285221238
0.0024549399017381873
0.002451846246765618
0.0010858385839507417
0.0009459721108287701
0.0011613211711886675
0.0010574065468411595
0.0012822591351425137
0.0016304180206587902
0.0016082726809868966
0.0023875950128020343
0.0013616616217564568
0.0021983102144336225
0.0010349013806679004
0.0020852727476618534
0.0017838914191485862
0.0018813182504312973
0.0019217273303926909
0.00105053422098077
0.0011905106497105493
0.0018232191910913219
0.0022343737266951147
0.0021423578402330417
0.0016856014038183133
0.0021680578671060655
0.001132050622304181
0.0015579496156750822
0.0027395204178964636
0.0011893786366901178
0.0016145020635634875
0.00215329342339167
0.0028015565019114457
0.0026846662082759395
0.0012962329800127936
0.0023097927770830314
0.0016573319508347319
0.0021473729660723387
0.001700983315002615
0.0021657061951247986
0.0025646374337509204
0.002907419577582836
0.0017912341352487658
0.002369453845600345
0.0013337132983697868
0.0016530535499802302
0.002032851935161307
0.0016842022403226887
0.0021026796934288028
0.0018808576015888294
0.002193413990443218
0.0015140640492589672
0.0016688356099760588
0.0015479960339144574
0.001523476038384078
0.002078120125961688
0.0028681190586117363
0.00223319893101132
0.0020585253338179315
0.0029025994625655263
0.003024605338228565
0.0024584503779271046
0.0028219329425205096
0.0020945725688551174
0.002493595916925299
0.0019269353673443711
0.002301238329901315
0.0028035848826668507
0.0016607185657875998
0.0017001228476792671
0.0023354736754320907
0.0017531282400236364
0.0022151515370751273
0.0023706164019403403
0.0028037234366089176
0.0016120873680447903
0.0027461143116210944
0.0016949128131335308
0.0020830771182252534
0.0031575865952687713
0.0032667917189796395
0.00303241166571312
0.00244028963007094
0.0032949713981979623
0.0023243363000049273
0.0031200550073928216
0.00282176076709133
0.002659751409968056
0.003113609243338149
0.003467911956519985
0.0028934954977632116
0.0022367576290361142
0.0021730816458490404
0.0030453724128931222
0.002670504372790355
0.0027251886472897144
0.0020433866843473387
0.002405939963951925
0.0021548922826300707
0.0020965016839119056
0.00209709293118457
0.001947823724220445
0.003501715543714016
0.002534740116501246
0.0032772820532383277
0.002393453747285456
0.0022843818080609405
0.0033522045959115555
0.0035851053051920282
0.0024924270942632415
0.0033727030254351088
0.0022691565732261883
0.003360022191819041
0.0034734957923917187
0.003349096100693552
0.0028986591273832208
0.002507231606228074
0.003747904353045849
0.0026247762521846405
0.0033974732197124633
0.002492799669605867
0.0028420378448934065
0.0034956917550817037
0.002638632216516926
0.003062126290810903
0.0024742984414686422
0.002524089616053913
0.003966476156166523
0.0033883414258517866
0.0031804812295557166
0.003359969303662381
0.003977586337137995
0.0032762172070612185
0.0029534685526674057
0.002991615626485405
0.0038200238878618783
0.003704840696304049
0.004290569733505837
0.0033131648449296674
0.0037945361202139844
0.0034855833009336053
0.004281069676043116
0.0038667963787023013
0.004030116292057057
0.004365288120159953
0.0032898952171489483
0.004196230455197553
0.00357203280131215
0.004091502631844062
0.004491447821358503
0.004551182555612939
0.003472040685042226
0.004574456566747695
0.004230584273711954
0.003851115083236445
0.0029931774234103507
0.004664265358731838
0.0037089720376629136
0.00427624306988373
0.0036033273760004846
0.003319972054869392
0.003326564237276172
0.003462658646232768
0.0038962934968139093
0.004236764623842317
0.00421235284486467
0.0036691672824232654
0.003444413140498708
0.003914924357034255
0.00421383556826556
0.003774372718788155
0.004532147539375334
0.003852178240250863
0.004609432067995358
0.0036416869377795978
0.0035180436745629426
0.00492416338559895
0.0051110309716986164
0.003751040512300878
0.0048243678530661485
0.005159498372036776
0.005208598617712834
0.004187113650430452
0.004558230542449876
0.00406578871830837
0.004214845461912948
0.004446874792683218
0.004807712808018232
0.004471998357815597
0.00452532084039833
0.003983804718804126
0.004320299463996586
0.004551721212512138
0.004282275634159619
0.00438941611219724
0.004314182026092642
0.004554627734067403
0.004334826255721579
0.005188343724937513
0.0041235431677146975
0.004596007428486471
0.004186980418490004
0.004388106469999865
0.004464265638592821
0.004325111588768713
0.004998547634134851
0.005810010553315772
0.00429802347434542
0.005295734358747772
0.005092030547304383
0.005939558396738407
0.0056232745796474404
0.0048579611380098675
0.005167805266836425
0.005693853761449172
0.005974481301781015
0.004792902348175293
0.005366929839582427
0.0057047075934858835
0.005838370182961932
0.005306950249472026
0.005869276769521073
0.00571674120818998
0.004898110028794556
0.005877557627045275
0.005894314517633012
0.005847445022246647
0.00652744921182736
0.00495476709660304
0.006245677105772677
0.00530791046379199
0.005735799757803621
0.006319903490338409
0.005270415363433871
0.005261380981374676
0.005895975619835412
0.006693788281580406
0.006641673848229673
0.005632094600810868
0.005675383079375644
0.006889777980003129
0.005329143745329128
0.005795954893787763
0.0069357467762887325
0.006951869044067337
0.006974524095141087
0.006115456681857125
0.005716926674632901
0.006229020530266789
0.0058606944286435265
0.007144827293627971
0.006760495022302925
0.006444414074279023
0.0058493664998473804
0.006600465346206301
0.006989470482917175
0.007380824677880176
0.006973373422835223
0.0075851150434596325
0.006622919886099337
0.006881640879618458
0.0064223867403965925
0.006448124310595375
0.0077134321930917606
0.007479832931766553
0.00730781990045404
0.00678593987994574
0.006524205887233269
0.007886532714461773
0.006486802845242599
0.007121822465742883
0.007628135563187877
0.007506399044302914
0.007781783504649867
0.007103494215887822
0.00819721311952314
0.00735164869657669
0.006960476615975695
0.007574187037557291
0.00834674327532342
0.007525088072116239
0.007090020771122239
0.007851802676043884
0.007219834276904444
0.00805556526706382
0.00864339670902403
0.007521681519711406
0.007973952429512767
0.007218598812923497
0.008416594076289823
0.007802178956789797
0.007874380866574134
0.00903678656175468
0.0077913727115402846
0.00773506829349298
0.007694837665415555
0.007543206358558474
0.009046201626095186
0.0076735177458583615
0.00846756093366259
0.009194962411885619
0.0093934469794715
0.007814017444515015
0.008287033367625757
0.008669441498711796
0.008220270983720171
0.008755883112606357
0.009254987930652119
0.009142494380176456
0.009268660116232766
0.00836796893500399
0.008309664495173594
0.01000286397728794
0.008823382078396428
0.009189612691672039
0.009349181467146053
0.009292930061394755
0.010140528255714102
0.009969476563663532
0.00908233387308453
0.0094615564438019
0.009235332537736946
0.009342968015447895
0.009513637127983251
0.008938307448817063
0.009214329101887075
0.009413126502283285
0.009743096449992099
0.009938858081704386
0.010646207271474212
0.01070842085395728
0.009279417013596499
0.010170921745923022
0.009564037793184741
0.010190755034764985
0.009908474352637465
0.010552330896516813
0.010898080060766991
0.01039109386063349
0.010723517629689937
0.010863138886631925
0.011001975034424315
0.011048323015732952
0.010549162420981386
0.010156378703445629
0.010961437248090504
0.010527079596003304
0.010321988280164437
0.011346686130119358
0.01038336778652728
0.011551282451570964
0.010424551605326205
0.011191037998459082
0.011788051483869955
0.012045337757725035
0.011787854244333713
0.011362300325199547
0.011112645063153162
0.012204288985957134
0.011441743026831472
0.011257123660624913
0.011988723591768655
0.011464407659875924
0.011107646787027381
0.01177729262701634
0.011641869316456502
0.01214477037020993
0.012425258354131302
0.012228115733682368
0.012250503354014753
0.011469959280627181
0.011953907858138935
0.011787818340412504
0.012589493289391053
0.012885863926714872
0.012972528744582074
0.012807608286064665
0.011791437366201613
0.013121693458443034
0.012942313319468223
0.012396038110252711
0.013322880355213024
0.012213427067269864
0.012336714494080477
0.013231373941490357
0.013125797834355383
0.013797096160861583
0.01410362557477347
0.012497843600656892
0.013666635095929974
0.013586733875813235
0.01395118413548987
0.013437295346633429
0.014224257499713287
0.014542470343395076
0.013775293806558392
0.013777102243127346
0.013868102529905318
0.013479944547312592
0.013900310175894189
0.014236882163784102
0.014934195434465882
0.014015560708061882
0.013599812920923007
0.014827900430707065
0.01509804920447712
0.015194075394340789
0.013892111288103956
0.01501343619941184
0.014763130186621037
0.015280467277984077
0.015077958011057897
0.015339754586873436
0.014514614072562014
0.015465972833244985
0.015730769566548355
0.015863928737313286
0.01452977036411701
0.014447206383429785
0.015530859620568221
0.016100014323186383
0.016012242573302943
0.015572259311915523
0.016003099262625928
0.015762983871320052
0.014882509352188482
0.01526920552907398
0.015943361753597028
0.016106927264128948
0.015207228012724353
0.01685456628928468
0.016661933029451625
0.016961748821952186
0.017077268137124502
0.01702851395183509
0.01645620452756695
0.016883548387391128
0.01592233225875267
0.01639931271616812
0.01639990941514339
0.017130978178884124
0.01615367630560402
0.016678468402518666
0.017585628965181593
0.016196966923405474
0.017824016328442403
0.016704784269923674
0.016634950290602066
0.016858811998229046
0.018037917568841457
0.016681618258435494
0.01760141396753336
0.017266629784752387
0.017367531485386167
0.018006990812822015
0.01821627509036106
0.01821489158146602
0.017444193578324402
0.017965292480151704
0.018744625893136677
0.018708249274257044
0.018173904041486378
0.018369822376245962
0.018887658697302072
0.018848519128143525
0.017928435977834535
0.0180729801808783
0.01871702608924134
0.01815776699910295
0.019460742387902182
0.01815417696546973
0.019891295135284016
0.019181814168185308
0.019049256069261427
0.01881699687259662
0.019926529738465634
0.020276154558926472
0.01985807597634267
0.020143352727725838
0.02047302135984944
0.02037592606265293
0.020477252052715788
0.019794273089982533
0.0207053549272532
0.01949109588426347
0.019830411007778673
0.01963781360840495
0.020160127360487234
0.02048632576463923
0.020674292195722137
0.021116563721608434
0.019951696396061473
0.02059610588619769
0.021015058660784333
0.021504094381191868
0.021339173756190388
0.020119607093035508
0.020351303059202193
0.02046158669564055
0.021461743189843518
0.021425474247255282
0.020942671220161014
0.02196633066270309
0.02106909202524368
0.021886003786054577
0.022497686631499494
0.022630362927444296
0.0210493896433305
0.0210564380609977
0.02261740033992848
0.02289395957700206
0.022684864659630467
0.0228172679397159
0.023087934978098364
0.02207138183395921
0.022804119805630657
0.02220791815493455
0.023340774633460994
0.02210815424556804
0.022187783901486555
0.0230084347157963
0.022636277418017107
0.023349927671419187
0.023006109263564195
0.023654489186916094
0.022801217768726803
0.02293849937473057
0.024285692184388967
0.024380012988883194
0.024239513698284393
0.02343687631335307
0.02326416330647004
0.02349917407328883
0.02414216063264643
0.023462339238618957
0.023816112897599776
0.023671403910724333
0.02503318048611213
0.024788100769821558
0.023936810336145184
0.024474164767368044
0.024359372276478653
0.023952799333077607
0.02408484146099674
0.024414095692204117
0.02564038675783587
0.025139244810395995
0.025120249703555468
0.024959098321111362
0.026080764839611303
0.024589040868431646
0.02501028385939989
0.025199345061352428
0.025721640923602497
0.02512641945749683
0.026286708181349462
0.025694117143495024
0.025387674750593933
0.025146464185902176
0.025294040862253824
0.026941241097164743
0.025368132400336325
0.02606621302803629
0.02663790637470606
0.026468051359514185
0.02639278722109361
0.02600710485318036
0.02668476433154718
0.02597273994760761
0.02723808636592184
0.02771128521553199
0.026889535827272604
0.026549303297057777
0.027720072839264323
0.02702509685259627
0.027865510780422584
0.028282107002440184
0.028224622527550303
0.027115631445152888
0.028031772106229067
0.02718605304854798
0.027545569466564144
0.027299301777166003
0.028142431566443263
0.02827025599766857
0.02752509340488821
0.027496134219608333
0.02835623595919307
0.028732777825573232
0.029213059625266456
0.02851747344325569
0.02921985936146176
0.02886455395317581
0.02823543893073675
0.029689081317021374
0.028623068574252487
0.028818276985079064
0.029951553226048724
0.02912885595766514
0.029494882817337306
0.029036032291027445
0.028936354509726838
0.02983643315353018
0.02889144884386864
0.02910526933215457
0.02929907258127893
0.02973467654674898
0.03005569671553853
0.03049798675357748
0.03082258154389594
0.029707936410723664
0.029994512901285287
0.03090190718873711
0.030297455680300137
0.030681008272330824
0.030997067091171216
0.03056192644209476
0.031098573958477375
0.030595261471122775
0.03111554246452799
0.030167267057560978
0.03115697996601831
0.030855117932832507
0.030767648823327384
0.030514583841614873
0.03134268967954602
0.032174442389377125
0.030898133692551483
0.03150529523725675
0.03135595253662546
0.03227352372358476
0.03259852362419006
0.032147391038050234
0.03153468602037406
0.03142030469573565
0.03132710372908305
0.03214593714988661
0.03286665385084764
0.03213469421260386
0.03161221824336253
0.032823545877061405
0.032200898928245625
0.033145927965943636
0.032700465467922754
0.032945902195997474
0.032995883629721987
0.03333788981566863
0.03353407879539962
0.033319923623189814
0.0335857941668787
0.03326727795004274
0.033448493788025516
0.03255857791954206
0.033362909835887626
0.033051172902667014
0.03425477433112832
0.03325323534802494
0.03341619989775161
0.032941647435674556
0.033293891905789484
0.034216265697971426
0.03479489166864807
0.03428494579741465
0.03341283175972134
0.033519702386064144
0.03363197772263185
0.03466727752830315
0.034498780932960056
0.03484649554680927
0.03423289963240623
0.03398079877641646
0.03552404128120894
0.03542282426385192
0.03541983212810047
0.03538822266307018
0.03496303115964788
0.035314372236859765
0.03574646507111423
0.03537275415245479
0.03591332856473716
0.03472886742254603
0.035995267022164
0.035249102058265695
0.03479090396871659
0.03605917447481587
0.036006525233054296
0.03577386060754755
0.03505878021972769
0.03576198107876895
0.03664809745220706
0.036018632502815624
0.036297536412000564
0.03568458397011833
0.03696484013693888
0.035803061607945434
0.03632876249291608
0.035910751430444886
0.035567638319072434
0.036528792472253005
0.036790839452978376
0.03581463012604675
0.03585357379117271
0.03598138157913803
0.036900341172238324
0.036612872561151207
0.03636112765973803
0.03693369552681619
0.03692118002985964
0.03703217042060083
0.03758419025374964
0.03712749385865502
0.037771974603954026
0.0368129500399491
0.03825320579578837
0.03821205651576398
0.03708761554980587
0.037529430566837586
0.037734384155765174
0.03798887385420383
0.037993762916213855
0.03765604389410708
0.0383380704299616
0.03792416106226374
0.03852324339372102
0.03843097951124953
0.03847577493265646
0.038177382553865574
0.03890386304057327
0.03881340490518528
0.03883231638198931
0.037659156302769774
0.03831603731488863
0.03803726182115394
0.03802805917634436
0.03838832124808374
0.038308396110124536
0.03935824544228012
0.0380732630556398
0.03830182794764502
0.03933060707020946
0.039113595665133345
0.039373816667186014
0.038258443783420006
0.038889148674279
0.03822930479613473
0.03982550769342749
0.0389341581346368
0.039551398020313565
0.03869394550517249
0.03949738612876409
0.03886295710844983
0.039210231445111175
0.038978463479500305
0.04013375853439555
0.04036458055606032
0.039472126085377805
0.03879393809574846
0.040435563700223325
0.03943301143867945
0.039826120647387234
0.03995689223263456
0.04039348750308521
0.03990760977334754
0.040074166748979304
0.04012478016368223
0.03949577881884689
0.040304416039249925
0.03985270099509717
0.0407084349138069
0.04083884275021621
0.04076666822909763
0.04010945113201569
0.040714046327122534
0.0407184665360616
0.04013431075083277
0.0410463769860356
0.04121304901403113
0.03986324864092921
0.04091744171635929
0.039841994654605584
0.04078572943646648
0.04005269068093771
0.04156043286255537
0.04036471419449153
0.04100658961240428
0.040886444626336255
0.040634177530729884
0.040332651981573514
0.04164094385855216
0.041011162119835756
0.041115987751183324
0.041777970662655185
0.04104265399540651
0.04190763959068373
0.04126062549238345
0.04179059533301521
0.04061791169461404
0.04149266754438422
0.04143743286185683
0.04164864191597692
0.04129406474156889
0.040976497726192176
0.04224739410424845
0.04089594435824929
0.04099095161132501
0.04230472092736368
0.04063585164169749
0.04102984542649515
0.04226356265941234
0.042026512150194886
0.041533585973681356
0.04172292377417206
0.04228324453464534
0.0416592339712896
0.04125751035482497
0.04257021163169079
0.04149567892872195
0.04209641357135866
0.041152980955569664
0.040966356115987264
0.04175720551839261
0.04100645692919283
0.04172820587811312
0.04114978008633642
0.04258139467356563
0.042303739377277924
0.0413514683853665
0.04184061521042019
0.042041362161268296
0.04280676963018647
0.042165448898635625
0.042071702099822916
0.04161807590834035
0.04172268945813884
0.042152796367168864
0.04277287391285501
0.042693307310936006
0.04253020524149654
0.04258433830075875
0.042956586566943525
0.041908562260730385
0.042804525161503286
0.041574098146008626
0.042609683692932665
0.042248522954927425
0.042466297040963344
0.041568968325045696
0.04292399120894938
0.041530277456195176
0.04190803928273621
0.042863881489053186
0.04210642719644018
0.04211145343110817
0.04162392561291965
0.04180856458506223
0.04260049274665075
0.041638853442819486
0.04202707202370503
0.041549462962587484
0.04201109850645494
0.04144146940491103
0.04315982064708807
0.04251794956797192
0.04245169504795027
0.041922574839187286
0.04149128764019473
0.04149674553311162
0.042305179132191076
0.041879483254706265
0.042142221563208584
0.04209726751093342
0.04255894157980664
0.04197627476908707
0.04254234951485959
0.04150034477132321
0.04282920811553715
0.0429238512895386
0.043123618603395246
0.04304660638644078
0.04311525795876245
0.04173990388676093
0.042698788790831256
0.04216884853999722
0.042037723065922454
0.043023819479343736
0.04215786930596587
0.04252020588095826
0.04249653702216825
0.041675652520681845
0.041620890074624446
0.041605469771292196
0.04260955760498179
0.041360461176218284
0.04212428663417065
0.04213621243288442
0.04137644712749926
0.042793183974761034
0.04136977627606231
0.041627489947389
0.04276164834343654
0.04161979877866707
0.04283423458937333
0.041614986826978936
0.04189212565962678
0.04201717827131784
0.04131563788286967
0.042798615016773664
0.041514235855202516
0.04159927769773996
0.04192986478307522
0.04204720537023122
0.0414967486970097
0.041377755223495905
0.042467603860582466
0.042084206437564595
0.04162982421877902
0.04251842144062769
0.041828055987826455
0.04224480455693172
0.04140838594865774
0.041295021114237454
0.040867100332016
0.04117606989973082
0.040864723474728984
0.04207935779754965
0.04219983371232283
0.041710360935758896
0.042035292524357615
0.042387634068241954
0.0423999798088051
0.042043933247322
0.04067041484219502
0.04172097534746774
0.04163985621031004
0.04223092053384336
0.041441144948246335
0.041951178501979255
0.0420761052324291
0.040894816416290274
0.04122273282909958
0.04121530888331203
0.04157003841541952
0.04155018747404654
0.04033741407212888
0.04149942437256674
0.040863101396582474
0.0409539039618366
0.04117046673658838
0.040299312223549044
0.04083848695454582
0.04078410520017636
0.04028008559152115
0.0401131909733107
0.04035067226806147
0.03997625929938915
0.040815066322528695
0.04151161228286946
0.04018661988755294
0.0408544226575874
0.04131699450138511
0.04087727963611345
0.04010860801238746
0.0406676989222902
0.03967991711070532
0.04042549665991952
0.04036196711891856
0.04016594791365304
0.04092183554755763
0.04059092191608877
0.03975748535547506
0.04057182459843215
0.03986642010870713
0.04059333069290934
0.0404561782255107
0.039697098800469614
0.04068926619697545
0.04033407065591439
0.0394166497675673
0.04010134636609725
0.039019882254686125
0.03955293675023479
0.03906496110459347
0.03996320600985546
0.04033753024852593
0.03953152427200158
0.03886183470057326
0.03996104491825636
0.040047356208651
0.03994111645315442
0.03956155016015338
0.03856380228623302
0.03887601329521626
0.03850877169158216
0.03973107473842994
0.03866372540166836
0.0385659146803516
0.039824252541441334
0.03804660691515424
0.03807539936295607
0.038994889901193805
0.03815108149438848
0.03907357323321553
0.037876845599063694
0.037980149955745786
0.038206955825291114
0.03802305417673926
0.03923465601337093
0.03793641192926302
0.03792390268579441
0.037432412716408625
0.03768871891830677
0.03869161566731338
0.03837177522753989
0.0372963094872555
0.03733778644231277
0.03734518542036842
0.03716653419722854
0.03741582109006726
0.037374838346969266
0.03710852885882209
0.03709506843607853
0.03760833411845886
0.037038122516359816
0.03781822695840045
0.037304106082080485
0.038112630501565256
0.03729491243406912
0.036440958010619716
0.036801477584054686
0.03760065271446588
0.03791896341943009
0.0361693831471487
0.03656047541737591
0.036423217409571114
0.035926458094745026
0.03589684098946127
0.03614768754794252
0.037347696012550384
0.035870541160899015
0.035915746185365374
0.036109317392986735
0.03709286455179852
0.036397527577508776
0.03616134113885362
0.036263199128650746
0.03572684666251861
0.03656683973514144
0.03525167070954053
0.036169802350621165
0.035397343008168936
0.036291400897132904
0.03650211393415713
0.034910264041728256
0.03523995908842334
0.03521858833268269
0.03532808092201928
0.035134967707231186
0.0351001404493911
0.035465359988641754
0.03511171899688199
0.03460713004999683
0.03492557536823434
0.03500633706724309
0.03432547396998196
0.03518774579639115
0.03415560287568997
0.03481949173840867
0.0348588905585085
0.03444297922817063
0.034123596562274094
0.03437397542834627
0.03379370345059202
0.03497840152191742
0.03334258481560416
0.03468314754476556
0.033658198652108264
0.033810138321983874
0.03445357882803369
0.034698532837032524
0.033197978424259936
0.032889830043719065
0.03329127280408537
0.03399938396250635
0.033920207393290366
0.03415946574784611
0.033596790534053136
0.032793761032017185
0.03240389967206508
0.03223127064596158
0.03341585280873484
0.032500761001849156
0.032432056283218394
0.033077440842881126
0.032434729184564935
0.03303183648028367
0.032123241897377405
0.032942683495067945
0.03298462979890234
0.03246207360695385
0.031914269434336
0.03172367449183751
0.032852453012242135
0.03247549962148663
0.03285785748490826
0.03247521935589552
0.03229520080581691
0.032557543470692334
0.03147550337304732
0.03131954812125054
0.03114967328638297
0.030967897568201074
0.031455784662206734
0.030776553833975494
0.031216267262608448
0.030847400018707206
0.03194629716233609
0.030186634924145063
0.030078123667345035
0.0299952175439751
0.03047883584130829
0.03058471607207903
0.029735089960028622
0.030458484702672033
0.02968025398407883
0.03022709009977755
0.030898020337142847
0.031027035670145184
0.030592503698556022
0.030808572908532852
0.03018529719541071
0.030165963615166096
0.02982317063090207
0.02900371463189715
0.029272834830787506
0.029460859720277933
0.029934293735224677
0.02904544867484558
0.02958664343188168
0.029313387322146143
0.03003159939722171
0.029268030032239125
0.028514181539283992
0.02980235341603163
0.029587209951989935
0.029640346045362323
0.0290571889764098
0.028984946423576737
0.028834438967893217
0.028876727844378582
0.028367391552125518
0.028020165534296777
0.02733060587599675
0.028390252207800473
0.028194739565701482
0.02803480864915646
0.02774804256214423
0.02749773160208853
0.02739913490237624
0.02695939800754924
0.02694265559511187
0.02803641244848747
0.026599595893189533
0.026969864431866178
0.02677292949347854
0.027597588663841762
0.027783484987869683
0.02652146790277004
0.027548303919583537
0.027589708036321884
0.026706454838113413
0.02582430891516607
0.026302929170883692
0.02658920641538795
0.02690063774404049
0.026442696934313083
0.025602541329392506
0.025524274386922313
0.025701236719943815
0.025897777443984915
0.02522050345813402
0.0253598403513535
0.026035510488327286
0.025109985476323416
0.025261025958268346
0.02527505980312129
0.025888985586366993
0.024927339741086223
0.025294276034794803
0.024503615181024445
0.025553955771732854
0.025213067684979794
0.025031830777287496
0.02525980891819836
0.024853236816442317
0.024107315832258527
0.024661006123292646
0.024285118931626798
0.025150566102034803
0.02377246487174355
0.024445547344247035
0.024125087232537396
0.023983406039194046
0.023547247547053955
0.02322340247973745
0.023097157985337468
0.023382954542393357
0.02394485202470029
0.022877101719074953
0.023271721769847313
0.02429245957562391
0.023301513183295347
0.022583706746773645
0.02289615496578002
0.023686827995110214
0.022613449873374578
0.023314390572819227
0.02265602243679117
0.022936154115069794
0.0231367380865092
0.02305425985592858
0.022814740394187863
0.021916321974904136
0.022795461191170454
0.023080241971183656
0.023191682525918984
0.021436194943148523
0.02161174331478277
0.022097817880497
0.022871341561348808
0.022154056631914894
0.022494642140927966
0.02243514759116383
0.022220086013461544
0.021054178914922884
0.02181082701480061
0.022262631090727677
0.02173659220886396
0.021613732814326075
0.021468153810904007
0.020838106352690372
0.02057235481268613
0.02076322468943123
0.020505265577584645
0.021035867679402832
0.021146012005255677
0.020917967208537114
0.02071561614346579
0.020426392654206732
0.019565651744305145
0.020882978304946353
0.02091411531685875
0.019512608705443937
0.02088762168217618
0.020292029389949562
0.020230921235318527
0.020390718044847943
0.019472028508933863
0.018924509531650043
0.018995195545531675
0.019231377034867794
0.018658055791222792
0.020288206294410287
0.01963974354689476
0.019934457942062684
0.019111353452713288
0.019768012452217338
0.018184140959065752
0.019639281007584768
0.018884536686052396
0.0189788716919131
0.019316932756323926
0.019126408774061368
0.01948271585063474
0.018083214417232797
0.01772242275678226
0.01914290423885187
0.018694218501403084
0.01776782543671039
0.017412827959788834
0.01798056629055562
0.01848912510251807
0.01795333005355936
0.018242653532127708
0.01751309518766273
0.018190745250487094
0.018180815852097385
0.017729200532775147
0.017651948249928866
0.016584193740551298
0.016908363378788625
0.017609957689137534
0.016748008014481276
0.017178512059513103
0.017597672040401472
0.017638336875937067
0.017066719163909817
0.017670891268543477
0.0169403257607138
0.01605357386731782
0.017043129989120904
0.016916115331029782
0.017041535433352854
0.016589779385376282
0.017140755504261116
0.015596477357115966
0.01648966938320171
0.01590952809393292
0.015519126454099245
0.01562897629032938
0.01664449643276591
0.016029627951097816
0.015228506750809693
0.01562259392585587
0.015061709616924733
0.015990176861380927
0.016387717884222837
0.014635672887938503
0.015487171876526368
0.015682806367773396
0.015393594701598907
0.01483606437253225
0.014287608573774443
0.015845768613191077
0.015012258290653236
0.015029339040677577
0.014674159021002643
0.01557798610367015
0.014740423748257877
0.014792203033991449
0.013740479644575861
0.014565595538542725
0.014941748929115562
0.013695445538649445
0.014357618125397925
0.014570182744598195
0.014862790809285204
0.014843907407859706
0.013229538406118185
0.013160542961129559
0.013261509286053613
0.013772658509081624
0.013714570987922451
0.013626368825979446
0.014231913456026195
0.013271521319767826
0.013151513577331462
0.013513153964019706
0.014028718729889653
0.01389564887001101
0.013425132111097868
0.0130125471850488
0.013641133403970492
0.013901421776698104
0.013681141144052394
0.013139692652224116
0.012118498891725305
0.013475869642659195
0.012805676768367906
0.012135536072948417
0.012696488406203544
0.012253281730588688
0.011742278853940484
0.012958559158457558
0.012997518841996339
0.013176617448706874
0.011799816860682736
0.011872978805070458
0.0121453143263487
0.011993378032302007
0.012526877773884323
0.012392333813533923
0.011500118263453612
0.012111327209538447
0.012099575427482336
0.012208994384141445
0.011476111556722263
0.011826073056707607
0.012279055856474642
0.011093041897755864
0.011509193139260607
0.012327638446973647
0.011605665245362556
0.010613635501607554
0.010749594476603012
0.010982523290318557
0.010970490661899722
0.010705308834112422
0.010266001891089317
0.01014431505657624
0.010908020839252122
0.010256010182158243
0.011108434054641745
0.01163589233349
0.011513049394686139
0.011514225049381932
0.011500400286195742
0.010315170995183713
0.011101551191360077
0.00966805999110165
0.010269094662015634
0.009588150952811535
0.010822406561924599
0.01011218531991029
0.0099377149855773
0.010338782657525372
0.010407706837648606
0.010230515883827888
0.010472188824218633
0.009534202234982905
0.010354213104382412
0.009427587740101072
0.009165352418500703
0.00974879266885894
0.010382606860912623
0.009618744031028385
0.010178656736127112
0.009880020507467453
0.008860618699279276
0.009733824090525041
0.00986852349536493
0.008750127387423793
0.009212895955525439
0.008459184647561256
0.009059084708712558
0.008355685049710154
0.0094859640680439
0.009087392993574049
0.0088751223174028
0.008808830741795637
0.009754889891365717
0.009297056635143323
0.009641169229371655
0.008937821094490627
0.008326931796291943
0.009081734420588303
0.009095981259376143
0.008453302748590808
0.008232854217955627
0.008587214156759521
0.008892928859610025
0.008832275591624094
0.008981133669263681
0.007658511028060492
0.008246185003828455
0.008386252698471456
0.007630602123731456
0.00834811830737408
0.008560857929628206
0.008175305319493996
0.008833951726104506
0.008024442863794322
0.008398182549237826
0.00808199402195547
0.008723275428327664
0.00726746350548066
0.007926051759256826
0.0073137785054249544
0.008293772106132215
0.008132773416766761
0.008009270529270163
0.007099309815391874
0.007786551240418365
0.008007453791350323
0.008222423842820613
0.006690325822437208
0.006875291634145415
0.0067203238506449575
0.006751894789829553
0.006734170283727111
0.006632571319563861
0.006852581804581864
0.007953764177298076
0.006714157212259813
0.006970475191102348
0.006847321594928428
0.007041693048301067
0.006754206059245368
0.007643458655799779
0.006565841275951261
0.006389952704034251
0.007402262923697729
0.0059029964987078465
0.00688908177267638
0.0061176415829299995
0.0063864885539091105
0.006378761207360316
0.0066053731107479086
0.00663880914181548
0.00677644809250296
0.006244836878881735
0.00563193600329776
0.007166140430631289
0.005691489372708174
0.006611209640553799
0.005722622850711807
0.005835098170956297
0.005586978807913925
0.005451114535088801
0.0054830318414695505
0.0065606384410783185
0.005946313238331406
0.006695605899604182
0.006559434067819964
0.005923537272701468
0.005757816769388074
0.005405003891747084
0.005742865049764007
0.005914333974200959
0.006075280842100447
0.0064231715766581
0.006001200551258208
0.006376719697189031
0.00635340484574179
0.005486670756334573
0.005260427754440127
0.006130014227883862
0.004938577765416422
0.006158268731023364
0.004851348670893759
0.005644459785575991
0.005091574452037498
0.0050116561148050584
0.005268966167252291
0.005604597821147388
0.006008657028808294
0.0047605537295523645
0.00573734292786771
0.005509638853357315
0.004775994426498229
0.005765339265377445
0.005476741732205536
0.004421408710781421
0.004585663469481617
0.004650364908347007
0.005608593883127448
0.005054477136620351
0.004799928735942807
0.004866705512710992
0.004193771670253063
0.005283346796871912
0.004680752134254732
0.005465728163574677
0.00529886439636623
0.0046548567009423334
0.005351285108025373
0.004203376788233776
0.004850389565459162
0.004700544097222107
0.004153468028248546
0.004175844253330351
0.0051133040216996455
0.00469004298847399
0.0046203415011716415
0.0036123311381707074
0.003783511742214955
0.004807388342353442
0.0052731944826122845
0.0042292824123001645
0.0044495812842463185
0.004762568484203214
0.004624803625064052
0.004715437289619879
0.004489783773584145
0.004086450250465448
0.003822988378779126
0.004598793602067123
0.004826930688493523
0.0034442491719208577
0.004327444992548542
0.0033924626696949533
0.003558203812469479
0.004337247132180002
0.004519674145955112
0.004720078881082562
0.004306993193732189
0.0036728468088373088
0.0030494306637227483
0.0037587463821477313
0.0037664565996564986
0.003078936199312449
0.0037391867638570577
0.0030265310243040027
0.003820243610973087
0.004084970429558354
0.004604380648583621
0.004434395650352032
0.0029028686549741256
0.0035443784993983555
0.003065954142395123
0.0030827936162527254
0.0032805209475924337
0.0031673240928733453
0.0028497006440411296
0.0029476207324572157
0.0036949704371876304
0.004051646704380651
0.0035790973039934544
0.004307715978990714
0.003134858419879388
0.002798958336738031
0.0027579164578142006
0.004065308032560754
0.002675241678431712
0.0027564386639850995
0.0033361230250737507
0.003208862710840385
0.002437742749879658
0.0030780826297900623
0.0026323832627310295
0.003226633990395431
0.0025809677813040154
0.0031006260564372724
0.0038799420882355893
0.0029200921999238878
0.0025850841468032337
0.003552941129509387
0.00246666418144942
0.0023431697862648
0.002717310712626405
0.0032804273306577987
0.0027340815061998864
0.0035705531657630454
0.00262932674259
0.003167443596813859
0.002326955651413614
0.0034899887342042524
0.003099870236105887
0.0022400886778566596
0.0036242220038533134
0.003292862297845929
0.0027884796475850476
0.0028795146021121138
0.0026709213207973923
0.0030609572991229343
0.0033472052674351645
0.0023149825321208154
0.003513220142362918
0.0027297453546591484
0.0022924891655966726
0.0026220909603971694
0.0029628794712848747
0.0031176516087317477
0.0025807978283364135
0.002810491229595287
0.0021777461422064995
0.0028608396172131877
0.003106689699183657
0.0019980192119039976
0.002957553462206106
0.0032105896982490708
0.0020783438566480913
0.0023734722960314825
0.002904347300581301
0.003374911396677884
0.0032969973025730286
0.0029812902672472293
0.0024520167833062896
0.002147859538189508
0.0029972052844070775
0.00174876675155971
0.0023560966433150126
0.0017001976820926695
0.003042406472312164
0.003136523764111639
0.002440993794632797
0.0027648907247098857
0.0032285193908077442
0.0032251748230174245
0.0029471922565709983
0.0022007005839429616
0.0014761185787595576
0.0016311986108466894
0.0015292132472968652
0.0015400562357813258
0.002915219089462466
0.0027533000103435686
0.002299110398778347
0.002177799576496156
0.0016934412711563586
0.0013782076979150374
0.002586429302542333
0.00307253655855092
0.003013771437888588
0.0017257713737171621
0.002758923063609507
0.0013298640433909623
0.002689435190373963
0.002957790614304914
0.0029052705753927536
0.0022915558528687255
0.0018816205556237808
0.0018094282465603382
0.0018449287977860614
0.0023422684599670586
0.0015964526677142215
0.002153772572821975
0.0026369196985836004
0.0011676603810014624
0.002299716403536022
0.001336753856071121
0.002150439374895061
0.0016890958835163988
0.001726145508998021
0.0011385218792729814
0.0016548316530023124
0.001364525381542307
0.0022810912625121126
0.0011878808643744588
0.0025978956562701136
0.0024643550419176526
0.0016752433420703112
0.0010827623291350887
0.0012668377859570397
0.001094028592331273
0.0015182090677474166
0.0014254354886800934
0.002489947233020251
0.0011765272287401927
0.002090995936874576
0.0014980701784054996
0.0026303355456592163
0.0022663839924391255
0.0017700965766590832
0.0024191640852802517
0.002125252593564243
0.0009344185241910511
0.0010475011387700256
0.0012691328579367506
0.0021680736344033206
0.00180344088285903
0.0021304576205968062
0.002425306009653697
0.0008987327718558278
0.0024324550340090617
0.0019162416647810485
0.0020407351118039803
0.0015015454931025564
0.0014971004603784237
0.000944017449016575
0.0019547646099742954
0.0023216466271215788
0.0017424381894682393
0.0016567139337247455
0.0014562612193109068
0.002109998109932778
0.0013304085945527767
0.002182426099018545
0.001032122503795838
0.0013473179415830325
0.0016438323499422484
0.0014187787462396804
0.002200902591556119
0.0021389169684743786
0.0020966596210514636
0.0013251113042045382
0.0009650867853983334
0.0009956340430357048
0.0019789044404437284
0.001360649142486649
0.0009146951915977426
0.0022314711908424257
0.0009064072443439807
0.001476966383521945
0.001996985117755972
0.0013698926114339058
0.0018850053408881024
0.0015045868031307425
0.0014269612234956148
0.000966371025047317
0.0008695000135080892
0.0007457401489180573
0.00183349197488941
0.001261388065944093
0.001881805857659018
0.001232955836229555
0.001911041329335384
0.001760937762076122
0.0012033895542732228
0.001692879511877677
0.0022672740714700266
0.0009239987499044055
