0.0015478991106970229
0.0011103170878862328
0.001366859526329473
0.0012850776481009316
0.0007505860962682885
0.0005936357044036536
0.0011051616405188419
0.0020872661026205912
0.0010316929095798245
0.0016461991444897484
0.0021489942539017165
0.0020623615090687203
0.0007084660673246068
0.0015502786106015433
0.0007666837990979379
0.001994731927490616
0.0017562933561647664
0.0022290085619833303
0.0015610483159381198
0.0016104026906163897
0.0016216131023200806
0.0014089391569483468
0.0009847916508501837
0.0018484881524362924
0.0016557700451925708
0.0017976038505553918
0.0007688417061483587
0.001472233667839401
0.0008859825583123408
0.0021230019252500283
0.0023589421153753713
0.0024180190485701375
0.0014982605788884556
0.002483237294140013
0.0015974948436528684
0.0010523063152588614
0.0009901704493637572
0.001350636325738311
0.0012627013414841187
0.0010315820308529715
0.0015259986515686415
0.0015969603938193633
0.001203901495977274
0.0020892738924124317
0.0008973380833072469
0.0025581600184281547
0.0009767423876958722
0.0009388665281298402
0.0019128437759663548
0.0012156756394930707
0.0019431266749603204
0.002569272714607835
0.00224429256230323
0.0015711734543869856
0.0010161053672302473
0.0014215623828789628
0.001427746011845489
0.0024374236254571593
0.0015401663408697404
0.0014999264828062615
0.0021790894238533135
0.0020152620564291173
0.0011794480372745216
0.0026123121428664616
0.002135240255459868
0.001137195952954068
0.0017283016896731628
0.0015814879381761831
0.0019073818637163082
0.0013023477066336983
0.0021757963233851527
0.0013301254367473884
0.0014469921473144781
0.0011957347108705804
0.0027901276574998205
0.0023280736309675178
0.0028186943757206426
0.002635445526458556
0.0012312764483054831
0.0027283481177411634
0.0013389106153862897
0.0012698717204965159
0.0027096584399730205
0.0012006722830427907
0.002783351045935893
0.0014990706820897405
0.0018565404381468377
0.0019294294355747667
0.0015700331848806787
0.0024692935373414387
0.002686902223987583
0.002420241936672109
0.0022455483898432974
0.0025446762233199156
0.002634639959543097
0.0023608154489146876
0.002503831502445937
0.0016399400259991875
0.0013757409680180525
0.0029295918891264843
0.0028379930338532492
0.0023109071763510085
0.0018941102061599483
0.0025576885001328594
0.002886213226693018
0.002531096811968506
0.0021706261476745095
0.0021724875615462104
0.0015732096658968994
0.0015519700160797829
0.0031138074856667678
0.0029978493046670922
0.002890832861195233
0.0029664024506250715
0.0016002195516401016
0.003130340068811009
0.0018975050698729617
0.0024094911398486866
0.0025396972296936513
0.0024412563267995745
0.0032518086342792274
0.002692280985579987
0.0027662871292921925
0.002307840040060291
0.0018156731144971263
0.00265131648052113
0.002579046678511184
0.0022818687654136446
0.002895323248132145
0.001727906803243907
0.0034450374598692162
0.0029909434994659792
0.0018611186123047663
0.0024857402291733
0.002912793861522412
0.0030130047190702267
0.0024879470456025073
0.0034437672494694953
0.003503708600693341
0.003351632155181392
0.0020546793743186245
0.0031233301744701737
0.0023725367288044787
0.0028397891256121653
0.00337883849738364
0.002566632632179324
0.002132431124373445
0.003538134656105867
0.002139761857845531
0.0031750258758004267
0.002600607612185666
0.0028776760328731795
0.0031416382758270517
0.0021707898998514345
0.003379842321043442
0.0038374159154942328
0.0032033678198329324
0.0034191012857873113
0.003212357840802876
0.0027367724729561783
0.0036870704857187293
0.0035551131227452
0.0023681133959915614
0.0031605694554034448
0.002775776163445317
0.003685261768061679
0.0031479553436209577
0.002857466503397065
0.0035801023536733466
0.0039053891224590863
0.003634844186939827
0.0034972275527911686
0.002719985015259153
0.003505860110137114
0.004134672666901585
0.0030741144101067487
0.0026531718874293984
0.0029122320756247854
0.003821299580670371
0.0030211715206949533
0.0028933129711793152
0.003040850074245079
0.003234345645104169
0.0032437949962809236
0.0033843756006575873
0.0037664505197102637
0.0033281208315733743
0.0031668368728454844
0.0034229513446588354
0.004058707843205448
0.0036363680133364895
0.0035850141252957634
0.0030353154117108826
0.0031412749609154357
0.004281295228251064
0.0043495503204763405
0.0037520911998817864
0.0039625933193940845
0.004566217472036418
0.0038964459684385673
0.004354301833166551
0.004680454055199743
0.0035218075655730646
0.003854144871712807
0.004536782559378735
0.0035300835253561156
0.003944349710162932
0.0042177267153859724
0.0033258167346883875
0.004402022250631483
0.003821940475093613
0.004654610829520963
0.003334034093472825
0.00328375459692796
0.004554083041531708
0.004187729413909858
0.004341557500526069
0.0038329236981062146
0.004898413397975935
0.004964296830515146
0.00439448279563947
0.004541381028032791
0.004746132267132574
0.005008670375106277
0.0037872773054113715
0.003964830164551419
0.004483167566417663
0.005117645026838923
0.00429879826672714
0.004515918330198784
0.004249466354680149
0.00431857852919217
0.004661842682432157
0.004950974701667048
0.005375574808680678
0.004430966956982147
0.005590637752684583
0.004525673338776076
0.0042070634004282865
0.004878554745423452
0.004174436351868298
0.004286950079575572
0.005408305190517719
0.004520027509379981
0.005144047323494905
0.00512680605997981
0.004935133686239633
0.004482062249133232
0.005724629956694835
0.005667550541507839
0.004969300365076618
0.005681255569416072
0.00534535248844837
0.004930098447224586
0.004806749645647839
0.004853002241922088
0.0061312328517788145
0.004820628733909412
0.006114253982260361
0.0061938300512470856
0.005561058928276663
0.004837622960034106
0.006183450594461434
0.005215370632314444
0.005864449068223584
0.004736418192190759
0.004845931767300142
0.005557221985409824
0.004950831627171137
0.0049731483981785675
0.005223888094940618
0.006360128621783403
0.005743369305034568
0.005055848601162475
0.005303761511351307
0.005312402264395417
0.006788392148618685
0.006560971976488322
0.006134394314562006
0.006510858293014229
0.005411753127560254
0.005707814268193891
0.005275670588864554
0.0063208173966394325
0.0062200041951329535
0.00556596805413387
0.00697811656011374
0.006398837180714162
0.006125820924261378
0.006407664843776624
0.005878135564253112
0.005760254049699183
0.0071743244435348505
0.006275473822512638
0.006796072011244841
0.006817521372553937
0.007368943193645795
0.0071831101175450045
0.005881068596311125
0.005983998877368414
0.0074254956419986095
0.006755169479655954
0.006716839653367992
0.006371480631293351
0.007348348959507177
0.006909877641532469
0.007171715731121552
0.007465155151196106
0.0072830053244219905
0.0064910274215702396
0.0078004688446194105
0.007052312415963269
0.007462088674626561
0.006841032460291652
0.007678459885189598
0.008109839752966025
0.008051127587179735
0.0073573223166199225
0.007246278131808924
0.0074786530454080385
0.006980169797497062
0.008485605500743797
0.007892803985985858
0.006965838202296521
0.008035585180014744
0.00822437667028845
0.007972296732364888
0.007031945247996331
0.008687881743284642
0.008539163430865172
0.00879299169227118
0.007359644700608901
0.007605296043498861
0.007477542202584381
0.00827144760316866
0.00907643012744776
0.00832840816087997
0.009081417680389349
0.007927919571215615
0.008441985147488904
0.00793181754312971
0.00815187011227708
0.008235430142051569
0.008478180765281493
0.008869611655955895
0.008531189986215175
0.008566267405797514
0.008696811174103964
0.009296790158867444
0.009580425667825507
0.00832176040053111
0.009114445929824326
0.008636351047603451
0.009120896501590021
0.008925352519217548
0.009457869989262
0.00990551602374494
0.009059808945617505
0.008943290300113985
0.010109554503742749
0.00923547922841
0.01027739076535503
0.010009943430874831
0.009293309623959824
0.009774902904673413
0.009676957517631375
0.008838957892378357
0.010342060985171455
0.009304529708758329
0.009366603961086302
0.010313559280820676
0.009339017147964613
0.009971870829246552
0.009481959223407575
0.010671856479009059
0.010377078291597975
0.010624506647069864
0.010940531038182166
0.010809013910395477
0.009673499865550998
0.011125480950325626
0.009845319931020526
0.01113792549269607
0.010481069427699682
0.010367528597954152
0.009900905108749731
0.009916486016780099
0.01141736635529886
0.010486254282738952
0.010296903757067427
0.011517873065450308
0.01182853534657407
0.010389483587241826
0.011345269353389066
0.010392929220761581
0.010597816784555951
0.011083772059885581
0.010914280769097569
0.011696904656048262
0.011610709362720907
0.012100324064463102
0.012322595380782621
0.011779156779206245
0.011840685545235844
0.011106566081576915
0.011877758410366064
0.011579232976373931
0.011842087826397252
0.011558875265635786
0.011864412564556214
0.012144471319092047
0.012392727928949285
0.01198246422140044
0.012448724193703981
0.012765708827734841
0.012135834931710391
0.011677744696086319
0.012060254013464677
0.01272403359394913
0.012694761124556735
0.013404930778287938
0.012815224581032049
0.01305079471642487
0.013273876308822716
0.012248751913099334
0.012669474565570738
0.012124536766126475
0.013726416211643147
0.01265478722126634
0.013087491810549802
0.01351991480244568
0.012488707592298228
0.013505476590134376
0.013494080461840764
0.014116462910520723
0.01306023488056034
0.01356843306398455
0.01359513654977132
0.014245311897988869
0.013532861308453091
0.014252415170763418
0.013719498811628237
0.014791793107746034
0.013688421875246538
0.01494564201128353
0.013362116203434641
0.014638945824893617
0.01409733267214563
0.014250354936330707
0.014013058923557599
0.01406854784679639
0.014987296521845933
0.014729763176893064
0.014559630877739899
0.015624747131654619
0.015450628045906835
0.014763706724567342
0.014630090039675706
0.014935258491526668
0.014695118998677289
0.01526407664855218
0.015112466593838605
0.015371020576452591
0.01483441457612969
0.014607745690614233
0.014861950316606845
0.01527435303217248
0.015178172071592
0.014872183973649623
0.015685975118206213
0.01553043139262269
0.015233064025549371
0.016111150568698454
0.0168928973590469
0.016607538256617014
0.01640174902992531
0.016469626796644266
0.01709955469762711
0.017127484053928083
0.016359027575200944
0.01609107493485741
0.015951181543483735
0.0164988151221381
0.01604396988284699
0.01715122657510116
0.017398101693749533
0.017800367983800393
0.016524728902395553
0.016608911395704685
0.017343838398570836
0.01747226041981655
0.017243774351551115
0.017855733695583857
0.01728758779386327
0.01770933508549415
0.017434719969530308
0.01747632290557614
0.016944399531932188
0.017492319328519412
0.018190420891392858
0.017670534415551137
0.018845042148724598
0.017731309891729993
0.01742615729484823
0.017642636673822248
0.01867818688288236
0.018040775570075815
0.018862676862251248
0.018750429314832742
0.01814097508092346
0.018731477291292715
0.019404427908203046
0.0197243368609389
0.019381040698702064
0.019662733791338472
0.019454983796837643
0.019466074831967085
0.018518225843639626
0.018691491918575154
0.019678027456539137
0.018836125100348135
0.019109740905109803
0.019795023676724227
0.020584795496435576
0.01965478584910724
0.02028844729827089
0.020356465981547823
0.019680578909152653
0.020456249446017764
0.02078522138208809
0.019976008805281102
0.020589085780302118
0.01991776086631575
0.021026323554628076
0.02053869331789226
0.02138027069308332
0.021161021683454136
0.020932361364963098
0.02039561117208034
0.02050917082440119
0.020777786275398974
0.020372218536811953
0.021595404441298316
0.020733449277526052
0.02052595359101372
0.020920422484810137
0.021481754626305968
0.02171294051090325
0.021808538828128353
0.02179098545922723
0.022128633875043147
0.02266050868099131
0.021565316627851383
0.02230517790314181
0.02141801173541615
0.022629378142949248
0.023112275932030343
0.022853092352785122
0.02264127895782693
0.02330735971802749
0.022073390274810836
0.022396088254005325
0.02318526535591669
0.023164680534708017
0.023060034745781097
0.023686562651530203
0.022500283138443072
0.022723077832174882
0.02358339654121015
0.023642768242046308
0.024097137729964
0.024105920839251973
0.023743503689377127
0.02339766449519198
0.02327729407259084
0.02398486077828963
0.02424135299938363
0.024805176921503837
0.02379902078852503
0.024428802200090177
0.024340168030590092
0.025167389686823565
0.02425192095639836
0.023599988226009304
0.02457422035733997
0.02509780411650574
0.02441005494502377
0.02480918584671584
0.02496309145280827
0.02442866878107355
0.025838614147732638
0.02580707683376222
0.025185534276572167
0.02604657176393429
0.024754226959767874
0.025103976733581387
0.024892087622527474
0.025398866022414902
0.02567844452155203
0.025920577249559016
0.025508436206196614
0.025644082174672435
0.025569268940080422
0.025618877067968383
0.02594659927634832
0.0258558556815944
0.02645149155671606
0.02626119845610568
0.027378114484576596
0.02633885265748757
0.026977911220147744
0.02626403407077604
0.027484796596438536
0.027730580216023752
0.027396659035542264
0.026283127819894572
0.0263198437010341
0.026963788332327213
0.02797212906497633
0.028226926646364798
0.027572382677419908
0.02752522445102483
0.02684973414846173
0.027863999455896855
0.028468696336555674
0.027013350318978373
0.028823448469207143
0.027702302410073817
0.027269311790679474
0.027445779042548715
0.028142212590228248
0.0282463481900208
0.028081222588837083
0.029085451019692236
0.028881105678491614
0.02846852495039055
0.028108725957384416
0.028181218780107653
0.029471547128378676
0.028904849411688836
0.028502598361435674
0.02860403606759405
0.028824709042289266
0.029217693583619194
0.030243198243154898
0.02934672002225094
0.029884629844749017
0.030243799587326016
0.02971514943250785
0.030329319050691347
0.030657054482460398
0.02990483827848908
0.0306800695716495
0.02994970428295287
0.0308045416651168
0.02989197554805313
0.030446574336057384
0.031278637996185285
0.030476914312165013
0.031403385755725266
0.03004483844099336
0.03113446745738568
0.03128647185399039
0.03064988350115286
0.030796961144800947
0.03053749616350881
0.031576989162001946
0.030335525767468674
0.03086486435435643
0.03049637855941499
0.031193184204104177
0.030710309962103083
0.03147761747227937
0.031732085371919995
0.03186371619503439
0.03155274184338452
0.032653912060325765
0.03272502605013401
0.03258002528824552
0.03263661521565324
0.03218269288895521
0.031681877431245786
0.03191454125065649
0.03162633806312749
0.032461408025511514
0.03326188531535142
0.032248385783589996
0.032103435250199604
0.032634871585390704
0.03363979802952431
0.032285518514305576
0.03222034537804459
0.03345220570685872
0.03363694577276955
0.033119614752841635
0.032625184623000986
0.03285340569455479
0.03354270497789811
0.03405087584405491
0.03337711906414967
0.03329228466076304
0.03431948318219452
0.033857818041777905
0.03468139304672089
0.03443718360562025
0.033439756178346276
0.033660684051661206
0.03347907382697984
0.03365526948402412
0.034390371740717816
0.033549509793276526
0.03482609545886462
0.03493767498724597
0.03544216017232193
0.03506289204263697
0.035449696076705575
0.03423239288954421
0.03483124944489617
0.035632330165554164
0.034361524103502725
0.03516502598646616
0.035952500297713394
0.035337676180602115
0.03572604846117647
0.03532080041258602
0.03584333334449929
0.03568522981407609
0.034902080486059604
0.03540029756885688
0.03519393147631642
0.035078318243095
0.035943415928032886
0.03561810438880497
0.036228215210524974
0.03685619530834413
0.03588322019444861
0.03606617534481119
0.035653132788760075
0.037010413492029874
0.03622040385177702
0.03669244354633189
0.03715007897846953
0.03730929327086368
0.03693332653715883
0.03741396843087588
0.036039428581396714
0.03652410664981215
0.03740774455077005
0.03678676493037891
0.03700656012887871
0.03770846283997008
0.03662546797772907
0.037972425572546285
0.037416201807985015
0.03651522852812153
0.037991587691195226
0.03769272586602228
0.03800591992617919
0.03723336873804243
0.038097975295112274
0.03787249367930164
0.03800720888277152
0.03757842141186604
0.037564801660884065
0.03761823713065336
0.037520541412357604
0.03746040388872128
0.038180158024760526
0.03834822289234429
0.03770036589655371
0.037350229457452255
0.039007317646269295
0.038751476164137606
0.037503844499831
0.03922510789689913
0.03796699457383061
0.038682715634620335
0.038146014761832346
0.03926508305096296
0.03929274162211113
0.03956765148073301
0.03907708568975057
0.03819658699559635
0.03897329478893078
0.03957312002089272
0.03902735738501491
0.03954941566821314
0.03990885073037759
0.03967332422051568
0.03959985519370726
0.039466069237916894
0.03957650185982379
0.04019043679548183
0.03895987458879986
0.038651453671487895
0.04012608136623483
0.03899217952604239
0.03882643719585569
0.04042498908650911
0.03878968292481248
0.04027710882686548
0.03973634450918729
0.04036804057246803
0.040332121778519525
0.04016602529964012
0.03941913141862697
0.040625295198866276
0.039154393528850875
0.040405298091286124
0.03934652734870258
0.03978043803324288
0.04070756852418481
0.04043260871979547
0.04024807277875754
0.03996314722157499
0.03988479542731298
0.03955371476430234
0.04096892541734793
0.04123139476412242
0.04027015377527001
0.04094887521479311
0.040818241427197005
0.04009688734276735
0.04110857027334644
0.041461455015923285
0.04020852177065807
0.040509193057817916
0.040350927720061824
0.04083561746174728
0.04113715508487973
0.04164376497273614
0.04181190907973562
0.040586883823112395
0.04148121636803752
0.04018169846019688
0.040823264263854665
0.04078350755403152
0.04173964417642274
0.04051569809904423
0.04057856513467149
0.04054819982546421
0.041591873960952666
0.04162177357696292
0.041010514440855364
0.041077970459650504
0.04127258700342065
0.04057538055717079
0.04100259550609417
0.04062503245469864
0.042063822257009956
0.04128670489058406
0.04206207446300349
0.0411410658681791
0.042032610969208795
0.042328653472455936
0.04126794143344295
0.04091544392123954
0.04251358944505864
0.041873512270168424
0.04087965185557511
0.04206858483367729
0.04137297137701708
0.04110152214029034
0.04185342611916975
0.04251795719103791
0.04141383405186683
0.042513385095417015
0.04188455498138486
0.0425118054172804
0.04185236303774695
0.042319109314388856
0.04115343535303442
0.041440312352748976
0.04123163337661499
0.042477149215181836
0.04114613728290611
0.04131602930845568
0.04224056690363892
0.04226419270288288
0.0412405552027038
0.04136529117053206
0.04257676594169574
0.042826572614120255
0.04209167209043437
0.04183939126894108
0.042980120762963675
0.042767799845746524
0.042760692309576256
0.04164682827712274
0.04155142260411876
0.042168718314086966
0.04175467475511175
0.041997878542396505
0.04184912785683164
0.042113921398939394
0.042550973727041856
0.04148863991502258
0.041953338979702236
0.04257317863479332
0.04209083223550878
0.04160751273244014
0.04219252173404951
0.0423099542405573
0.04243771231966061
0.04207522200789149
0.041964657978710594
0.04168460516798355
0.04159222727296849
0.04279635722289884
0.04192581138349703
0.041870376513118396
0.04163782677692099
0.042353916378508105
0.04243537967668108
0.04174056468925999
0.04248296283380627
0.04312969870461297
0.04186876861839078
0.042317004654920075
0.04187904200907614
0.04284263044802781
0.04237767683283459
0.04240964574634016
0.04217401858184601
0.04206701451154811
0.04199036919633265
0.0424949269213991
0.042454410765182554
0.04286238363145959
0.042074926237212935
0.04148448977136043
0.042397006662792815
0.04140525105054241
0.04182621044852369
0.041460962208471196
0.04222383920904311
0.04283115265257854
0.04214584409711205
0.04265149996620399
0.04298922184738259
0.042751482305796
0.04223387871192128
0.04137651568082898
0.04148351468820108
0.042304693685834935
0.042821534450168175
0.04180315032293625
0.04268308104137063
0.042386819258065186
0.04149469476681513
0.041567394357679664
0.04131798254309373
0.04203224114463378
0.041991918504517764
0.04185146960457982
0.04132120252288079
0.041372044480448
0.041062988528942745
0.041521613763058726
0.04147865478831925
0.042590079673929894
0.042065060055849895
0.04220876900065075
0.04168550047899478
0.04105317216311164
0.04119611967982799
0.04253101278778985
0.04098026275227374
0.04102066480394886
0.04219508152694966
0.041224078788266214
0.04156059143068068
0.04227967233596919
0.04225117435457547
0.04090533246493031
0.04226764883105873
0.04097639043315637
0.0411654004385658
0.04168398397230738
0.041088499913585395
0.04211829151379509
0.04099590792037381
0.04181377830467982
0.04174733779347584
0.04111749142513212
0.040729818971593446
0.041515666080087305
0.041092490919888286
0.04076322954220532
0.0416660814460508
0.04029529145856899
0.04150719759535223
0.040889576987343246
0.04056379013875359
0.040737090548878044
0.040086604498689817
0.04162332014986987
0.04116248235463216
0.041568868342355236
0.0410536651335205
0.04009175193969441
0.041225483600277495
0.040696626891043475
0.04055563195785255
0.0411776839902695
0.03984024384774447
0.041276431175048235
0.04086299855819686
0.040118100483624394
0.04036751787447708
0.039830471297149485
0.039842653578550866
0.04045516074189378
0.0398889013530743
0.040374895812806184
0.03938809200877094
0.04046523847218953
0.040332279447183934
0.040647612448113137
0.04051139918198616
0.040459016384199055
0.04022653372812881
0.03983013829289078
0.0390955492836567
0.039034483890292
0.038971356043038356
0.039829708489915974
0.040302424634515846
0.038693239586490985
0.039642529385549824
0.03943566996266449
0.03965721822035011
0.039008712052560506
0.04010170447283348
0.03949265875304858
0.03997499051669238
0.039331136408500465
0.03924648032556499
0.03960354547437961
0.039652461905541427
0.03959005388534509
0.03963902140712708
0.038337696073718126
0.03834088397212096
0.0380732536096398
0.03815997971816619
0.03946137572169416
0.038174356387382556
0.03883088703184402
0.03823024596594653
0.03915672994707837
0.0374879391378177
0.03761431674090642
0.03789685486491857
0.038603706915608466
0.03869355011836822
0.03826913063413138
0.03764238360298573
0.037046714860342646
0.0371006158250009
0.03718790833777483
0.03843806056802123
0.037071944192722604
0.037669794842399164
0.03840244188049048
0.03823473493196748
0.03672330284223403
0.03799761567866691
0.037677267271994296
0.036619961610636444
0.037820314301239964
0.0368236381482842
0.0366739242407506
0.03760607317744344
0.03711483596603169
0.037101784176263766
0.03612268040172356
0.03726641596357209
0.037116167122174304
0.03733089793127446
0.03682329781835758
0.03700272514628537
0.0371294910703346
0.03640335892427371
0.037008438567377386
0.03651131231723397
0.0364678886156245
0.035531035429705
0.03643143172352789
0.035459513582939965
0.035297146749248776
0.03547886445926462
0.03625340692315361
0.03527641304483382
0.03508134159615342
0.035196684046016155
0.03585295260877981
0.035202180009463756
0.035259392889343516
0.03602600042014919
0.03578156043740188
0.03465984928454019
0.03455836558459817
0.03495365000826278
0.03519002389174251
0.03524564977123027
0.034300959765610824
0.03485343833313696
0.03498865128260295
0.033919238022086996
0.03482707052032552
0.03523003884453327
0.033608307023839455
0.03462624773630768
0.03392609443613217
0.0350293529018575
0.033570008396888285
0.03428627536032317
0.03330499169065032
0.034627545118611325
0.033533748943300704
0.034070312232174736
0.03382122939773526
0.03439914411483027
0.03280997141520017
0.03354937500170655
0.032702449971009115
0.03408382445849335
0.032775673761190366
0.032811559880673795
0.03300183314465332
0.03389843049659941
0.033539443376038494
0.03250651602713656
0.03337223826699646
0.032805682650533186
0.03310099306860507
0.03298298657448633
0.03311073730650693
0.032483504424674195
0.03191877884187128
0.031559938804201125
0.03168876222076532
0.03183551360064204
0.0319391338243731
0.03275750334363077
0.031718336977025106
0.03151076738206862
0.03216832684503557
0.031514181746320466
0.03191645306171702
0.031168758666239936
0.03162899116306754
0.03141087008980013
0.030755376714541732
0.03177330594544129
0.030546011938736167
0.031712580912265385
0.03182540018154137
0.031824236174991576
0.03102520348167266
0.03164671604047849
0.029868661900278246
0.03151754116578807
0.030551475049980743
0.029856839722512678
0.029590937558160193
0.029491166349916498
0.0294423165105758
0.029635897742064026
0.029545430495625687
0.029204744007039568
0.029774279155688983
0.030171874025934336
0.02918197048176076
0.030137346838430244
0.029241153180241113
0.02882849733469283
0.029195423666029213
0.030239087145237934
0.02916363012521114
0.028594753077954418
0.029467881159487556
0.028840046228978157
0.0295078621613516
0.029261164239360534
0.028357476844844933
0.02939217796484334
0.02885550825990971
0.028726493735841418
0.028946828474732216
0.0280888881364744
0.028161081576374345
0.02756119197690355
0.027949948274237784
0.02875207199974263
0.02739462721832072
0.02867414176267333
0.027833297300674374
0.027499222940625526
0.02831239737997093
0.027886351609951215
0.02825530805663025
0.02830450941967796
0.027216853762343958
0.02706531713253498
0.026946874020737272
0.02655675400751024
0.027444412997098818
0.02640448117992138
0.026297200221100308
0.02741150922911804
0.026083932942845313
0.025892657884534594
0.027258308557876403
0.026449626172179445
0.027251655010767952
0.026767866752663887
0.02590225307697954
0.025584538192991724
0.0253730120643391
0.02606595204428697
0.02534167642732542
0.02599853808643023
0.02645635606161294
0.0257251547204372
0.025261052376277387
0.024905058055786623
0.02553440962091797
0.02556946038646657
0.024570904612651476
0.025341990075212054
0.024266755210032184
0.02505265281611397
0.025341225948173434
0.024594104226464023
0.025446121514640648
0.025205893755466058
0.02538596154824902
0.02510602935368831
0.0242693048630736
0.02394126147036059
0.02425615268887036
0.023865784083224286
0.0238196859479502
0.023664550424280634
0.024554971315852374
0.024241389628067826
0.023864216448544508
0.023936174098230574
0.023641338426015575
0.02314232253496642
0.023869942496173656
0.023707263682733695
0.022633692091303427
0.023989229786090242
0.023492066461968827
0.023827747962525014
0.023384251774286255
0.02377408310729944
0.022159282669453335
0.02217930891925964
0.022785924612858426
0.022128677288593402
0.02305632457330888
0.022871080168784728
0.02175353569378545
0.02227423371161485
0.02253094021277184
0.02266605375111097
0.021370458066353525
0.02197655588838035
0.022047241635585187
0.021332906195315186
0.022495864807001057
0.02192240387066436
0.021064684825702965
0.022379602208514916
0.021081632820457642
0.02061555614805415
0.020956643042069966
0.02068492989562612
0.020684616529676878
0.02181807983384879
0.020908394066484495
0.02140646625476286
0.020564272393468728
0.020863811305129022
0.020306784835400177
0.020578650002634914
0.021142292712433477
0.02038107241397057
0.020444469740235355
0.020606325239615916
0.020604027790688144
0.02051959233835187
0.019364800022597196
0.020627286484067222
0.020060452815869143
0.019069520901854955
0.02027529463416202
0.020512295892417223
0.019948445523768298
0.018914713321203553
0.018689886081850755
0.01945902392146957
0.018599033933739934
0.018652416447127878
0.019704017944360448
0.01856162283399588
0.01924018776348494
0.01832468415991586
0.01810756683625113
0.01954361818243959
0.018736589906026693
0.018508326289504797
0.01886877775237536
0.018642571495226492
0.017798290728112107
0.017891435490830804
0.018053773990695167
0.01812863385003886
0.01885877040227723
0.018518583468006174
0.01832481170719213
0.017696999345877946
0.017373441889956077
0.018173963695595943
0.01715726376270449
0.01729355063221598
0.017639198740628494
0.018081021806835646
0.016591951506248374
0.01714430209366505
0.016559410409849016
0.01670788371323084
0.016962492741840175
0.017259817173396284
0.01651532755341943
0.0173477889603258
0.016831151121340968
0.016709591069439037
0.016277140573099657
0.01610539193994004
0.016850496391943495
0.017006948126437584
0.016173858921526653
0.015923939968885303
0.016863403162397338
0.01640507163655913
0.015458349871393193
0.016607536804779652
0.016813455669392095
0.015704269486031788
0.015302622622092907
0.014887778871002032
0.014843280409759655
0.015668590657642076
0.014844148154037477
0.01566142119403917
0.014720994671284718
0.014486905314831882
0.015485645391161516
0.014805666320705017
0.0153614406135236
0.014471495400402051
0.014548726994792599
0.015594516431627011
0.015191800100593249
0.015622867337984897
0.015212671577354855
0.015351025128283796
0.013751658898695063
0.014620683095570765
0.014824569240540111
0.014430667842572598
0.013798624578916565
0.014752098555698884
0.01424783726867606
0.014566759830867937
0.013769100690372234
0.013337196487188067
0.014566519668267747
0.013292113056899138
0.013324530750243164
0.013924650937131676
0.01303837853323818
0.01297921502846811
0.013716639492700015
0.013697207356019625
0.013500596429499107
0.012792472448377971
0.013747226924333396
0.012467503313615314
0.013620879468305385
0.01236954694028318
0.012807016461880389
0.013185713076602983
0.012334355444943731
0.013521474047996068
0.012185813059181243
0.012370729346996482
0.0121735826383455
0.012669516750030769
0.013092915354843283
0.012272147837343112
0.012095777897706602
0.0118632470540818
0.011805940748181972
0.011627151002621496
0.01303870081658863
0.011358726877631387
0.011413440499799197
0.012243846927054929
0.01135446278778083
0.012378730871667168
0.012451714175035976
0.012343138009316681
0.01175450244612351
0.011108573887699284
0.011714968451602926
0.011555869499376939
0.011822330715602333
0.011390686337416306
0.011997168993054079
0.010968907380686321
0.010768136000510891
0.011562109693180445
0.011320112132082942
0.011896782852205452
0.011349629889480529
0.0104494700672184
0.011260165810832843
0.010216089120245046
0.011238226191933053
0.010407258002469113
0.011089037760522202
0.010505932595366132
0.010515457192086908
0.009834031707271287
0.009718263835304948
0.010921659251244645
0.010123658428052152
0.00951380498108741
0.011127637570212342
0.009885328660450735
0.010924351682271148
0.010579581682597284
0.009792717386274487
0.01008743084310345
0.009766642831068123
0.009866268949050598
0.010590732351818604
0.010036637155088336
0.010657233099399163
0.0090000957653175
0.010024740351572706
0.009164861476574462
0.009647258509325208
0.010248264903463226
0.01016415207040718
0.009138632039424995
0.008837368763085834
0.010017505527319505
0.009541193913494261
0.009527471989661607
0.008638797336076543
0.008397560560275151
0.009029133415180553
0.009134670596223256
0.009835839569509041
0.00983557795465484
0.008204025205412538
0.00965515821549032
0.008526877573155081
0.008417473343756218
0.008356079741122546
0.007984504967892537
0.008638436232254536
0.009386594467623086
0.008905776381867694
0.007850455798445871
0.009110176103408337
0.008555272744398297
0.0092225130596233
0.0078115185820645215
0.0075539036877221
0.008890656710989717
0.007900311332083566
0.008613878812644409
0.008175567646480858
0.007760241839210836
0.007160434822750544
0.008228677106081782
0.007853556323910067
0.008370067769561503
0.00804847976827053
0.0074008826434636835
0.008187016061571873
0.008355720445145886
0.007387141740996972
0.007761876360911675
0.007205149216434001
0.008208669361154662
0.006646253875447274
0.007649725561637713
0.007085081673936963
0.006658410716098507
0.006806768184029345
0.007979674570923094
0.006706210811450045
0.007143614303489192
0.007602385842287831
0.006957487828404901
0.006378187478996656
0.00632794145596728
0.007868372983622845
0.006912130450728934
0.007528975066643624
0.006344138632240957
0.006310101015721682
0.006471777631708
0.006933535259694279
0.007436341573881518
0.005884054854237763
0.006520432275857517
0.007353768987976248
0.006089063425927674
0.00613279791196516
0.0061630197205904775
0.006090617810522774
0.006339749065958275
0.007041791659164267
0.006312186563063392
0.005635736495566394
0.007202474261599109
0.005489742215086754
0.005755271015088866
0.006832895090774297
0.0056859991608241576
0.006059819964715992
0.006346412167608692
0.005565062519357297
0.005820522933816905
0.005316540861531608
0.00686300516874422
0.005648206720318881
0.005043576445335803
0.006498328272576323
0.006484494406206308
0.0061640074698409795
0.006300849233656297
0.005712374583677249
0.005061178946963662
0.005693559275524072
0.005421338870915963
0.00576319887465132
0.005961807885473933
0.00612510285408129
0.00553839909751068
0.005664132387782591
0.006206777020818151
0.005865478163443195
0.005718274851708304
0.004827498848934757
0.0048712693394061795
0.005752291779333048
0.005634870553844821
0.005819250426657366
0.005749824657108028
0.005443091409711794
0.005192689040600877
0.005487904133607195
0.004915852885114377
0.004282458003881577
0.005035246506992392
0.0051273037936061345
0.005364532011632681
0.004418671011754226
0.004751514247492207
0.0052530640554390926
0.004941781422685238
0.005549369397621324
0.004590177800674001
0.004715572260695898
0.005583472309353879
0.005396676730757291
0.004404005574688838
0.0051712730770030945
0.004548975471607936
0.004432906687189435
0.003730477811032022
0.004790604626060929
0.005291836661905642
0.003826701148748548
0.004813214621652922
0.0040312621106322905
0.004227001074685199
0.004377576559911383
0.005269038288834161
0.005024812164311437
0.0048577361501211
0.0036713084564247082
0.004804838064541332
0.004855929671736036
0.003546703841542394
0.0043358794100883695
0.0036774596514107215
0.004337317735637114
0.004069060599427408
0.00488346576030026
0.004379284279051581
0.004880430506430336
0.003261555340079302
0.004787843552238052
0.004544413362397267
0.003418553422010918
0.004354060355459521
0.003625093378787561
0.003449915884737114
0.004270822369386209
0.00325125954908199
0.004673065966189556
0.004358634038657244
0.004244004096408909
0.0037169649534018532
0.0032408790026295996
0.0032633751616584768
0.004490571544746273
0.004013815232803588
0.002924383610822449
0.0029959939384024263
0.004172357008949419
0.0028537434873030874
0.0036114172894660445
0.0037594698460693423
0.0037958167792956667
0.0031436789301093823
0.0038904829754283616
0.002636074168604532
0.0030929875413648715
0.004203097974615462
0.0033447508952554363
0.0038790956927145922
0.0033182828384326264
0.0027954457991735183
0.00406746836966566
0.0025967629500913106
0.00386010790017169
0.003599932412149724
0.003661860213347854
0.0031050753921642335
0.004064820760948376
0.003765691145443332
0.0032098914690175903
0.0027020861345418857
0.003233452003482744
0.003213268318542421
0.0026125696181566785
0.003548997299117436
0.003706301445228913
0.0039708329991544585
0.00280128996245698
0.002417996569052059
0.00317466807057376
0.0037883401527520565
0.0033577398932419754
0.0035506151391184095
0.003762344042282176
0.0035711275701710075
0.0027770486745035987
0.0025494733131255875
0.002078426600688893
0.0020842862536469523
0.0030991575034027704
0.0031213842496112796
0.0035511864686729277
0.003422695239687733
0.0030343817491837854
0.0035237367811587184
0.002827093499732168
0.0032046058649053116
0.002172406591507149
0.002271904270643768
0.0035291027925887413
0.0019252935457510806
0.003357908528503544
0.0029819027643998657
0.002684199747398295
0.0019856737235633285
0.0022312500253483664
0.0029642619076061605
0.0019421192781168574
0.003078706732805951
0.003445792577908127
0.0034049295808146465
0.00191538209186188
0.0021367082038960083
0.0029502476430513657
0.0020190115786906685
0.002280506757340498
0.0021515875562490815
0.003262832558688196
0.0029861253859660183
0.001739608327448076
0.0016406578678687118
0.0027711436297597073
0.0026506176488581626
0.0021509373024406224
0.001513162854125714
0.0026137592462822825
0.0023676895305862465
0.002943417301246391
0.0016180445234419206
0.0014672806498867994
0.0021453713271586718
0.002562154394774225
0.0018904204427422158
0.0021145179047824267
0.0017019360119273315
0.0025917461834573064
0.0028654271825449816
0.0014582909240513995
0.0017439406474623303
0.0028519470714070756
0.0021363526027240332
0.001464280385793506
0.0013770772120778856
0.0024762035718858652
0.002715441677641999
0.002591575160025745
0.0019339516600098286
0.0018156434240563762
0.0014104416385349395
0.0016174262240492936
0.001526594721144869
0.0016405459404355755
0.0014123400939061869
0.002662996927836975
0.002404550946938926
0.0012408980842293703
0.0022978172140246224
0.0016539125194376819
0.002324158443529
0.0020396546790967716
0.0019725750722489298
0.001946072847634991
0.001418988189326727
0.001771350148687027
0.0010768842528849107
0.0018326150041334435
0.002335598978856122
0.0013188160501133666
0.0013699428526267223
0.0012118909028026213
0.0019808223310784547
0.001818423217761607
0.0014261122353352975
0.0022600484098480446
0.002149409065060287
0.0017323387271448243
0.0015990155537415948
0.0018323371365220288
0.00121862722721136
0.0023131320060214428
0.0019221274943994281
0.0017326054140452522
0.0023717212127420772
0.002054120668091975
0.001642140743074315
0.002383488926645912
0.0019986212805653434
0.00226455583649953
0.0015185110565761853
0.0016165966977115525
0.002593881203314547
0.0013120145387865649
0.002004763644683884
0.001135674155010556
0.0015208015811730062
0.0016677149549466366
0.0025266300069068503
0.0021664273742244577
0.0008335727332327244
0.00244035585188437
0.000957725400961127
0.0023054101703786824
0.001340600265420499
0.001994632075560442
0.001554995236334842
0.0017168391832401016
0.0011233387955726284
0.0010989908432617235
0.0017634527979697398
0.0017412509767887312
0.0008940605579808993
0.0014956608426275702
0.0012742833759936119
0.0013181546395822613
0.0009539268757604503
0.0017739772476470573
0.0019486071898417137
0.001868595171519106
0.0013158510820645126
0.0021471859835727946
0.0009542413339044483
0.0007964995445364156
0.0023594688355187358
0.0009468614460992907
0.0021824925115130674
0.002267896899970247
0.002010752521946242
0.002038381337431716
0.0014213005411812588
0.0007988144013792142
0.00218138072215783
0.00158727414234529
0.0019097289652104969
0.001029814294764452
0.0006982437605001509
0.0014282126359998224
0.0011036643246587002
0.0014853872822413318
0.0009474829171909648
