0.002113637538244647
0.0008128550545941501
0.0006490449192913613
0.001401616301271153
0.0006724151634338515
0.0013956962306724773
0.0005859967904890483
0.0008985256116095293
0.0014109067176881639
0.0006242117259283448
0.0020296272814439233
0.0009146500605591725
0.0013587547200022549
0.0013552777517660602
0.0016414269607298
0.0021061785979442083
0.0012564941536781931
0.0015090131939007223
0.0007059315935136578
0.0010792760736854908
0.0012852701238429752
0.0012630457913155437
0.0015617993465400215
0.0006917399009969546
0.002081306769527645
0.0020142392512005284
0.0008874917686196401
0.0019018696314726242
0.0007293243797195382
0.0007562562544121813
0.0014933036144339205
0.001683569293770803
0.0013820357080702626
0.0013564351438552372
0.0007605043212029465
0.0016653563424543832
0.0021113818110643765
0.0018212938479302424
0.0016715148501052568
0.00198361989862712
0.0013105697214087653
0.0014376089778433488
0.0008177156273219675
0.0018097828744738488
0.0023451959838161683
0.0019302680051532129
0.00245010701528908
0.0019747860897654248
0.0024263295965384576
0.0017316967550827182
0.00253572154952849
0.002472713764941522
0.0014892014131146047
0.0019154406850382562
0.001891477482564098
0.001539288264891133
0.0011950742911843557
0.0009275850963697505
0.0011016450998016089
0.0017100706822733961
0.001057532476236885
0.002327131015575406
0.002646509184095215
0.0014388321816934013
0.002304080451909402
0.0016392667879597635
0.0012047318271418109
0.00222392156104116
0.0012933408568289522
0.0017093521378138737
0.002363051912523724
0.0018931650393970176
0.0013583476227894788
0.0021234043049392056
0.0014816230720808283
0.0018060530057062397
0.0017911892654246784
0.0014815814588093905
0.002063215343637024
0.0018173975915118084
0.002171441795593002
0.002715669593543303
0.0021191769798591183
0.0016548152991548235
0.002194884774463564
0.001589903882743455
0.002434522582597884
0.0025893205097561947
0.0018264937006489117
0.0012957907604403708
0.0027612550066383637
0.0029672360408893143
0.0028043967782942288
0.001777856987822798
0.0025512010319384817
0.0018339362763954187
0.0018618405948894775
0.001496300304583599
0.0021315410207973246
0.0018352812391481486
0.0015750329967613057
0.002910456159099163
0.0021936384231704257
0.0027357143176178285
0.0016541846200810084
0.002140703810711316
0.0024823246790188856
0.0029468582788075024
0.0029768544630079034
0.0027620885162756535
0.00210996500866784
0.0022090456856726838
0.0026922921606516224
0.0019010448535467291
0.0019406624379442441
0.0019281946044868855
0.0029645748564847254
0.0031809207328326677
0.00317831334445546
0.0024306414037218727
0.003080744353417566
0.0025695952459490333
0.0028690972015635585
0.00204231257921538
0.00240230968945433
0.0032418436071444457
0.0021158545968985674
0.001990039531742809
0.0018124673806789134
0.0017270117730624852
0.00197670183597455
0.0025180834459338133
0.0026817751119306487
0.0023970932066287743
0.0033588270375902187
0.0024348775596096384
0.0030822236647033863
0.0032587796723699703
0.0021326515084930074
0.002427209175358261
0.0027077382385673116
0.003302736962236497
0.003345908298874391
0.0026221695458075954
0.003160097597681723
0.0031633775960469863
0.002777881554186895
0.0023949204124509055
0.003594151273918062
0.0028936479872950713
0.002940846860512845
0.002458683831409926
0.0027650121912294406
0.0033247634071432194
0.0036126061415939193
0.0024720231652397965
0.002732216241538388
0.002836473208556176
0.0027860433920130533
0.003641178134481211
0.002702545029471188
0.0027518837728439743
0.0030767017062522657
0.003959899973265092
0.0037898049152777285
0.0033838687923668878
0.0037170805475151354
0.002388030028044799
0.0038498126494144434
0.0023888686426851943
0.003264229743423537
0.0029091661790506588
0.0031249074473216204
0.0028700183411754197
0.0031742932946851915
0.003679320001812597
0.004005883932281112
0.0031562338701210642
0.0031347595467432817
0.003529157766342658
0.0027592284981921562
0.0037862364482491445
0.0035159319331004753
0.0030119298710628534
0.0036452677020894523
0.00287260287327303
0.004234375084458887
0.003025050036960752
0.004237098589991096
0.0038661613243803974
0.0036418048788037925
0.0036151445874282894
0.0043812890837817515
0.0033932327311442805
0.004576582894094239
0.0030235538974074327
0.004180497419833669
0.003952618443062957
0.004660058087401962
0.003114930807828857
0.004306581188873028
0.004725203339786966
0.0030318178129502197
0.00388972799639905
0.0034656106532540572
0.003880600708083089
0.0033045914364284016
0.0048185080527309
0.004157232362736958
0.0038686530529696964
0.004233054040148104
0.004076567885192175
0.004677978444323978
0.0037010799630670613
0.004732631845331979
0.003487813440757909
0.003975551869342605
0.004729017950222487
0.0035852897937247085
0.003410285217001358
0.004894200004659661
0.0038220418334956696
0.00393683182431815
0.004246199087161044
0.004588044789014181
0.0036099617650935715
0.0037904895992304593
0.004826750777460793
0.005352888814139824
0.004675477518492106
0.0037000093809813144
0.005148427821536971
0.005407114020403811
0.0041542465892175
0.0052928285453488315
0.005282962518557035
0.004443737949556571
0.005387474762719928
0.005587440170610202
0.005053576311869782
0.00448150488810794
0.004636920384488524
0.0044091886387919695
0.0049539946540147805
0.004739150251622379
0.005317095415809167
0.004306734913984481
0.004312282304002074
0.0047127376947629675
0.004726114967549189
0.005305060374713004
0.005394131701577384
0.005691842490264738
0.005866015656783075
0.005618993260788292
0.005212132637509095
0.005590654228875099
0.005114451538583593
0.006210687978473897
0.006086854156881982
0.005525655966815135
0.00467488485193413
0.005463702343510018
0.00489160115318015
0.005669700373409678
0.005300878390730145
0.0047342689648244025
0.005266888574235233
0.006279544205402762
0.004923243610314397
0.006450839683894135
0.0054754075600839894
0.006368326364221148
0.0054205861597219655
0.006278079180841904
0.0055267319496853165
0.006417397357695454
0.006270813143996797
0.0067150753066233925
0.005412401831388894
0.0064216242788869855
0.005728431204432608
0.006511458421846927
0.006166722488867064
0.006455464118301194
0.0056792451575556745
0.00626703813665226
0.006631447393057271
0.006147691378445625
0.006406676700235387
0.005739490319630256
0.006496861503522197
0.005700765904117088
0.00627879345488006
0.006286721631319571
0.006992945103718944
0.006323462693745475
0.006039281915041582
0.006346852584615367
0.0075465593898089425
0.006403982934047659
0.007634482310483806
0.00759040868011432
0.007009109994604511
0.006059231079877152
0.006393194912554323
0.00786934600288537
0.007823459856896954
0.0068572903564948304
0.006578740940502928
0.007407431831020284
0.007079351599819741
0.00790537866217807
0.007007216155721993
0.008162552362548646
0.007853087420310836
0.0070571808036516736
0.006818015568466807
0.0068114931108754885
0.006934157124103901
0.006872194599544829
0.007966384637955216
0.00716856301017122
0.008467656295330316
0.007198922665415914
0.007806467496136456
0.007219002396581812
0.007614826713774003
0.008475470980363102
0.0080825995385178
0.008740279640761937
0.007907709444710203
0.008485827451925273
0.00819514994044295
0.008468326946909927
0.008951752603558873
0.008830606853935984
0.00811601376345859
0.007987897091038134
0.008801377899337725
0.00782540770257036
0.007756966859733588
0.008323737950761967
0.008877541039718925
0.008911684359779572
0.007938933146761236
0.00938188156657744
0.009146443608359324
0.0090860171905363
0.008983340965427791
0.009420113934149646
0.009091486032500382
0.008760229149022096
0.009638084188817923
0.009868829751045556
0.009361869275626801
0.00868268054193173
0.008724676802900656
0.009764440268066103
0.010089817110928252
0.00998564900408637
0.009533906775143373
0.009459830120503046
0.009878381372064555
0.009410452108343835
0.010104249429270462
0.01008825243422455
0.010204254282242347
0.009218166232755632
0.009207908053375777
0.010645059669550616
0.010045037729663302
0.010068355596132082
0.010048149954385962
0.010274668361234841
0.009489080051684648
0.010179028412165546
0.010579354640340453
0.010475731148666552
0.009713996280807333
0.011120308319896476
0.009585062575595306
0.009862902700607237
0.00988672058352478
0.010042134983824235
0.011333451521387752
0.011326520467078605
0.010526368824154569
0.010652953022033779
0.010660242969117578
0.011333816740314842
0.011040597664036967
0.01086787515266684
0.011653401439908636
0.010572544685049434
0.011394108298379451
0.011714476560362523
0.010500795839314623
0.011444476015349488
0.010870865426941488
0.011463166330981303
0.01206959857040381
0.010858456956709518
0.011134950861393014
0.011369831184269149
0.01223930271578961
0.012306575529843338
0.01167087448247603
0.01177774519631077
0.012312469428210654
0.012438428289755384
0.011263595414000049
0.011873350559458158
0.012841724888258957
0.011638997158600834
0.012878840353691096
0.012626163150405269
0.011835449713530816
0.012844829698428425
0.013166911289011225
0.012741578232228658
0.013467407423818748
0.01325338717424279
0.012929319935216144
0.013052924955060895
0.013010034069960917
0.012724113891211409
0.013688906452961822
0.013996524801268166
0.012909346369510452
0.013809774370517358
0.01257833241678699
0.013604978403934629
0.013088116382797296
0.012863099673742398
0.013682345922311023
0.013617617679296867
0.014260727932207486
0.013713816091543526
0.013381831735333473
0.014017749214721896
0.0143086160312628
0.013532342131216886
0.013854896380729018
0.013866950662837359
0.014612842780752646
0.014980959602449072
0.01403924121150038
0.014596106780916482
0.014961901342165932
0.014265890545388023
0.015018493383385364
0.013816670876415681
0.014657484721327342
0.015105753608731063
0.014790060203489526
0.015010822450261132
0.014718292515527313
0.014669363834961903
0.014533065072412317
0.01571809012271012
0.015440856247780447
0.015157770303517098
0.015277253302289915
0.014805706122726622
0.016177489190143342
0.01585105447744457
0.015401268702451239
0.015488545749386592
0.015713583709494067
0.015003989565589335
0.01644655223055597
0.015199079660671409
0.015840691057252016
0.015428763979891999
0.016990628509719056
0.015636672522853286
0.015659619669656667
0.016201452547999127
0.017120524591033078
0.016220799634984757
0.01720634222536419
0.017067475793678507
0.01616368338543149
0.01759399469225578
0.016448804233013446
0.017740198453860188
0.016341339084772796
0.016924234483151918
0.016421906606387163
0.017357147462599296
0.018053227518180417
0.017132391764365866
0.017496675950520114
0.017834147939024964
0.01702626413981171
0.018231110287584267
0.017462034235239683
0.017929966476799657
0.017169436445527347
0.01719576458853288
0.018503456411239565
0.01777270357152039
0.01776087784753713
0.017882792654961645
0.018234513559799548
0.017591216474614826
0.01862857826897354
0.01870387813081973
0.019403461612274003
0.018625063652505595
0.018337115350843113
0.01969002895455788
0.018602276206870074
0.01853234644787904
0.01967791548818604
0.01949958679098852
0.01856201687040762
0.019629177665705114
0.019194485525985735
0.020251350291284297
0.019959742123455956
0.020108221950895174
0.019822592600503574
0.019701765494044576
0.0202049547393053
0.019576828371208208
0.019354377960046402
0.019973472124496742
0.020900800907694306
0.02079585786805328
0.019759914451586633
0.02080247960589029
0.020202612343037503
0.021000115442425398
0.021387778199165517
0.02085042181040536
0.020261994971504882
0.020211893225141143
0.02070035972346754
0.020383604474956234
0.02097924309728271
0.021708944357758275
0.021992014537975012
0.021601113622151013
0.021708756318893165
0.02235883174624967
0.02108037666890163
0.022161081545297237
0.021606666001968432
0.02260551886135084
0.02174819886482763
0.022809672304978906
0.02200480277802417
0.022941011171558622
0.022151008486438743
0.023006313057044068
0.021752800991266332
0.022490546515475288
0.02290302184977932
0.02348164930549646
0.02350127360567841
0.02221518206257291
0.0222336742324808
0.023180773847028612
0.023236761018885655
0.022956593790362818
0.02278128724855558
0.022692943226551826
0.02270299990412261
0.023681071603772072
0.02349581860791032
0.023495382612979947
0.023375284040297647
0.02405063651468486
0.023405443353520346
0.023827503863107342
0.024671394222407286
0.023201360677051235
0.023433684519614317
0.024488351351324298
0.023671665776053293
0.02372463444174608
0.02499031244530849
0.024813480383444202
0.02470138064808226
0.024921807136383586
0.02472606793927843
0.024636523076731986
0.024294281637999703
0.02501196574759743
0.02494821916250756
0.024878080661176322
0.02562178335223862
0.025214347751888754
0.024655652758877662
0.024839371031452645
0.025694774234266794
0.024894592134714438
0.025018675704271652
0.026701889064480733
0.0252861655214536
0.025549109941499833
0.025289647154879084
0.025909346819031138
0.02652725875848291
0.025475003295721332
0.026326251114804723
0.026300058758051057
0.027453987243431136
0.02737292950533682
0.02674355210462422
0.027384872552020965
0.02642233962317709
0.02628701746014321
0.02706543089116435
0.027804592839699414
0.02660600411189367
0.027747793588559087
0.026821168202169655
0.02794313820114239
0.02821327938727046
0.027066517710657025
0.027411635139785815
0.027997595918189597
0.028209394444093386
0.027406048887602143
0.027283376078461256
0.028389542673873048
0.02761013564714475
0.02907954494073218
0.02804249381876247
0.028721149675122706
0.028662598142577857
0.02832800249290332
0.029180946583156515
0.028475859152807745
0.029070520505126173
0.029208585139374587
0.02923551953424632
0.029348039353992404
0.02867467739236247
0.028677848619328074
0.029389332838868902
0.028845671623101563
0.030126711454259665
0.03004837262968358
0.0296669606835135
0.030055666876415362
0.02942028922570348
0.030536941490467404
0.0301235434211446
0.03032798074744687
0.030122584020821314
0.0298312829409007
0.030783104493591687
0.030632271391140952
0.030081178050617392
0.03020210924296074
0.030614230346998433
0.030674159472621892
0.030240659181890395
0.031081902329960814
0.030532534366187275
0.03020319574785033
0.0310798357687036
0.030976359222831772
0.030683951873012996
0.03186371690550192
0.03169376002052226
0.03210467728747596
0.03227479660172187
0.03148734228156339
0.03141795131551382
0.03257664373422807
0.03194020316958711
0.03245682406777512
0.03238277956764878
0.03235625130097338
0.032271357179241414
0.031349769917036405
0.032602890584719546
0.03189180112777341
0.03251486164411408
0.03181191133440615
0.032857890319161996
0.03258486615367128
0.03329097791734386
0.03236698213585865
0.03372649159628592
0.03229615593554406
0.03383476905659283
0.03387439337339787
0.03275190791739672
0.03297644065411891
0.03287546300922035
0.033122090799376745
0.03283353728824412
0.03273432004627498
0.033120337721452925
0.03364844513068895
0.03446471312738045
0.03387614805937991
0.033666144288360324
0.03356995697750219
0.03398840876407283
0.03453688962477441
0.03415700051990885
0.03412160690673494
0.034998207746082144
0.03481410486702353
0.03360757531638688
0.03528170968261573
0.03425151634699138
0.03552559543025089
0.03508618324831144
0.0354241107320357
0.03446368663899741
0.03510322919883507
0.03502585028829949
0.034285661309089305
0.035140776377783824
0.03541761742174042
0.0352976740702028
0.03553611543038656
0.0360119405478264
0.03555054996118666
0.03503675646461677
0.03650884410290018
0.0360707260326389
0.035374563685366935
0.036072162558617824
0.03538849111579814
0.035923489758304186
0.03576678163618224
0.036648567779084554
0.036227656357029896
0.03549134958454952
0.03565408957392629
0.03594704278248666
0.03575336815628121
0.03582828745312786
0.03616988475147551
0.03681574740454381
0.037228055888471626
0.03610557066552996
0.03708133643613455
0.03657513205018734
0.03667122568172377
0.037541148799430935
0.03717721696829295
0.03724393818686654
0.037505795031141265
0.037352914484144
0.037789876329748055
0.038217095734210046
0.03812414444723479
0.038032253231753035
0.036854439619367005
0.03771320892054001
0.03766610065462521
0.03722238915363927
0.038228205942815056
0.038419560995033755
0.037975987057190755
0.038628240737206755
0.038424446387751464
0.03839671192289382
0.03740238469206405
0.03858946850007039
0.03840762073669039
0.03741987298571351
0.038291890677668354
0.03912863356174881
0.03918727401430104
0.03781965366094375
0.03802796373339371
0.03885313918903318
0.03859015479869382
0.03856845075361279
0.03825739343796543
0.03791648614222853
0.03930219476636523
0.03857987114035509
0.03956456402792486
0.03939898469325071
0.03849738129828641
0.03935353992714413
0.03858026288227667
0.03908283889867678
0.03913870368795569
0.03858906781661317
0.040065349457609985
0.03869710145861393
0.040179316931368426
0.039726243291123293
0.04023625391932784
0.038978434804684055
0.038996404404895525
0.039149086961643965
0.03968714504186807
0.03970425670438922
0.04061599058639752
0.03993703904656306
0.040129784425947945
0.040071123649453685
0.03951517630565356
0.03937056106645546
0.03982325259841131
0.040005074564128565
0.039418711184661406
0.039316680787990554
0.04029526634621646
0.03957582975621989
0.04071525392209803
0.039508353615090974
0.040319682047376786
0.04047804980357782
0.04096872350299316
0.040457855911806784
0.04114850740375755
0.03999413680841711
0.039808830736466475
0.04138958444953362
0.040576520870639766
0.040635930876701795
0.040368139507879736
0.039941328451676195
0.04004425866109519
0.04168331112895498
0.040452742981002425
0.04010185712823095
0.04156706784279915
0.040983557726505825
0.04035915393345173
0.04109422259710195
0.0410652675831027
0.04070110702037906
0.04087626317138495
0.040717012396542136
0.04191150720742113
0.040573650734858656
0.04130261560542001
0.04086420166055165
0.04053387053233486
0.042098094995924824
0.04119235624907941
0.0412832984132741
0.04078495804575116
0.040743790659321544
0.041101472087468956
0.041578333712772586
0.0415400125657097
0.041422484256548216
0.04144761020835971
0.042048204603241275
0.040822932506584725
0.041923900762838064
0.04149882983357733
0.04104421596142009
0.040905902614650616
0.04113627205929525
0.04197736155697369
0.04107280318370271
0.041500360002469226
0.042489862138756475
0.042157953507019424
0.0410386815532996
0.041454669441900543
0.04162205246014577
0.04110898253201689
0.04278345002619369
0.04217807431094623
0.04273417111075254
0.042072997357566005
0.04224935755296736
0.042412136009482036
0.04168967180022595
0.04225106815440626
0.04254902682117665
0.042071722585318334
0.0423061004571131
0.042767561660549056
0.0427421630472115
0.04203126830967119
0.04148774379147286
0.041714386984616186
0.042436655683794004
0.04302060336533339
0.04260338932202357
0.04260032559962209
0.041644442841117506
0.04231461375035106
0.04279985740846152
0.04290136521806212
0.0426133268603296
0.042252115530527025
0.04158670876145368
0.041448022278382166
0.04202897438731286
0.04312282043626326
0.04260103936383824
0.04143635724914472
0.04169762918860875
0.041693307261119826
0.04148360495330352
0.043161224692984126
0.04228906771884819
0.0428543635336508
0.04193649741340781
0.04226052292727499
0.04303055026352199
0.042960157933555336
0.0415630211476405
0.04185050963335235
0.04286527622078221
0.042419764166630985
0.04310802761313903
0.04232833446450179
0.0427588685175974
0.041446148984773716
0.042782652904485914
0.041713266303267174
0.042491180719347696
0.04273194625490896
0.04205762542504277
0.04281671707115972
0.04300400114361764
0.04285833854430769
0.04255779220448537
0.042301323915424044
0.041636341005699885
0.04248810137942589
0.042882282308679895
0.041698098148695274
0.04212932061737838
0.042509823109176115
0.04153720667138992
0.041650543364667635
0.042618721885714535
0.04240238993749849
0.04189018544994572
0.04289292979620099
0.04259916499693054
0.04192552235303746
0.04225108470858403
0.04157454827961442
0.04216761075520257
0.041506183281318304
0.04119168430279503
0.04282260794012396
0.042230733580491626
0.04211544594776314
0.042031880437382874
0.0414982698086777
0.04151735255546384
0.04194795416107506
0.04157089107556691
0.041958179317917
0.041620012396505174
0.041866804065337083
0.04249040214808513
0.04201925249110461
0.04214878422256714
0.042147943508632484
0.041697572122939536
0.04232676008326168
0.04113316205145064
0.04108799250767265
0.042288974447179606
0.04182147539485027
0.04087100146142445
0.041014097977536024
0.04172258833990715
0.041316775108468005
0.0421207470104844
0.04103923932154635
0.04083992787299647
0.04051850697813321
0.04075434624948679
0.04124874106249787
0.041045933593191766
0.04082189532246857
0.04060960496803608
0.04127807243871965
0.04071815255366656
0.04037682384788934
0.041561086026964775
0.04123150546000123
0.04081793668297554
0.04185901929455028
0.04183528850292651
0.04011782371711457
0.040549122477998356
0.04138612647658701
0.04107136817078594
0.04100388264404157
0.040459372597786036
0.03991537537531643
0.04138637598587103
0.04036764806978924
0.04017303655087452
0.04115260450111866
0.04054990703742397
0.041173040480769196
0.04009897088967368
0.039628398644010264
0.03965140560510207
0.04095868637986209
0.03985017545569444
0.04104304466735972
0.03941048652789914
0.04028844740053316
0.04078960281723558
0.04082740846390994
0.03972577264601666
0.03980519962711374
0.040248388357749326
0.039868305075523705
0.04028030805737758
0.039633368115599296
0.04021630235016182
0.04057858256270476
0.039781240502079755
0.039851990316325574
0.039879662973844585
0.03881675524464572
0.03902002624244908
0.040039531828298155
0.03989039799294895
0.039904667752240504
0.03856476458970348
0.04003211424304511
0.03981864807126209
0.039866578947122894
0.039154317043482954
0.03821829724687188
0.03852812286578874
0.038923904013661796
0.039182164182467345
0.038842025578393995
0.03840115830077173
0.038718963792954496
0.038020160678288166
0.03849348361219471
0.037989167522168174
0.03779675128803306
0.03895535235446156
0.038567998976488715
0.03756117053967218
0.03900068422306951
0.037750880121285135
0.038843449948176054
0.03905675821759855
0.038510992835886014
0.03766950162361238
0.03837310722762412
0.037091842145045746
0.03790599951921156
0.03831963813397934
0.03719049802507726
0.0372869625817776
0.03684362086745244
0.038225071480363706
0.03822209246902954
0.03742813266295408
0.0373060461225517
0.037586174130546254
0.037454612318533136
0.037969919189514395
0.037979791058287325
0.03634613477453512
0.0362688212359165
0.03705611262498356
0.03651771821004577
0.036720919852095066
0.036726083190483004
0.03758839826576578
0.03622450121727371
0.03653663598205724
0.03601367489588416
0.036778382898550344
0.036697040156156845
0.03662866618853966
0.03689514271898631
0.03597904628824246
0.03585185151797489
0.036807898262231006
0.03652907198069281
0.03645383200049088
0.03662384497773412
0.03536254399969034
0.035419167729534205
0.034883427705313
0.03514082964992722
0.036156676601718424
0.03599937446154128
0.0354332702471715
0.03503892501392681
0.03515937618338633
0.03449806148581189
0.03587088582441185
0.03464393780901635
0.03464972248011526
0.03530013200792681
0.03565512185296628
0.034006122933056715
0.0348373057567785
0.03485497153714552
0.035338391648472474
0.03489283704754752
0.03417720690857659
0.03508559359368325
0.03417174492281121
0.0346714764969307
0.03497465829771088
0.03506343699889008
0.033416183432825236
0.03478701873238106
0.03370354449470302
0.03400608608111375
0.034074275914315826
0.034613045586055366
0.0329486208484318
0.0328141603992858
0.033011208477238985
0.03305142775578662
0.03365260540105986
0.033235094268239826
0.032817636176634246
0.03351749515735676
0.03242147005655996
0.03297123470540762
0.0320868519712855
0.033483268740115306
0.032187029961320474
0.033412349235728805
0.03268820949192867
0.03266398627290524
0.03326738617088096
0.03270820916282769
0.03281666010744754
0.032743655725806425
0.033003719066062996
0.032032939203664276
0.03154172294301958
0.03149096634750756
0.03226075019286415
0.03172003048029943
0.03106220720787051
0.031038006175559095
0.031248883168670583
0.03154740665661524
0.032069406941878736
0.031853294915404805
0.03138226792006965
0.03108695140581618
0.030736125251636492
0.03024212386526079
0.031497320470830314
0.030756554317762457
0.030002626506401286
0.030155368108780622
0.030850472338434708
0.03011486620263281
0.03045709172711179
0.030718212470965886
0.029612540290082156
0.03050975263251108
0.029551184816277356
0.030159408197390096
0.030305248956808552
0.030642954638233764
0.03022685061391105
0.030629973212950575
0.030400524678609847
0.029753499996166128
0.02960258413025449
0.02985676010504054
0.02876700880085227
0.02999391794406573
0.02936640835414332
0.02932502915977784
0.02900214067461002
0.02876183943708239
0.028916670422797996
0.028377059504882497
0.02898556832329472
0.028827561790509548
0.028234306071259423
0.02932055764404317
0.027758472435668716
0.028527469652351936
0.027412710100582476
0.028992666637432052
0.028092447025351172
0.027724982676965413
0.02760210696469111
0.02837434686569415
0.028283484082820647
0.027702109453876834
0.02770610239187929
0.02793421874975677
0.027559778775061855
0.02786953662129917
0.026578883057548925
0.026469755557503787
0.026818944643377633
0.026652158453680366
0.026562949131744024
0.02765336447660941
0.02728110904288872
0.027357213154319
0.02729822322896135
0.02728233103337165
0.026903589696820378
0.026185090558648563
0.025730313493317843
0.026211068169526477
0.0261240775916273
0.02685260052229858
0.02586011575705594
0.02562973008939042
0.026497316892941578
0.02599563704296796
0.02547274499423939
0.025689664590893082
0.02584152512152222
0.024661682088699483
0.024506364436838936
0.025834398253278296
0.025442204834125917
0.024281202946044033
0.025464578351142846
0.024408297758553008
0.024157037906939145
0.02527269089183678
0.024235776408205047
0.023839844906154265
0.025145383360720697
0.02504561133699102
0.023654097012394203
0.024274100841542023
0.024324226988207624
0.024466286247346758
0.02410626419980318
0.024474009947865267
0.024374458621545334
0.023093111180548062
0.023600136446146964
0.023732243539632884
0.024444023237502138
0.0241868306925484
0.023726995965396697
0.023410276302307638
0.023963954255643263
0.022488268266763055
0.02303729338586628
0.023812370557141763
0.023550827089602946
0.023652087941323605
0.022033749772868053
0.023529385101065836
0.022183032184267277
0.02274697205396514
0.023024354018293534
0.023107325809670887
0.021894155168190918
0.02295607491292402
0.021999966153272515
0.022420467372794448
0.0223125370236291
0.021121968470963454
0.020980533170940355
0.021639607126988213
0.020829354981673223
0.02104846619143115
0.02084086592432216
0.021372870837282162
0.02089779462038462
0.02173304480882538
0.021471896034501815
0.0211261362103464
0.021918884063689678
0.021169206423508235
0.020567509014111654
0.0215989878754312
0.02026927958868933
0.02123360872144625
0.020209259068825768
0.020033791995415377
0.02070564192449626
0.020649627735431372
0.020560507733294923
0.020321289608338622
0.019362878386110765
0.019517933041925794
0.02077605714639755
0.01938357259248276
0.019453798361823853
0.020181488315727105
0.02049917949333
0.019900180331177585
0.01872707140313709
0.01898733641546643
0.020012975029598524
0.01991723203279606
0.019582354624182306
0.018935307313291065
0.019786032640136356
0.01848573832937081
0.018388466329092298
0.019598816754401498
0.01931315893391959
0.01921997578521849
0.019049052976226184
0.01916197788251095
0.018677020973890658
0.019163244729620794
0.01869570903722399
0.018738516668717738
0.017341895709138182
0.018491173872522255
0.017488566971479012
0.01796240827171506
0.017106717544584836
0.01759254877541844
0.017630665636075453
0.017212763341354582
0.017614500400176748
0.01684029496415175
0.018233345527131465
0.018003509997067863
0.016877831878691175
0.017654493672207932
0.01687188846494648
0.017182449245190995
0.01738590032518643
0.0172426957227235
0.01662586911672535
0.0166839820442403
0.01681503910753199
0.01658799946585656
0.016391524898794422
0.016908402597052872
0.01589781157049767
0.015545549568076598
0.015834273181339915
0.015375752723225165
0.01680282471765294
0.016307659921555726
0.016704179460759878
0.015853832554267817
0.01632282696732333
0.01535573105301484
0.015060442963125635
0.015245172746142784
0.014736054984257315
0.015352225454392479
0.016091971139297386
0.016102212886098335
0.01573209444964475
0.015701179372542423
0.015020025719360465
0.014813011233007482
0.014993505485746949
0.015340917567224286
0.01440957228023835
0.01512301727677994
0.014258490915510205
0.01542950248801192
0.015528613134824273
0.014322816716062958
0.014394127199898141
0.013839013566028287
0.014798243828951074
0.01479339524434163
0.014599308351505764
0.013776652656297902
0.014771154867328619
0.014785204806294043
0.014533701534520129
0.013541990663172373
0.014641108609811096
0.013902243533454707
0.014259283732673897
0.014559894883599017
0.013173220805455863
0.014289332581558744
0.014018846814054072
0.012688595667892644
0.012837367382500117
0.013875776570322264
0.013578294253950055
0.013439777636845337
0.013537118291851181
0.013099612313289518
0.013410062784434759
0.012772653191913485
0.01225739410378361
0.012509184391130438
0.012426641675460441
0.013490858147901463
0.013382457279006808
0.01226986725526357
0.012197481825396095
0.012467518562408235
0.012492681945456644
0.012480589161513945
0.011862116322624756
0.012092073012883151
0.012844729572067223
0.011223648783565365
0.011796444154537842
0.012744065901167565
0.01187052219284791
0.01192843517267276
0.01254459546919453
0.012572221779414073
0.01215613444353098
0.011074483459972072
0.011067525335990152
0.010771283552886686
0.01207551988411402
0.011355813720067264
0.010644164909392281
0.011320813304477777
0.011312022590717789
0.010553501823675135
0.010533964945367348
0.010199968218425772
0.011756892726821778
0.011507531249463798
0.010399740009711998
0.01167821609791726
0.01011205919999913
0.009906631958788596
0.01137651484897879
0.010779157428257009
0.00980248673537345
0.009657049653146637
0.011029583557139582
0.009878780934098942
0.011087410271099956
0.010163829642306348
0.010588325092856976
0.009846923330188186
0.009659352180171499
0.010524241249392776
0.010562810030417015
0.010157176877552687
0.010050712704587558
0.010333374061646649
0.009048074230840858
0.010412111938381978
0.010375177230046374
0.00951303776521871
0.009852821816256113
0.010317293867642375
0.009157729374873363
0.009504042327931467
0.008593752244745128
0.009139020465407013
0.009784410621628286
0.00855495903651373
0.00936520384536623
0.009924820659859954
0.009482740166618254
0.008352490684247293
0.008948112249476557
0.009282534449291184
0.009469951296932316
0.008466719489099299
0.009249565455423133
0.008288077948551298
0.008004373791712732
0.00946521218460848
0.009432184085379179
0.008947713926648707
0.008375550410343267
0.009416139551567174
0.00924990633990059
0.008254999129400956
0.008316109846056458
0.009028989765814097
0.007659374860317465
0.00846536409857918
0.008593251663295037
0.00882781150065761
0.007557993787318969
0.00885225288575465
0.00761272433853582
0.008365039478469286
0.0071135714134568095
0.00834451526462763
0.007944020300449856
0.00832842864114632
0.007683204387496759
0.007460678466840743
0.008373508781215455
0.0076690396994229465
0.007836338321535276
0.006938251094403645
0.007884229205880083
0.00815359193740283
0.0070166055033147
0.007063093772280658
0.006708794540951367
0.00660589451462154
0.008140529167921965
0.007257558653427853
0.007990834139828007
0.007450028878591522
0.006413976660144852
0.007487558594355117
0.0071305289218679905
0.006924313544350013
0.007765682492275611
0.007841543053071134
0.007517909246905256
0.007653436376559218
0.007611228349695608
0.006099284911358295
0.007092449058931746
0.00693270470457602
0.006498462416577863
0.006871998925823457
0.007252901221881536
0.00725411581065418
0.006486094720145954
0.007095672784097672
0.005741943802519017
0.006724849364051429
0.006421224785294189
0.006551719285477557
0.007047978319318782
0.0059288883442765936
0.006087085658602375
0.006796624149025774
0.006250463635465594
0.0053838611304199
0.006381782828588038
0.005807871820979617
0.006472845806106069
0.006328107158846591
0.005326800064365532
0.0064302184550914625
0.006507387832002104
0.006466059063820022
0.005268044209685988
0.0053924571648950575
0.005281851035956164
0.0059704956954227915
0.0055521157103901
0.006347311747946022
0.005984272117604702
0.005668351771379985
0.005857213618896433
0.0051963833370191085
0.0059326299402576365
0.006101195388033454
0.005186693930458636
0.0051968488528996975
0.005089266987286538
0.005593117010294285
0.005504631051262893
0.006103734057847284
0.00472258584530424
0.006006172780105369
0.005469716857131242
0.00506407421414435
0.004890564525748624
0.005054349497359898
0.00466569997929279
0.004272121065454941
0.005205932402772247
0.0043651143558721415
0.0046096803294619435
0.005584986793299982
0.004811564466077107
0.00515809667447541
0.004648096693762766
0.00565678259351495
0.004749230945995457
0.00421234455957106
0.005173278162153443
0.005008549254508394
0.0053448843118394295
0.0041447412947308426
0.004096757580617582
0.004039526720366718
0.0037865419130946603
0.004420240973898518
0.005333626139486819
0.004218024352983552
0.00500113319761629
0.004589324515781433
0.005239791136875935
0.004613383569300816
0.004534906381916718
0.004841272957007604
0.004201946923533376
0.005164513963809461
0.0038956654680995743
0.004057909053247289
0.004074564564795883
0.004763633915902587
0.0034322443400968913
0.004679743821412224
0.004694221737398911
0.004453516313075297
0.003289762561633309
0.0034568117147721735
0.0040784919617584065
0.004652459990077797
0.0035196686546460033
0.004062988347967493
0.004388551938566326
0.00446459765542549
0.004012401511033351
0.003947073375199056
0.003770300926053741
0.003059504529100561
0.003270301516180751
0.0029893109663362656
0.00339004499224885
0.003913342112519517
0.0031448870084004265
0.0029000320201404283
0.00286078400020788
0.0033407423996363846
0.0028076657453103473
0.0041316149175935
0.004324564342786444
0.0038593668012030695
0.0038374422354310214
0.002788045538411222
0.0032218945276526125
0.004385663702485746
0.003965722653301846
0.00410087641323889
0.002672015073165313
0.003989841232124242
0.003567156603897141
0.0030262365800996878
0.0038642019765508925
0.003055607442077336
0.004218069758913508
0.0036952539894558947
0.0036037807916097877
0.002707349159541766
0.003742339588407184
0.002921004273647995
0.0035324361008940014
0.0036289766045011045
0.0026346578704645163
0.0031892845503301973
0.003533823024707059
0.003398137669852335
0.0038198080431404405
0.003321367965181334
0.0023154912069383786
0.0023790359578756593
0.0033407392110199174
0.003578433054376085
0.003114621403397532
0.003136288048704115
0.0038724308757556733
0.003370254395977015
0.0022286748497085352
0.003561123534215379
0.0037487814513041543
0.0024299179741540714
0.0030598135270662676
0.002741092059500816
0.0037134047564027443
0.0028268629100310517
0.0028497702927331083
0.0026479682767170296
0.002203605463592162
0.001915996657756208
0.003471657771081287
0.0035635281494904992
0.003222502492398362
0.001899169528879754
0.0030724739753121926
0.002108947893936566
0.0018404366932011026
0.0032578932476613888
0.00245962890448581
0.002703876065086723
0.002601283886730021
0.002271537405329423
0.0028350248439276697
0.002980531059189983
0.003175756390071312
0.0027046349561933867
0.001689170720926367
0.002825007429659772
0.002495218949959207
0.00273043247293189
0.002564005399661934
0.002331606702675299
0.003121237692026703
0.0027585786485071124
0.0016071891066195654
0.0025255542845199312
0.0015457193112015633
0.0017755012122180579
0.0029149116574711154
0.00238603435465237
0.002384172761303469
0.001982596120485811
0.0027115889093221783
0.0025768462364850506
0.002657355823281807
0.002585240519331434
0.0022996203919895975
0.0020962142484952993
0.002268783497500208
0.002741820260050782
0.001899872270823928
0.0022149186725338534
0.0025229821278235955
0.002616377167975198
0.002972416839507163
0.0018842727277343044
0.0021244837433724386
0.0026614291926542444
0.0014764949496191546
0.0018321360174615546
0.002322565625008963
0.0019367866159691438
0.001285424595020935
0.002522153570394063
0.001958007380696759
0.0023632983215918263
0.0014458443388421704
0.00269433891407031
0.0016927208798447851
0.0017175373433432487
0.0026700122867103584
0.0022308641815214744
0.0021276425974201987
0.0021623269743113846
0.0013873442017821997
0.002394118963250372
0.0019444521450337614
0.0013902488781743854
0.0025821688548587365
0.0027767443157133255
0.0024164689429317086
0.0015860870033361468
0.0016352243586234844
0.00185672117901274
0.0015266296971627688
0.0019911412868395067
0.0022801498297976663
0.001087271237803954
0.0018634455111738663
0.001982921229606727
0.0023668778595202318
0.0020193183081292196
0.0017846512146790414
0.002660216304092048
0.0018588349006991947
0.002543332176747068
0.0020915189989435057
0.0018085984727465685
0.0013517692405395612
0.0013371094493781687
0.002417902490169485
0.0021499947735153717
0.0013393528605547028
0.0023264550394648522
0.0009913441650869824
0.0017109578174072527
0.002520732709835462
0.0011656625608633911
0.0017230687626805955
0.0022099943391344196
0.001732746980159203
0.0008029784664243205
0.0010024050686938746
0.0020162987831197333
0.002026102081001377
0.0012275204790075816
0.0007783705624778176
0.0015158527749773519
0.0012395403328174786
0.0017473524616921944
0.002345509661703852
0.0014682687071345076
0.0018552249102994826
0.0008856859447154018
0.0023227620791313477
0.002099610842755208
0.0021844248411257644
0.0021600147256007835
0.001973698690254244
0.002065725072855249
0.0009703598159750912
0.0018421209320422594
0.0010081289261796849
0.0015440902168929673
0.001005115030432243
0.0017750170723472836
0.0012296119113328642
0.0015250957953936992
0.0017284539675113196
0.0022560860131418847
0.0016085280297568859
0.002015127500204938
0.0006739871246194969
0.0017357293877870341
0.002057844007395701
0.0013347136356071422
0.0018944253943093843
0.0009559569198345096
0.002136053853020572
0.0018755058038219382
0.0018006525177906986
0.0011309470695946892
0.0016842218385008185
