0
0.9653118596607815
0.8766255931598256
0.8799982530264364
0.9216204971701909
0.8835221055799884
0.8826988166405295
0.8704401337600176
0.8371142438229451
0.8889753260417986
1.012570569914478
0.9010894728865728
0.9843666420918716
0.8766607489429045
0.9095366728555517
1.0033379852431825
0.9785423132160391
1.0112013962058621
1.0349738958452335
1.0059779844991057
1.0830595671619143
0.9793346299643318
1.018172123109129
1.1011612878439079
1.1055006952285107
1.0101832430861144
1.0292006602492565
1.0580638145568872
1.0926772699281444
1.021727195118725
1.0571202257112506
1.0773373426169843
0.9501392111271102
1.123732694086056
1.0122728364888027
1.1195786154932972
1.1528244658244944
0.9975378915186494
1.0648395273265288
1.1165129026204406
1.1551538221007758
1.0023813590041963
1.0039862980797627
1.188806213108216
1.1153346946590323
1.0339726130142175
1.2079185582317682
1.1106431167002286
1.1142954016246298
1.043690055151908
1.2150244837302842
1.1814749574992496
1.129803790895327
1.1330348649040713
1.213497891445114
1.0764552395116402
1.1882056391385996
1.2794474828319033
1.0986759703541462
1.1838472930860948
1.1866241249540788
1.1677718340526713
1.284732011237815
1.2645506523437626
1.2125047924984667
1.27459676313193
1.2851807978195708
1.2317600310728005
1.1781341377896277
1.3172127513282121
1.3191415346246251
1.1688431809337008
1.1860598364109234
1.3655881383435597
1.346499189464069
1.2377939055434295
1.2856320011618403
1.3772062317919582
1.266538411909716
1.2141439480947078
1.2275435703992013
1.3878657127596588
1.2937462497531191
1.3047856215233056
1.282928767101107
1.255628217904246
1.2739400605001152
1.4189222049827688
1.3363115517382114
1.3490623857543522
1.3863652100934856
1.4324681550789302
1.4198300432031499
1.315445007172753
1.3396415492897615
1.3414533044149868
1.5174635950003088
1.4087844725444418
1.481980608053428
1.4798738402876874
1.4673981880839004
1.3717470698386016
1.415799974947849
1.5662410242938862
1.5324305048695208
1.561201072632889
1.5127191849948516
1.4999860182335696
1.5561553128715422
1.492210381697229
1.589253565200479
1.5009393210757704
1.5470577361987916
1.5220391959455906
1.5244174481703396
1.5763269526012282
1.6482153213494537
1.488583048536645
1.619788729716856
1.6281360703599097
1.5025660598276456
1.665914427904657
1.6844631940234414
1.6152297407851122
1.715032745574345
1.5880903174437444
1.6056558706100112
1.6816215997368278
1.586965883271466
1.6812438863043544
1.685836777065652
1.6488866480520203
1.7429563145736657
1.7001414943492341
1.7907623692735362
1.7551899714834782
1.761846598279043
1.8011079400737422
1.635860481623202
1.7833547614982554
1.829119196365505
1.6529564922812126
1.787222364164085
1.7153191609567995
1.7515324665818368
1.8522404371183427
1.777728547940898
1.884657152546465
1.7117870400175055
1.718315635110766
1.7461546474040526
1.8169087359588556
1.9173593713551997
1.7596868730725046
1.9402861346889995
1.7730172573732725
1.8928086268028261
1.8347339430497263
1.9826306460751506
1.7987622880252965
1.9425880858595108
1.869775209344485
1.870356281905568
1.9678492748933911
1.8475213365573941
1.978130717091485
1.9626238860074128
1.9350409731418758
2.0564707746416437
1.9170750142611537
2.0778462999880842
2.009159272133929
2.0928787782643203
2.0179391252806766
1.9999060456654558
2.105932666380627
1.974240045876171
2.0049643286226204
2.033533459499237
2.107691892886841
2.149899503058602
2.0605365006933223
2.0255471769497158
2.029193968861289
2.0687839740868865
2.0429961057837716
2.0775309361643934
2.2246421808843135
2.194718977594949
2.061646621035176
2.179657390048024
2.193549874295441
2.087087652841188
2.267321453830514
2.1974772740572686
2.2771450614881483
2.123464012765223
2.3058369735375415
2.2219291025414942
2.3198696308072
2.2861212539460682
2.3051424770645017
2.2826982514080885
2.337941999568438
2.296724386478909
2.207210169854094
2.319102346895644
2.3021235072721753
2.2381570602387804
2.3141356656994514
2.272054139012884
2.27924937902712
2.3562336159808317
2.449908187531092
2.311377728623182
2.4215769800456997
2.494170830738059
2.4087110749609524
2.4785911878573796
2.429987377586984
2.465816293238401
2.5178384691036477
2.5539184091918323
2.4856649584055974
2.4535184997169033
2.5481174028523483
2.4394818088597594
2.5239340501170986
2.5282108188769117
2.540363156551886
2.473164413981612
2.5612695072831952
2.5681182923126276
2.592330286462046
2.497556334076432
2.6283911558950948
2.6767895249305007
2.6484420404840088
2.64615282893428
2.625177999190777
2.755207456811908
2.6885013365528585
2.597213477638207
2.704128423226841
2.6119658955495026
2.732424505538927
2.634595188260375
2.639675160998343
2.7006061102893417
2.83269253501384
2.7084944799687825
2.827800719404625
2.7826638991797585
2.8503035166312136
2.862691681613589
2.7768089351855525
2.9164237952800036
2.761488953539973
2.8141107370721548
2.826238812460388
2.9728344886827283
2.87796304192568
2.871456358432614
2.935427291723334
2.90748216775825
2.9633169797654646
2.841043596485145
3.0188159257740397
2.956518254631092
2.9468745207304887
2.9813085482952837
3.096401736576771
2.9397475510587885
3.105609435975744
3.0583676293355304
3.053920589117186
3.063532195474369
3.0226114349568403
3.0150061540585935
3.028227575850706
3.128790223752295
3.060221410757569
3.211659582508234
3.1147468953106716
3.1498365595124973
3.238707512476115
3.2482057252026983
3.269911578507735
3.0955585516547655
3.161662364646425
3.234186661400932
3.246189098130465
3.229293519767467
3.2305824190104535
3.2390257771115225
3.3658789459250915
3.2542199537330507
3.3472430874654107
3.324971847285201
3.3735692901091068
3.318769006307615
3.3960150221666363
3.2849196129499
3.3395134407476843
3.3374143827467155
3.362257416484052
3.3601144940957495
3.4587673212506345
3.378466059246568
3.5416917816603393
3.447887884295838
3.5343135162191914
3.5574380367812513
3.4930255112797193
3.5297790210700737
3.5733320901632584
3.633897424364008
3.453982240596886
3.5323743382975885
3.659802660456137
3.6349252913585937
3.6879585110875355
3.552743284999073
3.623497885400233
3.732854324593004
3.611941064162568
3.6624495143480313
3.7238773730097328
3.644212414502187
3.646082617188309
3.7985226561920955
3.7147347307395533
3.767669932839886
3.8447778515219606
3.787491161125091
3.8506369416747273
3.767084378572113
3.896085941023689
3.802932634910054
3.8359567005220616
3.919309180080946
3.7780947447344744
3.8030325922721904
3.8420523557208406
3.9813789950138636
4.002693865308274
3.9143610877735666
3.8879407790694063
4.033967654080222
3.9171585029585314
4.038298017871837
4.08291589942878
4.020584753479377
3.919110668425654
4.075444247829843
4.140530826785743
4.117936137218436
3.9796693599978408
4.120629162604654
4.096742886101381
4.190470200195922
4.21410219246449
4.05325014833058
4.077759675878868
4.1210822144335575
4.2346214258959165
4.113185270850307
4.1700151011180004
4.158631129097727
4.317500003542635
4.179705178515707
4.178457130256952
4.221239912509888
4.322850250333028
4.295150699713081
4.352418603507278
4.3533977407394655
4.287568694508904
4.413308162610319
4.462607878971525
4.317227656104097
4.416318161575992
4.434777282350483
4.514424440869656
4.364039709169331
4.371874008955776
4.539485888345904
4.436838956549967
4.580753985462712
4.433063855218285
4.5854372989384915
4.5857307547529
4.588872401628015
4.600097084438906
4.570534776365527
4.685319580541675
4.559059766324485
4.629339878622767
4.727228010945374
4.560808049888753
4.664594699463588
4.614206642069878
4.644109881942848
4.735826332898742
4.712763615060189
4.6786048076333095
4.718221927991831
4.734276175542593
4.790724090605398
4.857240813112234
4.771877644097702
4.850580560541305
4.868638956817481
4.801752522218035
4.779634782038691
4.900031165533679
4.940761106709956
4.936026169356428
4.845854235087194
4.995596781115146
4.928852106233862
4.896359940091683
4.892026155875468
4.950578248057517
5.054846365714262
5.042371840829601
5.024132701897814
4.96669325218759
5.11142865327584
5.022645073916631
5.170099954782566
5.045218389854047
5.104834140116675
5.063237323685497
5.060944155458928
5.210023901710321
5.211111074523236
5.131762368969957
5.196778030769073
5.203936094857701
5.280692446776887
5.170499339172375
5.18612505233398
5.2772321420300505
5.352794239399652
5.344403061347071
5.391069897142588
5.383326800911817
5.374920334479748
5.323059107880607
5.359107061935195
5.496025536072858
5.4764557269099985
5.473120317732592
5.447731487773393
5.42649383585603
5.410681229515062
5.4149359000363075
5.56960297685127
5.585168403591732
5.644751317852995
5.536672055965116
5.516241398918474
5.640283615861834
5.6797471148608265
5.615336308617981
5.734567782414382
5.663388773632887
5.621909727698787
5.7034747438708155
5.617584245534842
5.742812464078155
5.7204861550684445
5.761996920643843
5.831495832689001
5.864008347472734
5.755424866451523
5.839217876361465
5.772559194339007
5.802173667967051
5.789581864830697
5.798895251006954
5.79938725689518
5.94021646279318
5.99468622926109
6.02166109298847
5.9945486269117945
5.990010795149767
6.030744314448513
5.974976770827864
6.0896747557103765
6.0965502113585535
5.967520983044808
6.002120543692588
6.150000734144756
6.007132808864525
6.031381433830807
6.03139555650605
6.096094021964608
6.1426469133751045
6.2068510932570105
6.256824634596261
6.104462894570066
6.117330275237467
6.185380657420181
6.264944391196681
6.175941228033445
6.276064495120464
6.363242402490916
6.206345524120446
6.385181352031122
6.311794478165979
6.421580061308446
6.358368618707364
6.399955814133721
6.427586079402655
6.448815582453105
6.389924481371545
6.47916200922917
6.4733186015381285
6.501343340351392
6.45681800366641
6.470255686143046
6.565369117817476
6.487828193606889
6.53390690860172
6.630304165490881
6.604402760383516
6.662897539699358
6.640192311000633
6.522875377069073
6.68663821956395
6.5672002337437165
6.563169470147073
6.5693291901189355
6.6105028953553
6.738416045528639
6.623939233959686
6.679569383249784
6.772055901025029
6.688177720918988
6.693667770380939
6.715107765463027
6.8270704759071945
6.819626230719566
6.889529330337758
6.88161954717566
6.9197949265252445
6.848119859239015
6.95443240836051
6.850394659523582
6.957456924013956
6.912441327661253
6.94808313164882
7.002340666849921
6.8868655437974144
6.920091364393347
6.9578051763000905
7.117251093540129
6.94331642872308
6.986591902133942
7.004569250913877
7.092458331211363
7.137981958567141
7.121166122236908
7.21551029950102
7.179852569245356
7.22637412447457
7.196022187535471
7.130184981274834
7.113910249773273
7.114206425372401
7.277945034526407
7.203840282728544
7.266713882602914
7.301784475592989
7.355694806547706
7.358116556285955
7.288784452978463
7.252212429349384
7.335211646760534
7.313222715023716
7.461772306477009
7.347381497944091
7.48685946071719
7.514142671917562
7.433850005334273
7.453951288021381
7.4318650444673775
7.475429358026445
7.466741156294489
7.561900571756633
7.606703460832351
7.492576996718798
7.556189986459433
7.6271480003263425
7.6607424127209365
7.535713945521738
7.564602788124034
7.674031867520739
7.554312821944567
7.585809216719052
7.755968527898285
7.70396487227692
7.764356412995634
7.797733557375471
7.6321362312018355
7.653996055371098
7.799266543632751
7.6788421083649006
7.737226084135076
7.733594049280749
7.699730052412304
7.730920320408542
7.759489495603468
7.773677347093126
7.841190638500375
7.9622441548980785
7.825201646426096
7.935826953819417
7.933322061940509
7.847347540924324
7.951284313286216
7.895773251406627
7.94430257964063
7.882957229215996
8.084008281674352
7.961164385105172
8.025792910593722
8.07423252714546
8.07574023515741
7.957492283252514
8.12391488144986
8.165751298692086
8.188983718746451
8.166197675284756
8.171520688375905
8.044370796063355
8.235198569130414
8.115531942043603
8.256368436765927
8.267875955321342
8.112726123313385
8.250030959129944
8.138202655919532
8.29063125646241
8.181764437752685
8.36107865563311
8.371437406667305
8.251077372586035
8.35470103542019
8.35059314280041
8.317713735459002
8.441685303904862
8.287623906912465
8.318932287052336
8.287583688398414
8.376217580420217
8.433439363064007
8.411329321188308
8.469125635464374
8.417794879514679
8.506744162232913
8.43920770369976
8.488539978070147
8.407628969852038
8.453993008221458
8.433280442193537
8.62460430716498
8.475919216226686
8.558744063485486
8.513516333428852
8.610000718300485
8.585192861870082
8.552555980564026
8.704097953305647
8.610199293946936
8.634875681689973
8.59239082577196
8.590842785262927
8.72842248448842
8.740562099128724
8.779550529569958
8.64432457921814
8.798663122029968
8.65974752960477
8.716141798621567
8.774619677037498
8.718298387904007
8.818512805654736
8.888245006161375
8.73600554727625
8.770336391143882
8.801502227317009
8.849272364298914
8.747305117578085
8.831192798787066
8.847267941341546
8.92959395445268
8.808294061060755
8.816012309048663
8.935258932302736
8.963749496088756
8.980710882084676
8.85044717646433
8.95416757878004
8.927988434464156
8.922469360501848
9.041589053891084
9.078554387814506
8.92031308843502
9.064435493815324
9.066383671931586
8.979913415647333
9.11299309276012
8.986597689492376
9.021528717673945
9.098130793417921
9.16304689637252
9.145716383696563
9.180563792298093
9.10482289785871
9.067979886003707
9.065130163788064
9.071029366593946
9.162972527340083
9.27142491294165
9.188140911514463
9.265080544918769
9.277014176401163
9.269135738218493
9.246988961707535
9.286114433002865
9.333023674436035
9.22596707592317
9.313480962126444
9.17797056165151
9.237291337833065
9.216133657428975
9.300958176430699
9.286413993687477
9.380724297662509
9.421862547296442
9.262126764749151
9.276998784659911
9.354594178418312
9.372293162394405
9.316420487688355
9.478812200644544
9.462846731305703
9.472737271520515
9.47651216375979
9.385617164675287
9.37290538396381
9.494685060065898
9.38720182369534
9.39371731301202
9.447645920731096
9.54137428941477
9.442554752839879
9.501014991079497
9.41265453951365
9.475832397294795
9.517281147918222
9.554481143144262
9.444867570516127
9.604075138694146
9.5346371000155
9.639150309193495
9.613357757892626
9.501359748341352
9.643130678361633
9.631699571839997
9.679265822504204
9.661061790711308
9.661470342213686
9.69930056768793
9.535699517170563
9.63017689771629
9.586197696336734
9.641662254394795
9.667768584335764
9.632567452123826
9.681477637192538
9.636594711086246
9.595727299090843
9.678255069807978
9.779001629138808
9.685683642086913
9.67855355263068
9.652681254115823
9.780739834370848
9.723914206158067
9.638091471727094
9.808746782906784
9.774030339584769
9.762801685340625
9.675085290536492
9.80998437208163
9.766786343442792
9.820313664572746
9.753052713811622
9.834783140620976
9.786577052696655
9.880135374421966
9.840554252448497
9.804712636260906
9.778528911707204
9.836398684858914
9.82276319374972
9.863987830039342
9.860103948562134
9.742460568846587
9.883664035976183
9.882338192766184
9.947675085358123
9.81449099147977
9.853736268335878
9.811742053624311
9.781171304841953
9.813810327808767
9.872112154154914
9.901016952479784
9.977963350867151
9.81215434260836
9.841049906126353
9.847924445329365
9.89708955716021
10.006962994071767
9.890668478542212
9.930235912377467
10.026049548783071
9.952344010353766
9.980560112092158
9.962606185994284
9.961078864737352
10.018022217766736
9.887485548180612
9.908768420328446
9.929091216170953
9.912721665014827
9.904540830917343
9.932939230677498
9.901448442754011
9.89720671881479
9.935032771720573
10.02269687847521
9.9577469201946
10.031485194367047
9.961742966473711
10.03750665634016
9.950488934296711
9.991081238570642
9.948504254227762
10.005242717884245
10.101985560822708
9.973723851815373
10.08447109081207
10.038284288266956
9.974851439011527
10.099480092616625
9.937371988352883
9.974533361509842
9.955582985857191
10.079801853184046
10.094883009799888
10.068803107809114
10.033855054833285
9.980553016936437
10.036324997436704
10.121536954758303
10.075778883368567
9.968526457742263
10.098576775351278
10.085755128197327
10.124244774893393
9.979880221013506
10.086551970176973
10.00418549300465
10.060971991897954
10.138436469619137
10.069906849999347
10.011575708315318
9.983281337919347
10.018721858443675
10.133658132597697
10.015295957646495
10.014784519572489
10.147263651608982
10.150942560420663
10.128443618636114
9.996665959800653
10.151066778735437
10.151283217336116
10.146299079191365
10.150198440727408
10.10236068744945
10.09552303585204
10.069258044896205
9.991932488095644
10.031116102535714
10.07010741411711
10.072920126962636
10.036219245231994
10.044241068975348
10.044239744309174
10.014547146915746
10.141364615125582
10.003722298922591
10.092016729849503
9.978566549249472
9.993742312377286
10.135416623448085
10.077386682473145
10.002280117024718
10.014230873610522
10.088255186534377
9.978904939380179
9.984594533187822
10.000059813236215
10.123793680774115
10.11160349343749
10.153637037223092
10.000211241188648
10.094374193922508
10.131467558944895
9.970520117329459
10.127039311224847
9.995527460254655
9.996262854306634
9.947291959225279
10.00664487910478
9.992367258821991
10.037845319297144
10.13005630640571
9.990311808176568
10.020072651683982
10.065395161993782
10.109980419692866
9.968475866031373
9.99721893614414
10.006178378445798
10.037507299565375
9.967833490580722
10.054450029569585
10.020207481263085
9.986500906107269
10.061194609477855
9.946016038561192
9.94088660499771
9.972462968860105
10.023960438583766
10.010946217761516
10.003541196211453
10.063902645744562
9.987873345312462
9.926618956698103
10.014784472008802
10.063301174752242
10.056402601440459
9.948680057130197
9.99020912231169
10.018041835275273
9.952003368871475
9.956055722469586
9.893763281104832
9.963220529074048
9.882363470437442
9.986133885835157
9.970166780333615
9.93562072874631
9.97357982572415
9.84807543645942
9.974550683560278
9.961752034622661
9.834527850666884
9.932509160650813
9.84353390315888
9.879681503984886
9.816413449546932
9.923614934902352
9.78504638861923
9.776944947242935
9.883830163174316
9.767179283749686
9.788911486051614
9.752058372821285
9.771217663513905
9.821177666101262
9.909548008316612
9.88391193731769
9.77876832849828
9.861159645060876
9.785635016280267
9.789824556739765
9.80551353846753
9.834419063692268
9.73542414889132
9.752225604721165
9.728465109330322
9.67986396790518
9.833686758658338
9.747558955540534
9.699433615295803
9.697329778732655
9.745207503311928
9.822765569041671
9.667767559523996
9.785922983224665
9.794517469351469
9.710537863810163
9.643935024877608
9.603984170923427
9.765074973027579
9.73574818578769
9.586214636148826
9.63291589841488
9.728270766124663
9.731907663315141
9.66763089846343
9.72850034159833
9.576549668556256
9.678110288438276
9.53268282123888
9.63090517765083
9.688759423081258
9.509889493338395
9.5232807074057
9.62145616290276
9.622137954042042
9.629030754843807
9.641727882569349
9.582700671734571
9.457298913262994
9.450396912575108
9.495015231620684
9.516849480195049
9.558125388536668
9.415596856769218
9.498935711434532
9.436126457081407
9.496324970627898
9.48994709778236
9.366823678278452
9.448306172911742
9.40654413698145
9.372775574693408
9.365823057324938
9.326497863935748
9.425374835578438
9.434793166520233
9.42399144858421
9.407581584338741
9.381520412331191
9.284319828687932
9.294670485856052
9.283111043971251
9.252282904570949
9.226622493844802
9.25754249875563
9.356712452645667
9.301802166862396
9.2066863782448
9.312484141001544
9.34216176293776
9.305306518279783
9.157078350797264
9.176658227736722
9.265330850239424
9.303648748742448
9.225459973968224
9.152326056944863
9.278582852897815
9.107562196031681
9.265067390721775
9.184569292909794
9.179113445526362
9.100198752299507
9.213754162336288
9.172992908542536
9.195278895791315
9.076024585433336
9.106109333144275
9.09708587891115
9.145222178383001
9.152683112472104
9.011541490283795
9.120186082576105
9.002608815772875
9.056492155265119
9.06142825473882
9.08241522761797
9.042030319184848
8.979238081021384
8.920538417526341
8.89241291914882
9.014555308608967
8.98562976849427
8.998694324261765
8.997810010127697
8.826573292385223
8.923933481892321
8.796718244850052
8.853099350692151
8.792036842948672
8.868735132260701
8.899181018786368
8.907371872456467
8.796345142253829
8.718838136702894
8.739188692430604
8.693629521987532
8.724339549671381
8.852885916558693
8.673169994853184
8.675442367080896
8.788131840141736
8.769677125942845
8.72326877782993
8.588454796163793
8.634526739132717
8.751644882141118
8.55069213720896
8.705176975449755
8.648710490715462
8.669820418790932
8.518452870862626
8.525783992702209
8.566341266088497
8.534764733216797
8.653333730684492
8.478068010415356
8.550782714810424
8.55786910607314
8.483875835468979
8.41170868050031
8.50731104486674
8.445506034539136
8.456705328714866
8.507065050427078
8.514872906256414
8.475718079059503
8.395540045754183
8.446719355351258
8.410874541839714
8.464085941430417
8.321834619955228
8.246612959346253
8.31919067810405
8.2595226345182
8.265020649336352
8.287260443620859
8.230712852196065
8.30086372347727
8.323351959504635
8.234093991605457
8.25452984905626
8.11916688961378
8.156607211576688
8.241747173526193
8.207554496255975
8.163478938482577
8.058136857317443
8.204442924311726
8.160470969914474
8.152596596364122
8.040087600129109
7.994683361085153
8.074886788713812
7.982122387947004
8.026061340965057
7.985205598391188
7.974068796313741
8.012372457195411
8.010968618554033
8.071706614911243
7.862628301406901
7.984732305637714
7.962997298407658
7.938661163424738
7.983366654860557
7.852417115769686
7.9574809719758814
7.850937889374568
7.93496262430788
7.860768340954306
7.849417846958397
7.837863552905954
7.817035025319549
7.7889016635303125
7.847937604303242
7.706433622449377
7.820333509699987
7.806641722437593
7.617870160648488
7.738775760334461
7.679357399799067
7.752971622248079
7.735326040661866
7.5431026368501914
7.625742537835507
7.5632781962358555
7.690403441482528
7.662851969137135
7.611603235812515
7.482941488519529
7.475704809583788
7.615698205733097
7.6044891892667845
7.552727850566668
7.577785511560228
7.407803569566579
7.523562426633653
7.361363025427438
7.348806973680741
7.4450946428995834
7.332159052682255
7.328573389556617
7.364991674879234
7.273319410050059
7.318721892896024
7.297705967550329
7.3988644729881985
7.282088947913979
7.193105580417143
7.1729355657515885
7.35195477415376
7.211378487873698
7.136513885551584
7.190682055675539
7.1861112529664615
7.262670554021735
7.152134704446365
7.080475359919229
7.138160678332623
7.163708954095444
7.202288048167322
7.037336096232167
7.063266648633589
7.1511703467125285
7.085422187612761
7.134449538869756
7.027493175609262
6.931963124748235
7.071039037189146
7.0227418887643935
7.010858344366716
6.903724970813034
7.025072303400927
6.883067048309461
6.834725303521773
6.934156943171444
6.904116665899458
6.8850200293725825
6.909176153791391
6.879601633563911
6.868760764373998
6.882804474063682
6.863180348893712
6.778204673070019
6.714676232596833
6.7816074835635805
6.63538229206073
6.698588473490926
6.653985883144473
6.581804804186722
6.724046313586589
6.624254795744005
6.55949764629393
6.612785138630042
6.514585286270968
6.518678339076215
6.601708038053241
6.46328318526926
6.567821123078234
6.610214298127197
6.541345032065562
6.430706742447153
6.480002828176439
6.395611407656606
6.406507334017649
6.487241025288776
6.450498265656407
6.363527381576521
6.380554858362908
6.446048212885849
6.3149260542712575
6.293803464613822
6.359754033801556
6.347582262222941
6.33876614892067
6.356462554409655
6.196281952081196
6.246454694176829
6.2150556786999545
6.29951582486704
6.118769931612677
6.149292746492779
6.193293964376841
6.141936797298585
6.231297426439027
6.081863223345685
6.116115553091788
6.03484978041261
6.1557199585618445
6.060973272558538
6.070059409314911
6.099079096831875
6.06626123614441
5.9351311459881035
6.080242106382389
5.972073079996185
5.872302486431157
5.926837044380236
5.958186859480126
5.9633004895509325
5.923364831631089
5.843133048953269
5.972112726200656
5.783100652766045
5.890714984540831
5.83955808033436
5.7769371085110475
5.859857121586974
5.84347260868142
5.7142418983497
5.809072052006338
5.683227611368231
5.66024669755845
5.784926203611013
5.701171166394985
5.702629361856846
5.685687639874263
5.739333432609049
5.600999598706158
5.629632362426087
5.631084785396511
5.620594551032675
5.673784181216746
5.566951413949719
5.480295912410105
5.60849143758268
5.518512237638587
5.583009020119459
5.424762141718628
5.569929729310266
5.427878563766699
5.359263265475356
5.367835321904786
5.350789347381492
5.4302004290060975
5.319350934857094
5.2808025284417335
5.370238163200932
5.384017790612051
5.387053324612049
5.330314442871206
5.362849606640335
5.3351842777418454
5.277026229619611
5.194415774696543
5.142376372228492
5.278347690293874
5.218954473451576
5.138359273266633
5.117519937596981
5.160034288846944
5.128771185132732
5.115288185380241
5.17500171199674
5.041348343547855
5.070182575701133
5.15579846886282
5.134377443647001
5.08445691762578
5.1263604679146795
4.932892058193145
4.990425927822682
5.042521583087757
4.881896277617418
4.987991760945822
4.996453213796207
4.884242234538124
4.957760885111863
4.933643746989123
4.788832086350984
4.861450148194342
4.814261459330282
4.792763116141961
4.845584839105548
4.742837015203281
4.812740061225766
4.870103361946609
4.795812445994239
4.74906958888881
4.642433866868584
4.673057469628422
4.713075840455796
4.778298998900155
4.7425273282689515
4.711433162785587
4.614244079752585
4.555656981288056
4.7172641673951565
4.609016025434303
4.519274388580612
4.547267005011767
4.50025843890522
4.584179389381427
4.45078220927458
4.516545106808635
4.5726996432148574
4.538944979627406
4.399840790380088
4.436784298740944
4.501086961875075
4.526508063240405
4.451458851991746
4.405755836067154
4.384524301216789
4.371909782577683
4.272485293778924
4.447892299477186
4.4133273608956936
4.296207930569767
4.318495932469437
4.270156156065549
4.358089221864274
4.289252993937579
4.229094604820919
4.2153925749637065
4.244380994469143
4.1510709393097365
4.185206300466212
4.2010925844511675
4.150482005062731
4.10580246052564
4.219377446958318
4.225139409222008
4.14575696373039
4.0465953084038295
4.048455632572813
4.076790885128419
4.003346802315272
4.05588032213466
4.037422840767691
3.931412121627009
4.107905660375732
3.905273755172579
3.9611851377328473
3.922163643739671
4.043356701931476
3.898502564756204
4.029574506660247
3.8356299752237852
3.834692043604525
3.847936696407612
3.9363563612629533
3.8412575560777267
3.8268112596283004
3.8069620733257135
3.860052837889482
3.9034834200609385
3.749868998276012
3.736982320737742
3.746460204291499
3.745639141362814
3.7136505432578244
3.8030822713608825
3.8021894866308155
3.648942369219126
3.7700241139059067
3.7666679152067912
3.5892922636917284
3.670155239397462
3.658007098891883
3.6163552935445162
3.5669329652567536
3.645646653408235
3.5519421017160897
3.5414606998403513
3.550409384111494
3.54133090214549
3.613752251281406
3.4432772480307783
3.471483766045224
3.5495686306715832
3.5708013600572976
3.5553180854605326
3.416557529239418
3.5427277494935843
3.4657958239151956
3.356329794376459
3.5187260024703257
3.3961355144511463
3.383547857680189
3.2971967137219664
3.417311063171262
3.3252904760467206
3.3544268396760746
3.4319161685931507
3.2337506587088134
3.347841832597464
3.251299535732365
3.304693091285964
3.2807849007945835
3.2523276900114557
3.236426262956575
3.17298910326095
3.2642241560509584
3.2387231067446325
3.2402750834961265
3.139531360560373
3.1373446983738384
3.256997837078492
3.2546476321824307
3.1522723973155053
3.1817703186455595
3.053525161355227
3.15327052927443
3.1553206684328967
3.1043647179001344
3.082962774557573
3.0286303024862775
3.1007034315382924
3.045546056729416
3.0584918089303024
2.937104286371783
3.0343536379931573
3.084594806600438
2.915134094545954
2.955158802663369
2.9677614348613437
3.035326219422369
2.9947296278701074
2.9743523505738203
2.9029488282791385
2.8258340202729237
2.9743800999126133
2.7924557392492013
2.848743053880573
2.7737425700931975
2.788688344871526
2.8679361610266776
2.807901933270816
2.841646976342089
2.8553174776126955
2.7272619651170054
2.698014740303427
2.7315101751616653
2.754573644543957
2.848656006352924
2.7875541808640576
2.7589825799376033
2.7005555880689824
2.6222175114432913
2.6151535667147385
2.77048100197445
2.6188173422901833
2.7304898900753085
2.6292104073357327
2.7417567775720055
2.5657300314306606
2.667073829507885
2.5562489756118567
2.5444196909563583
2.678404736171524
2.5273042956113776
2.6347528516269225
2.5590657723392494
2.6476251969302083
2.5897504745243545
2.614094716523603
2.525786213879556
2.57964546765169
2.5513838832707174
2.5206468237771498
2.5331377397070076
2.494151674504147
2.382349971655839
2.3550229946182046
2.4325609748014747
2.431259907970474
2.4721161092597335
2.4226389544681717
2.317388251738038
2.424255691398443
2.297386241743696
2.372211114913808
2.4312536094096964
2.4031234032921693
2.289359502311146
2.388850082993909
2.4116259152454105
2.3871042209351327
2.3943840562155985
2.254237578462082
2.267822961576891
2.3408350370887674
2.242784949425846
2.3531855608901813
2.1750823110991067
2.16227022562854
2.1615614827579024
2.1367354461911785
2.1996082482506445
2.1295751330135966
2.180110599534059
2.263425597725726
2.1415452948495557
2.081797343556707
2.155210083536633
2.1809907903784183
2.070668563484408
2.0966595544556115
2.134453964337019
2.194011765859592
2.1876002100518215
2.103124261985047
2.0811407179740917
2.105163537145134
2.0063331730025395
2.1429777254848803
2.05227820649383
2.0692582919972637
1.9344753751161792
2.045026029189865
2.090969899521546
1.9842493143757063
2.014041079446974
1.9474284113805358
2.009203897066245
1.9317441856921767
2.0472842129252853
2.0470921668401774
2.003240051915565
1.8841491809783335
1.953406784256434
1.90630430048034
1.8708416775014316
1.8986908476874196
1.986846482306928
1.9137932822481152
1.9609976612164854
1.9411571192558499
1.7725021656648243
1.9490944063676365
1.8944660856613034
1.7626728706191939
1.8656864925695442
1.783379414296275
1.7327943218468038
1.812787968078343
1.849196956521523
1.8724152249560797
1.74722529453181
1.6866234959512676
1.7529169964320792
1.765657764908286
1.7303817571880509
1.7588596528443596
1.8007220074624481
1.6310732536519061
1.7048678145345972
1.7284712958092525
1.7999073073731793
1.7643118778907432
1.782700552410295
1.698839155516634
1.7357907123960987
1.6362767412865955
1.721207057835271
1.6864010731731343
1.5606105693868388
1.5400831550140186
1.5820936497167275
1.6478673920046076
1.520516260257828
1.6479329007168724
1.6781707213477095
1.6403875409320536
1.5033263955062044
1.6395535586064425
1.5718034134430876
1.653959429520569
1.4843142414566592
1.4958392601911794
1.4468583873615974
1.5731421400064536
1.453458410473379
1.483266464861393
1.4394767885494715
1.535209677733339
1.5732854049450342
1.4528743822913341
1.5734596599228459
1.4397070921866293
1.372257851176223
1.423682519039679
1.4810252921659097
1.4557525526424449
1.5099630819264214
1.4966033621989123
1.5153413808035034
1.3665126799611849
1.4779645897658154
1.361220080270872
1.4944889430899237
1.3732191620026766
1.4879956445530462
1.3655378741043949
1.4539193469814455
1.4449338145727952
1.3129853438331596
1.3199444823162456
1.3353931198278122
1.3973022622657008
1.2999643160913537
1.4182461583806008
1.3452176105315825
1.2909676719392003
1.2781514360345252
1.2100021733213016
1.327679179254195
1.347445570500109
1.192266309989529
1.3484056106191948
1.3707398793212429
1.3522195016361125
1.3225087613963198
1.1719686908828835
1.2810481767837352
1.3045968897677462
1.2545381658122887
1.2640150292299914
1.1639324169403718
1.3181828023002486
1.298629686774928
1.297512066507967
1.1272987949397335
1.1612713494373696
1.2381312677334306
1.2252895487271611
1.178320876958736
1.2535233296759904
1.2396054026561363
1.181799470044234
1.0694963368006918
1.0981756296544258
1.199455127600811
1.1536294010532309
1.2218859013261105
1.1832439585990442
1.190720200249507
1.2142740375320673
1.1711821361516737
1.058434183548268
1.033507767008139
1.1389343829794847
1.142215944928788
1.131049994130462
1.121240439027748
1.0529777089631216
1.0766714246761695
1.0611463058648631
1.00199162354206
1.0815173342068247
0.980175486045505
0.9829034362315588
1.0702731639350522
1.0690253021164944
1.0725052592378417
1.0587900794380882
0.9610576719531142
1.0884541190351054
0.9368077757134905
0.9748635149775977
1.07547963424541
0.9900554147977367
0.8976972525869702
1.023349122577596
1.0479897587102236
0.9879478441968395
0.9285519771014948
0.8786258292767705
0.9298512704614078
1.012221805250174
1.0393310964260238
0.9214092350087681
1.0431030078455235
0.997466048852911
1.031783532993239
1.0202341314943497
0.9285484098770923
0.8704065985378463
0.9239390933333689
0.8324746670663047
1.0041106514403482
0.8722610887517661
0.8017649004853867
0.8959175064063531
0.8618761587770425
0.7936897260359911
0.9410706363021644
0.8223153502892455
0.909148679713556
0.8604439455797843
0.9018453934583942
0.8933553687277647
0.8542952414399586
0.836153299897213
0.834151523553762
0.8464307717893772
0.804721173705305
0.8288639393868164
0.8104470712325594
0.7810641534789728
0.9115277170901233
0.7450382198951916
0.7271167063808948
0.8633703749529236
0.8300288116807983
0.8768948324991465
0.8600779835796492
0.8105233458370422
