0.0007912711868668838
0.0005901033411213971
0.0007609592443798616
0.0006921836703342081
0.001148990870189244
0.0010086219537060847
0.00113238851358433
0.0011022075793845553
0.00153933090918051
0.0011072931293987713
0.0013724304555960197
0.0021331650773669195
0.0019124036172017643
0.0017309168398803618
0.0016134501070257466
0.0011179028009047052
0.0020205764673431894
0.002195431860224079
0.001685756750974882
0.0016848196479378617
0.0013181771087937477
0.0017600448331388224
0.0006966993922558236
0.0010272627962335157
0.001034678203096932
0.0020382205959419645
0.0024003091581677586
0.0011636390186018808
0.0022312746050588265
0.0021834369576768297
0.000963133563309642
0.0008661334060104012
0.0023944320796965846
0.0011392202004711096
0.0017320985200526395
0.0008377386770310043
0.0016347835049217991
0.0008444545545902054
0.0014069953302329684
0.0010395695553744122
0.002285820271997148
0.0011725533566297223
0.002560568290999761
0.0011516077452819527
0.0010968267656938327
0.002041959938300235
0.0012883007910416324
0.000999170137676565
0.0025058290574706803
0.0020879050352610702
0.001626434027217078
0.0009289385749440272
0.0014110610664869534
0.0018406910464627225
0.0013209843141825585
0.0022757369967249834
0.0025960657232871436
0.002173959671561721
0.001840460785619258
0.0015997915066306998
0.0019348860450678314
0.0017145268176819804
0.0014869822122858946
0.002190538316270602
0.00239401387954489
0.0017925375405661403
0.0014888166781020812
0.00126180452440778
0.001532814493920428
0.001561062649263478
0.002284751446972666
0.0017294280377326645
0.002738232566296785
0.0025981951169794064
0.0012229191358823059
0.0020486185707350403
0.001565575507255134
0.002400666496657972
0.002789397162236833
0.002445125666804461
0.002788297853249348
0.0022378526644288607
0.001416476152658374
0.002853659879049532
0.0018182548134748964
0.0023920770313887595
0.0022325479782487664
0.0012048820639659332
0.001216730097255445
0.0016228143000854703
0.0014321288798994454
0.00265128936327847
0.0027243308424658844
0.002324198205103204
0.0026285931200164614
0.002972454365996664
0.0016076993008937916
0.0020544067518075515
0.002665434146471
0.0020608399062251484
0.002883339374412967
0.0023392338676487033
0.0019027667093305587
0.0027377207569312207
0.0016706253626211293
0.0020687803845127217
0.0014088539643280816
0.0031351034000664203
0.001655419033717133
0.00273205095934888
0.002951592423909223
0.002298956820325944
0.0028223980783254154
0.003253886461054807
0.0019991638988871643
0.0015807275178613266
0.0030784385536957145
0.003002899700238819
0.0018768248954338389
0.0016966907576286409
0.0030290091517901755
0.001612062993507693
0.001652461884079662
0.0029596707356042344
0.0026916213245802506
0.00331698364558834
0.002884683744147086
0.002104397448319779
0.0021717992085256237
0.002461575355562702
0.0033079758952515477
0.0029323832897316664
0.003498161363434683
0.001843373541663607
0.002402040293062341
0.0023031791004211816
0.002176951533238902
0.002784093589871387
0.0030706721393626677
0.003402466073991791
0.002362042764616232
0.002783872142437927
0.00244237122203899
0.003454093565556509
0.0036334436792816666
0.0030804131423432628
0.0036093651097046263
0.002882348982465648
0.002046794979493743
0.003201404401429886
0.0029724235612583272
0.003738051124001132
0.0032488719827968825
0.003331064227861055
0.002900040676688486
0.0028491780779894755
0.0023992018582076825
0.0034016125815453887
0.003665966020763893
0.002186415960096163
0.0036882048761556524
0.003877436814706416
0.0032683000519751395
0.0032891135715500154
0.0036882842969330216
0.003098845019991524
0.002472923718232646
0.00359487276362192
0.0031284051471957477
0.002856070649098794
0.0035421927112570346
0.0026122926497015924
0.003782256343173206
0.0030983378248822272
0.003965862558096382
0.003723127726528612
0.0031607987426132134
0.0032667777237637705
0.0037062709181696525
0.003903078694509207
0.0038130269800167762
0.004177794865251042
0.004147340324117499
0.002935788985612003
0.003515145238349998
0.0026900464464273666
0.0030454058478656875
0.0039616747162962915
0.00397565403059277
0.0037185361689630277
0.0031284336699359664
0.002869165978065232
0.003978683141557342
0.0031892955235548457
0.002882315031181469
0.0037444357006100343
0.0033368880547439434
0.0038534260131145672
0.004261384300909147
0.003861055421298829
0.0030381675599143168
0.0031572692345422345
0.0034941340093506868
0.0032208820160303958
0.004395915200902005
0.003964158924356022
0.004800948592143602
0.003721841072745868
0.0037582180044348937
0.004078487162374739
0.0046144692483543895
0.004055356427865697
0.004194315481441335
0.004376573640223973
0.0034320300413468166
0.0036327478179296285
0.003674198403016609
0.005034708555783498
0.003494387617567872
0.0049713915468990386
0.005116598893532578
0.00438589142599469
0.004377262448484234
0.004341350936031263
0.004358556429925847
0.004410170189826828
0.005019411356714119
0.004811436388006944
0.0045021218309668565
0.0036820508704849763
0.004699161598425021
0.005072655108853223
0.005253433757999153
0.005096783286940263
0.00486533535458835
0.004879888303782434
0.005450477534703456
0.004831143698618547
0.0048583136111569674
0.004327781439651821
0.005083514535413813
0.004156333610268046
0.0053401262027435855
0.004931240628798844
0.005022016265668802
0.0047899091485858625
0.004857144656568524
0.004436029050370902
0.0054564117773335035
0.0042088767598187915
0.004330127626848903
0.005788530500239152
0.005408090410348289
0.005571263590414984
0.00460296326803201
0.005994839413382328
0.004828724085017233
0.0051256404591573605
0.005144405840980243
0.005291205042845468
0.004895120814909407
0.005946341556844479
0.006001020943370386
0.0049947003307904934
0.006070878396959291
0.006020604295971402
0.00583548143105667
0.005109140813322432
0.0058696103224560705
0.005658613634420968
0.005543440630043275
0.005631730202289253
0.006073580600954799
0.006693658781602962
0.0060370276477656444
0.006289673217118307
0.005317166327267137
0.0060939441732734655
0.006632118947580235
0.0052293404733956056
0.005460155688805214
0.005992691683364903
0.006066287757799958
0.005732529583095603
0.007011609631947249
0.005995742634087729
0.005949775704676591
0.005461849860788835
0.006214254031487795
0.007129359000168492
0.0065669691966031675
0.006407946960108867
0.006990577524938713
0.006134976762742911
0.00575661372712411
0.006601402998620615
0.0068863327703955835
0.005943314381284655
0.006863821334448238
0.007130482516686275
0.0074581786923570955
0.006502845971875848
0.006931912778494665
0.006684508278022979
0.006265414952765931
0.006769826117766743
0.007695093323782791
0.007038260321591555
0.006279814791253251
0.0069996537720929865
0.007782156626154082
0.006998601258586745
0.007125248161551582
0.007748350215149331
0.007092501129103893
0.008107495466926854
0.007754599181124859
0.0074707851733337586
0.007763787668232407
0.007361349646609981
0.008290554667184414
0.008291150641661662
0.008126225726274203
0.007373736224287463
0.008156697977882802
0.008530394412821583
0.00794653510550138
0.007604646032762218
0.008525351454904365
0.00738297771549847
0.008406083824028233
0.008151329624886483
0.007560943353561614
0.008258532242305593
0.008684643035059088
0.008684694166667353
0.007529670012726275
0.007416674956792881
0.007905509301286617
0.009061574171864397
0.007729124481482994
0.009277381295556891
0.007678947357485728
0.008930507715158183
0.008951261353640246
0.007976488390515962
0.008148165423640545
0.00925335452931381
0.009570274350591653
0.008259869172168468
0.008886491216870653
0.008132220893592002
0.009132674363673147
0.008674437617628653
0.00914925115770477
0.009189810080509692
0.00948443851264622
0.01007137762597074
0.009400667902036527
0.008822021836003755
0.010231351876470821
0.00998262156990419
0.009964751271961116
0.008900643983868473
0.009203530214021448
0.010383306560488963
0.009145331989306942
0.008852239094254024
0.009923767645493548
0.010053886357102691
0.009671229548294543
0.009817367545191268
0.009874532602152694
0.009201264298556984
0.00926345999560958
0.010592319077364003
0.009633621425345093
0.010824587827958388
0.01014543724684281
0.010790926876408887
0.011224680205877498
0.0098265821355842
0.01081303631870067
0.010069586283647578
0.010886849757085416
0.011099582805493908
0.011393056480284132
0.010754968323596507
0.010538020310951886
0.010904403095788662
0.0111822194163628
0.011515570271262135
0.01039677303055052
0.010754721876779592
0.011525916006948866
0.011940039682077103
0.010831638323082935
0.0110710502606708
0.012064673044677468
0.011641800702973666
0.011018989128131762
0.011293127586110575
0.011220532303008658
0.012089136255885032
0.011424814069253289
0.012022749052571753
0.010999097888103356
0.01243477901649297
0.011997516210341824
0.012475242608920372
0.011325793500732508
0.011680914415847583
0.011790754745588139
0.012580350531563702
0.011489261032884552
0.011988951535506713
0.013069597772887843
0.01302574941682359
0.012863939277523578
0.01210083302168168
0.0119394354233749
0.012848466336746535
0.013390613799688323
0.012767479384604671
0.012716970151268665
0.013352285224948862
0.013139476319714271
0.013559241260093991
0.012934475366162641
0.012913284715442131
0.014093959807587313
0.013173139602702862
0.014063716925873018
0.013323615003908494
0.014093456969299154
0.014027744357571337
0.013864254192683076
0.014284059159504977
0.013434773101488445
0.013634396976599095
0.013391295430781667
0.014567091177688271
0.013909038881980461
0.014915611035970373
0.014851569002994579
0.013659346896049238
0.014780233076012882
0.01416367974640335
0.013925224114847708
0.014045665101062126
0.01373787294186781
0.015159942444403593
0.014007074057068343
0.014032006463214104
0.01434690205432411
0.015420506881595023
0.015085771341407655
0.014539019067778224
0.014806075771255445
0.015760432457740205
0.014959785784619718
0.015617998677263259
0.01497737540764097
0.014935833686880002
0.015661817942931894
0.014758767461909357
0.015396072531473362
0.015430639248883282
0.015393610361376646
0.016540624565224125
0.015731304837436056
0.01641533977415366
0.01575508401386179
0.015526968176686345
0.015725198105968403
0.016024512521642498
0.016448346097680047
0.016853344032231918
0.017028481059493804
0.01637881589826112
0.01652630678675889
0.016284271689336653
0.01697872453075056
0.017206866961948588
0.017491765419494446
0.01759822168408547
0.01702739403606075
0.01790439528867254
0.01752267033437579
0.01654232004265572
0.01721002625110069
0.016487494805672152
0.01679477712868079
0.01828743817304099
0.017853261547048267
0.01824383893439758
0.018069644030537662
0.018255625882464807
0.01821974235954353
0.018228115357760043
0.017180710791984834
0.017875291946237586
0.01880215143559991
0.018913167969042747
0.01859482576660488
0.018418188505739903
0.01772705195752088
0.017856036354966777
0.01839697877443606
0.017924355106031076
0.01854107587347166
0.01844631531535835
0.018214708640487506
0.019162917555998922
0.019202248822559345
0.018512083281782377
0.018614057512494897
0.020067602770387587
0.020109572184750815
0.019032330280547252
0.018866356570134097
0.020387440985494776
0.01997838512383951
0.020440585909468942
0.018984638845703176
0.01917130053995652
0.02070272736605992
0.01983088975855601
0.019963653289962396
0.01969221320902245
0.01957568612700852
0.02053266949912076
0.020549989862684897
0.02096399377484689
0.020625537749739555
0.02131926860458822
0.020985676792387532
0.020579412227403258
0.02166159907648904
0.02154985580307956
0.021468188977022257
0.0216164553818793
0.020748597074886122
0.02210107291114368
0.020764507759195992
0.02075309510391724
0.02225651454513371
0.02132618947620474
0.02133333375438283
0.02121830447790388
0.022183077614775275
0.022259889771285304
0.022561568222086766
0.022786661856208493
0.022670239972230406
0.021752063932166332
0.02296441536292939
0.02312134752564401
0.02243189058136471
0.02229506185583074
0.02227860971857258
0.02287635468363883
0.02208856768570979
0.02337608761117726
0.02257100607543839
0.022654358990997388
0.022300536700691057
0.022606564572169162
0.022498890785794125
0.023803304522500606
0.02405850175929695
0.022874955124305756
0.02346971266126675
0.023758322547098514
0.024005113737402044
0.023123229180846288
0.023639585331656898
0.023357917511955414
0.02481505282979329
0.024541739179713903
0.024153612576755478
0.023940330980372727
0.025270177052070002
0.023931558245293857
0.025209923073488145
0.02401547815467668
0.02414538910875347
0.024703549712673214
0.024622675023802793
0.025443960092115865
0.02536369784641111
0.024625854297060077
0.025034222139887537
0.025156242375449445
0.024847228892083385
0.02618651134283572
0.02527028537857921
0.025980782507197424
0.025808020915296152
0.025903392306750535
0.025502390279700037
0.025348871168398915
0.026901696931043915
0.026364144005655194
0.025826049932487445
0.02554695547696903
0.025724388441050364
0.026586859070435943
0.026837742833146487
0.026911109836296514
0.027316046826796368
0.026890754358043615
0.026077861750368983
0.026512711122634945
0.026217105650359222
0.026700880247671404
0.026299992928771162
0.027602832170522756
0.02696561511213489
0.02794281407150646
0.028345024784737917
0.02749163878397
0.027787173384236277
0.028556181992443752
0.02853768441939501
0.02855314234615891
0.027234377211681947
0.02854090553250693
0.027402751063263918
0.028551746143956582
0.02841521401963807
0.029235131599474534
0.027869556114798754
0.028976984311998636
0.02898160501476329
0.028686605555271402
0.02952428829015928
0.029142997270077624
0.029186017474701207
0.028322858399425027
0.028668401007689585
0.029276419906242707
0.029778459801406646
0.02881518684595747
0.030214085215268617
0.02962068199794415
0.029984053585559875
0.029071083386512344
0.029144652646379228
0.02998202079763748
0.03029655435372494
0.030054577616344443
0.030057650437907805
0.030815101192065306
0.030395928552759403
0.030503141756367792
0.031236774951626488
0.03047351561655567
0.030293847632941257
0.03063318641941189
0.030506188399970144
0.030800111859502596
0.030025105802290123
0.0300571551975052
0.031790267285438975
0.0307163376617319
0.03165959972997681
0.03152316105491087
0.031527168497104595
0.03195781408189048
0.030781928910813907
0.030809738511575598
0.03206803716710027
0.030932346126391164
0.03172995133633036
0.03138423670781342
0.031936795722298704
0.03120271799604479
0.0320625283023475
0.03141880696675775
0.0315870519123738
0.032443091627402144
0.03201870373599228
0.03225059254337678
0.03260277282821768
0.032710590013592694
0.03202590690732815
0.032144109360346916
0.03285066034111721
0.033047595903720944
0.03309655282194353
0.033241720683075765
0.03267136522212946
0.03369885004067295
0.03371975183704734
0.03290505577548304
0.03325022253761799
0.0335392839044138
0.03371129252353355
0.0333218600027166
0.03305874944376398
0.033735919505755836
0.03352929563562803
0.034394240401079745
0.033163433067242086
0.03461637294701582
0.03434446784969964
0.03385702899861931
0.03487927305555475
0.034960441025730454
0.03490522002019017
0.03393456468537311
0.03397490038289087
0.03534583284092855
0.034234146637539285
0.03560084082553833
0.03515175927419907
0.034579740282506384
0.03579059958783391
0.03449352213943496
0.03528551327328491
0.035654993110422396
0.03601583872211906
0.0358097786654884
0.03562488932825379
0.034919274610792625
0.035728987922226806
0.03598084233403642
0.03534449210760121
0.03635919902953815
0.03620563773650747
0.03557542775386583
0.03567262388425004
0.03603978416534289
0.03684578179653857
0.036919149394015825
0.03549010861994079
0.03563440073179277
0.03544692606619726
0.036591775899776795
0.03626383202025728
0.03581882201778936
0.03688963792374486
0.036008048829107665
0.03746109728721343
0.036065700617955825
0.03613465946464393
0.03719244627739574
0.03755165050134659
0.03698748252948786
0.03792419109237628
0.036512506274799135
0.03643409441062832
0.037408248815797504
0.03647028105251627
0.037023105447276154
0.03804540357288761
0.03720692053005408
0.037497531628490545
0.03699828206635329
0.03748566109808881
0.03752120601436709
0.036919580647141
0.03796786169060853
0.03780084362372751
0.03843825435336043
0.03885611692270746
0.03776918991508991
0.037380692732063375
0.03834682112404747
0.037837984008132666
0.03859762773049706
0.038737819626111496
0.038970741049478556
0.03774631123159216
0.03896010367034644
0.037700895413276224
0.03896616302288279
0.03873485702345576
0.03874244899754968
0.03873053076763606
0.039261371454337876
0.038833512824220755
0.039205999175131616
0.03836045586717657
0.03821523816593053
0.03826935665218
0.03957797510772469
0.03947230297503261
0.038343224927398833
0.038381611912410275
0.039189232142499586
0.03868566048618327
0.039355692244856556
0.03855947299720783
0.03873959469621388
0.03925503853934371
0.040438101152648225
0.04009498528143269
0.04014958173654453
0.04039607711125693
0.039430692302898286
0.0402846049207575
0.04009467611228497
0.040286210133951894
0.03997800536459052
0.040283623327839996
0.039893229007318246
0.04045239036108245
0.04070057693791983
0.040859815697099414
0.041056000095048784
0.0408616116974576
0.04053433656470853
0.03984445400075128
0.04018768785195677
0.04069829738062129
0.03977315416474953
0.03969780863856384
0.039831407892559206
0.04098441330403966
0.04028865522448267
0.04038045037316522
0.04000676215090783
0.040102028213868275
0.04039724765280617
0.041036095323182385
0.0413567401095887
0.0402486935109179
0.04095379134943409
0.04093557982451831
0.04148550029591634
0.041482900958490145
0.04153637626467065
0.04142043610849332
0.041079679786286606
0.04131507598866822
0.040819892691992404
0.04142546200098599
0.04132022055543
0.04084480670534973
0.04198414285090975
0.041492458107317005
0.04077198761306566
0.040687013963242244
0.04159642735859756
0.041120152752948134
0.04152463370534147
0.041401706812948975
0.04169884159580182
0.04169537548538738
0.041051331520974066
0.04090933620641835
0.0424244279196619
0.04078064675337703
0.042106741221272635
0.040872023429574925
0.0411008982845171
0.042083606908635995
0.04143566888684165
0.04199688958841701
0.04179953795845772
0.041418830205164764
0.04140880831166571
0.041760748830652485
0.04233088728991518
0.041987515301513983
0.04155541274638819
0.04253332028605721
0.041059584120374616
0.0426944142747953
0.04200496301139575
0.04178184847130164
0.04287154121748614
0.04238000314380676
0.042533039739469515
0.04133146010947224
0.04252564971667605
0.04182418143752063
0.04287115170609449
0.042520994310846306
0.04157583320617629
0.04222660507506852
0.04207765415316199
0.04183016406255884
0.042307766573563964
0.04232746366459908
0.04256074730638503
0.04183893278142279
0.04153061184689783
0.04293434652898423
0.043031454293460704
0.04211040338763327
0.041684941547455334
0.041377271108799886
0.04307526988190403
0.04167013542093658
0.043134070301930214
0.04270062168395381
0.041968081307534905
0.04190633883434419
0.04140977186084844
0.04235176599166973
0.041540341908556246
0.041842831806852054
0.04169145761847561
0.04248878630461355
0.0415004426798079
0.042583320811929115
0.042369668501456494
0.042223307535763074
0.041745669281373896
0.04224527403214646
0.041602079604781766
0.04273929474860685
0.04259733639306508
0.04230655536676044
0.04287187178952152
0.04275545764148287
0.04209009630361834
0.04149867093783236
0.04298043698743536
0.04229858917272224
0.04315691430762489
0.04191932960826426
0.04230752777132878
0.041521183588683855
0.04144427227305931
0.04215727960890561
0.04193040308690316
0.042837816351809666
0.04275832893452473
0.04179973561119395
0.04253731669814495
0.04219583037067004
0.042610772412453576
0.0426205648863467
0.04223260034504813
0.042516817663654165
0.04128201913640992
0.04168224104905223
0.04199389403282009
0.04145976308260748
0.042252977920433865
0.04144011605295964
0.04256402605480898
0.0413885549776849
0.042350231800153
0.04180796779740169
0.041667037783023726
0.04130565260552599
0.0416768997448338
0.04142364681182786
0.04273492498347884
0.041304545600459985
0.042206873986769894
0.04120417349519617
0.04222616563236458
0.042315574988836265
0.041120141759221865
0.04189435046298609
0.04145863679323464
0.04101786410569855
0.040911778158033374
0.041891972402416204
0.042275221071212704
0.041688392581589254
0.04205373482006596
0.04179913727941637
0.04133631276075463
0.04242964102013547
0.041649173124408474
0.0422387773372974
0.041812634159207135
0.040985407172808866
0.04223980194438828
0.04093069933563707
0.040855731599916366
0.04065508653957673
0.04212864200757339
0.04109629756861436
0.04152207163945835
0.04174761375932943
0.04076336928113931
0.041983951972614654
0.041695125554662156
0.04113682550514544
0.04078909334069062
0.04077704611679726
0.040845037112690094
0.040966346697900724
0.04022065637778114
0.041701749528751435
0.040582319317641176
0.041650629559387156
0.040705194025637347
0.04003827500737273
0.04146011536666879
0.040288994432957505
0.0408929140072024
0.04035911097173383
0.039818004169080386
0.04084642781129733
0.041062107711915
0.040907388570529876
0.03988037825208554
0.0398897938577899
0.03964387259165735
0.04085859789613449
0.03952448759718227
0.040628017588329804
0.03946469131285658
0.04054210053121298
0.039928158046434604
0.04070941747905486
0.03971193738245679
0.03956597188503499
0.04050382597496205
0.04042830698570531
0.04006368823236677
0.040698682001378925
0.0397744390084925
0.04041334309497336
0.039894761666393705
0.039314651259882885
0.040339805789433844
0.03903306073680701
0.04006294178982097
0.03890643479916044
0.03890797155975472
0.03968710255905074
0.03928241105022915
0.03879646865627453
0.03962926217978583
0.039973619396867596
0.03842408854136923
0.03892418941703823
0.039461729894477764
0.03938396707464663
0.0385290082013027
0.03898452755204107
0.0379928816428903
0.0390502304395962
0.0395439901281369
0.03864316314710267
0.038034545541997596
0.03844911186622989
0.038085159913803755
0.03775606296236567
0.037674825659650774
0.038747417604179865
0.038892907481115936
0.038346875609098725
0.0388146325498026
0.03768636121322873
0.03892587179396954
0.03751178918037173
0.03827509484184636
0.03834744614934441
0.037773501834479105
0.03799678505694856
0.03820022584763976
0.03831796327127057
0.03763624639381994
0.03730657406245007
0.03714603564991957
0.0368308062591981
0.036545722892914696
0.03669291508648189
0.037970482715356496
0.0372834618403813
0.03758850835191181
0.03631154894893208
0.03695909835773002
0.03767245171631363
0.03652797454073383
0.03605237610141149
0.03677574615241383
0.03726015350471976
0.036274144288203546
0.03647256492622665
0.03707189657278127
0.03637945117113082
0.03709253896970988
0.03634457237742402
0.03592007187541258
0.03647030332973271
0.035867701809303425
0.03691398046790702
0.03612952840029469
0.03606003482745814
0.036236127397037486
0.03558769744569497
0.03568800672750213
0.03603944231071015
0.03577357557535705
0.034902425382595914
0.0359316827039708
0.03460413128372322
0.03578067914115518
0.03581132222391191
0.03499751121195166
0.03499558185638589
0.035415354106343416
0.035454754133909416
0.03522811861342724
0.03507325224366815
0.03522960625369988
0.03456218499352607
0.034173729448936506
0.03476573539026054
0.033932233357516474
0.03393170195426376
0.03517934572349956
0.03410337307658268
0.034175026382985765
0.03486161979994497
0.03471533370396987
0.033903888915099135
0.03373704050077097
0.03341267675771696
0.03306483454794818
0.0331322140551549
0.03391668100668807
0.03428760930953594
0.03301959147009889
0.033970903428960655
0.033533508847224225
0.03295856794227121
0.03333187414101164
0.03269100843148935
0.03346343124896532
0.03252334483515297
0.032950505729920566
0.03337149506564579
0.03277366562659631
0.03299776938454428
0.032152812099943584
0.031714549268099385
0.03279002760027728
0.03301412495597588
0.031914935189548764
0.03158447999981315
0.03278912422902143
0.03137293583498252
0.03216443479008766
0.03226170457986339
0.03143841764451001
0.031128098131904553
0.03262864779505503
0.03096451351939599
0.031687897057504
0.03096961837825645
0.030733772958593274
0.031850284814570064
0.030484629662126256
0.03180224991030568
0.03180454901798472
0.03180330215677322
0.03072891818977023
0.03140524572713423
0.030662185177271123
0.030812564554245938
0.029953782208147872
0.03066740991368941
0.03005666139058336
0.029861048373788505
0.03106111514424688
0.03073619290466321
0.030292232042366262
0.030053735370385616
0.030537201451553603
0.03035699181058863
0.029584986015205917
0.029137725354661494
0.030561613731788742
0.030068911161790335
0.030103049552577303
0.03037067933670829
0.029892389851633918
0.028863646087803178
0.02871887948014868
0.02986656440058076
0.02868589972879654
0.02885452190658914
0.028836973857396586
0.029521987127010076
0.028638941615364906
0.028971944918802662
0.028295414987315148
0.029195084609534867
0.028797295596534177
0.02895000379352014
0.028823475709525283
0.027998842680422957
0.027270684187318747
0.02754639478444494
0.02826540578979715
0.02872108998208511
0.028240688182632038
0.028244364221419408
0.028159111753786457
0.02766670489081739
0.0274240785441651
0.027575411531448067
0.0270778755602212
0.026663919724592606
0.027088123745104595
0.02676706288841957
0.02654390515182583
0.02710427444479554
0.026801686948961793
0.026993493671257245
0.02691270407122691
0.027291684443950248
0.026690697834831276
0.026956029623042013
0.025615162202258585
0.026605390609485975
0.025679924007752146
0.025899454926843084
0.02526813233095744
0.02544678346800622
0.02660815951400363
0.02526877750728306
0.025709442773458047
0.02553999640974611
0.025707697653023644
0.025470403565173577
0.02489720799244476
0.02538807206852201
0.024536409853688608
0.024901076248096496
0.024521490893125625
0.024950551711111015
0.025102780425316735
0.025386040601190377
0.025091056842943073
0.025165931545918587
0.023947423461634414
0.02375113065121389
0.02516419110004153
0.024514783732809575
0.023718176009510674
0.024662681846433623
0.024617595681975343
0.023849064788584635
0.024071318604658415
0.024247520221906262
0.024589022671637737
0.024555929281823534
0.023327119240203212
0.022760554172516784
0.02292229029695968
0.02333068528018699
0.023978038989254113
0.02292376654659254
0.022369176244822427
0.022476281501441413
0.02216977582089626
0.022644902228930126
0.021973309618330873
0.022217969502844725
0.02272567085561853
0.022731811105471254
0.022108782284328034
0.0226718124070657
0.021520232308057812
0.02139287538927763
0.021489606192235756
0.021798662790454785
0.021565031766289655
0.022772539846904794
0.021786463563043673
0.021352677434491076
0.02110377456154082
0.022254647778391787
0.021740699231784302
0.02120850120103883
0.022045157668563128
0.021766528425067457
0.020544627411050585
0.021993860496745562
0.020569219230210524
0.020563365214865646
0.021335744158101504
0.02084964394962159
0.021174138691030107
0.020136249193697532
0.020679469583216217
0.020884054718680118
0.02005956766323556
0.019550425199964493
0.020817807372680814
0.0209732775233851
0.0209955933188916
0.019418604949879258
0.020660371207783808
0.020173185228954765
0.020115422179517225
0.019147756563330693
0.019254353939441148
0.019679431193777627
0.01978581549910229
0.018796939397398685
0.018861932700358217
0.019558069811368355
0.018820692861605693
0.019538144015269137
0.01886524019737461
0.01818715081871435
0.018892600031226406
0.019584568230640535
0.01835516727928585
0.01902881555820775
0.01836026175744895
0.0177506587152274
0.017918985016949024
0.01798055222288019
0.01869635573333281
0.018617497289048223
0.01840327015028948
0.018526983196112883
0.0181862463811552
0.017918449268056014
0.017440209938162407
0.018396808760194547
0.017737054295965688
0.01742644679795476
0.0168214760690449
0.016770290786692753
0.01802148617878372
0.01674032187569592
0.017879429785316862
0.017188666684283913
0.01646496873710018
0.01747143764138535
0.016723959442371282
0.017360922422951633
0.016051475251951757
0.01634046393818937
0.017337170805254987
0.016620445165568733
0.016587007237375273
0.017023667572780565
0.01573881635445591
0.016359336904467243
0.015594945723369875
0.015595020233893099
0.016206474764259796
0.015423616933029296
0.015227714709153744
0.01671601472538166
0.015780250537192144
0.015193293926678425
0.016322258871953058
0.015530866645268582
0.015534411726793783
0.015224330142330501
0.015403649025934692
0.015868748688196505
0.015657972639031875
0.015023675291025707
0.015433086968301452
0.014796211221498325
0.015867289876481366
0.01421481535787635
0.015450289425838206
0.015289968055631575
0.015009017755399442
0.014667234431259613
0.01522183361861807
0.015255364239194115
0.01395300010452206
0.013779945433188806
0.015137565927611174
0.01479520299625525
0.013843408029367787
0.014115412157638452
0.014543121760602445
0.014434491633772962
0.013905240975761695
0.014262785128653659
0.013430836922722199
0.01443269423655035
0.013575813759469865
0.01301056225641567
0.014287184065634517
0.013380123824736032
0.013600807095144328
0.012897347710906839
0.013016303084959876
0.013233636422137741
0.013393681045624984
0.013884008444789991
0.013727541684522013
0.012367387084803373
0.012292037954455841
0.012601071823546592
0.012412645853223277
0.01319222862547948
0.012285006827871222
0.013264676628890979
0.012676804632161436
0.012787018200568512
0.011960732036703382
0.01246247760332212
0.0126413279836926
0.012885170385099934
0.01165836236051022
0.011991639679161977
0.011606588887989478
0.011732781824784363
0.01244656289445692
0.012325221957138043
0.011072429689677404
0.011274114419259473
0.012134109352245862
0.012120409818728563
0.01219872805590125
0.01091505749023648
0.011341593926842919
0.011155624876121152
0.011477844730187802
0.010989402842572023
0.011171960958629944
0.011555644974335512
0.010670121110319505
0.01185396780585038
0.011493209476073026
0.011043904471648684
0.011141836174736276
0.011754996202025842
0.010351081628679102
0.01031485442460131
0.01011476328957033
0.011614379657201381
0.00982565683234556
0.010993408744986539
0.009892305987985147
0.009932314212902143
0.009698593778796442
0.00997922419656112
0.010911420818323834
0.009488832576151358
0.010435888921843026
0.009560109262656814
0.009706826346743873
0.009842467406083218
0.009396175426693736
0.010707813473190421
0.00987816160735107
0.010527220343863945
0.009259690385603368
0.009376443383904158
0.009977485249861074
0.00970453350131558
0.008963476782084185
0.009881758409699539
0.009712579246637919
0.008853477277736653
0.01017493490769264
0.009424693025956825
0.009014981088373585
0.008661163064585564
0.00929309312272096
0.008435330457753817
0.009352946916776583
0.009808433298998427
0.009349240863708988
0.008965594159890948
0.008269945561397792
0.009648400039189596
0.008828652419376883
0.008943971601491574
0.008900311488201912
0.008118170495048323
0.008961017856566347
0.008825843826552127
0.00801172344924087
0.009202708324797599
0.008893340143380746
0.009150144239737418
0.00918645879989025
0.009195619542918131
0.008882594834510725
0.007696716258401157
0.008770618281155235
0.0075885403048269505
0.008280685840324873
0.008150147365057914
0.008639683815899784
0.008223019080188788
0.008503755192737548
0.007110806109761437
0.007568610706828463
0.008226237683416446
0.0077415431911371695
0.008629395996611096
0.007517144303466645
0.00804986823157733
0.006880050956925965
0.008345485058141634
0.008364464253605021
0.008193039470483948
0.006964242014133358
0.0072741867053048
0.007206645277509211
0.006578014759717443
0.007636163885175722
0.007182801824794844
0.007268752087970981
0.007144219539434846
0.007201577476366393
0.0064408456584920245
0.007101620088848973
0.007048757413610139
0.00676269362094637
0.0074114036028954675
0.006575143080348365
0.006653070047097468
0.007307310615747023
0.007428840019870985
0.007264558367102645
0.0068664622391525956
0.007224764086902494
0.006153442906524552
0.007246487005030763
0.0070809840106847485
0.007049867491276053
0.0070374605393577275
0.006528359008140318
0.007086657712672234
0.007226253527494759
0.006270069072020965
0.0055431508268118925
0.006759676597755267
0.006949105308984092
0.007096411186375094
0.0060058000262038745
0.005463701084370112
0.005604381004270758
0.006572164482693797
0.006141814143199305
0.005489570652619092
0.005619346157855139
0.005878076822928518
0.006191927600060515
0.006127046387717465
0.006521221839063579
0.006565197386994591
0.0051985520515800635
0.00658385689361277
0.00522547351904798
0.006408680610956624
0.00597078809576673
0.005990713359367816
0.004856742409651804
0.00494044143710659
0.00616036622483379
0.006305126608654894
0.006231687431271069
0.00479806649249162
0.006287950409389516
0.0049435816863804905
0.005859157632154036
0.005757257536533255
0.005927053365426525
0.0057756180305126486
0.0052868895857326
0.0057814706744189065
0.005069421922733629
0.004944748517490838
0.005617842937621383
0.004262055709013282
0.005329108374724625
0.005365480411710982
0.005734753692877184
0.004205313757962677
0.005243341916198202
0.004722128938496315
0.0053339759120782345
0.005407729557190939
0.00473379449062918
0.004542103982523615
0.005081341998074442
0.004146539247713765
0.00496056635546647
0.004020259418505477
0.003918661656641661
0.004572569335359304
0.004784604534241418
0.005196494769648008
0.004312140801046588
0.004187763333326421
0.0037527670030708593
0.004423816057684743
0.00500753744941389
0.004918334344577473
0.005007039099156843
0.0036169763731507976
0.004842815365837005
0.005089165836820529
0.004355754239496045
0.00340057313585644
0.0037070860994900708
0.003954043646640274
0.004029988735660671
0.00341461241032136
0.004950082551219925
0.003729887327707936
0.003936884262806835
0.0046558858706783335
0.0038907275194821323
0.0037463931829184605
0.0040637586734452134
0.0034712447149627176
0.004621997479086229
0.0037710040977823266
0.0033154261727154567
0.003349361390328567
0.0031281579818388874
0.003620807795396112
0.004062625522981518
0.004318545816505903
0.00464928930172163
0.0040695343760915265
0.003715194260984658
0.004388025354649385
0.0035894891699268685
0.0034897629782642374
0.004215612748281801
0.003584180570632698
0.00446042148614505
0.0033247510232546082
0.003403394624668175
0.004399977798276369
0.003779505190215092
0.003201697289638994
0.003650010428578979
0.0029660905247320584
0.003719591276844585
0.002953489655402664
0.0034303270011445514
0.003452490067474961
0.0037337271586703733
0.0026624823953767807
0.0026899768144820046
0.0031115584300267026
0.003375240097126798
0.0035048616734169326
0.004130698302917031
0.002572771225144551
0.0024212556115989904
0.003003837921835308
0.002602636492319025
0.003058763759739927
0.002887398235193272
0.0034405616308166823
0.0036359899077355548
0.0028237915273635126
0.00396294840786058
0.0029467859768360413
0.0039349047529085085
0.0038281151459317814
0.002682109800315472
0.003249685180594029
0.0027627097428290816
0.0037096725590571424
0.0036207146124138004
0.0022970788160690306
0.003586514597406958
0.0031827612706779485
0.0031834638954648703
0.0023048557077319596
0.002072206931285016
0.0025577234233367893
0.0036685605478195974
0.0019497769571672247
0.0034043654575001444
0.002849620130279573
0.002713081363918735
0.002483723503261695
0.0030417140541667957
0.002913581858067551
0.001962494867399152
0.0020344838556877833
0.0025496604566373304
0.0019031439185689422
0.0028575833651406698
0.002626155559250741
0.0018843054175373057
0.0026513445234529896
0.0023181454977588075
0.0029146463177587077
0.0019731079387719512
0.0022723880118073404
0.002373852811986883
0.0024818595582165735
0.0022584682961675896
0.002815654592753206
0.0025212204305498976
0.0031103615082410736
0.002566004652942568
0.003008474911224318
0.0023935612186740418
0.0032744409699216786
0.0029539313573563783
0.0026763092281467406
0.0021083205145063194
0.0017459527894235951
0.0018953780626562238
0.0015649236159570056
0.0022039376195641487
0.0021664533560669563
0.0017087575864850068
0.0023082408380981087
0.0029730978601832446
0.0017798127226048106
0.002891939843605022
0.0030234114629822642
0.002348249855613916
0.001420303183206747
0.0028792718021462805
0.002085632544687463
0.0029119682929535993
0.002772775244838332
0.0017922652729315189
0.001356870841239704
0.0027024744010018978
0.002759360818383622
0.002376861866176142
0.0017801639009416266
0.0029070023909069697
0.002325190301951917
0.002536595550671099
0.001863470259236059
0.001981442749009539
0.0024539087723328065
0.0026528295236755524
0.002580431310243719
0.001682537199735991
0.001840369666384369
0.001656901751671057
0.0018111098893486446
0.0015965759127037648
0.0016200807614444885
0.0013337102545733746
0.0012777487277715878
0.0027624771595133302
0.0013579348106009925
0.0016161507410971936
0.0012224406368465293
0.0017986203184778267
0.0024374654721520256
0.0017907488603549392
0.001226269545177789
0.0026406515215745274
0.002124313378916862
0.0017806679472511684
0.0026279978761841894
0.0011095544695487757
0.001283365302067456
0.001296363025602065
0.0012084076216436583
0.0017472533010799841
0.0016065031567580477
0.0021858391860481927
0.0026172688185278313
0.00162897007622835
0.0024136535692126397
0.0009571098438344524
0.0021906081884148446
0.002297901949511344
0.0016254228051378607
0.0019134214895572851
0.0009950997644969123
0.0017754195624913216
0.0018979787167658498
0.000941583745041673
0.0011884877308748043
0.0025400052694185362
0.00229874574196548
0.0009776792653120791
0.002382767650529782
0.0017442090590318285
0.0023177109301050465
0.0007637464214870711
0.001986691709825888
0.0023028510343918273
0.001759214104367831
0.0016926604629114925
0.0014764181475702665
0.001057317079063382
0.0013523559193935005
0.0007318957102053382
0.0016006683155664948
0.0018829339215172276
0.0014399105886372427
0.0013161191847979427
0.0009461923393943
0.001649203430194915
0.0019259339353003035
0.0014299019983847168
0.0014835421802985426
0.001542594545584361
0.0018942226128707718
0.0016406146423347384
0.0009487089862257189
0.0008621745545484073
0.001782544924039465
0.0007807610872327205
0.0013656386421098362
0.0020014883044852084
0.0011406413406025377
0.0017078571582714386
0.0007655825112961457
0.000693135604973965
0.0022380745316383822
0.0015396538896801316
0.0005643576952886094
0.0017955045049514525
0.0011332081677631976
0.0015903074161958553
