0.0021815414911266653
0.001212542497490765
0.0006921411581668091
0.001784484622058565
0.000995527753616898
0.0007461729811626723
0.0019841017013234527
0.002092408818340547
0.001022381264374452
0.0023284233892213453
0.0008834100555808528
0.001268765412353378
0.0013053131175269636
0.0018916040010136111
0.0022309223518893694
0.0008915937956310868
0.0017186224420106557
0.0006579301894458186
0.0011327536235722227
0.002262617778339676
0.0009011875466835812
0.001128564691865695
0.0021476430522492564
0.0016353586269192617
0.0018526618626230514
0.0016583625206616956
0.0019611291032391068
0.002349219800800495
0.0019275687326609132
0.0010043638263229748
0.0010421524141488601
0.0021343569445523617
0.0019442467730275473
0.002373046952545847
0.001165265307642
0.0024194078583296137
0.002512552516772907
0.0009663298394306883
0.0009548484906355009
0.001744854892161753
0.001266028065168206
0.001717769927449758
0.0021601287947906342
0.001303491429137864
0.0023532610104454632
0.0013052102950092811
0.002222795491675605
0.0023227958077879744
0.0025310555642170415
0.0019771531140625655
0.001204617005559321
0.0013665380509502504
0.002515457079533424
0.002377190378948103
0.0021627764570192345
0.001320852940097278
0.001576080057959404
0.0015482725914871326
0.002071241330607484
0.002144328159856008
0.0013899821382643077
0.001985018122774471
0.0010197808262846345
0.0023547603663724315
0.002396862056898954
0.0020314408584740833
0.0013910776183011606
0.0016266522579903926
0.0015635931844277919
0.0016491934130506104
0.001583725446907527
0.0018195465266223824
0.0012399138765755784
0.0025451470631940253
0.001167606686165599
0.002050187833604141
0.002697204651155176
0.0019446402845020082
0.0023946114733887367
0.0013699290970223316
0.0028180274175452834
0.0024824789904549535
0.002382765856262686
0.0015209105504527965
0.0014498418726126465
0.002736454563519149
0.001266346925468782
0.0018837436103153503
0.0027419101641929368
0.002776820527972389
0.002608688484206313
0.0013532480293608196
0.002576457617649756
0.00297457887989769
0.0018733938646489255
0.0016703313313992572
0.0030543583113914214
0.0030436872298912313
0.0028578049008983405
0.0021560630280006796
0.0021516127394429893
0.0028184411118702306
0.0029702979463908158
0.002971152393540576
0.002886786016933158
0.0019071014230854157
0.0020393413558934047
0.002032853445253635
0.003110509303140947
0.001747776158012191
0.001540357295520102
0.002858341383471477
0.0031752476332794345
0.0017912495048493114
0.001765613273187152
0.003062615348051494
0.001595279739814591
0.002803967392812395
0.0017660529427534987
0.0030061573630798403
0.0019297243037766664
0.0017701484859882757
0.0027100690979747284
0.0023135100752528976
0.0024230875259015927
0.002168741553596092
0.003343230678755301
0.002427686478210558
0.002695223377551519
0.0018460786327818026
0.0020776887620191455
0.0025368757413341703
0.001866043840815531
0.0019205145092782614
0.002776047862949007
0.0018503768346007938
0.0029607635558955426
0.00349127642571995
0.0027820149918278067
0.0018704497172859782
0.003586248251501646
0.0032049209065170034
0.002344137872966702
0.002697373565914716
0.003233752740417166
0.0029451975074895934
0.0024121409239542904
0.0034320182111566458
0.002625867481481201
0.002104504927002894
0.0036644400893863847
0.003308429676927947
0.003386082505249671
0.0024037193547288087
0.002833786207327729
0.003101972031292676
0.003663965439382336
0.0034362004718260578
0.002602952862225827
0.0035043123744803273
0.0026789612503665917
0.0036705587945179887
0.0028222196583610006
0.0034624718204771345
0.002379998463246676
0.002991594660822947
0.003136288363440082
0.0026453813987326927
0.003299533858939206
0.003445402094997054
0.0036395818446435736
0.002916971934505811
0.003930017678103034
0.0034455589434527405
0.0028010219736684964
0.002491810650294409
0.0036354816697982593
0.0037546461577101426
0.003660271837647031
0.0036870685390041624
0.003947468526670377
0.004076545780868282
0.0028267945029394987
0.0036322637962833905
0.003547535155469005
0.0035378859506749877
0.0035247295447691156
0.002733905858633735
0.003189330335847137
0.004101371518994369
0.003954171573806376
0.00301015961442019
0.004269444781353176
0.004208884224851387
0.003524994366795657
0.003570858697361638
0.0044715099657217355
0.004635015333516584
0.004333897488170136
0.0035566257642150956
0.0037868750595921328
0.0035081677741679346
0.003383079978689763
0.0042672054301713565
0.004347084604800948
0.003551586934839495
0.0031439578399134766
0.0032639239262048565
0.004599126849061699
0.004382168017884735
0.004044949006620428
0.004434287687819752
0.003932105067025556
0.004733071350805307
0.003298603878081214
0.0034443866075879927
0.004811985747547866
0.004366015213398369
0.004343591894370512
0.004037234250879447
0.00517282672887259
0.0044433882665605605
0.004556298651432935
0.004409566705054397
0.00433131971357115
0.00451106137595801
0.004295256222231347
0.005329532763914666
0.004702950389936864
0.004499646290649953
0.0047790325526063234
0.004831030901665881
0.004639372846924137
0.003764606523387984
0.003954762425795165
0.0043573333916643855
0.003933015668548593
0.0046894320186114296
0.005633406872500325
0.0050661415040271236
0.004154580995172525
0.004906429177370235
0.005582954900105889
0.004421118394613675
0.005537008169192059
0.004417129478143193
0.005872950326721572
0.004669445130122116
0.005727597675668052
0.004832241459091775
0.004902501899800017
0.005753903387731276
0.0055661795719018905
0.004526953933474108
0.005772026265617015
0.004665872721953291
0.005153814745662372
0.00511853884879277
0.00582647622448857
0.005290471148058492
0.0052730125288615115
0.005261345845394969
0.005158282470085089
0.006319174874370055
0.004889817839093524
0.004745523220125918
0.006453095927800553
0.004839496747617203
0.005958095140245492
0.004856033650643536
0.004917356411502184
0.0057796530073835365
0.005587194221880926
0.0050946358154819425
0.00657958971580165
0.006290361811597192
0.005056542527071465
0.006646425755594481
0.006467317114599287
0.006761512023995118
0.005697782746169189
0.005256886866481328
0.005860612350372593
0.0063570137799628225
0.00643943428328297
0.006573927282144321
0.00570827946264052
0.006064535484205267
0.006800677201328569
0.005738585703322635
0.0060866301018415855
0.006411388570900783
0.007298080573510512
0.0068513308985525285
0.006805710563589232
0.0073744706602337316
0.0072093409878881765
0.00660422605305365
0.007065558536589027
0.006103116290563946
0.005926159030486007
0.00763638462508813
0.007614918390691702
0.007757356771620332
0.006852982256249443
0.0067365495922697425
0.006360624004741155
0.007360460491872169
0.00757912773674921
0.007935186141584932
0.006485035148749052
0.00679781570363081
0.006994759124616292
0.007212490914102563
0.007556753780928785
0.007101554523146195
0.007043688178984735
0.006627355646621649
0.008317905765189558
0.006747654064323908
0.007582968248035831
0.007043145865338057
0.007123196735095907
0.007106183106130136
0.007414457356636717
0.00845020713886525
0.007065222255885323
0.008004433930460396
0.008406983397550574
0.007555481209424601
0.007815269967654196
0.008286043683082332
0.007337092426174282
0.008419781427391785
0.007387409317354529
0.008232399864443496
0.007514692369970222
0.007834355388952014
0.008967304859476983
0.008494440548946653
0.008786952462322382
0.0080421822599993
0.008937040786451984
0.009169757445088713
0.00804989610109965
0.008651749948420499
0.00814090598335764
0.009482172177054134
0.008393753078759813
0.00940518234355693
0.008343037129664025
0.008415724642540047
0.008516958862127007
0.009118744822608668
0.009090467403192753
0.00980263944132361
0.009499803891441607
0.009333316251961406
0.010135896653139099
0.008805856178599572
0.009582409603086952
0.010044054158551814
0.010147519141548593
0.009917938490024921
0.009912053912178857
0.009581074525997988
0.00895005635332669
0.009188805744641516
0.009577685085411564
0.009579189107783726
0.00935060012472497
0.009128276503111077
0.009828938737332288
0.009844973264594511
0.010418101244499151
0.009385520780956716
0.009401815892939671
0.009774638344348403
0.010626932511502611
0.010804255037146925
0.009582320699070414
0.010722396940559806
0.010910111334749197
0.009720561999929562
0.009982028981674032
0.010532237046277398
0.010940169704961745
0.010847682980310165
0.011085085350133205
0.010178376383891899
0.010542340089063471
0.01088169044462089
0.011557303105628452
0.011576280354492837
0.010804800150367342
0.010954516811950539
0.012037345777308922
0.011276376125154417
0.012215117856725166
0.01139707210878146
0.01166038247911423
0.012210058310078653
0.012412541027970542
0.011230186575995475
0.011433792216736618
0.011097152056204058
0.012283705808021371
0.011410462645809728
0.01164738399498123
0.011251446889119825
0.012652518314133013
0.012295800130321468
0.012578626767970068
0.011814175238564897
0.012870115503643314
0.012324663340169255
0.012532760736939532
0.01194133636757541
0.012239567988822166
0.01243504619651168
0.01348965651993824
0.012081612479160233
0.012173740598757836
0.012877668737372462
0.012272251004514277
0.01216185921264441
0.012509808799086834
0.012891645337063393
0.01395387241623517
0.012977910970586704
0.013385148681711707
0.013644281648002826
0.0139740238340959
0.013635491136031902
0.013645892733496694
0.013097442606965137
0.014511105593590205
0.013676896214565528
0.01409362232085425
0.01351720656715918
0.013688276812814081
0.013714806867500906
0.013334186268294081
0.014187998014471025
0.013534379582468737
0.014040719611635935
0.013419075607287726
0.015130278664849907
0.01479169514847325
0.013656977250921557
0.014076889388500031
0.01530259304242547
0.015118475794016603
0.014890928339318774
0.014124952356033074
0.01521192508724467
0.015545215545296495
0.014912077921874552
0.015521671161532814
0.01521716364057029
0.014791345911750249
0.015705084816122962
0.015434149917253585
0.015194855106445904
0.015149737842912736
0.016055199921523697
0.015395157997671395
0.015375419183485724
0.01495979935259484
0.01544634639698028
0.01519673525118157
0.016120208537190126
0.016370470977628282
0.0155638671953114
0.01675511027319538
0.016757591406410866
0.016247881143572552
0.01684589194092022
0.01684914426630163
0.01696674385864618
0.015911271557067855
0.016387978596088194
0.016442582434641036
0.017220606706586466
0.016663209579413852
0.01654529387468155
0.016771085893488424
0.016490438398769444
0.01695950344390755
0.017470978572886223
0.01661057232746957
0.017332763233916592
0.017297923697577586
0.01693597319467531
0.01796923378686791
0.01786847587501183
0.017589489000908502
0.018054707619942458
0.018388255820390147
0.017907969987160273
0.017925564689580068
0.018049313572663924
0.01760960872834051
0.01830225383991866
0.01855856041039109
0.018212815464222876
0.018082990480548292
0.01836043718485366
0.01914676318601427
0.018160513931746572
0.019309373262658722
0.019594725201861105
0.0187613550260148
0.019550266580592366
0.018556338536118055
0.018680979906614666
0.01859122922399214
0.019384556680955026
0.01876657444078396
0.019482619238015385
0.019009194054530172
0.018966597621074038
0.019537239304296686
0.020281872815545637
0.019298051601326503
0.019578517203153956
0.020071575951429624
0.019409695346419367
0.019963207132175212
0.020356299946116763
0.019671648557125544
0.01958792208719298
0.0200247017016125
0.020248115904903354
0.02123522546738426
0.020645480789932908
0.021377366261709496
0.021173320929956167
0.020366877755622386
0.02011515322246414
0.020545121659636664
0.02045574049300165
0.020578780951300765
0.021060753310658095
0.020866323489980253
0.02155824702167884
0.022236880094668492
0.021895953825306007
0.021324082243670637
0.02127344075435927
0.021143973666937665
0.02135642769267952
0.022339912410967555
0.021565235581658536
0.022361735800040382
0.023106771099615658
0.022722865944433377
0.021554007198307894
0.023238800945914916
0.02228554743401405
0.02317507980006563
0.021879054287974285
0.02271490543001045
0.022572717678070117
0.02306021799113058
0.022265135425390204
0.02366169295656004
0.023196447355507004
0.023362388123053662
0.024100605350229627
0.02349504880545714
0.02385388432693013
0.023824554445091732
0.02291215885715304
0.023496246805634547
0.02431462061578743
0.023972194159214255
0.02380702062144028
0.024663053473657427
0.024964113842670554
0.023851661102249753
0.025209400747251146
0.02506388738769612
0.02403951985931064
0.024520013063981227
0.024674644540231962
0.02490428048225253
0.024388458249224622
0.025003916910394972
0.024370928714889207
0.02426039090004293
0.025876416322126266
0.024539346049834997
0.025322264565270446
0.026170299307180057
0.026054506118975664
0.025406706451796712
0.025228702463713514
0.02508456965441799
0.025649737675250164
0.025055855697373206
0.02678683238082682
0.026599388101859318
0.025641572569205053
0.025382233769957067
0.02630536704589645
0.026347204903051067
0.02664926253202445
0.025777351992045592
0.02613342844633506
0.026702493042954866
0.026724498796057802
0.027324000809410245
0.02640228620522955
0.026674835337973834
0.02666802661460475
0.02799603257563808
0.02767634464908425
0.026789347079567646
0.027510826323898025
0.026751765195988
0.027303801592754338
0.027385585745209315
0.027085171320374527
0.027408690598461932
0.028410194441220782
0.027336486036253126
0.027917259892794335
0.0286650706600014
0.028868541742975613
0.027925369858884594
0.028620872450253278
0.02800408893721987
0.02911737313867528
0.028891045663922657
0.02870456755989312
0.028615376210541534
0.02808863795940392
0.02817275264769375
0.02827959884431108
0.02823606331019666
0.029780156589509714
0.029016510757968118
0.03022050396689919
0.02981692780455942
0.02893764189169712
0.030272887135837798
0.02937879374834987
0.028951107915923476
0.03042405930156792
0.029052887685709326
0.029931831412256023
0.030765960928817164
0.03060085698112431
0.030778065303791808
0.029908242554997785
0.030546835764648343
0.030015389603732016
0.0297927381479434
0.030914820634857853
0.031039604029007215
0.030690442850304728
0.03171944474844798
0.031199843259288772
0.030617227752308445
0.031086146578073154
0.03200109508558353
0.03179926782592685
0.03112442583226128
0.03064924916620409
0.03132727190532424
0.030984138754841205
0.031162127141686653
0.032527683562632095
0.03141885953994091
0.031786603082481095
0.0326010644916689
0.03258045069507855
0.03181991319002579
0.031912692691530825
0.03265124957277735
0.03266416222294007
0.03200733272408055
0.0325404310410259
0.03214405258065645
0.03295637751863401
0.03205603295166134
0.03235350126158172
0.03270542980684048
0.032141068977709374
0.03327705338734057
0.033675374780520115
0.03261451637005343
0.033622991443809674
0.03321180699003667
0.03321687732924066
0.033992638809474646
0.03287598044192478
0.032763080933010585
0.03384237586938478
0.032996527762478085
0.034016840695969386
0.034639332352081484
0.03349937854828919
0.034841213360515266
0.03349103364614709
0.0343713128098274
0.03411834515576327
0.035073063257463497
0.034764247241883116
0.03515050494460638
0.03375087620924314
0.03411771811837289
0.0354899845870846
0.034402914353303136
0.034406002634332404
0.035721918420446044
0.035243182658488775
0.035671644059088486
0.03480035002347893
0.03557949897626059
0.0349758913196182
0.03457834033495758
0.03616157828775888
0.03491922983204162
0.034907338675511705
0.035979011055430915
0.03491759366189447
0.03478181584407459
0.03566567609947018
0.03491698977736834
0.03666956386536394
0.0361414525076365
0.03560768491678536
0.03594477468965905
0.03656153487085711
0.0357076386022512
0.03608024783595313
0.03609454982042937
0.0366887628601746
0.03569694721045417
0.036288332706126886
0.03634994311163527
0.03630130961804045
0.03712515009682905
0.03750925601437809
0.03751369499116643
0.03626414905671857
0.03674451856437369
0.0366089564104636
0.03715509377414317
0.037658439655671797
0.03723313749187249
0.03747125816145177
0.03743026064558915
0.036876372853783444
0.03680620639552912
0.03824824433550259
0.03799074204254642
0.03825903140375007
0.03721255032698595
0.03764900825982911
0.03753442400454852
0.0385448901502858
0.03860703052493165
0.03867106482964017
0.03749186172835943
0.03778094472932171
0.03733776232927123
0.03851538464002794
0.03901762131017958
0.039138175003961724
0.03920920422291268
0.0377226041255965
0.03816984602660589
0.037898765182762625
0.03812484916122
0.03933963244502973
0.03855615026042553
0.03798784751894031
0.038848669999153415
0.03916988260158313
0.03869157782228804
0.03951093914377508
0.03945060195236663
0.0383072291709265
0.039648269907253744
0.038550053677833214
0.03833050567006374
0.04001301706197567
0.040001481899068506
0.039989972797692695
0.04019148331189562
0.03959724005209961
0.03960677357867337
0.03976007320651522
0.03907888004751087
0.039618414968925264
0.03905321010215615
0.03935208836986918
0.04033385891683066
0.03978630670853436
0.03950583332849338
0.03965398753094494
0.03914491566692895
0.039213254564573
0.04069921361891515
0.03921558588036779
0.04006238604576674
0.04015651371773989
0.040503409007709275
0.039695101200296956
0.04084229028762093
0.03950038762213402
0.040879290197857694
0.04036877198103772
0.039797383317071555
0.039961029067115364
0.03993361851701399
0.04031251658422766
0.040008258912893835
0.03975554846302537
0.04019627612592158
0.040449610330842614
0.041034343318063896
0.04026242550110961
0.04041706521335188
0.04017171153604865
0.04102398192588441
0.04076131591420406
0.04126572929537334
0.04103811551508058
0.04098286856834118
0.04130279524593685
0.04028478764151035
0.040936483487157026
0.04030592754078453
0.04097194526995348
0.04170835500431098
0.041132013403389685
0.04206961422953292
0.0407322163843691
0.04151458028836458
0.041060671839694585
0.042088935202255304
0.04112115990422742
0.04087372561503195
0.040976894588915055
0.04086568969588795
0.04123081906785988
0.04078453702492386
0.041312999492911964
0.0420427156004001
0.04132652745451145
0.04225731275501938
0.04111646892692025
0.041017734153326164
0.04127555684504034
0.042447959652271924
0.04216234598092861
0.042117229146807336
0.04232303362745355
0.04219629812000026
0.04165769712716617
0.04179006538663322
0.04180841952936343
0.04148620145475082
0.042155675846205734
0.04258910060759415
0.04143478672558874
0.04139657089844486
0.042125021145789594
0.04251848127191491
0.04127982682056646
0.04117391411422815
0.04246248615935254
0.04135776506310531
0.04165584754692316
0.042877203726008305
0.04180351307364516
0.042251913354256536
0.04293957260398058
0.0424110260939298
0.04221179467052327
0.043010598562915635
0.041878609274612365
0.042477736100929066
0.04144580750395898
0.04221010695270463
0.04220440128976591
0.042408176328790216
0.04310929443532996
0.04164772442380254
0.04170949435623423
0.04191646310949867
0.042220404966110216
0.04159968193306035
0.04314494416986481
0.04261557516274115
0.04171713609489852
0.041853926346441396
0.04188499157101872
0.04290303406590901
0.04231360068039933
0.04244418298363144
0.041550109695377875
0.04246956903103913
0.042873970371279116
0.041537386878577005
0.041544262089468084
0.04197632054409149
0.04230290250479442
0.041784369136435004
0.04272660249032223
0.042149914680370486
0.042631174021192875
0.042600201135417036
0.04245001396167209
0.04312309888285909
0.04237180894131035
0.04271613147236611
0.04193517308645991
0.04288491523813205
0.0426126268200911
0.04281338695837578
0.04222796439385903
0.04193287753566233
0.042475152363596516
0.041791437626116625
0.04277522129099818
0.042162718795301396
0.04304537746577146
0.04175527642506083
0.041420745743580824
0.04171092072981831
0.042752142506729394
0.041774360507833626
0.0424727052539486
0.04296354214012779
0.042828354113660046
0.0430238542684968
0.041436444807508334
0.041538289510967726
0.04223834632971329
0.04135719291212632
0.04268996914802089
0.04131680232421057
0.04247921098920906
0.041401223722837555
0.04203338587402986
0.04253342588818786
0.04139885233887371
0.04124998834246921
0.041190583665051274
0.04249378432641797
0.04134104584167283
0.0426901637073765
0.041054377450875056
0.041005323293771885
0.04181267978288356
0.04139947118947484
0.04200591626966991
0.041784497825759374
0.04236197779553511
0.042536595274349005
0.04197618172185401
0.04113875886400383
0.04249180703912727
0.04150635829045331
0.041894878899640116
0.041938812929228284
0.04178581516417588
0.04188714651215878
0.04240116462178166
0.04188623375659448
0.04095174270658877
0.041842852221511975
0.04147877945103071
0.0419006272011986
0.040786959075053565
0.04114148031593258
0.041264872888834604
0.04203261064861757
0.04118688174536655
0.0419353365787976
0.041617474227897085
0.041202512418561106
0.04136817942619607
0.04052701474228999
0.04120000418968861
0.04171775533612724
0.041020636959356954
0.0414092004862913
0.04074909867861525
0.04128122783423405
0.04081252093743175
0.04016715733196311
0.039909115952674004
0.04066820338286576
0.04145980421322776
0.04075524427370122
0.03982338285483741
0.04094266019026126
0.0405280329625107
0.04121584465225966
0.04055063425937207
0.04073982524288612
0.04117179491602417
0.04123898077113921
0.03955192102709724
0.04109795808484359
0.04077532648181121
0.039924376352304364
0.03942049780262842
0.04006962417713695
0.03994983064100141
0.03928014518455327
0.03919517993853022
0.040145510315829205
0.039264682434949495
0.039312906752533155
0.04065376505632936
0.03931095430822575
0.04015960270385495
0.03924337132505424
0.03963461378074196
0.040129353322205144
0.04014071696531903
0.03935113243809365
0.03859230601491511
0.03911013328940819
0.03976691272285373
0.03932257600385007
0.03909459849339234
0.038750371452282134
0.03918647504784704
0.03851566329542836
0.03885660989645729
0.03953639839972514
0.038656346514349176
0.038047168867715926
0.039086398628827325
0.038438439349460916
0.03845828957570161
0.0387716711898245
0.039099708607350236
0.03893013312218839
0.03938292534344112
0.0380605734271522
0.038522913887854844
0.03907405182919095
0.03769766057001906
0.03897494664169902
0.03872787777198554
0.03897114476630566
0.03880858207405461
0.0381438891655247
0.03793944032639103
0.038401019962913244
0.03761332573433363
0.03719800537035507
0.037661764423586624
0.03724788743571253
0.03777244723668632
0.037368021544150636
0.03723738114596034
0.03766255365744312
0.037745776063237424
0.03679483484776829
0.03713362687154224
0.036766423988466884
0.03639001446199836
0.03763939311395723
0.03636481043991096
0.03642377476766661
0.0363498847702404
0.037273647725755726
0.03734962684101387
0.03716105047419717
0.036912573604374554
0.037260065350523265
0.03664213542660094
0.035630962137801994
0.03722548336883256
0.036360559982126575
0.03580878254857896
0.03555804416371988
0.036356029375726004
0.03595885248484398
0.03590713925939333
0.03576084403497958
0.0361241432319571
0.035819732806231186
0.03505640940208385
0.03512798326066934
0.034818430885263624
0.035504300184906995
0.034993783134511465
0.03545024886155222
0.03588013553635271
0.03509659166829546
0.03560025177589668
0.035244824774195015
0.03502244667898343
0.03496628069242822
0.0346209574494407
0.03431158657792994
0.0355865655509256
0.03456635825935335
0.03457836576064226
0.03462435398900135
0.03396951913151578
0.034007633815316116
0.034978280528343286
0.034256766044315615
0.03361128774400109
0.03473110959196933
0.03389997838922193
0.0339993326960641
0.033493078076861624
0.03454035563333425
0.0341896930077384
0.03353941283112383
0.03286391502949711
0.033639959638869135
0.03276996262990943
0.03409402851754106
0.03327323781460551
0.03276727777460872
0.032570998624368755
0.03325546773399718
0.032528778304446886
0.03277165484493069
0.03267954378975137
0.033056818595246604
0.03319540718035179
0.032167129867745003
0.032814795227514126
0.03215557364983966
0.03265660188116597
0.03326998754792375
0.03298709461405402
0.031577275804087486
0.031545103812619726
0.032521478919683156
0.03156040032631126
0.03169151318676789
0.031067808528133237
0.03237812195834988
0.032524487067034195
0.030976753502199954
0.031165186201561147
0.03160738461400507
0.03136238019147729
0.03158510487229014
0.03195821631659266
0.03123409575677146
0.03125845220510377
0.030234010429975686
0.03163284228768332
0.030999752990781292
0.030004708280448277
0.03116801590373692
0.030757253582928044
0.029982451030943897
0.031055149186402557
0.031236216788746142
0.029598990560967868
0.031033378722672932
0.02987468457100661
0.030360340262463884
0.030187144023092784
0.030767836779434003
0.03005978810078445
0.029061640183556663
0.030465287079340722
0.02884880964994584
0.029409698647911715
0.029414289762805388
0.02964714939789532
0.029274124892269254
0.029476794632336843
0.028655373016366666
0.029754264371853315
0.029550448908853826
0.028208543853802965
0.029374439797436033
0.028958789258422754
0.028519810001845728
0.029358624502865294
0.028864612682923653
0.028317627886625053
0.027714420737065523
0.02840955451151013
0.028970600238067048
0.027679880864314103
0.027255766788776642
0.028243684814694865
0.027411263772952728
0.02859900674471646
0.02798944912142768
0.02745583772661752
0.028443568823776032
0.02739228091002442
0.0279641508592945
0.027079719881480523
0.02739302245257837
0.02657883385200757
0.026584395111639812
0.02737090732767411
0.027610688196255628
0.026694340416398798
0.0267161222694375
0.026339094368114234
0.027038930820757374
0.026103069821334625
0.026580960471168615
0.026434371942035906
0.025629570971155976
0.025609370372207275
0.026849497194863958
0.026503632244978138
0.025261329944473474
0.026370374786398403
0.026102296507299123
0.025589911396312948
0.026485615861525022
0.02544552679241133
0.024823486439617008
0.025775765408068082
0.025473842706813247
0.025646164213786217
0.025948401619784397
0.02565695266889604
0.024334443262394118
0.024168037788629897
0.024631410319633174
0.02404610223150231
0.02413746581752928
0.024086395732059316
0.024268728686689802
0.023895172392006905
0.023475296781235125
0.023647531662378877
0.024709710383577988
0.024336644227030475
0.023850026820110143
0.02330926497330471
0.023817966128417453
0.023199684162515055
0.023928624135429025
0.024429077174662202
0.022905037403661562
0.024041698479709238
0.022717636971631462
0.02309269330581943
0.022613325461514486
0.0222503945545034
0.022310420404215978
0.022593535235031773
0.023619543735113126
0.022423821467242606
0.023051862974929005
0.023343616655734794
0.022060894226265226
0.023103849102028874
0.023275639682173072
0.022656322706766496
0.022026145019058915
0.02129641051195734
0.021852773541717926
0.0226967200902418
0.022797165663033806
0.021002881778687886
0.02178678284025097
0.02105206041534439
0.02238545489457827
0.021462751770624403
0.021989839466490208
0.021351123237557116
0.021229330641302818
0.021494268959845984
0.02124487529832979
0.020309228570347684
0.021354751986909917
0.021641173033712525
0.02037475571677534
0.021570412309053627
0.019903001690404775
0.020502700844021626
0.020745983049163187
0.01993851426488776
0.020853547019477153
0.02084564360502995
0.02088790729979062
0.019771660246211766
0.019394733853280267
0.02054632096425252
0.020585425497616553
0.020074091084885497
0.0202666444845426
0.018844900243404385
0.01981283780207251
0.020199253695860224
0.019756221508441526
0.01894557962526464
0.020066860895229917
0.019575895780689134
0.019581125985154962
0.019566437488958602
0.019239661194191876
0.0184768204914151
0.01811925964398802
0.018159448026149067
0.018729236259713136
0.018436347336532734
0.01841761250411945
0.01853961422925702
0.018318121080791738
0.01777803110078399
0.01841810312296329
0.018561290828516038
0.018336886609470658
0.018435851792419605
0.01847984725756263
0.018506054464146184
0.01845615697838976
0.017117461221064372
0.017362903046415735
0.017250202764177734
0.01787175262871938
0.017649507314203637
0.01774604507346406
0.017118091922642034
0.017724116905928376
0.016937098007305137
0.016671458369112258
0.017584723979759978
0.016748202907200603
0.01743520022506931
0.01680300232498701
0.016875700104536567
0.0171263823220932
0.01658216346319803
0.016551009617205542
0.016892461908759777
0.015955392475979786
0.015953907862902218
0.01540890013354796
0.01562878631678141
0.016453310029066068
0.01645874096015477
0.015157845291605559
0.015259177941641618
0.015789377142264034
0.015407090288589793
0.016470766787622798
0.016227795346006758
0.014963359309948304
0.014837758803945854
0.015232976327628645
0.014540032035683053
0.016092155113137063
0.01559707167378201
0.015837928207052102
0.01438433285908438
0.015318063082377079
0.015769771794449283
0.01403310726690586
0.014767317876624659
0.014116320949998432
0.013857378880274863
0.014522866477786193
0.014580435247048513
0.01359072647080408
0.014907804168074183
0.013716573894546343
0.014831343838726837
0.015007164795239765
0.013571194712813085
0.013986843520453533
0.014335890723404908
0.014119302317306369
0.014005390563983464
0.014229213849584043
0.013843073537113216
0.012957876134281886
0.013686239909597027
0.013237215064428055
0.013406009816800343
0.012577480569317205
0.013648919705690966
0.013210722922504437
0.013486749484134683
0.012681723158215459
0.013079430262931286
0.013785128628130961
0.013541029333525115
0.012991974703041555
0.01250109751119382
0.01203844855163102
0.012003320565518215
0.012690269334868937
0.013405531916614642
0.013004323571293858
0.012749010999731318
0.013015497508942759
0.012606216924948028
0.013046428005141268
0.012141989110080072
0.012041975432651801
0.01196330557789957
0.012050771353932743
0.012513772734026124
0.011165538031484842
0.012556325187765538
0.01202102961636915
0.012458105860323032
0.012591474327535681
0.011376885680785865
0.011733324212309418
0.01144284944312707
0.011770686467150897
0.0119161498681364
0.012093744858988138
0.011526119460531859
0.011284578989003459
0.01112441310101508
0.010669092339411304
0.010376358716075288
0.010706134696819265
0.011874105009573371
0.011694445269742716
0.011670980330670747
0.010875170568563927
0.01132319769703076
0.010230783005033009
0.011040662696703167
0.009977025386470096
0.01094446056979104
0.011039612612555493
0.010925532576010517
0.009710194855769516
0.009660151365359441
0.010217796981595941
0.010703908013104897
0.010215110322802508
0.010065968711808038
0.009707061345600078
0.00977920465145552
0.010481297594726623
0.010143818988978353
0.009251461459938201
0.009388943982787308
0.009404067262849612
0.009903583088220652
0.010198860955113085
0.010363491377151363
0.009037303679311059
0.00870043670387237
0.009416251365845767
0.010133416687086994
0.008594028329894293
0.009246412447284889
0.010068169835965136
0.008614936479251675
0.009722478943838448
0.009844460785072146
0.0092072358025688
0.008839840552080059
0.008301480170981776
0.009085430465287274
0.008576097053938206
0.009545416401629413
0.008949250799138265
0.007988866828950161
0.009339030466449705
0.008965205404944292
0.008576564482845769
0.008930348213260284
0.008042943111291726
0.007983906028186275
0.008522485932210236
0.007976183956449185
0.009255628524585066
0.007638952903892032
0.007470605096725886
0.008852605154679094
0.008370937917875505
0.007814960974812362
0.008294012954129449
0.008860792673451778
0.007373807953092145
0.008006797070118745
0.008563511729643824
0.008599905929517338
0.007320721519715257
0.008463467703553346
0.007274916886002315
0.007280590046241797
0.008211649351816567
0.008244386331917685
0.006992314881292064
0.007382414773250068
0.008129159600397794
0.007886513542021
0.007857667536463853
0.007456462422608033
0.00798206011948832
0.008029907603588248
0.006571175696159762
0.007930267336664262
0.007930479853755225
0.007314349873540644
0.006462668296952684
0.006252755518931306
0.006856914032559043
0.006192717183431755
0.0066965297840153514
0.006875575118474981
0.007387226093826181
0.006024956714776023
0.00746558941200774
0.007343667922091466
0.006258640704868764
0.007243029376654016
0.007419504482770882
0.0074333509253512
0.005838657904516832
0.005850349916242717
0.007369066693555194
0.006860969432011873
0.006858274135074601
0.006433241193149574
0.005558179157275
0.006712628923027466
0.005757949841882813
0.006871962057634926
0.005580461359902326
0.006587174850965048
0.007030639293281573
0.005689708128294517
0.005440185489887184
0.006608757188548169
0.006832105469865548
0.005325716364619663
0.00644730417819852
0.006089812280138573
0.005169642188356619
0.005817092597675431
0.006107480587377382
0.005373945120092494
0.004887018382649811
0.005869134220936278
0.006332819562632166
0.006341062137333426
0.00538254804348969
0.005866962420246884
0.0054053270922478575
0.00566938124847917
0.006226723507739038
0.0056231166703542435
0.005404523955174454
0.004771307767625215
0.006025552495033224
0.005010770941651431
0.00483778172462727
0.004924652053361988
0.004389794244180042
0.005018261829476731
0.004875630605023158
0.005653587569720037
0.004320985783485813
0.005583900187922526
0.00512610516441381
0.004803473487611897
0.005554850732338864
0.005513631244212818
0.005490627901358353
0.005726282461359973
0.0054507431298485695
0.004711217121017006
0.004966368202839981
0.00426059581671422
0.004959766244136716
0.004879081450655673
0.005308055493860486
0.004771359588154506
0.005488845013133846
0.004622403325593903
0.005398551074455586
0.005404839346704638
0.00448634366124219
0.005423557710878154
0.005414554496026411
0.0051015429131398655
0.004587296275710539
0.005193417589253835
0.004906883716316356
0.005057510292378957
0.003942074597183564
0.0044760306584823014
0.003917096108992424
0.003798140227468454
0.003879701086804011
0.0034229721362391188
0.0041820139664312216
0.004156531767934468
0.004470819145551577
0.003407446850586626
0.0045425310757049
0.004820247541094128
0.004781042378424045
0.004146073115236613
0.0035237139854309004
0.004047054276097995
0.0036260331864864455
0.0034499851698174076
0.0038838342166395735
0.003491545975746584
0.003205270560290988
0.003657763299744357
0.0035738054174304546
0.002991562273768239
0.0033622629854105075
0.0040767020595659734
0.003786397447782197
0.003796413297484319
0.003942897384072496
0.0043623165426021765
0.0034183648998758506
0.0035792719858195174
0.0032012162379520498
0.003252473600250879
0.0027563673709662616
0.0032194182610716343
0.0028433497932662255
0.0039423932977800035
0.002860871441808721
0.0026592986048792405
0.004015829636306834
0.0038254111939201555
0.0036893741517693237
0.0029931468890841383
0.003985079293344837
0.0031252761386701814
0.003320858567857136
0.0038362197488037296
0.0038806988555983453
0.0034980856566778156
0.0040964876577881506
0.003091522432589544
0.002410819410332644
0.0032960801398663566
0.0024105654086607527
0.0030378004985478317
0.003530961030549391
0.003320035880822604
0.002838881825219591
0.002738054600435039
0.003652302726867901
0.002559190333113365
0.003796301608307676
0.0037616910174748945
0.0022018907188941874
0.0031561706835748064
0.0025984747539928603
0.0027916263595636533
0.002762875021575537
0.0030465238808201306
0.002614134645930363
0.0034410936104087475
0.0036569128120384473
0.002096026940542355
0.0031565970883518806
0.002344786303373571
0.003029314800443213
0.003472064988138007
0.0026649664962626013
0.0023600324868103227
0.002673357341863001
0.0020774818068081944
0.002329015018303327
0.0019394061992077318
0.001967860732166023
0.0033353011656670766
0.0033255322896207024
0.0023340665297656212
0.0018489727960771967
0.002417651411220154
0.0028435353523498324
0.002520005479240559
0.0028814917961810047
0.0017618028208106517
0.0031401587708533287
0.0028875840701722065
0.0033202719827105046
0.002217168733968423
0.002931035923214826
0.0017490699889657713
0.002356612449056093
0.002185142862485039
0.0027729595671583942
0.0021137370570603596
0.002437421338642457
0.002080522184547096
0.0017781959121392942
0.0022187514893359773
0.002172881448415569
0.002814971146482312
0.0029480471093789
0.0027274065470174105
0.002019277681736301
0.0023162090967729504
0.0020306800256689084
0.0026962368468228443
0.001779701872608636
0.002497600757522766
0.003116569844407124
0.0018330907640189277
0.002502763990115274
0.001981940666009296
0.002959087037577638
0.0018868188317607564
0.0020639261253542302
0.0015277689630422541
0.002750206060990031
0.0017332446474294
0.002698141815106194
0.0016653909168946243
0.0021254011581721475
0.0020083541289800844
0.0029564419822171225
0.0014685699646891624
0.002784333715905828
0.0021528954592448103
0.002909447096653274
0.0016831288931999028
0.0013900428334794762
0.002410556523284096
0.0026336254156758307
0.0023724304880174164
0.002600280412089126
0.0017320705787050553
0.0016872595099313254
0.002449492642941735
0.0011300801754260171
0.0021465334445916946
0.0024345972577807006
0.0027507362164371197
0.00222952629835886
0.002324595713662152
0.0011187957044672453
0.0011241792038332436
0.0017014288882385544
0.002607173598472952
0.0014588251810481914
0.002324445368403164
0.0023276178364268216
0.0017429449066518005
0.0024193199390299468
0.002208986944884446
0.0026828173521780143
0.0015068323276236674
0.0011189502059460983
0.0018305545869847512
0.0017943945197515733
0.0017984399721401188
0.0020051828348554984
0.0016696582794742587
0.0019282877157607676
0.002631309227734328
0.00130894739995954
0.001994833442419624
0.001533782816220449
0.0010790221360972535
0.0016239109361047804
0.002164125697444874
0.0016696771782569613
0.0012860653750104186
0.001701382289730374
0.001934449301247132
0.0014743355831924316
0.0022936225994749644
0.0013884621835706572
0.0007903004135780153
0.0012477412560906226
0.0020813472385804066
0.0007650709977338306
0.0012159184385957765
0.0018923605156115715
0.001289636163786272
0.001997348921933288
0.0007377698587113264
0.0024154247170521926
0.0021396936620444998
0.0017821382980836153
0.0016465770833288605
0.0015125507021446782
0.0009939226382977503
0.0015259413615206013
0.0018202136984597596
0.0018586941918952247
0.002202693867381853
0.0022351539886671925
0.000989665942917244
0.0006654411396541445
0.0011839548567252013
0.0008454374589351906
0.0008498784381088675
0.001425551278480549
0.0011738308904675062
0.0011069035028005352
0.001029591470567157
0.0018547481811284714
0.001091135933067678
0.0018629072581386951
0.0010970609960311742
0.0017093354045803503
0.0021014732879106224
0.0015846486021624535
0.0006233625023457265
0.0007199759145266921
0.0005953695990269979
