0.0013262529204756245
0.0012578828145760382
0.0018831301042722378
0.0020229101834224896
0.0010875331473505381
0.0008657420661160436
0.0017259398433044316
0.001852014364014125
0.0014766769462781124
0.0012045744009186773
0.0016343333629843118
0.0013460222863461194
0.002148155737789209
0.0022304346841095523
0.0020035718068909863
0.0011569348922864928
0.0019166336334329706
0.0007356213868115548
0.0022982361607682775
0.0011657101145094019
0.001146834395659628
0.0010401869042055258
0.0010995313186559646
0.0023021248349471245
0.0008892599935274
0.0020762779500230824
0.0009219007928920231
0.002032453601347662
0.002246151023329165
0.0018637930269651936
0.0012358244223175463
0.00139168425348349
0.001659756312158573
0.0010420814740263239
0.001957447339360082
0.002083778369498733
0.0014520444835992748
0.0019770963232840994
0.0011690090839437024
0.0012939687540589402
0.0021942821784077336
0.002012630113488431
0.0020013441234580055
0.0015396390102915664
0.0024316336844718805
0.0016390666114071925
0.0022214776051782017
0.001139475791974208
0.0010440093305300925
0.0023586014828781286
0.001477108327475775
0.0009671698098176369
0.0022795782792571105
0.0009683337388610784
0.0011552407434720553
0.0022256937683455395
0.0013213793192349093
0.0026438395951586336
0.0018340103056659165
0.002562410224739681
0.0016101077740759404
0.002185868103257696
0.0019306705094959925
0.0020489067195879253
0.00240227312919225
0.0015632517022639593
0.002050322475281781
0.0025003761884254327
0.0015199699741229094
0.001425980603652519
0.0014047292863625356
0.0016537229907901158
0.002526972550483586
0.0023976101851855736
0.00251518031866005
0.001611734369374678
0.002702421864756219
0.0022118620268284915
0.0018286472302220115
0.0011595148551521066
0.0028343381184822753
0.002213378268734295
0.002570366735124825
0.002175942203211145
0.0024016778115463246
0.00235148638297161
0.0013041912487283956
0.0022246800749419118
0.002328448189024144
0.0012600595493066666
0.0027669618746603334
0.002338509686109486
0.0014945353692086135
0.0018084015344585155
0.0016188861951164475
0.0019132411751250143
0.0018961273710395078
0.002750905785095096
0.002284931109208005
0.0020363592824380306
0.0017256731237622234
0.002235567535333176
0.0016168070932923264
0.003109799718212869
0.002482152663407813
0.001890306239748674
0.0025613752495735683
0.0030389118038853464
0.002814329328387437
0.00309629595563185
0.0018226788428753735
0.002958256593408375
0.002782776630543854
0.0015138602374755762
0.0019015843684518326
0.0022169512270865414
0.0016022278586243078
0.0023306819392970883
0.0020544407590267337
0.0026528705195384486
0.0025298004071494713
0.0032221368519727207
0.0025851944584152995
0.0033512326399000383
0.002608013927296315
0.002655899663288983
0.0029356321457950354
0.002889071311462886
0.0019513936575813692
0.0029661174398880057
0.003345357813900558
0.0022180094822661137
0.0026342202449637134
0.0032618330617467627
0.003147656844051551
0.002266241803381828
0.002215214830364347
0.003370361718641584
0.0020135926214875696
0.003342843951633851
0.002722306899219605
0.002939053430738435
0.0021054645984361375
0.003428742535175008
0.0024187161268883596
0.0034163171523159896
0.002834692157065513
0.002793590145729325
0.0035013215003695734
0.0033493214884413865
0.0024642970346079223
0.003252857419763765
0.002663421530605031
0.003260556642795729
0.0029980865194600597
0.0028562834275066206
0.002983872322060595
0.0026127981340902775
0.0021893424844708262
0.0037852261881098355
0.0037514178070721456
0.0028396764472745327
0.0023858751216088033
0.00238088153051138
0.003197960141975027
0.002622963409355291
0.0027701793025724647
0.002719731438270465
0.003755515161293109
0.002759088382183871
0.003344801741597139
0.003268492404298317
0.003284639303317974
0.0038579680322236186
0.0032120642992176673
0.002701150947483728
0.003719098968228787
0.003477547670566882
0.0035893662534928947
0.002909310483843777
0.0032275406422543583
0.003450818925228317
0.0032073733666478613
0.0029193125553938744
0.003190582582844093
0.003061026424360245
0.004188063871798716
0.0036340321575759043
0.0032454862326592054
0.003400341295411487
0.003335577539840664
0.003147207221378416
0.004456130537625362
0.004322446786461223
0.0031429131145929903
0.0030614711023694914
0.00448272574613715
0.003139592246119074
0.0044541608940255354
0.0041915161896772905
0.003522256251014698
0.004363853070487697
0.003026974221446828
0.0044565333441287875
0.004336128935090246
0.004308016599650475
0.004743384398474397
0.004211512580668548
0.0047100174969650155
0.0036805313145530307
0.004731567773436298
0.0032545271386197503
0.0038810659343750374
0.0033485105857307897
0.00457875716220426
0.004856165707815593
0.0038002815731631857
0.004582875038454495
0.0033842062109891513
0.0039282520187849754
0.0034997874262543754
0.004183360223309973
0.003954565973288845
0.004237990393583448
0.0038089873666988195
0.004435909553751789
0.004958413571015819
0.0045520608018954425
0.004747831266371284
0.004264884338139734
0.004425266768894166
0.0037218984301869663
0.004969590066918644
0.005125455399185373
0.00454407571603765
0.005479183576357611
0.0048990725507537915
0.005313511337487061
0.004121885298622477
0.004200630602237222
0.004424947815924194
0.005608655648230295
0.004117880085634533
0.0049722754674210905
0.004664610384707019
0.004359270074889556
0.004536744801705002
0.004848742610407064
0.004629946995748144
0.0053527354989240505
0.004929868403045961
0.004739199082584428
0.005131964382363789
0.005249882420812825
0.005716072765082615
0.004734499018785796
0.005939957308214521
0.005677893119195095
0.005801395976639268
0.0062552475297804845
0.0050279760752081435
0.005949394977932446
0.006227223552733377
0.0053648989237328176
0.005484107372295098
0.006142503584001846
0.0062403309514008415
0.005762605461014659
0.00530696920743862
0.005857889976085631
0.005144231355885514
0.0060287347025867995
0.006299357156385035
0.005012356471091526
0.005335524449301091
0.005397133831111936
0.005665707922235904
0.005324788185665076
0.005850930662905093
0.00662355612748249
0.0061319402823136904
0.005432815503749044
0.005581551529193647
0.005923449909555616
0.006686888122200152
0.00675627251376199
0.0063124461067343395
0.0063536822546133125
0.0055807775429114435
0.005766843717558756
0.0058603700395770415
0.005660228580157424
0.006941048408700958
0.0062475989226096085
0.0068027294158514535
0.007312802677085824
0.007360974734442426
0.006903746394848829
0.006335932247177217
0.006519177022015969
0.00706342306013261
0.007021256149636281
0.006245661740286347
0.007262485384522665
0.007206348839857072
0.00676173455217277
0.006727427428459311
0.006474628318363948
0.0065266308508250635
0.007492857180877176
0.006863178557210477
0.007064714144676648
0.0071966080471057925
0.007099148798954266
0.0070788859710048955
0.007947385484731239
0.00763169349230904
0.007234419885399815
0.008349707514838003
0.006804006230434618
0.0077560943150407295
0.008268677554975616
0.00740326368884624
0.008424561375650324
0.008270060263056456
0.00698727017267703
0.008436102473211696
0.007752648710137825
0.007896463368195663
0.00763537416975089
0.007832906809274611
0.007331970933495389
0.0076328273096821445
0.007603929035373551
0.008017448332320288
0.007511579355905106
0.008072726016442799
0.008893257679460734
0.009066603251580678
0.008709988129979909
0.008998855492355094
0.007766314733499755
0.00833335837291364
0.008767188541206044
0.00843874007180195
0.008079878944795105
0.009460535832857863
0.008056030540910237
0.00844058905649601
0.009035009832547928
0.009721320878186888
0.008496347892127547
0.009458723992009343
0.00814945293035361
0.008390424051830539
0.009038078833384446
0.009007806371720446
0.009333454826713846
0.010114051852765541
0.008996102504897706
0.0090849598916803
0.009988507440978997
0.00919465244544125
0.009106020535281225
0.009587774394397711
0.009371155426090856
0.010123594334086902
0.009692082991999038
0.009844749062229478
0.010405425430075048
0.009378147647081172
0.009045404707181378
0.010073285675287343
0.010364215815115025
0.010844139300044277
0.010862226375235
0.010242164019029807
0.01056626965976873
0.009525063390795792
0.011157872362303882
0.010429963066418817
0.011190192498022224
0.010461203830862527
0.010632783350712851
0.01139201572810695
0.01149927899869708
0.009824629794564582
0.011588760616225883
0.011140276927190157
0.011648659483195092
0.010463947263870479
0.010096999561060981
0.010751219434217139
0.01133310501405397
0.011427126381080892
0.010946730343565768
0.010458648891564677
0.011756554729289562
0.010860989977636447
0.012180252225176753
0.011530264591182747
0.010870118265832365
0.011672344863045244
0.010934558135460697
0.012563810822034187
0.012388099265245893
0.012669629713023805
0.011064897095929754
0.012005703432234834
0.011192103304014302
0.012343809885320568
0.012126123321700127
0.012981619403971663
0.012854845635877911
0.01300288990865854
0.01151521656540783
0.013240100800903964
0.0122257255720201
0.012608564545198639
0.012510219141457377
0.01264931915590017
0.012406504252440108
0.01252005217327487
0.013487453549849189
0.013577554773027361
0.012763417224661601
0.013371079520052329
0.013334690935915449
0.013683012786110152
0.012445991348758153
0.012805448725085433
0.012843701461059443
0.01336848492447351
0.014114773122508396
0.01291211762854276
0.013256562802651847
0.014196175965304418
0.012837501498742866
0.013027038638724947
0.014055704187100004
0.013982082658729937
0.013686588288195231
0.014600932047829982
0.01357872395226074
0.013436694429001259
0.01460648995289156
0.014976532162894218
0.014766284965736348
0.013790118444309789
0.014613628597299894
0.014921021940511472
0.014080289246920154
0.014615324864877642
0.015144769175027247
0.014337968570784553
0.014652807067335186
0.015435103562262785
0.015568193115141116
0.014559907432005236
0.015205797378343511
0.015676405798764958
0.015045019640510443
0.015019064932328434
0.015619259254798457
0.014775193775942845
0.016123330752941565
0.015968914660881905
0.016494346785273305
0.014895436189855133
0.015914650635178915
0.015349891375170805
0.016519572980327482
0.016344166660867722
0.016388355655210258
0.01680678160336803
0.016338212810614563
0.015436697735963739
0.01694802076901959
0.015915764789768395
0.016456892603258607
0.016882406698062912
0.015866054346237134
0.016627877532982355
0.016923875382344217
0.017099784227781224
0.017024281352386476
0.017176764013147196
0.01776068847336399
0.017238101526621925
0.017958843350313152
0.018143071677921088
0.01719494653929826
0.01722873843801023
0.016715487538167845
0.017722923452990633
0.017761099920887893
0.017353774256820054
0.01767802701157173
0.01840432092275752
0.017216425113681367
0.01872064402468815
0.01841166404175574
0.017829044564125207
0.01897635911001194
0.01771367723595845
0.01820041212536614
0.018289082234171153
0.01936523964040731
0.019424219074053176
0.018392121572105097
0.018214645247659193
0.01830533831629931
0.01934422825341613
0.019715733315175794
0.019366142154335093
0.019286976255603952
0.018592477670931112
0.018481410312596345
0.020154430445923355
0.02016444095262468
0.019129171937339765
0.018994000360369436
0.019114773659105962
0.019909146789751496
0.019074899303513658
0.019426637263035864
0.020502039727607144
0.020532910462604692
0.01982151840546871
0.02058325737285112
0.02048157322414641
0.01962098711261959
0.01961543953646052
0.020219976542068
0.020728378336699944
0.02077916703627094
0.02120617876070283
0.020080869298255314
0.02108902787296054
0.021208210892281545
0.021923789896434155
0.021414138633702014
0.02084633176917907
0.02206400955377716
0.020964840377582256
0.02181512342463196
0.022007749114270597
0.02170988175209513
0.020838290919418
0.022194385394116164
0.02119061144902873
0.021717644638457986
0.02159220422425305
0.022804598176231802
0.022029834754864693
0.022153571301988438
0.021559348648337057
0.021563452644560763
0.02206921588469728
0.022365100062993495
0.02268386812219928
0.023163231571204448
0.023004286380879615
0.022069758655587884
0.022614218987143754
0.02324371754926129
0.02354277750340131
0.022730297352657896
0.022520485658071243
0.02357428737770257
0.022705974334225006
0.023648977894449166
0.02274123218279683
0.023468924103977322
0.023770388237262654
0.0240501538321944
0.02307253045363196
0.02367960146171805
0.02333852224942846
0.024593544263112367
0.02425946182160214
0.02473000247043923
0.02425484324727434
0.02367343831782693
0.02543231578115622
0.024663801970289192
0.025136727080788606
0.025559075213935106
0.02414232458062658
0.025571669638613875
0.025772116534910097
0.025186070112206783
0.024569393453123253
0.026114003197170277
0.02527724128230268
0.026263383012256582
0.025489104553242468
0.024905610724798306
0.025832437882116973
0.024977657954893207
0.026515742630510496
0.02630393923841866
0.02570669793479456
0.025906388948306717
0.026728801140347272
0.025598237049258392
0.02665831258954167
0.026908397912589647
0.026902863608291337
0.02707370398480349
0.025921794527483853
0.026826251458648535
0.02731887060965962
0.026398614410129636
0.0268181496255809
0.02707680277855426
0.026770877286529004
0.028057149393243642
0.02792946142293127
0.02675861585104395
0.02729551684634196
0.027520576056298332
0.027631994552115006
0.02719395692005869
0.02841347694665618
0.02793962249907997
0.02876823708233452
0.0286869804112651
0.028045540620972496
0.02813281333428083
0.027699730170964956
0.02769556018911167
0.027587260319501664
0.02840791365717074
0.029025399567160243
0.02795561445162307
0.028094359936725915
0.02834778948705995
0.02881430166385403
0.02969209736187174
0.028967304161290716
0.029848435846012853
0.029126586990212512
0.029422934335373522
0.03019219107995192
0.029175575531555312
0.028784144914069578
0.03029104318089405
0.028953410814322383
0.028957720840287474
0.029179847983741607
0.030234403183901203
0.030592154231602657
0.030222578215506953
0.030885852668333987
0.031138888152720458
0.029481946667930328
0.031285258305361434
0.031273342450951834
0.031135280599522416
0.03132178069964693
0.03103012827170387
0.03101323837671172
0.030873720106789643
0.03154070555903998
0.03102151767967181
0.03134986188492602
0.030633958671863498
0.030663316027915725
0.030729036834897035
0.0322338525711085
0.030866685055221627
0.031677040349621474
0.03167624044189889
0.0320309486607772
0.0315217454903787
0.03109424740254372
0.031953905958210946
0.031359652099883416
0.032388115085126144
0.03178797708882099
0.03286725901155999
0.0322680527123119
0.032798343587118646
0.033374596592932
0.03288641032722817
0.03195843111701573
0.03199518813552803
0.033015616066791216
0.03204300828514767
0.032485492423577726
0.033067281446930843
0.03266097788712113
0.0333759900904489
0.03267115466551404
0.03264667071490912
0.032818115189074175
0.0341691865307353
0.03397403101323841
0.03338540394414443
0.03321168488598586
0.03450543747854032
0.03400084153172463
0.03426087568312873
0.034806089803572506
0.034921484870622084
0.03332699777924067
0.034413081257487946
0.0343314898470927
0.033610434109885824
0.03432913389028002
0.03421635673277947
0.035126302694083116
0.03542114025360288
0.035358602759047834
0.03504876662327376
0.03565241963553413
0.034402267312519136
0.034758341188811624
0.03551983045701813
0.03563222445080318
0.0346586855263567
0.03453976641538739
0.03500332242299404
0.03619821810915269
0.034949320136794304
0.03632332649118188
0.035745993823923544
0.03572448056457787
0.03534078935149159
0.0360675472010617
0.036344123460048
0.03529692409305883
0.036276350001203994
0.036257605278378326
0.03606194353446753
0.035844770738648994
0.03631846409617753
0.03674268373927271
0.03624027171190467
0.03705398543318967
0.03649974043174712
0.0367832194122739
0.036438181795087475
0.03635014636808111
0.037590602490621884
0.037608770608879925
0.036029190328404674
0.03682954501353555
0.03698625050381134
0.03756874276842325
0.03733060982137699
0.037670615610161225
0.03731007445489892
0.036788807532994836
0.03735915672218289
0.037836677452029926
0.0371584445864506
0.03789322208198812
0.03816786312352643
0.03760768692388204
0.03786504640833921
0.03857591343150733
0.037031548090880946
0.038418408844424524
0.038793590799536426
0.03742507557455849
0.037255599004634106
0.03861178356110428
0.03814729967865742
0.03813254135543677
0.0385771469078766
0.03817431941582222
0.03879178206084359
0.038593822846218394
0.03878810228022107
0.039213375192836034
0.03878193133100958
0.037780370808457864
0.0394172800533559
0.03875655793693358
0.0391201615191174
0.038135004418402396
0.038550195105432596
0.03874283332485383
0.039854443582131215
0.03833980906150909
0.03944816076287609
0.03974939104561471
0.03884623614762962
0.03995665613320372
0.038639362508290934
0.03959327978326486
0.03898911476778625
0.039374514262613
0.03861302234254293
0.03889836724008981
0.03899794917799779
0.03902310095946264
0.0394559774848164
0.04031999684446548
0.03907846429236534
0.040512054281420525
0.03917265718578745
0.040667562988988354
0.03955571176081654
0.03951124432247951
0.040090973583831506
0.03933616932652379
0.04007638203464896
0.039407140467922507
0.04006684064344243
0.039813103164372685
0.04068357343210176
0.041146188934845646
0.04116722953082794
0.040437271046773283
0.04088563436754816
0.040621322708827186
0.04053289672241992
0.04070474198907829
0.04003734967899893
0.04142121608138718
0.041494815261801
0.040740242206434546
0.0399426980450262
0.040891735746783925
0.04106139948018584
0.04119687823444178
0.0417487316853481
0.04113334961308211
0.041586028522503884
0.041140184653735534
0.04090662588616688
0.040908211462312126
0.04066210448102918
0.041038623861567564
0.04026730552530753
0.041198235098965495
0.04156920258972153
0.04125261329077946
0.0408410011779828
0.04155869982029055
0.04092521919396061
0.04085210780065023
0.04143367253418286
0.04163008621808072
0.04098943884280498
0.040774975677258705
0.041573996624160184
0.04135940119676749
0.04144578396017102
0.04182958670719663
0.04123050404924418
0.04183375072884824
0.04234072085949435
0.041145271625592075
0.0423359688215333
0.041872040260314575
0.04166717961123017
0.042346083652713765
0.041640356168894894
0.04126824316217751
0.0411432147264362
0.04145097410910405
0.041561454895303294
0.042743792447079786
0.041256482169990824
0.04205092079661854
0.04104409929970452
0.041226677154114
0.04143428134386923
0.04238764191006206
0.04254004856924141
0.04220371752023124
0.0421826602706679
0.041219239937073146
0.042172275318053926
0.04136949157134597
0.041230809751618504
0.04203391044605032
0.04232487025171043
0.0421644152486843
0.04141552104363602
0.04289722692225021
0.04256974675068302
0.041597605346517554
0.04173662392929366
0.04141559102151887
0.041616591889071915
0.04146947911676766
0.04191454656623302
0.04169731165341558
0.04190719695905495
0.04139959496511237
0.042494545543929035
0.041658145391027177
0.04182748000392199
0.04178396705165832
0.042598447192241234
0.043011652465044826
0.04265569813976785
0.04204462846592836
0.04155461746045719
0.041594126528706615
0.04266044122101559
0.043179002120792884
0.04301370714194152
0.042718418279786945
0.042915403355899155
0.04249855295492563
0.04172412886676643
0.04194588305109167
0.04202958396495362
0.042482517360398354
0.04163888049497963
0.04249161423943976
0.04184460485194315
0.04272928494964819
0.04293039786766831
0.04153562718950929
0.04293876348598453
0.042171361053660324
0.04149073178455061
0.04280570877874429
0.04172777630012969
0.04237194093159265
0.04140143879877749
0.04265315421828124
0.04223708607996331
0.041926031332984656
0.04266121181858525
0.041440213577430704
0.042517375042761145
0.04293244886911164
0.041462190784118266
0.04190667714445984
0.041499286047038314
0.04267092366489476
0.04226359448271661
0.04152506679182049
0.04242226715804086
0.04280487042661846
0.04287857662438925
0.0420664815140561
0.0425930910501066
0.04259368784444836
0.04120308022967659
0.04254081003915771
0.04168365443709391
0.04135788464411265
0.04116826380051684
0.042389095159558736
0.04226370852522603
0.04170867562960348
0.04164616859174738
0.041937040066746166
0.04230423036100163
0.04138078710041365
0.041527551784615466
0.04171787634265346
0.04155070461273562
0.04103465037992872
0.04169908093977591
0.04231583948829485
0.041524899918352
0.04136281887680844
0.042265921499801073
0.04129693986536311
0.04213216084306708
0.040962746003589866
0.04168278330236592
0.0412974210799712
0.0423576675446602
0.04089332749379954
0.04067654642819536
0.04130673098040358
0.042179059168934094
0.04166687556585167
0.040924015105712246
0.04119704745683163
0.041280956645759016
0.040398764133155886
0.0415190604552059
0.041800880585671496
0.0412389309951097
0.040671549244057685
0.0414438373881135
0.04149608345207462
0.041647606506472305
0.04118799864980201
0.04083161668904506
0.040764534476541436
0.04160278555143574
0.040469064714044385
0.04144655016591514
0.040751844141762354
0.04087070751387348
0.040609340807695994
0.04028038849280917
0.04076420893763856
0.04025891527564651
0.03991075131139366
0.03971130940523411
0.039691132142101224
0.04131217215614793
0.039709624833996704
0.0399485961140178
0.039509870840092685
0.039970825405273094
0.03974472023201734
0.039801291810589626
0.04004164565091397
0.03967793240649855
0.039842982010281434
0.04017387488949311
0.0395530468379697
0.03943053565220485
0.03963246072337704
0.039437363817431126
0.04001096714514451
0.039538781913966675
0.0400262485359289
0.039868065965454044
0.03977995159295476
0.03905053844651623
0.03945664628919596
0.03881194056399403
0.04035565901928963
0.03923182292241349
0.03999169948731744
0.03986019469284581
0.039099969521620245
0.03980863349470335
0.03891658353068672
0.038789873716377425
0.039234643429769005
0.039133089606983563
0.039129841961930964
0.03956498985798873
0.0397428716532419
0.03949081434285204
0.03796736277426478
0.038832460408646914
0.03823693403407165
0.03900762450789849
0.038246559856708856
0.03911922330764674
0.03881147055397457
0.0391772259381889
0.038187484308091046
0.03906349588055492
0.037490995766505476
0.03888464123737703
0.03802425965143906
0.038945078283694756
0.03752357399285285
0.0371465115898054
0.03854958058758791
0.037243030239259
0.03702871267939438
0.037520502919529075
0.037784160345012544
0.03797190509582434
0.037124146519800706
0.03701249969549324
0.037041381317323346
0.0365409406516528
0.037918277144395864
0.03689322796042206
0.037153500223684736
0.03639818575513252
0.03626253818370493
0.03770625417599258
0.03696292189640623
0.03646932856478005
0.037564511941970295
0.03614889354263132
0.03645979044249664
0.03584703723764137
0.036806003683480984
0.03584672708681024
0.03568778919220716
0.03703159932755941
0.03680234487224271
0.03710781178048248
0.03585174410312236
0.0367084569644418
0.036398409537021004
0.03574040681802438
0.03546128260729147
0.03643509119563897
0.035023592987689055
0.03661756481783509
0.03638192890309419
0.035101117879616686
0.03484128264581457
0.03620074999174691
0.035373773621287435
0.03594162532146875
0.03536727435049522
0.03606768088580259
0.034792844749804964
0.03494756792117325
0.03484570628469379
0.035750644373552534
0.034182178760696964
0.03472139949011294
0.0339681703332188
0.035396160811447884
0.03493808786258498
0.03473642170423596
0.035173889116122396
0.03488344047764437
0.034869299238741
0.03361904795349689
0.034997915595291175
0.03487247164326056
0.03413775663520129
0.03429804147873959
0.03396010953093113
0.03408613137509871
0.03308231247134869
0.03302443874847151
0.033373015417912426
0.03280145602719702
0.0328509206111106
0.03286077609052169
0.033715001641784856
0.03385189409493534
0.032784829168406644
0.03372241846609154
0.032763012389716926
0.033497078856459854
0.0326461866481239
0.033669327013199885
0.03290878706339615
0.03338247994735691
0.031798540226765135
0.033104807437596806
0.033119183506910774
0.031833549504061184
0.03315627610155953
0.03150322669962655
0.03179711660977444
0.032043401191607264
0.032811949809597354
0.03130618611988473
0.03250227258590234
0.03098427717412965
0.031390129566163105
0.03212254696764788
0.031916616851204546
0.031937313928051124
0.03070402106483898
0.03186606537339493
0.03203608151492487
0.03183988699275666
0.03026945627818804
0.03081643044896718
0.0304104891243595
0.031207669637620544
0.03145824601846281
0.031003550176232176
0.031429718399279875
0.030560751034950772
0.030870620996431522
0.031063540057735622
0.030185559028135314
0.029696336336122217
0.030541148508558227
0.030511653833640556
0.030592715393948533
0.030271038754417265
0.02974035342067209
0.02944810303233004
0.029934921361268428
0.028914428287795738
0.028674190127117343
0.02926654134206816
0.02968295334932265
0.028437637093702905
0.02892787634005757
0.028389319211467832
0.02921732476307484
0.029688522658116213
0.028665890684629432
0.028554772294159293
0.029530407108403992
0.02911393044345067
0.028246127003105876
0.027823600813193218
0.0292362688412302
0.027852084203798602
0.027950896506760855
0.028429942551468558
0.027406282230982265
0.028702293697426048
0.0281112068683638
0.02803127611836422
0.02742406093361134
0.02746858983389073
0.027746817960886596
0.0273569088326459
0.026657590815018752
0.02738513745142116
0.028058484419995085
0.02682722851606107
0.026933344006697696
0.026948491717365092
0.026284857154373585
0.02597658867452572
0.027387791139438858
0.026423847097000984
0.02596587472240243
0.027238722453637322
0.026567355782834763
0.026557916589218095
0.02557963372735661
0.026369617175579355
0.026387455189185484
0.025911383048402892
0.025374271385978076
0.02561280907012099
0.025627706722498495
0.02510063358616432
0.02581131077935948
0.025155163819151678
0.025540128546901315
0.024597259629260033
0.024559357567090413
0.025646866696855588
0.02583983722326389
0.024775010458550482
0.025070402566001265
0.024152970194962955
0.025300473577428602
0.024310375215164444
0.025298980802583828
0.02457235920362201
0.02425963897264889
0.024999626595055703
0.02426317027726549
0.023774562988624782
0.023930721202494214
0.02443257895304461
0.02410232816839397
0.023046934741276226
0.023599433278883
0.02417076244037178
0.02368614145587047
0.023469580147472923
0.02323540014647738
0.02409017926364198
0.023829107096056526
0.023899155336642924
0.02320214338683257
0.022991713199031392
0.02356831696664834
0.022503195660306598
0.02363183506409174
0.021987756326826816
0.02227977428423298
0.02289445064180682
0.023340641831923335
0.02205773394515178
0.022746785938190257
0.02216991373049128
0.02303282594782336
0.02204201103485126
0.02177061174112295
0.021884653374384954
0.021911600561599794
0.021728134024109887
0.022145685049672213
0.02253667363787572
0.022294232860069457
0.02205282072061557
0.022023247077349917
0.020596754964966713
0.02209610764513455
0.02104551818604165
0.021045384069363786
0.021280372409529846
0.021293193254711774
0.021702643946224214
0.02048966044295304
0.02024535556158928
0.021125072447237117
0.020373719033191177
0.020539976295175132
0.020153943475817
0.019959551485201232
0.019520244403711032
0.02047642761037083
0.020145412395273687
0.020170446733655843
0.020342892508387212
0.02064269681216448
0.019113065977684324
0.01889051518845166
0.01971662261106674
0.01938168561734219
0.019341778311103976
0.01942676683916619
0.01863773844660158
0.019974893105625835
0.0199341548123106
0.019127968391954044
0.019339621159863676
0.019703298148090194
0.019444844586735704
0.018238017402021363
0.01844368433647123
0.018463691160615095
0.018635718646725242
0.018432208659298465
0.01785401184919375
0.019028214748034334
0.018027019866133247
0.01772140415785561
0.01825268705339465
0.018306555751450692
0.018880637140745744
0.018790278668332903
0.018236838232405253
0.017424408650727665
0.016917954683282107
0.017474375903292483
0.01809036098796193
0.016624355980910225
0.01748400063035494
0.016839768013786942
0.018036754427594354
0.017405847529971565
0.017192690241710468
0.01769750373010708
0.01771765561813831
0.017734882355042617
0.017574732108597342
0.017515223991473133
0.016439710389538724
0.01619911865736929
0.016725281421526482
0.01598286334823077
0.01611218812366628
0.015974379651923536
0.015467228068015117
0.015965369127293693
0.015463304166038437
0.016647398931822648
0.01634588849138798
0.015418013379706743
0.015287912926242828
0.0158631518266564
0.015552991447316181
0.015972591131819303
0.015888637291508672
0.01606985492961018
0.015030778406706096
0.01563148054886603
0.015504950144969882
0.015942060539809084
0.015715827137959083
0.01495177616859105
0.015872849085650294
0.014733280748912317
0.014714628577614481
0.015142241245156667
0.014869734619433436
0.01463501227400211
0.014597814591242028
0.01546027664483293
0.013924679018311808
0.014632573547808708
0.014518633256803982
0.013955331185629232
0.015126685384483458
0.013670262389078099
0.014131644983302006
0.014897671298603381
0.013747861185042174
0.013803643845874429
0.013273590884046239
0.014183118341000552
0.0140541997756095
0.012858249893778083
0.014389728689667388
0.013513196669387585
0.013129566959923128
0.01304454560288286
0.013768843724481486
0.01260634372385374
0.012837131627367824
0.01308642192595
0.013507011416563405
0.013002463534410794
0.013445565627191099
0.013056356516790915
0.013601237946013632
0.01305950547492191
0.012609283805447716
0.012558011026251524
0.011984320301311916
0.01241503690451492
0.012132197966116495
0.012045281373126123
0.012677003940132804
0.012835313520001298
0.012262414956511805
0.0115368405588012
0.011396169571114834
0.012941464762347619
0.01146741019790549
0.012647441302770738
0.011696751281378707
0.011220844724272563
0.011620263840817205
0.011954400051674127
0.011868342095580563
0.0117775968913145
0.011782824403166685
0.012030692845057067
0.011289832126674964
0.011364018128353052
0.010933999760474397
0.011182240631273637
0.010696814653125688
0.01124814220449583
0.010738254753338158
0.011730463513238844
0.010379863187005995
0.011327086614413943
0.011292442074118189
0.01095057616057474
0.010042409613046725
0.010286888355770603
0.010762126417883445
0.010219399629403075
0.01010327671046319
0.011407900209042188
0.009939391334725952
0.01091633000761261
0.009597363325034402
0.010155102236117602
0.010485811169090671
0.009900598372436653
0.010400191960555409
0.00989194222384212
0.009994726229759499
0.01010245994168019
0.009740251000431363
0.009439104764206443
0.009224106577502231
0.010011002195382236
0.009538451523675067
0.009862537839907372
0.00891851239955551
0.008929895400775581
0.01025468407944642
0.008990543360540146
0.008905445783658785
0.009399949167768224
0.009728754588794292
0.009571024171360546
0.008969873123957547
0.009513292279260118
0.009422098670244652
0.008518801353370404
0.008480946155500763
0.009638689143439929
0.008454796302337525
0.0095700041330311
0.009226183905578503
0.009227404771752778
0.008096608995632562
0.008880669099924786
0.008904249791224273
0.008461882986676285
0.009168936693997768
0.00823138444811616
0.008931336813899767
0.008054231282467673
0.0082640240766775
0.008192963780170927
0.008618407274128846
0.007738973335107686
0.007395000765831097
0.007409900737909729
0.007886662336801591
0.00817659554565649
0.00793818055211452
0.008205020816799717
0.008214590590792792
0.007536936619712692
0.008492828339891166
0.007646274532084338
0.00854604545338135
0.0074255474002651554
0.007483510547791599
0.008412441884368857
0.00730513296506303
0.007064251505499708
0.007173579090520827
0.00784598772130241
0.0069431110400066725
0.007745117677753621
0.0081953163792933
0.007494520590171276
0.007302162952476723
0.00696346621802973
0.007143158638216928
0.006359930713122074
0.007764582270311981
0.007844208935862526
0.007595181322693176
0.007468649405027033
0.006144055800663409
0.006619808256818677
0.006229837661135697
0.00749287038006898
0.007642678432650311
0.007224994328717675
0.006939635333152417
0.006544002447451167
0.00653190042391506
0.007424501678035461
0.006702812526375203
0.006016777141738097
0.006790875413160885
0.007386130923602778
0.007354543492081883
0.007217246950156435
0.006514926764005339
0.0059407602252072806
0.006021596750551485
0.006210252627955184
0.005491107817647316
0.007068287623062508
0.00592477020373113
0.006877124886907495
0.005726232063654051
0.006591449741866136
0.005764875793421554
0.006866970081683913
0.006473710833832922
0.0056226297355968565
0.005658665350887981
0.006397550962345824
0.006637920411412483
0.005675007547938998
0.005507807618200817
0.0049916613948345545
0.006540862192469936
0.005120401646996422
0.004915056918150009
0.0048561135312213885
0.005449908724402443
0.006227922371794813
0.005744195304497904
0.005593342199559969
0.005300194045534869
0.006027765878269658
0.005244882785598413
0.004856305089452641
0.006044936652030751
0.004862922513180564
0.004907267462557593
0.00504072090619798
0.005487728241079146
0.004480116154245811
0.004690131881087481
0.005885023451671241
0.005937713395488275
0.005220819840598738
0.0055408313015119755
0.0042240466204566465
0.004409663997842846
0.004901656571941665
0.005370596595432648
0.004841815684915177
0.004974263638675997
0.004211083212298669
0.005188403134951242
0.004452039019779481
0.004409786736558246
0.003874459060202288
0.003922630190334239
0.004084128357720594
0.00413468352465121
0.005200807179532744
0.004572304136639816
0.004180850779983425
0.004414979977172668
0.004830585766334237
0.004214922207680006
0.004813395376947899
0.0045531674481759975
0.004675347273681107
0.005012832240983607
0.004687788142858068
0.004784703757356808
0.0036851777155451097
0.0035395499900701412
0.0035859179017616537
0.005133201272525052
0.003853001355328293
0.0036715028053266436
0.004885777214978235
0.003293278365447378
0.003402166239451732
0.004161914507911326
0.0035284107458539906
0.003450495030010876
0.004865774016020616
0.0039030202649735016
0.003355422140156385
0.0036982891504296327
0.0036260747329428973
0.0032617190054453743
0.003976403428160496
0.00456043822583674
0.0037364185476965466
0.004415788577634309
0.0038867406875397904
0.0041475238432296495
0.004620643340112298
0.004472228274559038
0.003971981166536625
0.004233221259782636
0.0032028395816311845
0.0028109890475150937
0.00286607652907838
0.0031386153358017007
0.004015903131088639
0.0035035868281924416
0.003464982780346528
0.0035469255266819717
0.003285613578711742
0.003571771999683657
0.004073157091079711
0.0026207114706033644
0.0032338822289533055
0.003144246594688959
0.002794697236383321
0.003288679488966091
0.003530619796446216
0.0027823519902289828
0.0034436621259202912
0.0036082758411140185
0.002589464249896897
0.002413362263596143
0.0024458320853725573
0.0025484229456395765
0.0034306732246677336
0.0027994478783097735
0.0027170058225825934
0.002931271418158847
0.003807098253942751
0.0026506066946245382
0.003980363286651797
0.0033123268975148532
0.0032310482563863607
0.0034478135727478106
0.0031561443349097753
0.0022862162020224567
0.0033760097973519402
0.0035622368203768275
0.0028527727755992393
0.002323283151105183
0.0037354007872667625
0.003679252185464051
0.0028947352373837154
0.0033097185800989772
0.0036385102710912074
0.0028536400861200024
0.0034223366573731657
0.0032585422782171396
0.00294490675097156
0.0030274895414913227
0.0029488875744383305
0.0029178284233770946
0.0036316159548703286
0.0029060105276554264
0.002459339835309272
0.002321849236140745
0.0023934972315305075
0.0019955163122965286
0.003141482450741293
0.003310601554112401
0.002156934418523135
0.0019740131462157285
0.0028413865851767976
0.003093804524359631
0.0031835371622868365
0.002308971460038534
0.0033976178858402613
0.00230268495444069
0.0028795902861971315
0.002226144383950344
0.0018283653879725677
0.0026262030178506018
0.0019199042099907137
0.0029550061600503975
0.0019002083214977226
0.0022418561692505927
0.0026300276394593592
0.0029498974169315894
0.0018321134904741353
0.0031430334136235273
0.0028023044659843733
0.0029882194565477326
0.0016317132225984765
0.0028152056995631516
0.002979960432106056
0.0020628179123702247
0.001739289086142048
0.0031146638954336033
0.002264801218254726
0.0024011207213074925
0.002730472036988961
0.0028713937441083716
0.0025189837622667795
0.0018049540687628083
0.0024559729107771467
0.0014393381699490265
0.0021404383618275824
0.0027838951539546635
0.001341592117577852
0.0026210692534838157
0.0020107784378969747
0.002332642427551393
0.0024313818299035094
0.0017518696974215201
0.002802964517055798
0.0017400918661709486
0.0017495089217156958
0.0012564594578068154
0.0017192419511001247
0.002301309538341508
0.0026579249965762324
0.0018919032307725763
0.002389548029491109
0.002700806133606776
0.002484719002063869
0.002390068782798909
0.002446532623683116
0.0017565943448258445
0.001797708895432958
0.0014053043686585549
0.0022084280567514054
0.0022657162809547778
0.002162555426684438
0.002207745803014031
0.0022128297619895473
0.00159570529030314
0.0026067565749846237
0.0010005881187689462
0.0024194580616985874
0.0018619726885271918
0.0017869266638538138
0.0010102607796870916
0.0019509946538638359
0.002035815493623341
0.0023945093491626467
0.0023070716459346616
0.001699972197159098
0.0018363559845581366
0.002397422722908961
0.0014383721707372408
0.001465792459486243
0.001873619961258729
0.0011347513693770765
0.0022614814538509265
0.002317698332658095
0.002251178442525603
0.0018414294716739205
0.001967374233764779
0.00185841283747501
0.0014947054705861875
0.0024848680430404006
0.0012864013939558304
0.0010093656179551325
0.0010017942095312778
0.0013002409577686782
0.0019470989409046601
0.0022345923041909143
0.0008522357403539396
0.0010385198004281605
0.0021239820868117856
0.0019083368017043234
0.0021345748004756747
0.0011123006012082677
0.001737590463931309
0.0009965608401248597
0.0008157832349644433
0.002443811457727839
0.001572526548194141
0.0008091100856656323
0.001012266505925213
0.001409643396382725
0.0015959199263296615
0.0006994933024576486
0.0022135269747864
0.00159921197753332
0.0022631531967125217
0.001773401050379671
0.0015359333731537622
0.0022490276196443074
0.001477450841151014
0.0007525911521922364
0.0006206092870289435
0.0014849664604990461
0.0012059408546628793
0.0010017843433590024
0.0011444604056925305
0.0012835834160610155
0.0016094472682102131
0.0021184256200670747
0.0019413672486015684
0.001663268609309978
0.0015282204342105944
0.0014737183498145037
0.001960822339120532
