0.0014683242209396965
0.0016116837131983036
0.0007547622600576519
0.002310974369281975
0.0008381647124243237
0.0019010737466639048
0.001932217036412787
0.0006086553424279897
0.001372153148925618
0.001314513215390397
0.0016040191714574207
0.0009031281029741609
0.0020126399639825913
0.0012185308140656608
0.002184204959215445
0.0015665125001056877
0.0023470013726177405
0.0014586695328149316
0.002185351068927394
0.0024116032261485175
0.0014729148229712487
0.0008161743423382939
0.001273152813812625
0.0018597628768080427
0.001316664682941555
0.0009707415487621474
0.0017227647767509091
0.0021314833162672546
0.0021304189648988095
0.0008803045419747479
0.0019070147124101095
0.0014964744243271067
0.0019994431059710675
0.001002748616698476
0.002461996038981994
0.0014410415291745205
0.002350172729918561
0.0014309134771987172
0.0023006529966687734
0.002388899983459816
0.0018470177748134253
0.0024543839205258527
0.0018514857209069133
0.00142828384878519
0.002463773105792133
0.001562755600946559
0.0019710852569157166
0.0013055743504176423
0.0011938643543503737
0.0012332385503512153
0.00179745122253571
0.0025155918452463536
0.002277054423163511
0.0018199701477230284
0.002093249646964997
0.0012074356756673185
0.0018531078252861982
0.0013198098847516833
0.0025620146711204366
0.0022225975522342954
0.0010623388980600247
0.001663348867629059
0.0015243452340467395
0.0023117640530344557
0.0018771223032479794
0.0020061487231991647
0.001811388348673021
0.0011786063550399612
0.0014551237941708003
0.0017450094290032822
0.0011402471196999126
0.0018394950265625237
0.002723020941580096
0.0022555341169250578
0.0019094262129350664
0.0018262762528121743
0.0017898944842251404
0.0022364835337419387
0.002255093778783211
0.0017764317319250828
0.0013577013534879683
0.0016378722204222153
0.00223447333897155
0.0012819995974837938
0.002183570002163018
0.0022880848400479033
0.0015374494336780665
0.0016857405833476061
0.0015868824082739194
0.002234244968284217
0.0027362178846399446
0.002719820545091733
0.001596397240717617
0.0018016482296526022
0.0020059349549847003
0.0029720169175253964
0.00236120559019477
0.0023250735888003305
0.0017890732540723005
0.0026027219352488654
0.001386649277931237
0.0022032108822210633
0.0027708386090870693
0.0018272048625760182
0.003014811590672522
0.0016896808491317296
0.002548815304388329
0.0019192442012553779
0.0020428636566178324
0.0028947799370035343
0.0023477105725591314
0.0027480561300095006
0.0022007191726695885
0.002047714846279388
0.0027149983054383436
0.0019177624878973201
0.0024134240346238753
0.002957229472403382
0.0027396588552427875
0.0033168674769092194
0.0023007535405560595
0.0027604452548927127
0.001795351376771264
0.0023231990038874444
0.001970232316794399
0.0016819791126236117
0.002213090751455981
0.0031134822687611946
0.0023470934405615696
0.0017666419597779737
0.0029423172787810723
0.0028164497822247736
0.00214155120786588
0.002931956732206281
0.00306404347900605
0.0021104179178409294
0.002115383259072669
0.0024165255012861576
0.003248660096795707
0.002798130669506375
0.0022600292711191304
0.003443360099399802
0.0021468490268488427
0.0031436881914607907
0.003486816281747987
0.0031978599733625
0.0028086074767763466
0.0028984406413259303
0.002576297823995603
0.0023399097876758103
0.0033368920654582683
0.0020331196558370014
0.002941691391190173
0.0033899618031840105
0.003480474823547579
0.002547061818652405
0.0034857671035952395
0.003332147563377809
0.0029227507146001052
0.0038315434380472245
0.003934272759893289
0.0023595357546368
0.003186349018484101
0.002237299850832773
0.0030675917379420076
0.002904221264363204
0.003364187628386404
0.003712148534198013
0.0030371839674453362
0.003642644960325931
0.0029229912579886597
0.0030553155633536795
0.0030520582228005704
0.0037426182826482417
0.0025004668662778457
0.003407529505646852
0.0025819933004091623
0.003859694809960043
0.004254810715258948
0.0025395077986891564
0.002812916038704008
0.0040211210845793564
0.004132461709688577
0.0028995130136460438
0.0038711838428882412
0.003514246573727064
0.00382783248127802
0.0033097697729312964
0.004094612695586489
0.00407177366058895
0.0032971126238738246
0.0030172302935402404
0.0044804243902065955
0.004495440481887484
0.004361275933710802
0.0035353836111380803
0.004452745815266363
0.002958590837369945
0.0035981217904813368
0.004272352535519004
0.004459156446312282
0.0034225748484960137
0.0035579333129972922
0.0035741844975188007
0.003440347162711879
0.004368254105385664
0.003169493030218438
0.0031925309507506846
0.004727371235795299
0.0033580120359584546
0.0039566713996083015
0.004666743898753202
0.003811581603359525
0.003378439478916099
0.0047492635808001355
0.004438486048322023
0.004832199569809011
0.003990736251767617
0.004868247059314126
0.003751574239043276
0.004657462874078577
0.004951530564496841
0.003582235947667963
0.004072977288661831
0.003522939473925422
0.00511794652148609
0.00485747302155672
0.004359925258174852
0.0050860340682217535
0.004115511747188539
0.00517398115342046
0.004173329613772305
0.00517218925056615
0.00397448644692275
0.004901653428333451
0.004031797810297351
0.0041442878755403615
0.004225422279853329
0.004183805464993817
0.00445683526246939
0.004819919663487218
0.005529833019876442
0.004032075147100923
0.005539861326984421
0.0053602151324515625
0.004265786566435189
0.004586492738082874
0.005661590323430326
0.005326347528894797
0.0044283134063446816
0.005446264766653311
0.005645950041413355
0.004892501480158772
0.005548795495787604
0.006063100695337518
0.004548264564127287
0.005173890981909231
0.006163751482043995
0.005660176517949
0.005064852760130592
0.005743528010071746
0.004581498297772718
0.005147132519484321
0.005282249848648413
0.005938481332469567
0.004778920707569797
0.005158305506586432
0.005670672756722268
0.005850238395404218
0.00493508611999862
0.0059713207407688365
0.005567973111369062
0.006095318080014921
0.005403431153250905
0.005254485968121258
0.006210326273357703
0.005472544608272721
0.005349486406587932
0.005196938160683147
0.0053564316342947435
0.006630124582127329
0.006935563473635258
0.006970494083373908
0.006796838889170311
0.00588973176101001
0.005909071028936991
0.005776095237568884
0.005826461470439929
0.005812664943894787
0.007046646664499422
0.0063403944828488
0.006606833731359222
0.005810567347745231
0.007221105383340703
0.006207990912741618
0.0065108420931980285
0.005901427148716569
0.007032285672777642
0.006920715992965526
0.005997314441088705
0.006128926835474984
0.006633631183795327
0.007723625835617094
0.006984702951563678
0.007168856795428695
0.007654956207995066
0.007308453553525308
0.006857243579206935
0.0066216260857336956
0.007925139826953321
0.007512605741317869
0.0068425326615396765
0.006782852395922894
0.006864909948473751
0.00760035276014754
0.007502853209135824
0.006835847458761528
0.007616493446719708
0.0070529739036766246
0.007491235994022655
0.008117025836811183
0.007439814405707035
0.008010739992245972
0.0070449868420459204
0.00802460283782732
0.007591414324213024
0.008597949781760619
0.0074837637704086475
0.007952821764660164
0.007129543209395804
0.008528796202573942
0.007841146920839448
0.007931728723883149
0.008907517806120306
0.008167189268203263
0.00732312383396128
0.008009195234611063
0.008044096567080303
0.007665871332003791
0.007808921480137046
0.009177933879430658
0.008822771220445863
0.0080755088528727
0.00871953710055873
0.008844638773388373
0.008238783380099307
0.009387961808986383
0.008013522022291055
0.007965706940042477
0.008162134486161259
0.008940738752612276
0.009615386562891742
0.008143814938178114
0.009171509898583416
0.009575474583417891
0.009572769886212695
0.008707181855310789
0.009797057030690915
0.008837511810073534
0.008957818359402705
0.008982427491482592
0.009210033062178914
0.010172667419430218
0.008759270020534346
0.010023895506783254
0.010058736953664387
0.009884354001494218
0.010319308543228411
0.009576026945799055
0.009498694656342652
0.00999774361354786
0.009982741230450393
0.009349971726538887
0.009516630266978007
0.01081219113494294
0.010465747430704006
0.010402589677437698
0.009576465863729879
0.009595970851609344
0.010053950908516966
0.009653134265771461
0.009562955720749802
0.009959407783788838
0.010484412128210554
0.01071076022719128
0.009860984941095321
0.010794914096133522
0.011149246747150045
0.010492055228427099
0.010843567285401964
0.010911229414500758
0.011830264728703707
0.010560031299006373
0.010795196141443388
0.011508586842691007
0.010366774031551774
0.011591876653368402
0.01205461707407456
0.012082965664731212
0.011920516081829296
0.01131209655622078
0.010680896164555613
0.012325985033735864
0.011031919621621963
0.01235064844350917
0.010905720949750964
0.011605455663472913
0.011108228615133822
0.011204621643736158
0.012234616707453988
0.012313743204000081
0.01273672459820019
0.012123593055153875
0.012251704697673857
0.012642231427038903
0.011954151711838302
0.012268306143382184
0.01239235357320594
0.012303307451694247
0.011948472878354028
0.012063269696024899
0.012681429913693316
0.013600602758430915
0.01346654291812644
0.013116325085602416
0.012355277739547034
0.012166488315062828
0.012502854401708655
0.012775578952187741
0.012691230931285692
0.01337245963450568
0.01327028274555616
0.012764540592590018
0.014286944687304137
0.012741043281369055
0.01286347467519482
0.013560744571390662
0.013558012722147473
0.013831596664272975
0.014323586759247331
0.014462714270595612
0.013561248071292263
0.013207253429293232
0.014139814957589128
0.013452123787789611
0.013739712005328754
0.014607042053278936
0.013953765495181701
0.014124147818534851
0.013979393894667392
0.014935687621520111
0.014167239775453646
0.014359864954513284
0.015039169931364733
0.015667787147783035
0.015028427639989447
0.014662522913332764
0.015155931327073604
0.014928060467426433
0.015702416446230508
0.01561854392070712
0.015168799157235784
0.015175657112645319
0.015409080275662219
0.015974234418011733
0.01572552789444253
0.015784036731948895
0.015185658705463467
0.014892007718038598
0.01524090410344002
0.015543690275187365
0.01591211696513103
0.016435581029248955
0.015730514767204603
0.015844506993076195
0.01591109186132297
0.017165189432121256
0.016299314714952908
0.01710843126869662
0.015930497894850227
0.016308469891425047
0.01682225319854263
0.01741269623058663
0.017071547975904773
0.015985377153507792
0.016595149557591046
0.017685587729830782
0.01734776427475421
0.01760521835051761
0.017438855172071378
0.017463028605499215
0.016843579464769533
0.017539358925911974
0.01755956869880185
0.01769103198170539
0.017628541832449444
0.018117376046388575
0.017955140674909317
0.018084689371680993
0.017188835526632133
0.017691998807139786
0.01896107773279725
0.018503811142858685
0.017713478369250975
0.018721036376598013
0.017757262341567586
0.019152068997666475
0.018803861862553898
0.018215075458126284
0.01821592258923155
0.019389074285479
0.018438233146593954
0.0183541518329705
0.019360482950841158
0.019276902306919547
0.01901537615883945
0.019728939443594197
0.020055464875221744
0.01966454324562008
0.020120351618654633
0.019933930477233804
0.019218166419386118
0.01947617939773299
0.019512087298540624
0.01903811514708097
0.019340844982221796
0.02018315723470828
0.0193073902849993
0.019822066489691058
0.020916827609381225
0.020199270403994368
0.020343512837102912
0.019852314676294256
0.0206068064024318
0.01985278321464261
0.02102277114244107
0.021355586049941828
0.02072524964095012
0.02102993023907242
0.02086793353160261
0.021385292772964193
0.021693211675398175
0.02174337519579145
0.021279794539437423
0.0219587542745397
0.022210828737096948
0.02133637779988232
0.02147332747945359
0.02100532064984736
0.0225670205177929
0.02214653491011015
0.021113652675385782
0.02143016591635562
0.02167112775671674
0.021400940223098464
0.02263414067283863
0.02284366330845329
0.02238600607518053
0.022813111554255687
0.02271922346470935
0.023069183289642588
0.022365369025865642
0.022594462446852707
0.022273353479741978
0.0233539658294042
0.022181019699108483
0.023219839339219225
0.02335334659844549
0.023831229663109563
0.023735096491487737
0.022757200346285093
0.02319019938284062
0.022838383887448164
0.024061370967954798
0.02355200691697553
0.023917388071061033
0.024738491541092443
0.023223303654739076
0.02347645732276052
0.02352545870169648
0.024139251483935975
0.024820766013167926
0.02523125761602093
0.024395859164796037
0.023850548284920694
0.024542539184619006
0.024898054437665264
0.0241877222100346
0.02482506003000122
0.02409117155566077
0.02467544039967838
0.02599568113720462
0.025538308455151586
0.02491504286997463
0.026089488864871866
0.025831751116434973
0.026313321171764943
0.024946145918256186
0.02605426258227581
0.026112219869934797
0.02568939710093996
0.02657683242611905
0.02663992176724829
0.02677505545801582
0.02662956305463527
0.025910676081625315
0.02635595544816347
0.026402302234657112
0.026089283459595023
0.026803238356556916
0.02639505021151743
0.026131226465478535
0.026211499563700134
0.027462661781927182
0.027338788763050247
0.02755884299913434
0.02789282091681071
0.027329020572527285
0.026604140780873586
0.027793294028514267
0.027843436428378696
0.027800068509086097
0.02785543433509857
0.02735726275765128
0.027971926921788806
0.027383479135626772
0.027295714177467033
0.028117796305779447
0.028599039706162527
0.028159642877045882
0.027483044893864217
0.02858734858793582
0.027665995321628972
0.027823020977498118
0.029380631048991045
0.0286146530168776
0.02963766348370536
0.02926281814091217
0.029436258835014325
0.0297720776090363
0.02924932705836529
0.029146723150346637
0.029523830993586447
0.02959429724493296
0.03007008652050349
0.029975455098241146
0.02879952676421839
0.029808904657149138
0.030441207985213017
0.028950047195875656
0.03057208311582837
0.029781286779071537
0.0299637170522498
0.030929616992437278
0.03098590315922525
0.029416724915521313
0.030445612514564863
0.030017927200154334
0.030766763356786516
0.03100578376825101
0.030265930382133446
0.03056507727775499
0.03066143618034648
0.030705797015274667
0.031195056441637045
0.03128138263173745
0.030416143962598882
0.030637781165418407
0.03171315869926375
0.031585926683471
0.030566194327098044
0.032015915924127517
0.03136031716156284
0.03219908678249293
0.03116917902912519
0.03139818621029891
0.031752774799454986
0.032519279500921816
0.031866155785904536
0.031464604284878836
0.03206294098540852
0.03251847789161472
0.03295974796601831
0.032204164547131556
0.032737851458176696
0.03178767833976028
0.0331211734452471
0.03308795007735593
0.03278931369577014
0.032874626644265714
0.03222985949028497
0.03308624226124884
0.03338802022015318
0.03373135094031013
0.033263942165433456
0.03315525293764906
0.033410041831092044
0.03280684336977646
0.03359636252123982
0.034167701601543886
0.03454414270920841
0.032879115232563615
0.03467386137502166
0.03352606865796128
0.03311690298659465
0.033732573030532655
0.03428672812843312
0.034077519027061715
0.0335292029998705
0.03459445701806443
0.03517362658816793
0.03520279076250838
0.035173444528262314
0.03373929141729739
0.03444993786531293
0.034321973735478295
0.03516591474672506
0.03461818026309
0.035560739343967314
0.0349091097821788
0.03571218581308626
0.035901219816615704
0.035870966644241546
0.03499855886079743
0.03600450889103318
0.034767913425595556
0.035912636701950405
0.03498019155424398
0.03557517415765772
0.035713581523389985
0.036152686046814986
0.03656814162029264
0.03662189137964154
0.03517673360988148
0.03657909852282898
0.03594418155427507
0.036494946610848386
0.036939391465255315
0.03626741147962221
0.036247960115905406
0.03646874830947038
0.0365700258999008
0.03574630748808509
0.03624745167304075
0.037276152810196805
0.03595110979692389
0.03739604620456726
0.03692317504221301
0.036414609641346914
0.03691345897879977
0.03790724541774543
0.036384045982576
0.037975473889330126
0.037167400461405986
0.0378092868027455
0.037336165915727346
0.03822544690652758
0.03800222095730326
0.03723380904726198
0.03833455950687232
0.03726731657290541
0.037442096423511484
0.038384243057261784
0.038473391064244945
0.037542321085182
0.037413253142468385
0.037803113474387105
0.03783733179914463
0.03821288033609257
0.03854593611051705
0.03796508915831315
0.037490901481246335
0.03832007571976569
0.038981532197807596
0.03886070932473441
0.03918779187566485
0.03925622730218598
0.038133976832693525
0.039463592296295515
0.03852367923150793
0.038147674369445134
0.03964629807605447
0.039580426703778
0.03892417059716679
0.038582472794590116
0.03965346383767439
0.039012465087190216
0.03969960290198025
0.03911367311759256
0.038535518222786745
0.03858569543124234
0.03994132974425039
0.03956309071216281
0.03936124733214365
0.039861765698226644
0.03910554683173848
0.03880203607842986
0.04007680123713511
0.03902078400326086
0.039774456823944204
0.03979330463107693
0.03924890912515083
0.03918657707760016
0.040288262808974344
0.039469192840681136
0.04077267763344667
0.039281041267986545
0.03949708081100991
0.039903640395858316
0.039975792899692185
0.03945008598312636
0.039314253475139
0.040141300637821724
0.04089808609067255
0.040520377616938205
0.04090212461107915
0.03997632424282194
0.04084486439405222
0.03985608671600488
0.041086307250852085
0.04108322244565568
0.04118281829049726
0.0404775278544848
0.040734675182634496
0.0412014916711791
0.040082659902061175
0.04106258644077845
0.0408721052636078
0.04000158109623211
0.041259194056894086
0.04109921610046097
0.04037358785157088
0.04169552757091925
0.040253931657343686
0.04123295370421708
0.04109933108508953
0.041057010179179704
0.040460616619369914
0.041670792441967655
0.040638967659765456
0.041426431143606904
0.04055832552228773
0.04073609774039845
0.04143665818141478
0.041991459599541446
0.04053267282924035
0.040546489629282624
0.040594544535598694
0.041014599753463714
0.04094705450891774
0.04192476609337903
0.04068340934805511
0.04190724138470902
0.04209350924531473
0.0414611419251465
0.04216795937277509
0.04163520683452483
0.04112716468299921
0.041654742354508174
0.041571359272933504
0.041581467546521686
0.04213541388016573
0.041604460679504573
0.04115753952814818
0.04259632002907366
0.04175953218573375
0.04207618515468637
0.04121046608817377
0.041692927701902645
0.041521912654103245
0.0412235690537587
0.041207585675395175
0.0418124145076294
0.04252904352774076
0.04187549254898427
0.042201503901999594
0.0423135132575621
0.04178045004870323
0.04247432052918585
0.04215050770248071
0.042106583205503416
0.041708162431441854
0.04136570914804729
0.041452375805988664
0.04189962857282616
0.04179983838877555
0.042067510236375574
0.04253438445563681
0.04196917874622689
0.041742553741404245
0.042867969791097096
0.04231135673432066
0.041605290718034815
0.041706386017912364
0.04200506134025418
0.042311276154918885
0.04281557731684224
0.041399267301744966
0.04267152514027547
0.042429644424677344
0.04290645521154969
0.042820314774859876
0.04262125970460564
0.04169395300664251
0.04182474281363802
0.04235586590992554
0.04246056670855808
0.042664635171434866
0.04167247315216429
0.04205476608522108
0.042193970088724914
0.04197129148257361
0.0427182891535195
0.0414535079492301
0.04279554761948008
0.04159245258496715
0.041821243019612035
0.043116065963919134
0.04291808805847857
0.04162164075366148
0.04258134037259036
0.04145764594136582
0.04170043355103969
0.043103828383172386
0.0429409709447462
0.041485763401891154
0.04236119744167954
0.04196776639131953
0.042855853465626405
0.04282912994779067
0.042905515177057534
0.04135511541436812
0.04204871364616127
0.04288541886737891
0.042322112506409645
0.042713329703632945
0.042814476707671495
0.04144123244137158
0.042839303752715205
0.04261047873097477
0.04208126663042558
0.042580615264861246
0.04152518057852813
0.042594969958275025
0.04194237431916376
0.04240854400137366
0.04187198276721195
0.04283856066545689
0.04218672494016512
0.042083896350264785
0.04162599671785958
0.04170840536802177
0.04215512073319613
0.04263357338909259
0.04151523446184095
0.04215214418016745
0.04259733295276601
0.041473025145571336
0.04173350918176759
0.041634210179698615
0.04252634205377041
0.04152594281634275
0.04225953374360562
0.042385032364646455
0.04158489464711074
0.04091611969263892
0.04204301777877131
0.041588497946001696
0.04136359845231969
0.040996475095741225
0.04116295604496914
0.04086811252779415
0.04206605872973965
0.042082743991496474
0.04122078299058645
0.04121686972330182
0.04187678909218699
0.041526919842010415
0.04206363416683242
0.041760111318330455
0.04144475197369768
0.041935524584052766
0.041704359707274465
0.04184563565031237
0.040631271158093396
0.04142242326297142
0.04171713393586613
0.04092168794546434
0.04092268078655959
0.04054604667552104
0.04071921802077277
0.0413268794926784
0.041750598683705155
0.04170647319746176
0.04042910087487648
0.041340639911617676
0.04020937391111182
0.040961290102437584
0.04139924574420943
0.03994903084015597
0.04097679803136144
0.039766119225945064
0.039834669355874916
0.041073146830350286
0.040859396590560454
0.04102430964228328
0.04014595452738124
0.04063902418974196
0.04022718507499476
0.040708891023718954
0.03970772742623522
0.04076945062406054
0.0397788600701766
0.0392585307696005
0.03970089068796703
0.03969822957336242
0.039575696779129206
0.04078384163493378
0.03911913926502547
0.04064332660864978
0.040678826056864265
0.039672752694845874
0.03999499696305568
0.039043140143720935
0.03968159902890209
0.03954344435104527
0.03887494118204891
0.03989603789652296
0.03950478935919845
0.040255601966408226
0.03924799264433359
0.03933762345637674
0.03979740461347816
0.03972383546526095
0.03927015837697478
0.038322883816949545
0.039965044962621786
0.03938905907869914
0.03877649875501535
0.038098106747705196
0.03930683476745601
0.03801427357026455
0.03846792178524146
0.037882060647516626
0.03843548388162206
0.03879929059964705
0.03874120052453666
0.038084302858147186
0.03837183197651961
0.038691912196691755
0.03801945960015551
0.038688201169322485
0.03874354860669704
0.0380986316536344
0.03745721752345158
0.037446292836806644
0.03738659800048309
0.037688983844472584
0.03797748525078574
0.037155526936422774
0.037743764221237076
0.038591858195067615
0.03752102288608856
0.037079031933926095
0.0375816565638458
0.037791819861195876
0.03684627532311197
0.03670291271085271
0.03668057644590935
0.037571139161456046
0.036514097362769775
0.036611635420029875
0.036513700311648654
0.03788141651811816
0.03705913741815497
0.03725547380970799
0.03656734485872978
0.03613231602261096
0.03611918357909315
0.0360320081835606
0.03604923489061734
0.03704597041648334
0.036888568362224324
0.036236519408814526
0.036451871340082855
0.03666589324964007
0.03648144689826106
0.03533792787175853
0.03594691773655384
0.036088326424506253
0.0356207182015871
0.03675140525554409
0.036227187682469415
0.03614985242747252
0.03536026090266951
0.036192496663000145
0.036316085813358955
0.03505169935237731
0.03490689165658919
0.03571127072031311
0.03567400690753036
0.0348130968978114
0.03578846624078046
0.035417972870192854
0.03577802440819098
0.03423373304025305
0.03506581389921647
0.03444051068568725
0.03541005340809445
0.03455393971235527
0.03485238317810058
0.03459712526320146
0.03503608482378185
0.03505402342739822
0.034387791292288486
0.03478815181816206
0.034787210195638414
0.034473105053276144
0.03361124837096902
0.03381359884746638
0.0337817169128333
0.033016550246926235
0.03459577320725735
0.03333860059009372
0.03441179462898504
0.032921028294266554
0.03431650184858757
0.033422258045384595
0.03330200798977814
0.03383660224403675
0.03283231249817624
0.03316608683049257
0.03309138003586721
0.03239731302823778
0.03218980204724499
0.03210377093272881
0.032460901744543885
0.03313474313162204
0.032759254325673975
0.03330842022955418
0.03256805178617693
0.03235823186425116
0.032497507520453384
0.03276040153776241
0.03182570237457159
0.032071110343710615
0.03142266341389757
0.03212754732256001
0.03187044882119495
0.03199051299284604
0.032322941411707364
0.03101171690352183
0.03208694658211211
0.03128046643195697
0.031916807832571614
0.03108262519110453
0.030537851320810824
0.030255414437500454
0.03160217175009789
0.031011536502982124
0.03029638021613129
0.03015753753136912
0.030260295613122056
0.030475836533413653
0.030866128319719494
0.029713493310842873
0.02996890017033342
0.03058469639259311
0.030649167606654513
0.029962915878859308
0.030752949051974468
0.029654175839626876
0.030565912552316204
0.029727204094790734
0.03046757483767118
0.030481124847602778
0.029410133134716698
0.030027186525150833
0.029483508757223133
0.0286998939440411
0.029126294545198366
0.02910038665381349
0.02990463370169546
0.02939733693140836
0.02921552866434588
0.028986005071732223
0.02866795141571683
0.028206360421327736
0.02820708431963809
0.02808894139430694
0.029095256784486684
0.028329710010925664
0.02884211529889774
0.027704462514553434
0.028928644501195547
0.028469729217162475
0.02814110005212291
0.02834085431550484
0.028376579693895523
0.027827746345932314
0.028222118015135488
0.027104929810949703
0.027950632420867396
0.02673064926216792
0.02671725116180926
0.02814853739663642
0.026604134416716087
0.026500892258145118
0.02785395264992406
0.026629131863713733
0.026688805620225103
0.026801728251797396
0.027158296076503538
0.02605278956870384
0.026393941554763385
0.026148290166383807
0.02626136582614452
0.02672368247175455
0.025570682287677313
0.026837787168495674
0.0262879227161891
0.0264937021276625
0.025482461244008294
0.025764353288672947
0.02537501426980226
0.025958810941331435
0.025382319173515883
0.02559063068172152
0.025720054689611645
0.025411903610232756
0.024570918441959962
0.02546232649266929
0.025300885982090862
0.02530321966133165
0.02495481538084311
0.02470026437132431
0.02445691828957681
0.02439692032460917
0.023963639593771117
0.025238878596886782
0.024725725906721948
0.024934119630165997
0.024297280086474377
0.02392029968139189
0.023844764833427443
0.024007152381104152
0.02401365960570008
0.02346881364533135
0.024091464284234216
0.02451524753489695
0.022940257609668984
0.023383314000036824
0.022815109103060904
0.02392441420610948
0.022759732926223065
0.023608557585180153
0.022610017476370314
0.022737747333321737
0.02329397747475778
0.02282667221756667
0.022021761345565723
0.022240512108411912
0.022653962215213083
0.022228316872210014
0.022657167627347354
0.022483071629123066
0.022481909556662388
0.022495147119774784
0.022460343005443455
0.022098138625861057
0.021577948488550866
0.022667027951258432
0.02115082451105133
0.02095716556363816
0.02146501017231884
0.02209044751987948
0.021884921379464593
0.020745105581620273
0.02116153730982746
0.022217631663287326
0.021003311494920743
0.020419549223405296
0.020397909277306135
0.021684943772091517
0.020473017541787413
0.021133014910004307
0.020682935116576706
0.021129816606574033
0.020871141842882402
0.020461562439245292
0.01991303808064976
0.020386398986531794
0.019634045319147645
0.02094550273203867
0.02078143998527487
0.020934116987165956
0.020347649299375832
0.020079816335514672
0.019151324434599548
0.020181921980407875
0.019315213550621442
0.019381508475419775
0.019075279137014636
0.02006601118594448
0.02019509291532157
0.01887823272408318
0.01842567584953426
0.02007335779486598
0.019005066844941885
0.01868548709253081
0.019385767484634785
0.018538772058339033
0.019055981997994607
0.018008158738644336
0.018071417875760155
0.01829712354219011
0.0185148651077477
0.018566174456397966
0.01801019534525315
0.01808233250490497
0.017515962144786987
0.019032876278797843
0.017861889444779008
0.018268521573928727
0.01706240853441225
0.01721207862645441
0.017329601568158805
0.018076727366937446
0.017068364706770783
0.017891237453544737
0.01686607921848047
0.016963816512650137
0.017822114981401536
0.016915573474705767
0.017028291646307023
0.016861207256067226
0.01790847150833145
0.017002698637167035
0.01636161233114613
0.017393892808487747
0.015905405014701796
0.01642765823142998
0.016953606430807417
0.016842462254604142
0.01590369260650113
0.016519667426241776
0.016404171586303744
0.015613887905320758
0.0154775414471606
0.01577497704591387
0.015813895553462645
0.016366414710838117
0.01526068142876719
0.016371021635097315
0.015589751882110845
0.016132197474394927
0.015645950299718422
0.015425644961089986
0.016266823774568576
0.015018652642665026
0.015042139812373572
0.015618473192445923
0.014441428004982677
0.014771855532926896
0.015430087951991729
0.01514596239467053
0.014465563971476199
0.015392118374783012
0.01537538324871503
0.014856409120997765
0.014020437913594119
0.014798703278251777
0.014236543289432899
0.014353296091452606
0.015030625403461244
0.015228775195204628
0.014808219146097508
0.014588305601651407
0.013996063169930262
0.014561440908938053
0.014659391779110227
0.014102235596990528
0.01337538683346013
0.013935795462438802
0.014617451674656442
0.013011457464990559
0.013833371711155347
0.013804779756952996
0.013261162863302365
0.013969920778307752
0.013086304337463274
0.012741029343484006
0.013536193009169549
0.013212764937077988
0.013953011249803552
0.013899879610934932
0.013005496490686481
0.01233521634878896
0.013711365710619402
0.012709363983016272
0.012594318968298511
0.011892052809489795
0.012903779997488011
0.013437622044990698
0.012779704708915271
0.012909837340715687
0.013102668833839499
0.012646760810768168
0.012769100753149583
0.01183593279524754
0.01257053539649626
0.012538499929654685
0.011430187169118604
0.011963634919250024
0.012120623121280595
0.011147288369445531
0.011132387481815442
0.012504922766053276
0.011829708643046236
0.011149432230293
0.011639452611827965
0.01093048118664667
0.011453124790618252
0.011044446400256579
0.011498179866688368
0.010755473150598795
0.011057361600318389
0.01106640629018801
0.01118952750435692
0.01091334002220019
0.011459399994692917
0.011830372449302722
0.011161082763903481
0.011108712955431085
0.010939944022723165
0.010840242302011931
0.011448706223885457
0.01081772279666232
0.011133390850552847
0.011442199433870193
0.010963565785494416
0.010760217200191213
0.010267522234178006
0.010403185507719433
0.009592773179858995
0.009469404894813094
0.009572121230604618
0.01094491454821702
0.009235143134925903
0.009977225721389147
0.010682226881128146
0.010737579701924892
0.009496205017631995
0.010064270665938416
0.009761392002003455
0.010343779039723262
0.01010222145495597
0.009349851995510958
0.009956279043091631
0.009818495937528203
0.009896626656757074
0.009352175171986327
0.009624147124388596
0.009413691362009449
0.008932334727777266
0.009847145421317979
0.009734323937675479
0.008727795265126114
0.008594485927432057
0.009512538375748931
0.009315223768075207
0.008597208836111743
0.00919936162544346
0.00885414062440799
0.009021715990076543
0.008052508192998136
0.009568237388622306
0.008169990718439107
0.0093401329668697
0.008983761839079224
0.007937266195439496
0.008433241615778629
0.007594402038040014
0.009259765608717519
0.008754170548815554
0.008727979547310222
0.0077037655251658696
0.009023296056150331
0.008741931086776433
0.008156791090022332
0.008861342304144891
0.00855365939662874
0.008332991683606801
0.007169945193940922
0.007722690265684995
0.007784750559937896
0.007038066832254591
0.008433207456455663
0.007789288728446197
0.007517649028083717
0.007320822035669346
0.007060270324936874
0.008235338858859818
0.0069159054930419735
0.00725107210338874
0.007895214208544037
0.006593502099964993
0.00767994856454438
0.007432616849240339
0.007613635256756451
0.006978339681463433
0.007341209698351077
0.006367701389155797
0.00729730447156063
0.007819618066650453
0.0075853472073015935
0.006844828340189456
0.007294298557534032
0.007434882511977818
0.00669377409755724
0.006879490547812844
0.0077158326858448485
0.006001369196784655
0.006694247631453932
0.006700143524918209
0.0070724799324106856
0.007087982449263362
0.006840372925024634
0.0073202448279619204
0.007042961276798843
0.006307721545455603
0.006500161294762785
0.006529042789505919
0.005686262167260297
0.006853247459472953
0.007148718074163644
0.006817506940117934
0.0067973067025930214
0.006987318598980396
0.005809538167179121
0.0058276505080628515
0.006043047833899379
0.006305379632839751
0.005183612899033188
0.006502225608045269
0.006740381266917081
0.005357589846364327
0.005766731524435529
0.006312815206511045
0.006036723289088945
0.005445032536448469
0.005251851461192552
0.006254938854148009
0.005759169036013372
0.006212241880784515
0.005136441615986084
0.006071809269580702
0.004900805739426913
0.006276083364824073
0.005403943955058712
0.004827194569147385
0.005380687022253209
0.005638485454241272
0.0050432037041312355
0.005790095080354222
0.006135797597969281
0.004472175725217353
0.005191075874013443
0.006033016616505282
0.0044241707215946086
0.004401644193104455
0.0047163128831866396
0.004971719583733217
0.00453362986277849
0.004630769688191668
0.005397525869031217
0.004365352858176446
0.0044956695897510595
0.004860309585467889
0.005725288710773739
0.005470363928812846
0.004481682690354974
0.004110556376335951
0.005043299108798622
0.004994888385337579
0.004519054462423637
0.003997177668029964
0.004995025931419828
0.004921284782581038
0.004824153107848004
0.005418617627390043
0.0041872235176513934
0.0043234472037139956
0.004744166138122626
0.0036607142767159646
0.00513226892806938
0.004679434167519795
0.004778252685346022
0.003622373144172765
0.004855286422860042
0.004092706921587933
0.004719131353736946
0.004821156978800046
0.0036102439745876744
0.004036565000879452
0.0038482927622104693
0.0047761242487312176
0.004455143449127102
0.00443888707450637
0.0040970517887307
0.0046987734993844815
0.004462144604202672
0.0035593619074581304
0.003808069090604937
0.004373764356611086
0.003934086805019609
0.003490409704301308
0.004631239080360908
0.0037106203204182843
0.0031424089962347555
0.004624635493540492
0.004017501861315738
0.0043754586322825115
0.004257993630957904
0.003932913470945255
0.004408191751022303
0.003975971001972226
0.0037841410909109667
0.002989782032823489
0.004520221129308201
0.004430661771454764
0.00414152513965557
0.004055037672988582
0.0029386835941134716
0.0036613717870416992
0.003422637503369217
0.003972968971561947
0.004270239568359104
0.0041572845595832485
0.002769148907672794
0.004183625144410317
0.002921640524245427
0.002587638122033744
0.0029738368604010222
0.002598242008538726
0.003979331709533703
0.003195600037254628
0.0031849775640862533
0.0026460400969553987
0.003716710801306325
0.002493159841012761
0.0037901137717124087
0.003821033457402065
0.003760218956373879
0.002972203512204117
0.003073521883686014
0.0036056357415502303
0.002806762242475075
0.0033601584795742386
0.002729562393058329
0.0037028254884183
0.0030527475253930127
0.0031942642409871097
0.0030466164691719455
0.002595457124106741
0.0027029142973750103
0.0037340353495758905
0.0035439689841218693
0.002737677523110488
0.0029619524416706006
0.0023286269034867926
0.002972141451356371
0.0021826419947467784
0.0034588394040576662
0.0027749204083347464
0.00198168337790246
0.002620103725825241
0.0032425443660404505
0.0027972575618409423
0.002219077572798182
0.002064907966609401
0.00232291961900827
0.0031136428054538926
0.002888497414338616
0.002876034446703377
0.0030027820105349616
0.0035220533611937267
0.001923292278847149
0.00229897402744801
0.002090548534966458
0.0019285363415813864
0.003162632843898485
0.00194851322680314
0.0020133033835696124
0.0022395609932970126
0.0025061347344751154
0.0033639655292522224
0.003353154513460071
0.0019481311305186136
0.002972473006886043
0.0028242929264257408
0.00234139228438541
0.003171776131469283
0.0030027628649631523
0.003030733009622326
0.0032972772213670652
0.0032267161270553286
0.002227030395217489
0.0017687626842773868
0.0021733808144409916
0.00281563254083214
0.003164781429859145
0.002110702320788082
0.0027130327740595562
0.0029705547358771754
0.0028723204725744304
0.0016579936985456158
0.0016798818938830453
0.002471466482909869
0.0017369432106216635
0.0018161705762105558
0.0015712483680649628
0.002618215010290153
0.002862092890412031
0.0026373274430533064
0.0025972593571058195
0.0018667983341145817
0.002125236785375701
0.0015150454531510178
0.0016778927277332747
0.0015481233920658574
0.0021389384003033117
0.002477456965191853
0.0019052101966881775
0.0023599122859562405
0.0014228900609318882
0.002643462574612653
0.0018078696368369282
0.0020117747521689764
0.002166711642175645
0.002164254583345878
0.0013892711681939662
0.002593224438640327
0.002863185945420804
0.00239301814384237
0.0023310218798249164
0.0018884153193976989
0.0019666861853602593
0.0013973409140487628
0.0018521158457146356
0.0021089281094814087
0.0025083579297585034
0.0027259441628384156
0.0019679523686152813
0.0012895130747335557
0.0012407933573498977
0.0010916848585109807
0.001926947691396169
0.0015275201502037755
0.002284278042497044
0.0018693571671259447
0.002011437558876557
0.0020157347245676827
0.0014585465537479806
0.0010822371467067665
0.0015440815039728254
0.0011012739428476039
0.0010720815459571245
0.002372075559510453
0.0014735662164192653
0.002343417059193116
0.0012081297160414892
0.001569469332915399
0.0020654273722129778
0.0013481027809877824
0.001095254005544295
0.0010040266159800956
0.002547935796926307
0.0012708998739008363
0.0021905480073792583
0.0015262337461934643
0.0010675824851389367
0.002037793808244194
0.0019611457584033988
0.0017262509765816885
0.0017281370097889097
0.0010481967468558724
0.0017263219832140356
0.0020445310203682458
0.002195210035133434
0.0010659050985131597
0.0019720483781868327
0.0022449789027421635
0.002078574693185608
0.002471781027394952
0.0024343592817167013
0.002011058483472852
0.0012797713921728474
0.0019048717717355726
0.0012315024412956985
0.0013154183454961805
0.0012793545745861995
0.0010041181534321294
0.0011511115644010452
0.0016554982177024715
0.0017181103045515417
0.0017042083954022583
0.0006939806779476173
0.002093654433091626
0.00143242343025426
0.001562337031270412
0.001950681530249734
0.0010451004151282505
0.002225103105232701
0.0012708532002116341
0.0020856522599168622
0.0022713443020034446
0.0020525405609896985
0.0007674590756817727
0.00127423952402768
0.0014168546819716408
0.001306692321752986
0.0010753036273904559
0.0012567795625085378
