0.0015141008062843557
0.0012775850739849242
0.0017043255400057504
0.0016738279519718804
0.002095894626068954
0.0022020320174313095
0.0007337152800001581
0.0007810576081380639
0.002345083390748283
0.0015396456100267163
0.0006894605596792815
0.0014769526017019829
0.0017978168418692074
0.0007412466963236313
0.0022837437505135254
0.0008850249299870537
0.0023246624481498054
0.0007785963017181583
0.0016981992111865997
0.0009889537652272992
0.001081490089114408
0.0021659265816559915
0.0009172200743536122
0.0013306137284348877
0.0010221983374086507
0.0020606151719047274
0.002413541640846181
0.0020967721126069457
0.0014750978990214678
0.0021233487390020216
0.0007418266253813776
0.0019496472603078524
0.0012235693201906419
0.0022785478968184608
0.0010440721483595105
0.0011290613605313944
0.0017225339214262214
0.0013117613928042653
0.002481784855028003
0.002253957040428857
0.0023487341789663998
0.0009726868543635441
0.001875504894974858
0.0020551538323256907
0.0016347270290215888
0.0024644010117205553
0.0018712890068577183
0.002266460493013163
0.0019992865833177035
0.0014815600596533843
0.0020264635992747653
0.0019940923745265663
0.0021642390897116544
0.0013153522320497617
0.0023340736895494808
0.0014309568832992963
0.0024902911919386815
0.001414195658986894
0.0024232761303233795
0.0015092922237116768
0.0014009042803681713
0.0016027059317895757
0.002497893244559423
0.001079010461479294
0.0010808585097794817
0.001107872116749146
0.0017634850287560194
0.0019113446885121645
0.0012799476942576295
0.0019000455169159924
0.0010368261476194514
0.0022997837729500886
0.0017047080626090955
0.0011443727245564405
0.0022817999830847956
0.002385005607330268
0.001915571600118985
0.002407558606606543
0.00204514121979089
0.002332400429397633
0.0021527147780154793
0.0013127606462031104
0.0013632253157425667
0.0013717005822388674
0.002208746861244159
0.0022983076050564523
0.002486029054332851
0.0027393287984449877
0.0016284021971100125
0.0014017845892916906
0.002643849846490038
0.002518574148281822
0.002420149959798812
0.002124017082556879
0.0028347845434911296
0.0013671843156161769
0.001358355965068375
0.002819336998377518
0.002635761247846777
0.00237766524354877
0.0026347584684313853
0.001426959721519461
0.001548402360804742
0.0019521509054030114
0.002293571965685147
0.002620594788408827
0.0021108460609138794
0.0018627471750102254
0.002097328617383395
0.001609087016974061
0.002703281851707478
0.003105756281407642
0.0030171808072633555
0.002206230123112814
0.003243323065963967
0.0019429012007851315
0.002390630520529072
0.002673753144605473
0.0021824206731644227
0.002683606544811046
0.0023952085145903046
0.0019704610773681806
0.0016422973118864082
0.003155240212674831
0.00244257987748893
0.002276064649473349
0.0032075638333371307
0.0025707966308580357
0.002764380213546149
0.0024454550126714954
0.002386610627589791
0.00277478152284148
0.0018782912124380318
0.00202156144438205
0.001912466799920513
0.003476353963922685
0.0030151870243862833
0.0026224084250975103
0.002498425158880455
0.0028188950899846873
0.002301614875732702
0.002326230992170041
0.0036380529120167474
0.0020835516558824338
0.0031665876651531606
0.0033637691390533144
0.003653771690008012
0.003084094655246601
0.0025833805774219923
0.002370963454237162
0.0032763938992429204
0.002470580376567355
0.002069809700338477
0.0030953539177328406
0.0034742677121337587
0.002862901631231865
0.003492534010904969
0.003348791363220835
0.0035138002741869775
0.0022311210434377365
0.003067222051282101
0.003514233194034479
0.002540253315291626
0.002266349964590893
0.002574096815394672
0.003961180813308454
0.003199591580115513
0.0033913182291348907
0.0028461354538202935
0.004084480823833196
0.0025864621572885167
0.002625206262107162
0.003109194604825844
0.002646633513131397
0.002876832071439576
0.003097541284074913
0.003965721642935509
0.004134152833482849
0.002581638465067946
0.0027654256974178983
0.0030919792837854534
0.0036516342274052027
0.00376640608720352
0.0036223997999587556
0.004134870741512966
0.004272578646501587
0.0040620282266509615
0.004344371846834353
0.004082797874006607
0.0038602656173943825
0.002746514569524217
0.004414345438220147
0.004525482468879082
0.003718624762200882
0.003407634563890862
0.003455710380978276
0.0035363407811286225
0.0044003328117093125
0.003886560750974267
0.004033411656475943
0.003829799217411666
0.004570818365041199
0.004338084348941146
0.004332784522080887
0.003952042817956594
0.0034199150056682466
0.0035013665605601743
0.004682935547656909
0.004379848920741725
0.004079413171824397
0.003584316121518983
0.004750545487076207
0.004024006502724096
0.003552918434234224
0.004337563867488937
0.0035354710994582143
0.003339234919060348
0.0048624831432307804
0.004132515258861878
0.005062722309253931
0.0042857958534878934
0.004087939301171789
0.00509788273679014
0.004205767103384757
0.004556904113661675
0.004425684431612683
0.004442899557045986
0.004177191362915123
0.004815306270610776
0.004174740400153393
0.004225293418904182
0.004766943774945221
0.005290989265191553
0.00448336976046731
0.00478000689643602
0.004805828515958219
0.005504417005296874
0.004825552089561611
0.003959558729763651
0.0055256325033301
0.005634101809884898
0.004979699018833569
0.004429982609143628
0.0041312742615420926
0.005246021707167201
0.0051881761977161985
0.004630569971574538
0.004587349220911039
0.0041874866236992865
0.00478467551455573
0.005241100454599054
0.005457028341363291
0.0050616976514064865
0.0045914071926942395
0.005977272799826387
0.005043835899869585
0.005273353380667417
0.006023727774408765
0.00570416709395124
0.006029998236374206
0.006240995390171283
0.005134041172251698
0.004804195278328499
0.005377754316851068
0.005500689760279193
0.005245387796936558
0.005025169280647644
0.005578783377801763
0.004790654874777504
0.006131335048856183
0.006565361911688778
0.006240795045445793
0.005416906338030388
0.005525949870480289
0.005500284686946484
0.00652531148863787
0.005175654850367796
0.006462517353627491
0.005351592013904057
0.005296308836603863
0.005919800204776341
0.005960611815868442
0.005643143300647081
0.005714919613738807
0.006318654099302941
0.006220158292108227
0.005635540300451282
0.005702297589916937
0.005863532054022532
0.006121361726221719
0.006674393186913612
0.0066650933130022886
0.006930440152874039
0.005634322497196131
0.0062261031394364496
0.007104369003123416
0.005975942680211812
0.006572831450526427
0.007032293777128769
0.006366384415969909
0.006492241429942002
0.006703710729453556
0.007102357349750968
0.007151129244677508
0.006361437318832356
0.006739978103238825
0.007082542119138895
0.007639776142142119
0.007739020373194346
0.007140842302709936
0.006323547599347868
0.007261029009663958
0.00684489217815193
0.0064182235578253725
0.007814670160205697
0.007101805090785752
0.008184766852109962
0.0082088599638516
0.006951451241834113
0.008212214924856142
0.008220462955029243
0.008121516574220645
0.007214946314581493
0.00827636613789789
0.007498932524192155
0.0083029680235614
0.006962728822561245
0.008352297284199395
0.007560461047055123
0.008245285073915072
0.0071195131154957216
0.007428243517415619
0.007996258806627233
0.007272244458171012
0.00863154509100238
0.008211925268469903
0.008853644118567419
0.007844420799552753
0.008656954919008898
0.008356441588675989
0.007686442267588614
0.00911238959020873
0.00927270034690314
0.009242690827738004
0.00840147589316581
0.008521203325721746
0.009394825520236322
0.009140268377938592
0.008233897091864615
0.009251411710885872
0.009383664006547287
0.009381684560362001
0.00869722996880071
0.009244559962730374
0.009531107839123322
0.009270026599483883
0.009596530437504702
0.00874119905411906
0.009111347613526244
0.010108157580513037
0.00978927798982166
0.009014646518245626
0.009642133273495753
0.00957356310568861
0.009923414164737077
0.009536502880489732
0.00914317895521377
0.010554701207107067
0.008978233964589875
0.010186289872497398
0.00976710170736796
0.010342575918941005
0.010318754333271177
0.009361186113170035
0.010510462356618093
0.010477554952820541
0.010823139606374887
0.010437104012697436
0.010716261509149864
0.011073094845922988
0.01067262670947892
0.01023990149002816
0.009931648966462384
0.010754107721140433
0.011275696252643687
0.00995204796831354
0.010239425319673257
0.01018762517811724
0.010527418439841982
0.011134281626185231
0.01130622898146676
0.011455659803995951
0.010175230662971475
0.011018684299586351
0.011032738705780335
0.010913465213686493
0.011978156263037935
0.011944744291709289
0.011093902163074203
0.01121557673016824
0.010765787528171299
0.011200366772771307
0.010777498985985222
0.010855959777708262
0.011508108150757906
0.01221254828245875
0.012671118063550247
0.012544169299258457
0.012016828162133786
0.011248858430129991
0.01286078338228571
0.012382248764695205
0.01248011597113591
0.01251022210256139
0.012458317851734003
0.013002821768137057
0.012378934916871157
0.012281157513772564
0.012389181123030947
0.01334337485153149
0.011836612140529933
0.012205405086650096
0.013578297227902037
0.012936665785535975
0.013282566556005303
0.013610309928211588
0.013824093597826229
0.01347097131298533
0.012795941712904402
0.013293107026234067
0.013551455309929657
0.013908975511656521
0.012637832671642856
0.013419553735950258
0.01401302166905578
0.013809623111857452
0.0129559452860053
0.013726034431183995
0.012890632303963964
0.014020325614295058
0.013678001517649025
0.01466425786475844
0.013930809870572618
0.013578589023556097
0.0145473605236842
0.014110391482433352
0.013473613399265288
0.014837591695626191
0.013871409055978818
0.01365251660397266
0.014935308660808765
0.014632850291883315
0.014794710650612683
0.013865430678836044
0.015130604662970743
0.015064121380719272
0.01411532341396731
0.015008534394869695
0.015284043560919294
0.014425009884278629
0.01513492710277654
0.015141811429479717
0.014631596406018712
0.015544689215574595
0.014822336974571203
0.014861666945365821
0.014862235925207926
0.015011493249233896
0.0159146315076572
0.015457182864494575
0.01660888642762611
0.016681435670331004
0.01647794427745283
0.016409227936237978
0.0162692795792605
0.015333688682043857
0.016941356397541626
0.016209038395007473
0.016149802525303635
0.01662340464964774
0.01601793827165455
0.016299842500832586
0.016931012930691373
0.016739173934773362
0.016383329615405604
0.017018006114314768
0.017673066865954018
0.017286527830392744
0.01724157785895039
0.017643764367228757
0.017302478435045246
0.017078490315791017
0.017775606757364844
0.01772504606131502
0.017464344459026594
0.018204278832659352
0.018541865038087878
0.01747282216303541
0.017651094787891102
0.017811088113966138
0.018381343534746106
0.01720116644991586
0.017741607879941734
0.018383363203901375
0.018365304117734464
0.01763614736020665
0.018444744150291074
0.019189792866262018
0.018244396792880722
0.01904258479782877
0.01817869315697293
0.018828763536387377
0.0185722488491819
0.019583990720887883
0.01963260046220137
0.019210346856589355
0.019769984050487115
0.019524486989757853
0.018981733399924296
0.018898210183576444
0.019113098807309842
0.020057277725666792
0.01975976171112605
0.019571008079029804
0.020509371301956774
0.019501241739185562
0.02066529686515388
0.019772676107079792
0.01964560233798625
0.02082868364922621
0.02058568795445527
0.01982003176193586
0.02010019492147131
0.020781463232110914
0.021047960358199225
0.020221123860155
0.02131454473310147
0.021255422391232535
0.02146277030776957
0.021435013517655744
0.02017975821778569
0.021925898738226618
0.021715859486825372
0.021734480347090326
0.022007740950367928
0.021081165870914974
0.0222680719372057
0.02141557729632204
0.021953181606227817
0.022559763702681476
0.021350677729118396
0.0222045409106192
0.022513006318822318
0.022514403044017774
0.022806469712441584
0.021517529339004502
0.021707941131408025
0.02253348707654661
0.023219834694194218
0.023004905880607225
0.022105299536982977
0.02353181210599554
0.022016505970772964
0.02367326656071791
0.023033552641706315
0.02357232772369576
0.023904829278364337
0.023369091523997514
0.023943308858129876
0.023734752089382194
0.023144633880203536
0.023002088790618554
0.023430892712052415
0.02402171782043485
0.023202972744538784
0.02407581300748874
0.024382602947680833
0.024094049304926674
0.02386244062702328
0.0247179130760111
0.024986377521043546
0.024882322089128824
0.02484631368567042
0.02484923582825132
0.024303789660980336
0.024144248795885236
0.024821303241765333
0.025550066708226904
0.024263985462579973
0.02462768264882421
0.025136503648609965
0.025312775795523497
0.025959672447877318
0.02601098774042786
0.025796666585712592
0.024904012844870396
0.02502747735674906
0.026326254016602893
0.02598951251748943
0.025856660682325883
0.025823151694701323
0.025065587021874766
0.026412618021748012
0.025226277879181195
0.026087577896482927
0.02657022407299134
0.026078619337509767
0.027028157140405
0.027139688053682987
0.02690121085834127
0.027127759038113233
0.027526632278673364
0.026325654849808956
0.02705640835453435
0.026388049768076315
0.027570820048246913
0.0266331104387311
0.027062637531445912
0.027687536105276724
0.02651523918440786
0.026879248377763513
0.02736230592432498
0.02709555473146495
0.02717323139600181
0.028392141770833414
0.027440912243522794
0.027757984037930113
0.02876474034994333
0.02748406432894484
0.02902384741597736
0.028527484084091777
0.02772266316507224
0.02763850578317041
0.028573771798714405
0.02911826236973028
0.0282133948762799
0.02916185464703031
0.028527011918037862
0.029292815879715904
0.02913191162609682
0.028983785921931716
0.028561903729809855
0.029713895250426073
0.028876968290969463
0.030033558468658968
0.029718725120862547
0.03015118965353181
0.029289654245041256
0.030415529509654277
0.030544737081212088
0.030208827034969018
0.029352699463713276
0.0293358287506318
0.029832903107346976
0.03103271010467841
0.029762972771698388
0.030537526299127468
0.029772532832741703
0.030986043126987464
0.03135481439846021
0.03133654972513802
0.030576237676555103
0.03157510579753506
0.031561323098904935
0.0312926221608287
0.0314991067963833
0.03160031113995849
0.031124794319635486
0.031690162669311954
0.03187662223240139
0.032158515531389445
0.03225231941403678
0.032296211160948704
0.031515092060436255
0.030948529351091013
0.03259921533669924
0.03171569472284094
0.03267746894408385
0.03262886016120395
0.03226040460164018
0.03198658642495106
0.031410846669474114
0.0318028814051658
0.03177770044347237
0.03175441795605533
0.032211531451339794
0.032091670799684065
0.033151695844001766
0.032031623747691924
0.03228475097854615
0.033274084454652644
0.03242749763438717
0.03220105249579662
0.033139701272630044
0.03299525749499115
0.033716798006409046
0.03357896529114822
0.03374364659945373
0.032879856779585354
0.03393920140814254
0.033655095294340985
0.03398021092768135
0.03356576723670478
0.03358763674383265
0.03437655595117028
0.03391300683891482
0.034706090401189445
0.03387610075918308
0.03504272128766439
0.03452101945936411
0.0339027432295829
0.03522669474482925
0.0339611930393074
0.034419859661829755
0.0352282651646188
0.0355885049598956
0.0353993958137186
0.03436927112391215
0.03507074981243443
0.03435234191067591
0.035624113469174504
0.03554490768495186
0.03554238202702687
0.034777327444347444
0.03476086999449885
0.03563977393683273
0.03525892532167947
0.03541700211014517
0.035589637661155187
0.034881917124631914
0.035471089545997155
0.036364999028234694
0.036544899189476523
0.03575298825497607
0.036564908567389656
0.035648451332174716
0.03613674986785138
0.036230066295314084
0.03669212466754956
0.03617467714544513
0.036912152482940545
0.036704752093623866
0.03688925806210761
0.037282662670337564
0.036397302429684614
0.037452984432772035
0.03625176130722042
0.03670734383571023
0.037485151419259406
0.03670969393484703
0.03657834170889858
0.0377794266175394
0.03768800694035475
0.0374487218607147
0.03658292992038875
0.037043964151401605
0.038111235362893375
0.0379297896355523
0.036899872354428036
0.03745231045932261
0.038187566171147005
0.03796074646153454
0.0375122772467455
0.03752942953812716
0.03824483288040621
0.03724995352932868
0.037180820374327954
0.0387951912907729
0.037932423825439
0.03796456426340978
0.038157487653183324
0.03752411393155902
0.037985168919399015
0.038721015638554145
0.03849883572579527
0.038236660469708826
0.03897287046427824
0.037753492697545646
0.039395616841355875
0.038817643781601414
0.038259865772666976
0.03859492310190609
0.03855767096885575
0.038146886892665294
0.03805496029992097
0.039234171174113756
0.03845669948146701
0.03851183760805208
0.038507288923230375
0.03939754726323089
0.03971637196568468
0.03982610463505306
0.03853097980883293
0.03885847548124433
0.038958287312211036
0.0393794769074379
0.03925111411956305
0.03900641744975544
0.039873756489937025
0.04033546752714807
0.039429516951049286
0.03936712635391209
0.03956660793278591
0.0404763951336834
0.04004374276811653
0.04016825230566139
0.04027610264973535
0.040228754856467125
0.04015749208221564
0.04091752271927699
0.039273343378596205
0.040455846368046985
0.040113217627460014
0.03949679361214345
0.04004575718731688
0.039624775242517125
0.04081182606608299
0.040139102584440894
0.04028892035556259
0.04126151981989726
0.03989497586074067
0.04024477419751354
0.040876405989281196
0.04007717497256571
0.04075634815757222
0.040961543655931514
0.04156887742413221
0.04125113419768786
0.04118084196640183
0.0405320824012971
0.040483066365498276
0.04160831536368512
0.04027185337198905
0.04118827140102462
0.04028644396016231
0.04149082185820353
0.0413722684555317
0.04065473171843782
0.041423855059211485
0.04118524880427212
0.04146335573606654
0.04154338678522323
0.042030646175854176
0.041009679681286174
0.042029358174167517
0.0404809113775227
0.042140032848730885
0.04055569410544905
0.04180792819499287
0.041813003165660806
0.04159478605733879
0.04167299971743335
0.04234240036351569
0.041663343534750034
0.04194421630583131
0.042007294503781406
0.04174041969231326
0.04192233951414667
0.041963595502792286
0.041914269050839954
0.041521890489629336
0.040947235989206125
0.04221135161121217
0.04265474357943961
0.041519660676206875
0.04170509219469503
0.042651169786195466
0.04270136109680899
0.04159770331117402
0.042104581200652434
0.04112324925799394
0.04161380958257119
0.041165862189776706
0.041490768332844576
0.04168872565968649
0.04230183065440321
0.041166485952684115
0.04202829851965169
0.041480297499617826
0.04260688587760857
0.04203354322668448
0.04229429945621919
0.04216731113112724
0.04221196479514019
0.04243552467573873
0.04240433231919552
0.04179044256808847
0.04185158943446537
0.04227786977880102
0.04266360373739416
0.04262562449957595
0.04193363421819679
0.04164515855808754
0.041739603870042864
0.04249932071590805
0.04271694388325038
0.0423834994583552
0.041461731532549666
0.04244066271859126
0.04215399291162146
0.042261524527640225
0.04153411607699795
0.04203177009710213
0.042681782433254975
0.041761705811911846
0.041892637938410325
0.04268730613163809
0.04235674354171316
0.0425176680165724
0.04261376086459663
0.042806306711877795
0.04246658818765933
0.04257422090493252
0.042599470733502016
0.04216011181576103
0.04311319610768812
0.041661472204981315
0.042275900918392166
0.04263038074704004
0.041982665759782545
0.042960394564522456
0.04212838575029341
0.04168878955702404
0.042204332357441386
0.042089544932286414
0.04275752173040621
0.04260201903491095
0.043054980157107535
0.04182093064659325
0.04272670553772515
0.0424650101617466
0.042401004336136874
0.04151549082141016
0.04264665587941341
0.042476248927665924
0.04270268027689279
0.04143852969586329
0.04183267821790434
0.041683334438265524
0.042150714476917386
0.04266235220165606
0.041445142590283826
0.04203114563308053
0.04262503540739926
0.041777312690703325
0.04244392952686493
0.04289696396333446
0.04197852424695132
0.041575578088713344
0.04122037827249586
0.04262289355509126
0.04148686802782132
0.041154893400285546
0.04129631703973905
0.04111999054869207
0.04238512141506914
0.04182534146307164
0.04169345059612406
0.04164173065281125
0.04160841337048748
0.040981262862289584
0.041764906768714145
0.04187861241591965
0.042556020979730734
0.04157095225260108
0.041058002487232896
0.042259432871835326
0.042360169872310914
0.04188031850553399
0.040997844248783354
0.04224942177347352
0.04193033092446594
0.0418893121590407
0.04214700412721713
0.04096412964312709
0.04127627326176775
0.040603806864013534
0.04120664175572989
0.04181713603876251
0.04145900589622242
0.04113635501501359
0.04180835434617161
0.04142984993826395
0.04076400202910276
0.0415382538901163
0.04122430571115154
0.0403591450587171
0.04091019336438744
0.04153414915007669
0.04102238787459254
0.04063334508735398
0.04076158939295306
0.040073360759645786
0.04094613478409677
0.04009206613686317
0.04134201359868652
0.04068598044729844
0.04030606685128472
0.03996299520634475
0.04052153820490057
0.040416549686249074
0.04114121298562451
0.040571940181103626
0.04081308176382226
0.04123057773688498
0.03981355695258464
0.04102055419039979
0.03959156969531172
0.04019061707695513
0.04093752152239223
0.04075167884425389
0.03994461901117345
0.03975109901086167
0.04074304245922334
0.039957693270105434
0.04068038998321715
0.03987004593546416
0.040140100553476235
0.04037094005342943
0.04033142734392071
0.03910883651601646
0.03974338413285647
0.04042918751759694
0.04047271587279291
0.03966282970584795
0.039124972257233645
0.03888047585917177
0.03975131692355779
0.03893427851659062
0.03961522144933
0.03872334806669562
0.03951981998745863
0.03883851341741467
0.038876296492697894
0.03879073211810916
0.0391214860010047
0.039297460523134806
0.03832038015550781
0.038686242777219625
0.038576543931345214
0.038849119515161575
0.03805381819187159
0.03824654386786659
0.03841607052278578
0.03936643575109398
0.038558791510740265
0.03902758713703673
0.03937937471047008
0.03797882671212287
0.03876169658773872
0.03843082167894102
0.0375903334981278
0.037556302573764515
0.03856560113617381
0.037827399289444494
0.03825332837616004
0.038371390158523075
0.037509583559535827
0.03768425213540168
0.03758899485590354
0.03722561720151545
0.03778889149066707
0.03782399248106089
0.03773804926335957
0.03785555265809455
0.038130195661999065
0.03777297161659683
0.03769791161952742
0.036859134050489274
0.03798623478183791
0.03656587771905675
0.03759849293446475
0.03638616110705813
0.03740397712952548
0.03763465492267106
0.03606613526963363
0.03747724053924882
0.036354336727693955
0.03582823513611457
0.03600781845965682
0.036342776927083965
0.035939664917855906
0.035750768976414805
0.03670843262243439
0.03616310921549148
0.036030685480380284
0.03604122441524933
0.036453259010059524
0.03656189516398726
0.035858188448761465
0.03636048739838772
0.0359967201851877
0.03627293985776005
0.03577707297633833
0.03565860000111765
0.034981780242484266
0.03607936794830846
0.03487454793226539
0.03495485605634886
0.03566171098160533
0.035284496840395
0.03503208583687077
0.03502580077417579
0.03520232824393613
0.03520273648060688
0.0341311201968607
0.03453859419100107
0.03492220824908538
0.03410265411544686
0.03523224823991177
0.034140897086193105
0.03511749087602002
0.0345035462902557
0.03366304672328219
0.034423561489857826
0.03435017382312502
0.03502378874025902
0.03490300810016229
0.034229168090735375
0.03380966540320613
0.03320726537349595
0.033643204720449425
0.03347125878847491
0.033828108981695824
0.033996368697861934
0.03382439589789874
0.03371586120926784
0.033515486039693856
0.0331002878090735
0.033262492397131416
0.03241753948377736
0.033406505739121344
0.03311601797084857
0.03364674517745398
0.03352495126099802
0.03195270096195635
0.03217775459066162
0.03181156687753093
0.03220779797153653
0.03335584264169463
0.03194147382347349
0.03148514238040932
0.03210082320434057
0.03139388701866984
0.03130721956890229
0.032229758585150425
0.03167808741208694
0.031494216864459953
0.032663890044252554
0.03129046514138067
0.03243096026996238
0.03121023438675596
0.03203916547573558
0.03176158927855652
0.031322321471017565
0.031917156594418766
0.031702331319614155
0.030784315976429864
0.030681291264242
0.030525164761780778
0.03094738734321067
0.031129696289976392
0.031158431528969306
0.0309224363451814
0.03050320735124239
0.0313699863699231
0.030780719859867176
0.030044224964497667
0.029477428155632843
0.03069661378747481
0.029562435520642628
0.029748748160603248
0.03013969506763886
0.02951362137018077
0.02977982689591832
0.028892415100880874
0.030432112313479774
0.030114457718719675
0.02936048753164178
0.029566139579400255
0.029664265407344004
0.02983638640111701
0.028860114838147082
0.02828135278662129
0.028106575040941252
0.028383316206268782
0.029395465172686378
0.027880170799342775
0.028685188519835522
0.02786350274362436
0.028986190671107206
0.02877517350251626
0.027554794141288662
0.02914549732432394
0.028794376736539357
0.027535821827104828
0.028337713995482607
0.028161539867515375
0.0279673473190793
0.028410905905744747
0.027848916038794243
0.028352109047571072
0.028227751346553635
0.02761324976614099
0.027555839819563614
0.028154179637329465
0.02767366819658541
0.02780065609043547
0.026471227224533222
0.02779457729920119
0.027176047554080443
0.02601303296466447
0.0271275040779853
0.02586102635422607
0.026571854027329048
0.026440102254831156
0.026514536060299403
0.027007739770294466
0.026282258329236
0.026756672162738214
0.025493253078688317
0.025805642930405926
0.025340599020696828
0.026274116446331867
0.02526313083874452
0.026440787559408464
0.024798470031479836
0.02590096681002278
0.02613796671976002
0.025790913407283227
0.025420594881011345
0.02502554676399268
0.025649480300966452
0.024758856691493636
0.024688253014659343
0.025442052435119513
0.02543259093453767
0.024308770238262934
0.02482141572643177
0.02405399587085187
0.024388617303754783
0.025026130690606264
0.023881169770904
0.02368823541958492
0.023349164580501965
0.02401534883469012
0.023261802027694043
0.02307004132899263
0.02361997307065817
0.02444403557882505
0.02320840103067431
0.02421726428698315
0.022809585517541975
0.02409219532798589
0.0225853435539708
0.02284981051879712
0.02376915421975531
0.02371739001136831
0.023108735797106688
0.023237716633701902
0.02203998653333269
0.023282811204560834
0.023005728679690588
0.022039318685601307
0.022223441047231722
0.023001089399435112
0.022049495387056434
0.02270951973697491
0.021794550690877563
0.021293401277441844
0.022183384676315754
0.0211826095835365
0.022302184479039637
0.022115390268104006
0.0209753040806417
0.022157504912610048
0.021723194646702082
0.021159166411024007
0.020891331248360102
0.02208420785831539
0.020451334194157914
0.021545494474181946
0.02076334334845165
0.020824528970517737
0.020500500937821527
0.021746927928055847
0.020281974778030565
0.0208354176085267
0.021042172936308598
0.02138346962223348
0.02064175910419062
0.020605438893791444
0.020151268483715325
0.019421742043511814
0.020990244795558142
0.020255522243179745
0.020539839697336564
0.020428864914032202
0.020548200583576353
0.019952567853217296
0.019513016650050084
0.020316961525827234
0.018946159827240735
0.020185624645307057
0.018853599467437674
0.018608804131917452
0.020134346919711443
0.019506353966868076
0.019266613119227134
0.01818653510044198
0.018364286753490847
0.019692261975856107
0.017937635678658338
0.0189927856951621
0.018593209437894036
0.01835392607292339
0.017678171519956588
0.017902773199304403
0.018329003414516445
0.017845732049982688
0.0188920017816349
0.01896602443727058
0.017813446691952135
0.01869279778941062
0.017544328884580546
0.017791796829709664
0.01787207164984096
0.01805977558617517
0.01687532809553971
0.018091915901574322
0.01822415639351895
0.017815365398163877
0.01700984516308992
0.017569098970747293
0.0163261768039084
0.01770952340221848
0.016796547197580444
0.017334816102401823
0.017440250969573023
0.016093556780311415
0.015929170958071018
0.01701507372204878
0.016051810501352865
0.015961439975884475
0.01617369794821148
0.016354275219728875
0.01595332715639385
0.016699080261918554
0.01579606692927388
0.0158333303585235
0.016217782373066408
0.016229965387482167
0.016419671855880436
0.01614055419216683
0.015607083742145733
0.016092729831734633
0.014875261665424721
0.015280389085558226
0.01582761463728052
0.014649839967099235
0.014710677090884451
0.015321971120275096
0.016084693197785837
0.01490022006861515
0.015318898977181219
0.015805571655771636
0.0150016074542571
0.015368475366071553
0.014949259398491498
0.015614762511340346
0.014067757818248617
0.014534945416976747
0.01396247278685653
0.014534166429569407
0.01368746933487176
0.013568565418014945
0.0142868251838153
0.014271509288656198
0.014397295030147741
0.014326618340644446
0.014619188431540113
0.013199836332514809
0.014290271868978783
0.013242458596777298
0.013182401294815854
0.014431934484575684
0.012824262322259252
0.012893366308751562
0.013558896012294468
0.013127576978144711
0.013712559862120739
0.012796531010055703
0.014172926972922132
0.013539076281535998
0.013662585226407292
0.013463241881593464
0.013237091611603318
0.012176355204484242
0.012205942728692791
0.01202632523013318
0.0128047232367383
0.013043119543340649
0.013125016553607472
0.012801143418667699
0.013115600062425613
0.012531743043590804
0.01228786444204754
0.011893010997621615
0.01259505408166816
0.013084010166906884
0.012290155346327295
0.012831937553808364
0.011562952352111439
0.012188444227068194
0.012325536240775944
0.01131385209467444
0.0123723001429267
0.011163063207678037
0.011687746921579768
0.012001687535159402
0.01157382169790466
0.01174232179265093
0.011436547392672877
0.011472594350496402
0.011363391338077858
0.011873953511112513
0.011710512478870746
0.01176987245780984
0.01045431690999914
0.010244133957151697
0.010578443264390567
0.01019769458854666
0.010743081633948772
0.011686522603848589
0.01001271538092909
0.010721368580412763
0.01124594581583447
0.010135944726114452
0.011477286097400166
0.010227414865259679
0.010749672739950415
0.01098330605611785
0.010295933299119809
0.009517753707475707
0.009664479544400731
0.010781570108408592
0.010796644876090989
0.010424505137298194
0.01084099463806553
0.01075090956797827
0.01085894643513352
0.010257275584315722
0.009122334246344925
0.010529526034246771
0.009821736614664291
0.009161255562126595
0.010347532114402496
0.008957226801716456
0.01034869313973512
0.010326521044418073
0.010307699910907962
0.009040439449668024
0.008765873476149289
0.009540280206830074
0.008626377119332828
0.010056720992355878
0.008753479017941853
0.00932563078037155
0.008766573095614643
0.009228442439729556
0.009335338229072593
0.008763583958573823
0.008290495412182757
0.009556803746794356
0.00815117654780722
0.008771681416389475
0.008371827052211296
0.009056154634662503
0.008051415420108966
0.008267545779537701
0.008544182340795538
0.009057801403327044
0.007726761268993839
0.007924242107889012
0.00771987744011415
0.007572494211457388
0.007776850567873485
0.008270238618316265
0.007797060369812994
0.008951938269911744
0.008342463270361157
0.007587072104597917
0.007783626228724526
0.007519351452391142
0.007206463675043532
0.0072328036975879435
0.0074221482990443925
0.006994283786326922
0.007933077221996838
0.008489736224762123
0.00691353178483639
0.0076876798934549405
0.008072225221288296
0.008095253183895557
0.007002278903893156
0.007475738786385293
0.007850294166865496
0.0078044092026365195
0.00733604959268116
0.007838061980715605
0.006466505184221964
0.006771200967820489
0.007410722927528016
0.006288714600144858
0.006643145651153137
0.006204344659942533
0.007587146178069077
0.007064503957973125
0.006485520187603831
0.006170941467145342
0.007680195857378771
0.006764195677305886
0.006924435912048076
0.007612246984248989
0.007068327095201266
0.00710341642450855
0.007020735987988161
0.0070435671759375065
0.006734643844336511
0.0068347344838275825
0.006934153385565506
0.006164618178723106
0.0062919623080222855
0.006906473399119626
0.007149097508910535
0.006217074171211958
0.006745655985594582
0.005589650658297125
0.006053515197224676
0.0065414804300452005
0.006420254700829691
0.006666941599720388
0.006024857719611038
0.006603718665628691
0.005567000844357448
0.005981275666090886
0.0053398611183984096
0.005852930894129792
0.005101221359142301
0.006275037849001535
0.00545937986650122
0.005010965708685044
0.005379797301005401
0.006121852857899706
0.006379159653037993
0.00613398749492177
0.005483382543900634
0.006141176711592214
0.005387675820752833
0.006043355853835486
0.005336030584155062
0.004715322952327429
0.005263123650912612
0.005927884453318821
0.005707266361071858
0.005093564006724675
0.0051949438061904005
0.0061078963813574975
0.004877568914566362
0.004420095752864092
0.005071755952151322
0.004939410332244142
0.005959782527958897
0.0044053287096206695
0.005237695357650411
0.005157325750865257
0.004544534465958172
0.005601506358913299
0.005227449852696721
0.004382985699403969
0.00438059031137113
0.004031246609556879
0.004178790740509195
0.004935541773482418
0.004922634001073459
0.005348292583475216
0.004233201945833772
0.005349970244092499
0.005513588301048524
0.005247012778139033
0.0038595449204773943
0.004610733894387194
0.003998850925625794
0.0039231570053574185
0.004401927757296253
0.003915239256436843
0.0050401263210708026
0.0039736043184504105
0.004611041707290716
0.004493075737447528
0.00500153703637051
0.004792763047337604
0.00379763399454436
0.005120958019392476
0.004885146372645677
0.003839626083319971
0.004540246720993478
0.0040321218317281304
0.003464986367450772
0.004268405603662409
0.0032824478656553915
0.004970221063186501
0.0033187478006760315
0.0041339837064430255
0.004710280769761059
0.004323326759887605
0.004384465700463978
0.0031830285005756934
0.0037276194889394056
0.004695245180586115
0.0036200690999802464
0.0033221859332639107
0.004653717363313687
0.003455215118302396
0.004494243466763326
0.0045877835972444655
0.003598852573947095
0.0042829809478671715
0.0030245789738930057
0.0029017709486295947
0.0031165685367765504
0.0043384205261704206
0.004456479665390075
0.0034579418549793494
0.004222457321429921
0.003178811328886161
0.0038689192062333106
0.003803393098620338
0.0031921827966611537
0.0036011227205355713
0.0026108909810133372
0.004289697612791347
0.003659455987243511
0.0032700693995325455
0.004026023997536519
0.0031086611350724883
0.002820214637072865
0.0025362585861017696
0.002501428832111128
0.0026268318243918994
0.003003455613961791
0.002823769523117973
0.003068149096800526
0.003297423996602275
0.003949673539167854
0.0031106273411972687
0.0030712100157941524
0.003254701629464478
0.002304856527650535
0.0030484306371018066
0.002456342908858439
0.0026964316688941046
0.0022421889838842406
0.0024176153227713415
0.0037368162096407037
0.0036008831156637273
0.003190019923558722
0.0024681318843895418
0.002931061073294273
0.0025284489650748434
0.0021779268182637304
0.002237632716928951
0.002035714984990321
0.003004761573012607
0.002065136352248159
0.0024802380068734277
0.002611583852926685
0.002959259233714191
0.003218946151612054
0.0030243759593812595
0.002533663312940166
0.0021471810768598594
0.0023571660938305214
0.003068226620980242
0.0021870662177633443
0.003233874059658429
0.002301269330134437
0.003375206773158876
0.00345687120394404
0.003379711377485699
0.0031219829994872097
0.0034565253106737842
0.002983187334440058
0.0025908125668052434
0.0029347066455419446
0.003360144404424652
0.0026767337436931064
0.002066312578843553
0.0016895312421420523
0.0028579668578049403
0.0027662808431634773
0.002408414706559215
0.0028951707149663672
0.0021544477687741514
0.0018815642063970677
0.0024480789303434622
0.0028421755218060248
0.001878345175745868
0.0027069761575206843
0.0027089373481644424
0.0031406110317212976
0.0026590285720791483
0.0030449984885081182
0.002954114408941519
0.001662134262087491
0.0029545294466614275
0.0031059820202600217
0.0024697087319508365
0.0029860440721896854
0.002065658134656128
0.0023930760688017573
0.002455755953871633
0.001927777791449531
0.002726754469681195
0.0021784099068287463
0.0022507637404140146
0.0014483809931301877
0.0019298434547038814
0.002420926775883013
0.0016851862236144661
0.0016331304750482464
0.0015543845755718437
0.0022854816475054124
0.0017996309882435263
0.001987742455711175
0.0029416690882007788
0.002748367778752989
0.0014730322237938662
0.0016625337727473812
0.002173584504906199
0.0025186889854877832
0.001707948124131234
0.0013842836655410344
0.0012271763712659307
0.0018604527962337964
0.0020423481504885073
0.0014597523008847556
0.0014256807643804094
0.0026683036401007726
0.0021405957655783194
0.002165959378191107
0.0016911834503277995
0.0021627582415271623
0.001425449817188436
0.002486571168440305
0.002096554825695693
0.002536445439181643
0.0011645403222539
0.002144572441177287
0.0022058932176456897
0.0027135367923220377
0.001680844480082682
0.0016005796013099198
0.0018486472041206424
0.001441364109579086
0.0025325686772824474
0.0026764761490114313
0.0016662855390293233
0.0026348069913372514
0.0010901141236771684
0.0024748501420798737
0.00101968406968088
0.0014467588521136386
0.0014670382512485044
0.0021441838928310817
0.0024204139043381085
0.001544953549878958
0.0010185994098881163
0.0010409850872837147
0.0008319626301437463
0.0013131868991188404
0.0012206085544491636
0.0014485581214525106
0.0024663555999449222
0.001526706395366613
0.0014450951327740905
0.0016455756161770701
0.0015030118976327965
0.0011629379393581357
0.001865810230135481
0.002083200266870956
0.0017915931976633835
0.0014664447202127466
0.0021473420140107713
0.001230752075702315
0.0013446634480082957
0.0023765350830892637
0.0012416078145148315
0.0015746967078101716
0.001532762415756154
0.0016470891392854625
0.0015421799515453502
0.0017753740288781648
0.0018008373181502269
0.0007534571225664502
0.00100367074832259
0.0021377354033702257
0.0016719881169509096
0.0015818264147841074
0.002052605683520143
0.001172371567049947
0.0019243241506613927
0.0006321604851284695
0.0023527087444929116
0.0017950541434019075
0.0015691748652735763
0.0012080751619997505
0.0011459319521209897
0.0022404584830669747
0.001984762813130754
0.0021543402763089608
0.0016486000478180467
0.0006914547540928231
0.0017377765968405758
