0.0018047137438728577
0.0010864411137570258
0.0016871796070128072
0.0017890693241929764
0.0009797495557881753
0.0015708547499760027
0.0007944652443741316
0.0017533725257239592
0.002222834082246181
0.0006530947980393051
0.000751684213672689
0.0012226536431490425
0.0010961290730742582
0.0014890083235362239
0.0010600371461513805
0.0022285047493193454
0.0008260284274610919
0.002036698868150332
0.0020743347605679595
0.002311451554257186
0.0009794416124746133
0.0023974619221723745
0.0022693404605855535
0.0023655045014357463
0.002411311340179289
0.0019715508846749937
0.0013023885657292545
0.0008576613169504009
0.0020290671812774248
0.0009875859686167363
0.0023593528812269884
0.0011663440927455935
0.0010792503442581538
0.002252903684306873
0.000990013647981757
0.0013097651202026276
0.0011990884723950017
0.0025229488219004627
0.002039079483371552
0.0015077833303147657
0.0022930929540519755
0.0013242324163175586
0.0009006706582452518
0.0022291000430962366
0.0008815657875288693
0.0015166584586131279
0.0016988065121423324
0.0018335449232487356
0.0010701554673614693
0.002073861528055753
0.0018279820973077948
0.0012027131154172667
0.0013662207557644452
0.002577046776536478
0.001443192085386227
0.0014343313761539624
0.0026214090615175748
0.002089986808450434
0.0014981129013020714
0.0023259527236635822
0.002562286458174856
0.002261400185937403
0.0011848708171852194
0.002591268254425558
0.002373173671281745
0.0017896655949514299
0.0022996469393736832
0.0011691861330993584
0.001843212780595845
0.0025129050721675148
0.0021963937120381494
0.001933073394128361
0.001961197714261385
0.002425994130250661
0.002149329648660224
0.001149445922422167
0.002110743101711368
0.002115439636027913
0.0022593821985187833
0.0019129114002382698
0.002193775375621685
0.0019736372374254676
0.002851867253469795
0.002276846242905744
0.0017839794991358691
0.002827761042370806
0.002472131018282203
0.002232696465805293
0.0016646062502822807
0.0014270475868156504
0.0023549260317927236
0.0014240917201850715
0.001996474804592578
0.00240922459787375
0.0014587753991685281
0.002987621318384867
0.0016221665409001207
0.001804001625106748
0.0016729967698237748
0.002260842003639737
0.0029598817159141788
0.0020123387749466986
0.0023483193109598787
0.001510427464757124
0.001394762326572497
0.001527733091872916
0.0027402424730727927
0.003066601271134696
0.0020976647986044876
0.0023559600033000797
0.0030529549078438453
0.00214403742695645
0.0019726695095060916
0.0025437382447897373
0.0024156647116660946
0.0021417633379307477
0.0031460349641790485
0.0017525498709332372
0.003271104864667511
0.002401145401730071
0.0031343638702108017
0.002762194185928597
0.00307980082402527
0.002311868305486853
0.001696203957460891
0.0028762265974001714
0.0032966925283099847
0.002105000696434085
0.002720115090249775
0.002639838588712195
0.0028435687363265534
0.0029157502508119757
0.0019448041675246086
0.0019406177920911012
0.0024955492323065565
0.0022959479911903165
0.0025526332220405746
0.0027200298289678077
0.0024958090547001054
0.001953366359430982
0.0033889670773081036
0.0022239187057225
0.0031703421631936158
0.002693574630799012
0.0024299130337615393
0.0029160221636420885
0.003543478221145388
0.00312978360816703
0.002358598438901803
0.0021825889594785266
0.0020693683727421503
0.003446717294576947
0.003484592961103805
0.0029825655807505756
0.002281786531936682
0.002737005078789619
0.002446215773518426
0.0031206241633107467
0.002211401741409728
0.0028675693071390914
0.0035260466107420625
0.0022050886545096353
0.002582877129841731
0.003608863946110607
0.0036647887432403855
0.00240611015439087
0.0038467556805673875
0.0037442680046419377
0.0028556622875108703
0.002727839256029592
0.0024915379101711653
0.003273251654592165
0.0030550034193345533
0.0031651649521701997
0.0027045129502227677
0.00415668698454655
0.002596963660115876
0.003670197745389196
0.0027069282379051465
0.003519066444841232
0.003786244634690212
0.003948769850674738
0.003283124489009526
0.0029233541822896274
0.003957674166190669
0.003005506862083426
0.00401770668381096
0.003871848125421736
0.004068551231961172
0.003940309190291047
0.0034393569679930253
0.0036650289574931966
0.0032969723679228255
0.004060083009571732
0.0030250614842884547
0.0034963892233128868
0.0036953617841211464
0.0033778869579118524
0.003709132793866608
0.004466750584603734
0.004501430840717627
0.003799297755300885
0.003777350045781572
0.003060160054856925
0.004092723016487995
0.004632683144445969
0.003448155439357395
0.0031898894510167058
0.0038814552355350604
0.004818357940743205
0.004076320031761213
0.004513622932501346
0.003739728493492556
0.0041885057179203026
0.004120489778976222
0.004287410223826867
0.0049471831818971865
0.004608076244869458
0.003548444650703012
0.003861842150215102
0.003669548749764283
0.005024361785592816
0.0049627778520965424
0.005101452844661386
0.0036778984719102884
0.004665112973686406
0.00520547418572944
0.00445903838250831
0.005141065611767054
0.005149352824529067
0.004196504427599518
0.00400472811098598
0.005490005313314849
0.005130000273224854
0.0044360792844386505
0.005541138786523615
0.005353731042079008
0.00559996024576389
0.004815873371247158
0.004926062071140094
0.004093697822519023
0.004092095173503991
0.004532701092858973
0.0053312637049384316
0.004393390991955502
0.004642126178497018
0.0041173817624919696
0.005888716717693155
0.005422607369860585
0.005096699612461638
0.005685280797316277
0.005705273372713531
0.004850812047027769
0.005707027852292511
0.004596287206812621
0.0051009672646014715
0.006159822112806485
0.005944120161286971
0.005428296792474904
0.004754556148733854
0.005536803407782376
0.005338994160604256
0.004722978411238569
0.006123145430532055
0.005659254432692532
0.005133551501856806
0.005666823281546258
0.005861987800982495
0.006475569087866283
0.0053583469397391024
0.005846266427491279
0.0062694441645760835
0.006209420336245047
0.005970846813560044
0.006403045719897451
0.005248615751276206
0.006737724816028049
0.005802923266988325
0.005600396528279524
0.00608679924319806
0.005454923724683271
0.005498370283102701
0.005514296940364617
0.006987420153872195
0.005344124276929756
0.00582793069960244
0.005994474114916772
0.007143185681447406
0.0064752727528187915
0.005538889761114626
0.006950079069778758
0.005914262855728979
0.007174253088517269
0.006789491460888923
0.007195896475518701
0.0063761690346382915
0.005940775337570897
0.006310631004159169
0.007106763051254634
0.0071272788670516205
0.00648661256895405
0.005948656717825196
0.006447338620410181
0.006969628952687507
0.006817955854269468
0.0077296980839740275
0.0063331584023649
0.00683408563083393
0.006341575531240635
0.007999815345174303
0.0063643025648528655
0.007228825835271171
0.007104803175094405
0.007828276440348303
0.006795052434645708
0.007314201926355889
0.00789234021523025
0.007448286424210218
0.007462427993092031
0.008046180425264506
0.007495244225002172
0.007741736821107562
0.007723022990144016
0.00705114549105291
0.008608134196203978
0.008271966390347024
0.0070623578542525
0.007776300447199982
0.008112358191935141
0.008429912627463383
0.007881156482918521
0.008078845680837507
0.00825172868437046
0.008997055214080694
0.007874231807242353
0.0076029760304708975
0.008376669790802127
0.007752227370609612
0.009096266923918472
0.008094090481369706
0.008063681431865508
0.007998430906407594
0.008361226874804562
0.008346972708878212
0.008253037919581
0.008651504870264604
0.008147780467521935
0.00925862244626622
0.009542440902709157
0.008226738760080003
0.008600697065045316
0.009544985832353954
0.00972665929631968
0.009532739111782018
0.008913817647088098
0.009434034132202288
0.009974097684265583
0.009327710794602734
0.008663899939022526
0.008505652855793376
0.00939249655164774
0.00991434382405263
0.009728259856675619
0.009943806467890073
0.009180671783729248
0.009471509613976073
0.009889646789046438
0.009478249603171613
0.009003060315816696
0.009902229879866963
0.010107095996947202
0.00936524374191155
0.00949581640774144
0.00924436292749892
0.010620972075831861
0.009886069867268725
0.01017005367851295
0.010810247290773001
0.00961205933836369
0.010832789452486958
0.010669677876911678
0.009617294072548545
0.009713251008793118
0.010703607473629986
0.010302910951733768
0.00978744126546751
0.011533927911627615
0.010330598830308908
0.010727293658561312
0.010532764571071114
0.011557386782170099
0.010347129184319992
0.010316169976877631
0.011951954999808768
0.01188329594347258
0.011293800803616761
0.011142697073414632
0.010620465025964922
0.011674032520984996
0.012272702130166457
0.01076978632940953
0.010771894590509862
0.011546317527814686
0.011609614914082814
0.012425890708261564
0.011637843840869157
0.010991423989872082
0.011737873049822928
0.012724442383684835
0.011993820225156855
0.012016810436056229
0.011728090542410068
0.012862169395690452
0.013028268063251481
0.011839866773997591
0.011651154339724563
0.011812944057041879
0.012400637324466448
0.012505481033058378
0.012192076688368272
0.012435915190798723
0.012818806163044877
0.01327908713937619
0.012026098646714596
0.012463172609840043
0.012606791898871548
0.012630274344415602
0.013293477197152381
0.013934555150254171
0.012390086738047883
0.012472200867572551
0.014112314479691824
0.012917768451459949
0.01294786472392215
0.013144575229971065
0.0134085289397352
0.014343703017841224
0.012952218387941522
0.013911022489448645
0.013671941960847872
0.014689579206100417
0.01359910023244132
0.013344229779044602
0.014100548383883702
0.013652155655070036
0.013790594355262116
0.013459463942284517
0.014752574040964164
0.013748220336836864
0.0146555281606184
0.014635196390350325
0.015179871676460175
0.014456501410179365
0.01400795725026052
0.015546927104773647
0.014518142954935443
0.014588049185715097
0.014599057144609724
0.014826245915042892
0.014615572152316918
0.015076570349793563
0.015447192130006171
0.015307416264876847
0.015094563490283914
0.01527187112396974
0.016004471691378776
0.015020234293580913
0.015425784015155038
0.0153639211332878
0.016053754185289332
0.015139216228254574
0.016758021360560222
0.0165354622295043
0.01654982259218789
0.01653755459493348
0.015587109892740364
0.0168570969732638
0.015752007960380867
0.015979319546933383
0.016482162779758995
0.017179934004957535
0.01693855666907712
0.016814306272788807
0.016672174020809553
0.016503806696236002
0.01674195430130724
0.017075071980321987
0.01729456799265802
0.017286720462587495
0.01702940080693387
0.01676994296165116
0.01711398484325274
0.017517724896391786
0.017516983854951516
0.018163023306713898
0.018177164598276514
0.017153184034729166
0.018248227734352692
0.01758566385387434
0.01721097818723195
0.017643725959243215
0.01729674247982722
0.017793066523773823
0.018390782110026486
0.01839419169321944
0.018099371954472577
0.01854744841532603
0.01902452604148018
0.017844132468979625
0.019115588384976828
0.018585276855597372
0.0195047890045457
0.018556371957327095
0.01981713268475972
0.01828618805479183
0.01864872085146019
0.01999573995257641
0.019081471233540474
0.019965408371455183
0.01886810563638494
0.019169934803040828
0.01942181300118372
0.019794396963979114
0.020388902414126695
0.01902305740564495
0.01958253284656267
0.0196109625686833
0.020738614541966214
0.019688270930851643
0.019487613044260707
0.020097344699220858
0.0206768762489243
0.019653182619843074
0.01984965133189707
0.02005859414799828
0.02102918328827101
0.02092614064152698
0.02120069926557379
0.02037154942260521
0.02138589190481827
0.021270407364116856
0.021483723383175432
0.022066801930566555
0.02117375170459094
0.020508197358282656
0.020785408889423568
0.021113177253583502
0.022475439451593977
0.02155798518909468
0.021880480439091386
0.021119444077814478
0.021103641305158773
0.02120076776351327
0.02127162470274452
0.022324696419150893
0.02142393547435926
0.022959794812530143
0.02245824736210628
0.02184373909402735
0.022475440925525007
0.022900234377496602
0.022185529803175386
0.02287710596081153
0.023539591637113413
0.023681060148759182
0.022718911011013608
0.022768052410059594
0.02290626316328898
0.022861570493705782
0.02354945206618531
0.023730137872815745
0.023179580966776744
0.02408774143290506
0.023149699484882116
0.024558069538959584
0.02314424204351954
0.023591737740921718
0.023979002277680465
0.023972196615902663
0.024508152504720812
0.023443000485007838
0.024918501650193912
0.024329120576491933
0.023894406258684907
0.024657670866534434
0.024224933509053807
0.025000834597694362
0.024711792000191107
0.024746416080962348
0.024426925236468874
0.025707691972137302
0.02564106465148435
0.024587673426657422
0.025438801417005517
0.025939650174499403
0.026173553204338795
0.025173931201586872
0.025237137390574732
0.025857442664549615
0.025366920785614457
0.025756919000439887
0.026504149512927507
0.02685503943643483
0.026323381039583572
0.025727163904553808
0.026915972552022653
0.02716465044405809
0.027034815627050558
0.026087052727544423
0.026151669893930557
0.026333159524349625
0.02667277637150951
0.02676950691389104
0.02657831874023186
0.026835085882735792
0.027819553111005965
0.027810138689828123
0.027267597351927388
0.02808876938027272
0.027571513599344483
0.02690927493657241
0.02728461047125106
0.027982123804373142
0.027022911465516233
0.02714624513990344
0.027496379215322258
0.02885437624242641
0.028514316122429405
0.028200482026352183
0.028105645021645698
0.028096378825679613
0.027802769704286256
0.028495610704381395
0.028900286300856528
0.029043418919708273
0.028883372904364178
0.028139751692424747
0.02946478191875367
0.0297057585482797
0.02890006169223
0.02823209712378029
0.029437605375856005
0.02932441655928459
0.028985988625227686
0.0292842506372127
0.028825354799652578
0.029972174468922128
0.03051757234705489
0.03021471029826455
0.02914113520387605
0.02904338013192743
0.02979628510423124
0.03029684446725413
0.03022946435351605
0.029453900723379067
0.030086070409851406
0.030223138912865096
0.02991285767399802
0.030481543330809345
0.03131739691172725
0.03125642716280587
0.0303634226876175
0.0314721308820007
0.03074511906688927
0.03147201412674752
0.03124910965055341
0.030801201664618305
0.03191312855106481
0.031232748804133157
0.031490400586861575
0.03176370011657233
0.03242296610909203
0.03192186453416338
0.03154624512006064
0.03138512119391351
0.032233790991979504
0.03250201216134502
0.03188373542231824
0.03277668809058101
0.03280227589960122
0.032345234959014924
0.0326214208265232
0.03280385862545181
0.0332044754884402
0.032851055329890445
0.031982415522608686
0.03248367021103223
0.03267495176817283
0.033164641468005025
0.03270289660019695
0.03357695276398596
0.03301381414183397
0.032903859133450286
0.03309397814905455
0.033229641005338324
0.034109131686428665
0.033102261684840574
0.03390663827875782
0.033821984126379934
0.033694844062903476
0.03362884666773982
0.03401814697501598
0.03461103810210032
0.034698671744877674
0.03312720314478883
0.034299102787191726
0.03416950001678457
0.03336882651534956
0.034837638183790064
0.035167836633961724
0.03389563600892818
0.034056753603262886
0.033833651199765495
0.034210755699449424
0.03529625890183888
0.034503798014591226
0.034097285733263615
0.03417824003296803
0.03509358747280874
0.03490987779872644
0.034637205231406606
0.03566982496763165
0.03505209156036745
0.03461513596981309
0.03522528874740942
0.03469206019633395
0.03472144107599863
0.0347653372819865
0.03497735569437655
0.03556616473869074
0.035216857659103165
0.035954756461248974
0.035960897380692455
0.03655372011952333
0.03631516494988883
0.03685645510197208
0.036400317739242134
0.03664366228044475
0.0359822074540188
0.037093013946494585
0.036972026810048034
0.03587019920767181
0.036433717044022984
0.03604077942667434
0.0360378378367898
0.0370611795014016
0.03705358925961474
0.03770602773269723
0.03772300405202147
0.0369368764380763
0.03766106343553844
0.03726155652014438
0.03751210517812414
0.03796897093462448
0.0373785156970203
0.03787548466129287
0.037727456799673084
0.03683178669453173
0.0383031753507741
0.03763738052679703
0.037660076405392574
0.03726254194828271
0.03840592410973747
0.03767439171860973
0.03829293390214241
0.038474831758712344
0.03755296799035583
0.03791500932941961
0.03863723944527601
0.0389898729478288
0.03830725230033481
0.038847546727700515
0.03783912381248153
0.03820788731508583
0.038974038153212306
0.038953351197113
0.038494179831257226
0.03947286299864596
0.03932332705329027
0.03922823200883226
0.0391434479986284
0.03803257261890785
0.03887004015098753
0.03831206740966247
0.03932824412753938
0.03909891840921486
0.03947354232831395
0.03880436695162496
0.03843610485093921
0.03880551496222894
0.03965427661035929
0.03955183661255838
0.03858925630946274
0.039026147803781594
0.03990311240649347
0.03894739754626171
0.03891946494618564
0.038862129008136445
0.0397445727610441
0.03984126045186362
0.038989016646783926
0.04058694986045577
0.03971854506296411
0.03958320413891033
0.04059432254716318
0.04052041462232491
0.03921249686059111
0.03971967136800036
0.040590993733612954
0.039943198200641315
0.0406228989063005
0.04045993729306844
0.04093368616485707
0.03990904272436531
0.04014341693884141
0.039730514341248066
0.04068624472684559
0.039958365621008414
0.03969674573766745
0.04059070035124246
0.04065665259905828
0.0398842820577513
0.04039432026333087
0.03988900968866982
0.04051693943147483
0.04066759615371452
0.04152789092571522
0.040429983108276564
0.04017898421327065
0.040765765139247546
0.04013219049751144
0.041312600338498706
0.04148850111385729
0.04082881419416696
0.04104451530907716
0.041836368058393934
0.041707564297351445
0.04092922275665092
0.040931350800063646
0.040951236106667524
0.041106805461081086
0.041527571406871334
0.040993862906578964
0.040858249620202736
0.041163967754723606
0.04068695187940228
0.04109362321774471
0.04196072451050516
0.04165542346838635
0.04155830636898743
0.040734458827305746
0.042227377632806234
0.0407802767123866
0.04138048647501
0.04098476906874131
0.04079460887865798
0.04159652387963629
0.04140107913404982
0.04119189011124582
0.04178714619716328
0.041995782317419496
0.04135448968663579
0.04201521871710824
0.041342573843600246
0.0414589233174348
0.04176614869177944
0.04156007736778612
0.04150865153754547
0.041892925448009107
0.04108375800545367
0.042129169716884136
0.04253628690345084
0.042345832085898455
0.042520627809068824
0.04118053516493736
0.041798318351739853
0.04195189382408046
0.04184629551628164
0.04205435312156926
0.042012770639111734
0.041280534001780014
0.04176089867355175
0.04236367404193364
0.04204172767771723
0.041948527535878494
0.04211560833835441
0.042660441622313985
0.04203917512644339
0.04164148247059618
0.04154129959353298
0.041855811095810005
0.042560728557535475
0.04248669958900987
0.043089201059306054
0.0429479465408083
0.0424064216897799
0.042432494907475186
0.041613352163494245
0.04225587957075017
0.04231447497423051
0.04278634356705434
0.041766666441398315
0.042427046292343534
0.041851949316373926
0.041631234641319195
0.04193102343008199
0.04167714221834276
0.04210695530053735
0.04273998212102777
0.04169462662620361
0.04259277691463586
0.04165052113211651
0.04173408318488958
0.04160282742434103
0.041673551222921504
0.04319667106624862
0.042620031645919224
0.04190241043959635
0.04298631621061591
0.04244307432866406
0.0419063926831983
0.042760844167904384
0.0422530893235462
0.04276419527538771
0.04185678491035011
0.041949486257941974
0.04142163978870637
0.04196696804781671
0.04199118816551706
0.04164504226447944
0.042589487230841216
0.0424678826574912
0.042228436069842494
0.0423744918414295
0.04291417137209339
0.04263056690850741
0.04247291963597612
0.04231694919935831
0.042178695215074995
0.041405694859803256
0.041620127019672895
0.04189933796807515
0.041517466905673636
0.04198418631602839
0.04201623320160498
0.04203011666399544
0.042598564382273975
0.04234512829244411
0.04199630658679557
0.04231525660784167
0.04164844314891271
0.04131275671708981
0.04221040073748457
0.04183066295300229
0.04278755785841669
0.04180619871314943
0.042010341806465006
0.04236171690010355
0.04163559664895465
0.041938980086007445
0.041249837972612516
0.04246370048757033
0.041562571575807145
0.04138416194203815
0.0419407986111292
0.04098775439957599
0.04239728054580284
0.04213760317590037
0.042501386174474076
0.04188696688418501
0.04151444562839884
0.04120872789570421
0.04085241456532832
0.040688329753185606
0.04069989209810496
0.04202790065999738
0.04082566529484227
0.041607682358721504
0.04089751854039508
0.04063063820339874
0.041936396595838164
0.040457986276604095
0.041509368538091986
0.041565638573073306
0.04088173911746213
0.041292503212072625
0.04128402579722625
0.04192040577686441
0.041912901096545906
0.041716696482637254
0.04181562092844646
0.04020258327882514
0.04100678295419903
0.04132610298209311
0.04042211757789953
0.040253508013508195
0.04046275471955436
0.039979351290838565
0.04018731151393102
0.03998520421234791
0.0410955726537016
0.04001420122704496
0.04046119242940068
0.040155002443413676
0.03993635594159467
0.04048031365551022
0.041104548563808865
0.039703791292146205
0.040824458529978055
0.04094603795397521
0.04083512281564978
0.04072888839310656
0.03972807567397345
0.03931891104085391
0.040971077460334654
0.039975865374225594
0.0407538401606718
0.04060179643555671
0.040692070502061355
0.040629221121383896
0.04046993444136662
0.04017599241958659
0.039523888484079735
0.039099659570949324
0.039999850238530296
0.038804204019707654
0.040321607008165
0.039308801402469076
0.038697345043878444
0.03991249668937885
0.03882430161130006
0.03883756742876147
0.038438094870490776
0.038615519638834764
0.03895049684464007
0.03845163950001147
0.03931443731849213
0.03938748405534432
0.03854340784986452
0.03910468106543162
0.03883414978360712
0.038300883381700894
0.038439448589464034
0.038622292784680684
0.03943612303063002
0.03884379228482431
0.03892441537540323
0.03919963927762008
0.038390609238660604
0.03928553612075166
0.03806395751932943
0.03773717112002622
0.03869248466070046
0.0388645584343333
0.03741966855102693
0.03850213191425375
0.037245499690949514
0.0380796864668456
0.037748025193076615
0.03758238130114053
0.03805005713890949
0.03783344039964968
0.037460915491331216
0.03704284869121481
0.03840646450248261
0.03824551882863132
0.036694769528064095
0.038160210825021565
0.038031284514360435
0.03816236685920919
0.037696180084493894
0.03791544803080989
0.037018603622282285
0.03622139983268078
0.036841379089237854
0.03692790919066204
0.03723265425977331
0.036604148702835335
0.03619394295287643
0.03665380477394215
0.0363962173501478
0.03739832753813198
0.03622838571442991
0.03628833166761612
0.03614896026226018
0.03615244512231452
0.035962072141898616
0.03618302733498226
0.03567321208969435
0.03683895291523463
0.03587257075687423
0.0352487867132336
0.036075725193224446
0.03616499949096268
0.036039595533211344
0.035081046427585943
0.03496236836084022
0.035742523110422364
0.03522589560963133
0.035959124168409205
0.03491256079220422
0.03578736823489493
0.03509046353082054
0.03458110060555686
0.035578071146979244
0.03573167403128067
0.035511223882305494
0.035601791995752995
0.03521635632080495
0.03401108169717808
0.034881971749539636
0.03471968613058869
0.03526941190968533
0.035285692592246384
0.03414280213383966
0.03341486798109345
0.03366216923107765
0.034032954601321164
0.033505659440295044
0.034015609865103984
0.03377121414031632
0.033304601109094015
0.03433321844418063
0.03305010217683456
0.033077977244111045
0.03324502857141135
0.03322122954876195
0.03349227046366581
0.03341127302002187
0.033206050929972135
0.03282560621408215
0.0323780541071964
0.03248246088181968
0.03344861157633169
0.03270145269047778
0.03225021522653478
0.03213955901292001
0.03206879470959659
0.03226381706622094
0.03220574917074215
0.032689885242956546
0.033241650925074154
0.03238753508810242
0.032985096190323505
0.03233175709802512
0.032414633580404056
0.03269445769752116
0.03143634734076713
0.031064403650837732
0.03255075846552417
0.03194335104732864
0.03132023375075952
0.03214792041631611
0.03157090411020368
0.03135083937125047
0.03130986333170974
0.03207293530996399
0.03178699517018173
0.030204576251570088
0.030754308339692147
0.030416495042613997
0.030912024056127804
0.030109207262291632
0.031405345077575114
0.03138597990090392
0.03078419152628548
0.03061629113796829
0.030754001125939713
0.029515039534483173
0.030100573163917784
0.030830054034498698
0.03071854747033804
0.030116160261118335
0.030016384594659867
0.029495763355144724
0.02931392452725422
0.029444148408712022
0.02940105997837419
0.029762456950322723
0.028601241484557657
0.0288457759953101
0.02993045483901825
0.029294837048794715
0.0298790838024443
0.02971183772273396
0.029158031398783122
0.029391736149843285
0.029143967592384072
0.028114035250936437
0.028571659650549787
0.028468464855770436
0.02777252610137648
0.028979092343276704
0.027456375184501444
0.02811444629532243
0.028451955074669272
0.027204095461172938
0.028734346097063188
0.027281868626814875
0.02850542322673866
0.027444595287627542
0.028079733549020464
0.027929777777553684
0.027467191158226354
0.0269980073264484
0.02796403577667408
0.027050123176404612
0.026526009882255293
0.026305861301089705
0.02665922988519717
0.027602854894322185
0.02735798346935201
0.02647171058867455
0.027395676162360785
0.02714023222667737
0.026208108965042862
0.025714048389117113
0.027011532041963934
0.025985287384705413
0.026122197468816662
0.025945179397472904
0.026035898197661146
0.02546609399068634
0.02531032370898791
0.02633780404771104
0.025353214932562824
0.025771689245523678
0.02513342539034736
0.025795154361929157
0.024555596250329114
0.025474766122465242
0.02541717971873521
0.02526728672539436
0.025650949870939257
0.02578091631350959
0.025281729613637446
0.025264760221023155
0.02400925061657311
0.025418517322108307
0.024331513729663905
0.025260291433462156
0.024711029479515194
0.023909236008859552
0.024430420963228942
0.02378825217105009
0.023236212857180215
0.024437046710383437
0.0239894599910728
0.023176538251960217
0.022906832161540144
0.02288194847932468
0.02442362746805226
0.023093549574837866
0.022903136513156782
0.023924899533640357
0.02275903407346413
0.023928174718944088
0.02401026140921149
0.02299709521442696
0.023287504586401664
0.02285463176505435
0.02239179041192413
0.022149362033558606
0.022372760422641823
0.021957313079592578
0.021653491949105853
0.022664598443864814
0.022966938520593515
0.022277068421556592
0.02228081721426409
0.021615841122805703
0.021755711988035744
0.02123293781231654
0.022271759118103588
0.0226019592654665
0.022197793047248733
0.022004590704822302
0.02086224698061098
0.021924478332051082
0.020602614305354483
0.020431855934208248
0.021811870334664817
0.021302018857499
0.021052092498859278
0.021362799348572645
0.021398595982910162
0.021596939194437843
0.01995904582818485
0.021382084793224128
0.020060836984327077
0.020801973475654628
0.01976558261909226
0.020806580094569045
0.019547910721941317
0.021084003789215634
0.02064607156668674
0.019323899066378106
0.02079205329407862
0.01988692643668531
0.01992141996976548
0.019539121047198998
0.020220178415504154
0.0201165313317279
0.018747280472036724
0.019707735876567767
0.019289346464406533
0.019200909280633033
0.018744105820915027
0.018633035236759
0.018357460348093994
0.019361230407677066
0.018798700588907848
0.019361935849412787
0.017945556898899796
0.018452312713483
0.019488561594062474
0.01815776034325836
0.01884714702509272
0.017719507063579432
0.018555133572640083
0.01806131937616201
0.017940416731930982
0.017772632157054574
0.018189933662696216
0.017413308063871178
0.018478058789541573
0.017916808684226893
0.017179964945804625
0.017800733933634755
0.017163188760960655
0.0171550170666661
0.01750770308540112
0.01812276046058411
0.016760314032489263
0.016376936387603715
0.01733743784497488
0.017541664198279485
0.016632730295506465
0.016785305490923313
0.016876334277461623
0.01629101841447904
0.016201245367682568
0.016326181038255356
0.017349329739579245
0.017129045834430996
0.016185936115489456
0.016901280836495364
0.016600331661386403
0.0162702451088403
0.016189197088850277
0.016477407999520532
0.016807394344412356
0.016208349661339785
0.015573381321013208
0.016202968283226336
0.014883092741563516
0.015606490110266172
0.014925195076549897
0.015298347033163358
0.01467402512940463
0.014873839284272905
0.015205199407189247
0.014859162657003419
0.015173394162355662
0.015533296198690339
0.015691526729828913
0.01525204316739555
0.014531888850754585
0.014284960643982247
0.015149943446625173
0.015566769026569954
0.015535034327379193
0.015453378524496434
0.01404507194190053
0.01403102893424134
0.013667684430451695
0.013524894671340224
0.014575691719352303
0.014956203718459567
0.01402545545020853
0.01450935338767516
0.013746121556420781
0.013507180966758587
0.014597738913545464
0.013389946142553268
0.014205320349649367
0.013681368053827256
0.01342196657373893
0.014298635543064157
0.014381184524980689
0.013537912790206654
0.013396973015647913
0.013606909955694194
0.013046217370296456
0.013728454719226098
0.012899866010506736
0.012436009260727915
0.013573908552257718
0.01253776922017352
0.013197058732117678
0.012423001357425079
0.012627558498890499
0.012022284713823151
0.012861600128593356
0.012251406555423946
0.012046235844014966
0.013161948326091296
0.012445857580311801
0.012944980329030919
0.012726331178119565
0.01159001457392365
0.011799454895928117
0.011700983189602651
0.012509229301284413
0.012404576279045837
0.012708535710332978
0.012204266773181201
0.011465738498576792
0.011831993152710107
0.012340737161107214
0.010814732559492028
0.011994438408477276
0.011673586679743697
0.012159321671515165
0.010984095403175147
0.010875811922937356
0.010644152555105599
0.010720389139396016
0.01196473654046627
0.011465952673267383
0.010829226049738712
0.01051636846376936
0.010402952518453072
0.010661692964816071
0.011200965744813763
0.010365222911994543
0.011615855681689958
0.011328190076585622
0.01118446504313707
0.011230827218447871
0.010932410872522214
0.009766645036370817
0.009945351673236326
0.010720385073008449
0.009692089205914778
0.01076190337428812
0.010724742036586148
0.010175092963194743
0.009352383892781426
0.01077622121281936
0.009178008748911452
0.009863957289221612
0.010657227694287981
0.010047712490655308
0.00997686102674727
0.01013222236555653
0.009157812230294587
0.009199391609192935
0.009677241330122434
0.009688857215874858
0.009143258111150633
0.01020834656475349
0.009580120440000617
0.008636275506736832
0.009208079891116895
0.009078148562727685
0.009498911227749306
0.00935643998199788
0.009276314689548277
0.00968532542565934
0.009849921714392217
0.009214078903749744
0.008312233736944
0.008329898006609857
0.008989019643693733
0.008065650780502929
0.008659026160524622
0.008723715650372157
0.009232792825830845
0.008488037344107649
0.009262359603021594
0.008641108129487284
0.008844174885301948
0.008652071017826727
0.007707536932907692
0.008957245204672698
0.008672955511343004
0.007815035794922338
0.008107052855409674
0.008426584330615357
0.007974406102953384
0.00780350945375802
0.007738479594165936
0.007570724664948282
0.007665063956952042
0.008409713490997136
0.00819624538773158
0.008452861951773947
0.008227283209910386
0.007027356096195962
0.007237570257206574
0.006900829878481869
0.007293486164254793
0.008220702386485949
0.007919246124874732
0.007768191914593581
0.00796393018601121
0.007914598194474988
0.007305449592340465
0.007798845610137809
0.007754772090443049
0.0076109041442808814
0.007815974922235645
0.006617596439894106
0.007524344831932137
0.0063332751971046375
0.0066436759067734705
0.006651477718772381
0.0066821183897314606
0.006086419912841957
0.006414054805525944
0.007672188095085544
0.0070279440082304245
0.006218568121749264
0.00628086060701662
0.006930880090942622
0.005887288835355634
0.007501493533745652
0.00664597278815025
0.006763003892634492
0.006785864949400177
0.007200718704628216
0.0071232058813221555
0.006803325110575476
0.006635939542232573
0.0060817372387758336
0.006968353132919111
0.005469051972825293
0.006561635685292743
0.005963442442815428
0.006574223338811341
0.0062786667855462336
0.00620816784501866
0.0059992982241137685
0.006319178976708671
0.00527280545133062
0.006337307323654992
0.006103923666591407
0.006178023417335669
0.006502042044762333
0.004993212264641983
0.006522198375300031
0.005003255514694692
0.005887272669409768
0.006539129934878181
0.005339465595416696
0.006154017095479171
0.006273363827357798
0.00542054776621809
0.006023927557612334
0.004963836360838591
0.0046738339167553085
0.005201723260026041
0.004906276890714027
0.005598801930211667
0.006138921748467354
0.006083945009321337
0.004424583049684175
0.005547266701621752
0.005193184256880415
0.005115519290339786
0.005060434208614714
0.004671164541145141
0.004948163852622163
0.005798863446852895
0.00419620489391678
0.004463493087838314
0.00577506732918352
0.0042562076306395585
0.005052301235702201
0.005668877329608492
0.0057522494401874725
0.004750760648065241
0.0040565148009917675
0.005229870736596931
0.005491607775123054
0.004958593983875408
0.0050101777225534236
0.005086791855070995
0.004248209366620505
0.003934467354243407
0.004856803181198531
0.005236549257078213
0.004928494545770048
0.005370269033763889
0.005108712614994333
0.004238435499556313
0.004502748667881114
0.005096952971391334
0.00488035511859468
0.004503252542138956
0.004849796729278589
0.004681690205497783
0.0037277155770048063
0.005153359753853597
0.0038230094240788706
0.004518007455415142
0.004081684592049586
0.0046311894600616485
0.004448961191569189
0.0044810507651413395
0.004127178473460402
0.003543907661496314
0.00415315879967497
0.004487524032055416
0.00404683018135022
0.004169487371697425
0.004317978225871802
0.0031385996458769645
0.004612000109817117
0.0037282883877146917
0.003473817036503378
0.004713912199163332
0.003070560289612039
0.0034148319521220888
0.004224088075151482
0.003339591301588086
0.003463365592182102
0.0031145710304281682
0.003274731645872039
0.0033895359242571608
0.0033540885470302183
0.004313300822737615
0.002972010592197028
0.003004017562746148
0.0041427686868260585
0.003344563221438665
0.003982115704894367
0.0028609556564880706
0.004010476080896812
0.002722040387043355
0.0031553749657510332
0.003690445266020247
0.004299911576726085
0.0033900973965779193
0.0032345825991708954
0.0026054130132609366
0.0035956847556233356
0.0033072412064804628
0.003866710362126148
0.0035951958357339636
0.0039249213009357655
0.002758976680524613
0.00392291834450256
0.002469642776679631
0.0036306506214935563
0.0036963592099227113
0.0025612968161515775
0.0037959502861039723
0.003318132922843295
0.003390025209252221
0.0023548986915299056
0.003901557566903035
0.003671147282849956
0.003188286202520218
0.002396535181485856
0.003131841974933443
0.0029600160016050783
0.0031996817933611765
0.0030152710029057368
0.002765792338545951
0.002514349836602038
0.002665977710064415
0.0031804798991635313
0.003435472320328707
0.0032206813723499837
0.0033353731989084934
0.003316483117336801
0.0023941282905641727
0.0025330525738124676
0.0021961119861735445
0.0033308424463209603
0.00190774959601652
0.0019960457262960985
0.002874526099933171
0.0022542105818774485
0.0030096441055673354
0.0025165785077542677
0.0030577730759909004
0.0022316299513033934
0.003451090075397194
0.001967239270966949
0.002114111872775677
0.0031848734612180494
0.0025948482555145196
0.0033459054479085034
0.001763429726320667
0.0029156165582061287
0.002366057160493613
0.0017669896517048015
0.0018958643277549518
0.0029021869596322658
0.0024224155108654058
0.0016678793237238554
0.001875750714497093
0.0021393553378152306
0.003118630712599219
0.0024688172035711724
0.0018969549313814357
0.0020198954983054376
0.00264252874203761
0.003133775302109481
0.002497797851973623
0.002790345159031797
0.0018987935860909268
0.0019003612902473055
0.0015965449769787866
0.0017389201894629505
0.0026912268906351938
0.0018751201502465742
0.0021436344037641863
0.0027232095727850133
0.002976729833445083
0.0019935970337078696
0.00229399958750556
0.0014158089923613849
0.0030588761778990543
0.002608969543835019
0.002135662208866202
0.0028202629443696884
0.0015285669911461936
0.0014125586592473234
0.0024853625462923396
0.002614156089273732
0.0025049229006956814
0.0029407517267169866
0.0025933881832268216
0.0016541473971928178
0.002156119024826759
0.002203373719626764
0.0019510400517149197
0.0024426729473798394
0.0024419173373967807
0.00252818525223154
0.002439413069049128
0.0024824493343219432
0.0012570753868424865
0.0021904807398840853
0.002616146427425383
0.0017774845470278347
0.0012278276523593292
0.001687166389080939
0.0027517231612785515
0.0021152072607754278
0.0027482753310728684
0.0024508377346144057
0.002405762303323464
0.0011735342551904512
0.0015968229812049182
0.0021642547751900883
0.0010730166767403493
0.002022536320271254
0.00205093678739188
0.0011201669360853361
0.0021865600483814873
0.0021172221783115255
0.0019753605688989538
0.0025946261381737095
0.0019539791032493013
0.0009008764298843472
0.0018458056167832443
0.0014745683682490936
0.0015753104773782685
0.0017158377541136108
0.0022476693576981848
0.0012660677951431688
0.0017351841777897535
0.0020161608064827932
0.001747212560843085
0.0012419929225060947
0.0013502396768831474
0.0016490176368461013
0.0013810229459843368
0.001350143243021384
0.002437813726141391
0.0020493955375219964
0.0017152087561060347
0.0023736183279264747
0.001650602550814219
0.0023166441929217646
0.0011443421350134206
0.0017864249514038318
0.001301049380011676
0.0008881444948264761
0.0023553936256537457
0.001404710175566905
0.001440508683237462
0.0012897646302143938
0.002398695041809247
0.0010203265253081399
0.0010239051310248764
0.0011436132514003614
0.0008843739885795686
0.001687867642662862
0.002133626829260285
0.0016052701855072279
0.0009791917722125618
0.0020753653648874206
0.0021335795299072635
0.001813920905086883
0.0011993484939295655
0.0015250258020183254
0.00223633107036378
0.0016857864433720232
0.0021359209398180406
0.0019761315174451053
0.0019484324216837853
0.0022464271796965424
0.0005806955248900302
0.0014203808016544463
0.0017170108141238215
0.0011937642796842297
0.0010037228312670472
0.0007846691339764677
