0.0013759153131015624
0.0014356340987963826
0.0017550122197747728
0.002063873167793086
0.0012519625699909278
0.0013063709198202413
0.0018515690222743984
0.002248336455221576
0.0006667735704587221
0.002238797956119013
0.0008508715030163628
0.00151864185133123
0.002173818370417223
0.001794258892964908
0.0019704859497823154
0.0011888515452546584
0.0023679880738627984
0.0020984930222344603
0.0014119304459664086
0.0009392032307479238
0.0018182219827014012
0.0015657429633659159
0.0015676395609999227
0.0014899962484159449
0.0020258727366720126
0.00222676621977763
0.0010680870348414
0.0023211256043919517
0.0013254417975118152
0.0020677975072426824
0.0015336875038810005
0.0022071527614522545
0.0017555898337241614
0.0009673614634495805
0.0011477648711449324
0.0021925116889646955
0.0015624736306003465
0.002139352394621802
0.0022689857539752046
0.0022885727303237325
0.0009081631853437166
0.0008197669876791955
0.0009885177299542437
0.0021470218990973953
0.001881164581032634
0.0024030113188716774
0.0010252161806547212
0.0018734605561969238
0.00259522366118007
0.001731748803239857
0.0018305125055786582
0.0010232054815763115
0.0009605203647261815
0.0016168405624117995
0.0010967030772344704
0.002025578072963953
0.001858710809783261
0.0023038040089394703
0.001962218723440662
0.001884888909473004
0.0015514107719486385
0.001484483228073644
0.0009963122392529485
0.002488695918049707
0.0018746087652462104
0.0025813780550185948
0.0019777281976993597
0.0019700873717828464
0.001900395692189693
0.0017328825323233408
0.0018882554105289114
0.0011377722318697684
0.00131959711646227
0.0014019578967453656
0.0021774644741638385
0.0023445287598959446
0.0026906597689457597
0.001939045043061813
0.001743979419816592
0.002572642193721279
0.0014645239844699315
0.0024483913398034925
0.0016369744235769804
0.0019090691913442634
0.0024750036523403943
0.0018236877760951203
0.002168173495513229
0.0018673557711378996
0.0018003175776475778
0.00241841645369422
0.0015450951829366695
0.002551159096206442
0.002871082176663948
0.0015923571076810511
0.002872841737447115
0.0018369711146584912
0.0025207165231934743
0.0013140337399489036
0.0024475420561988017
0.0013996212201048304
0.0015418283740639973
0.0025116375027227247
0.0029087075379113925
0.0016712473740663118
0.002375557943392182
0.00260057497703137
0.0020258340899618195
0.0016805173601359567
0.0021714190485941378
0.0021558360961551324
0.001790807225638683
0.0030375363262578306
0.002938121921826627
0.0020598926321377877
0.0019176533940799018
0.001944373950419913
0.0029498526364964317
0.0026746033565561845
0.0017663854732277637
0.00195299781909312
0.003206035969052861
0.001594532829882485
0.002619094081775657
0.0030273285026705087
0.0019635165011737655
0.0016855815304492054
0.0032441671978272074
0.0017145827930444397
0.0033018313778137185
0.002348635967780527
0.0024264404044023976
0.0025925019794413567
0.002911569267211657
0.0033992331219570527
0.002766921693022967
0.002958400792927433
0.0030434997032689898
0.003563053180584513
0.0032533529382069207
0.0025062208730642225
0.002170267130947192
0.003062317682539754
0.0033706768069672478
0.002730373296168338
0.0029860877230732472
0.003532890525406864
0.003362170923922398
0.003527169979944888
0.0031531729568026324
0.0023101751390865112
0.002030959721762901
0.0022794272982675124
0.003746415251831833
0.003514273287938441
0.0024847889546324806
0.003463159984132548
0.0038602147747179506
0.002914516383449673
0.002681680793258502
0.003810414509988393
0.003441472616613845
0.003074960294976979
0.003355585336943497
0.0023803806230440986
0.002354196588265157
0.0027676155648777476
0.0037476885421453506
0.003913103634164853
0.003462009653886511
0.003368142680615005
0.0027436581245872684
0.0035275643167794477
0.004093894119030581
0.0034724020966791
0.002730212290763919
0.002803438858336359
0.0026990529329414836
0.002969865796579749
0.003316250318845293
0.004280501140223365
0.0032324451978102842
0.0026466235883797385
0.004156860949852961
0.003280977927022758
0.0037437762287014084
0.003694237712712016
0.003104371368142826
0.0026961459079926317
0.002954750917572237
0.0044794722611375985
0.004068978422325089
0.0037971182612619343
0.0031691417705606503
0.003637189815330263
0.0034516871297855037
0.0042693265201151085
0.0033375620990046596
0.003201640030410344
0.003688121376534022
0.00405953351827057
0.004192515316793361
0.003145674573729479
0.00469622938984551
0.004771756951042886
0.003148626529293433
0.004434301841094834
0.003443887208657708
0.003324549275960762
0.00378507601457912
0.004900753108950993
0.003400446672548109
0.0036932135736101146
0.003394045341572297
0.004246183362790763
0.004012730912241071
0.003489370677446211
0.004868848943702558
0.004471770672291163
0.004248928358835952
0.0035899569243925088
0.003777368800863665
0.00503908933231949
0.0038991496257003103
0.004352514830486915
0.005219687742217599
0.003820667650799868
0.0045437016407000015
0.004866306919212796
0.004532637078857469
0.005338267810969765
0.004373368260223972
0.004455831786197613
0.004695731791863746
0.004608718535021789
0.005485207094412951
0.005014723229988145
0.004187020393614038
0.004609141337911611
0.0043385699566090685
0.005107805824173625
0.005399396801087514
0.005640140768560242
0.004022433086368042
0.005363801551327713
0.005204278273660796
0.005065631253451039
0.0043367125147616556
0.004986193849016513
0.0056259399148402
0.00503008078164845
0.0052956447003937234
0.005173461222513172
0.004890330415949626
0.0044485828717121135
0.004362301841680181
0.004430743980817209
0.0049423426610148025
0.004898482349442469
0.006091026777792232
0.005773231701920473
0.005777742945859814
0.00479269800642943
0.005837373084827476
0.004747620524781791
0.005180562533613828
0.006194629457885684
0.006333983129452079
0.005645422081759247
0.0052558027913609156
0.004999138768635027
0.006284480057964173
0.00500343670293542
0.0052956671400192935
0.006003658490187225
0.0056927754945787805
0.0055453479238509375
0.005449186137852817
0.005800599441233634
0.005191025307866878
0.006096759044028402
0.005441903661515989
0.005715029276171762
0.006995180788685044
0.0056648633394343
0.005363128040042127
0.006300137762681487
0.006245066962285283
0.005650028292198244
0.0061596275118876035
0.005500214678042706
0.005914225556733392
0.007266145059840678
0.007189807727820491
0.006688550073781056
0.006683080419526899
0.006954077113841476
0.006485072076416977
0.006600948294860307
0.0068255992626806575
0.006550625448775474
0.006275535912737708
0.006751759705209489
0.0069039874233809
0.007708913586039354
0.006824028558101258
0.006822813782725464
0.007642126755764138
0.00774251350603207
0.0073535086293097
0.007209673090303624
0.007680701524448968
0.00787394694117194
0.006619651460875242
0.007132877787195145
0.0069257437237692145
0.006822876296972127
0.006833771592285891
0.007847505317634465
0.008044284789167645
0.007809812391630226
0.006701337293813933
0.006778623355433303
0.007016352140288234
0.0073521996952997815
0.008073359624040126
0.0077986757272535505
0.008606298481021606
0.007006266492195208
0.007972453656430558
0.008437057968462251
0.007621849697929185
0.007693167614131348
0.007961418075448808
0.007528965561533622
0.007330058224943623
0.009066948056041907
0.00748400796489029
0.008667496626664025
0.009075279278190365
0.00782211639218347
0.00872696111685948
0.008088853646871185
0.009107368163040514
0.008289114314457635
0.009012960266075214
0.009223533046002649
0.009467834277711085
0.007897889348208034
0.0085508671781419
0.009567084611217531
0.008922650224860332
0.008501092932014958
0.009372474232341393
0.008585039356024947
0.008233755010795506
0.009566221281979226
0.009582371538835587
0.009109136443955893
0.009875724469100969
0.009568125433894252
0.008999614127686878
0.010204614874774049
0.010256426145975064
0.009280091087478227
0.010227253221722936
0.010202787465251266
0.010108674317232646
0.008837301636732768
0.009708118400110781
0.00911798229412761
0.010745749192822234
0.010538043441187622
0.01009513115098588
0.010123598139365692
0.010524783724390478
0.010850945621589994
0.01100889565195862
0.0107132812333183
0.009552854357422202
0.010066779356589551
0.010457665210285001
0.009807546586885433
0.009680155550541018
0.010477406376976884
0.011286905239703014
0.011297425689598488
0.011264842507259792
0.011213440787484071
0.010782570690144672
0.010712666494249793
0.010331728144140873
0.010841959480382468
0.011300700132518065
0.011151758070218289
0.011997867233535154
0.010615050992676308
0.010774094427947668
0.011360907561798361
0.011138287015491945
0.011748200213779805
0.011138186335481325
0.01088227442017515
0.012168305758992142
0.010840067690141973
0.011720933543973305
0.011178168813356069
0.011499072702208677
0.011843873799774092
0.012560901610815522
0.012098923657430084
0.011511554349070204
0.012454001006390636
0.011312093243455536
0.012011460409543573
0.013043644813525405
0.012875331345143784
0.01282147480415779
0.012144880381578611
0.01223969192227759
0.013170160612106881
0.013350411044663162
0.012343957899933724
0.012458522958135135
0.013449118072910046
0.01205006633989562
0.013419133588458289
0.012404452013946679
0.01394710832318516
0.012838388889630986
0.012692512163829854
0.013716445394490595
0.013558952240183412
0.01263707571853014
0.01292594864664537
0.012863646541463518
0.013390037410382449
0.013948352745031097
0.013903661360808468
0.014578529221860828
0.013531068375169625
0.014733610370348416
0.014458926461583602
0.01395195586721716
0.014707976239616206
0.01420186982158894
0.013574450086774032
0.01354282484791791
0.014692550075983347
0.014071788277585946
0.014657544563558108
0.013888779424239208
0.013834079559066991
0.014202861589827438
0.015426475609494426
0.015486144903748921
0.015259783496829141
0.014501307153548226
0.014948363508025527
0.0158011498629907
0.015741545676378848
0.015613220170705577
0.01565020064551081
0.015095204757784319
0.015529572920130305
0.015376273498140513
0.014898728574428064
0.014841163954292512
0.015661277716277188
0.015266661914363454
0.0156966155091361
0.016637010285513135
0.016567954593129656
0.015880429327979957
0.01671015599152087
0.016556837814681737
0.015892288121368815
0.01673706048941505
0.016565582014944357
0.017041174330807127
0.01619302590301628
0.017368652773495457
0.016628724891789685
0.015875920248359585
0.017371529275435744
0.016947701476327827
0.01782162604765849
0.016600285197145716
0.017850877923860805
0.017239433542634103
0.01737692514654266
0.017524728198487407
0.01761615224228104
0.017235143733279026
0.017779910068404115
0.018256579479899424
0.01774593791618901
0.018376238305607594
0.018080714952640017
0.01727454388319085
0.017870667425063345
0.018304515268946497
0.017916738471089166
0.017914825468228854
0.01768273424188119
0.018001772113125637
0.019063507316237998
0.018743064837091917
0.019097268899950805
0.017994410295614872
0.01847566140889306
0.019090360163323498
0.019607734612242345
0.0196378239471347
0.01896965120385635
0.019399190920659146
0.018531594309861267
0.019030720305064107
0.0199190029137551
0.0188707856385167
0.019688297493823923
0.02031521923709506
0.01958456671756003
0.01978891955343033
0.01979616335707967
0.019597149579708432
0.019420554494084277
0.01980389067674711
0.020256467740358452
0.01929222138824023
0.020345467994612548
0.020889142980772355
0.021082491112501312
0.019983324337630892
0.02070591201138586
0.020028913842454418
0.02001356881354023
0.01992204556350618
0.021648654808199004
0.02063780348002296
0.020282088058023607
0.02092363527426374
0.021995298134070848
0.020391744242619865
0.021788190679241103
0.021689615635682353
0.020800130792129244
0.020786653123043876
0.021866018626819046
0.02216917918443147
0.021124334765334957
0.021193384279365887
0.021890816754730133
0.021760951612255382
0.021821756527373136
0.02255886635587965
0.021386711362455558
0.021493940252881375
0.02319430364162034
0.022400648855465118
0.021893607233595624
0.023206427928631645
0.02208642895862151
0.022395576067478773
0.022906272961140308
0.023218512776658495
0.023234472758436056
0.023853636818052013
0.023606051692741308
0.02412685741816022
0.023536914888162373
0.022912423135061935
0.024221538600263586
0.024037188167266275
0.024348568778110792
0.02384943385896418
0.0231814222379806
0.023985700355982378
0.023552917837000347
0.02340660257325334
0.023328603730452827
0.023766870829019567
0.023988994429555596
0.024555518700710714
0.024830172280946014
0.024490652948961095
0.024645162130407416
0.02551726620022261
0.025195183876975023
0.025111942608112465
0.024783330548364922
0.02435193693600444
0.02565670149663295
0.025723189015271656
0.02593736566952553
0.026226831906213784
0.02615443255795953
0.025219393423248155
0.02540991875886207
0.02642180626619686
0.02581320321768036
0.02614411271627621
0.025800964786834645
0.025713398472365274
0.026102024493139222
0.02688171070051432
0.026026602463957584
0.02679838357065174
0.02596902816155943
0.026910409917249165
0.02678910483717566
0.02709517293727125
0.02651962864048651
0.026281052597943572
0.026909048592674307
0.02656752630186642
0.026342863640854516
0.027082275724093312
0.026407961638537213
0.028153982835102585
0.02809367472415786
0.027043217851988727
0.02716911073746672
0.02737790348162313
0.027518401563023848
0.027337160908164286
0.027738176900154964
0.028706866434381147
0.028163741138306435
0.02889510124029051
0.028445573838409743
0.028686807350632594
0.0291926868329066
0.028968039174671077
0.028118030192201725
0.029270272984369627
0.029368013244864485
0.029061137212521362
0.028531359741013316
0.028431523197809932
0.02824688423243726
0.029942355166702326
0.029771819448359577
0.028564443828541022
0.02953408105550624
0.02946596698619011
0.029357892933741102
0.028824827882848163
0.02999863939802848
0.029366700337050078
0.029394371873181693
0.029930466796455356
0.029609558542513043
0.030927223399254588
0.02990635147372707
0.030047944809477818
0.029591296443823693
0.03122533349205128
0.030980803370534476
0.030439304181888747
0.030744186718672923
0.030230363125457824
0.030105110183085898
0.03048446350231773
0.03074151017506288
0.03133552657242901
0.03137951434041222
0.031520291498808535
0.03036501531434041
0.03183005896724144
0.031677143001671036
0.031012836908389387
0.03137279127609727
0.03248821579685267
0.03197698337272904
0.031909930124885265
0.031180191950959436
0.03263333711225405
0.031728551663662
0.031502017175111
0.03157937208746743
0.03165562643935049
0.03262335049043107
0.032718450359075814
0.03183919549415425
0.03305027473039803
0.03323294971963832
0.03256845735440269
0.03218517820941281
0.0330488740325351
0.03355907440413236
0.03369071143883286
0.032192233526473144
0.03342752937649408
0.033606982696681796
0.03379647351034684
0.03256238874584652
0.0330008930259692
0.0337236138560117
0.03361205894541998
0.03332074687626517
0.03431108803824712
0.033127412787953225
0.03454288626611294
0.03320169764064017
0.03483313400144672
0.0335920064605211
0.034010213138005375
0.03396317786531097
0.034328138029761084
0.03466910701519566
0.03502115230523197
0.034952282570340346
0.03457862512739199
0.035106974067834175
0.03431682999992766
0.03434879869623864
0.03494506638443265
0.03539698273591322
0.034755306808593386
0.0355734925603848
0.034981660726468196
0.035460202922577545
0.03490627628310719
0.035763211139695286
0.035755085119457956
0.03547697511878945
0.035460341510148936
0.03544764095496863
0.034937964384114416
0.03578545451980224
0.0362789313476781
0.036206251358150324
0.03629797034952829
0.03548797761645958
0.03620992291916581
0.036598869770442924
0.03540275302392406
0.0356006081892368
0.03585848408212059
0.03651643632474664
0.036170922492244816
0.03664506604622923
0.03619851692180062
0.036294030807339936
0.03734986801840947
0.035947367616125374
0.03636894334155663
0.03763368507365205
0.03703255591754949
0.03652796280500475
0.03682469838138062
0.03733519917372777
0.036744323793755
0.03698605008350865
0.03724540048798401
0.038241330654249665
0.03826143398724776
0.03821105141875664
0.03675883038342396
0.03797934522056223
0.03711761532638535
0.03857987703816516
0.03804493314136722
0.03870081144364567
0.03729770550918274
0.038742809792998045
0.03810977046970321
0.03764160659155261
0.038720017238213084
0.038471098062066514
0.03770565828637752
0.03832818249685789
0.03827997920720912
0.037893265830759755
0.037784367815491715
0.03902305016034732
0.037726457212005945
0.03910875458803423
0.03954680990376464
0.03949007833588037
0.03840396256086875
0.03846940056407775
0.039030438987354664
0.03848054488145849
0.03856887811490018
0.03885238225585469
0.03911221565543288
0.03950541695195081
0.03957073857743532
0.03920255850131003
0.03922307771863591
0.03860357576434186
0.040196484701017166
0.04023156426414621
0.03987297171905909
0.038692551510204516
0.03869367773243783
0.03956972131115336
0.04012460884282271
0.03886238436306292
0.03891249590054594
0.04016107459000965
0.03985720570502839
0.03950344228507052
0.0404650411607237
0.040489831881690884
0.039859892614643774
0.0391795617111676
0.040755757403624464
0.04064727668251457
0.039400469628128466
0.04069598887719485
0.03990049637803282
0.04057518970437916
0.0404893299215893
0.04012158011447244
0.041082822861492736
0.040476252865219324
0.040326417061309745
0.04029498948541488
0.0403706000324325
0.03978079173929433
0.041482076603397394
0.03988259294305941
0.03988190959274639
0.04118927163671458
0.04078646606547173
0.04085427555627968
0.04075134239546409
0.04100569352458882
0.04135239865848361
0.04053792857587847
0.04062022763306276
0.04088110377254966
0.04180357807439316
0.04186059791243091
0.04092682987911301
0.040314370455544826
0.04087331783437779
0.042018418122561595
0.041079839434349764
0.04055735788118315
0.04050355155195835
0.0407075108907551
0.04127031197405721
0.0416856769122583
0.041229937697530694
0.0408816253806794
0.041438976522479604
0.041708558223301655
0.0420311829339164
0.04202386283955161
0.041303274978894085
0.04146179257246958
0.04235119995974253
0.042313277360489475
0.04119978798555759
0.04241938330884052
0.04138245311380911
0.041312935070814745
0.04130656514972434
0.04127912433721704
0.041958652183272216
0.042467795773680234
0.04238173138554506
0.042257623534100765
0.041659211255975596
0.04116164934349917
0.04138023993228127
0.04204351462429606
0.041721157180950215
0.042407868069505576
0.042105400201450496
0.042186864668689025
0.041937450568113925
0.042295842357825075
0.041566692023642354
0.04247335277181366
0.04182718525316868
0.04156509714825728
0.041375987851152284
0.04292019655261413
0.0418751132066684
0.04167259037084884
0.04141508192089269
0.04147842985326984
0.042593718356168535
0.04236694803170775
0.04225841484514826
0.042420635417635556
0.04155015746334492
0.04198479118451329
0.0424701828747558
0.041678735326808734
0.042748058567746425
0.041498875121914594
0.0415985200416333
0.042617365108974875
0.041867105991100176
0.04148334035000299
0.04191444243729893
0.0416992491740704
0.042283419620555
0.04206429921342189
0.042557964797884665
0.0427253062279541
0.04229664692468858
0.042871533289411845
0.04295731623499457
0.04299714635444647
0.04188566445126253
0.042109061563241165
0.04189957458298939
0.04226949045196858
0.04201445514186204
0.04227831284448449
0.0415705402956687
0.04220422962011388
0.04282046944896766
0.04155295362595432
0.0422082833525867
0.04235454322158768
0.04250986521737391
0.043048924237583275
0.042013139360174104
0.04242013549480422
0.04309690989842982
0.041563511409020454
0.04238137459090128
0.04198785180754983
0.042584706160358574
0.04195742499437208
0.04286731470107352
0.042320761446275314
0.042608707804043744
0.04168478234134021
0.04290456960733548
0.04260931329653114
0.04236403282264916
0.04169682955160888
0.04184413758090009
0.04132939466913985
0.041409860001000554
0.041813320417171965
0.04136454321927982
0.042450617239044516
0.04141761923631522
0.042200768084106784
0.04119503822235902
0.042904707404815924
0.04152096986535524
0.04246148840994188
0.042480346359869865
0.04217814799232909
0.04146936386229655
0.04107537452966077
0.04175015331446836
0.041585594824385515
0.042481216915345066
0.04115443883944204
0.04151905540778751
0.0411099587291309
0.041317875300858585
0.04210692496809455
0.041761763687853684
0.041095419225822626
0.04085209642675444
0.0425309558281816
0.04197547663639772
0.04114547702027066
0.04127392651514021
0.04218188515469706
0.04098817688606586
0.040727293510203946
0.04106606541339358
0.04140217721080171
0.04169806490461525
0.04107980073450137
0.04103814588449236
0.04125214598774836
0.04154289958340029
0.040886102299141046
0.041133315961092015
0.04127386461028342
0.04176232125274824
0.04173698819401094
0.04089723428708974
0.041468254362075796
0.040256350340965905
0.04082084076302063
0.040635603557943156
0.0409454235052236
0.04044244985940555
0.040797541481834725
0.040238975721176545
0.041199159406977374
0.04111055703672904
0.0407647936908394
0.040861086864659536
0.04140636214406241
0.04028684806889829
0.03987559108736178
0.04131350569388188
0.04093298120419946
0.04067343845421738
0.04094865273091275
0.03968970131070155
0.03961415780648259
0.03953670168550268
0.0397152574195586
0.03942902555000958
0.040305113112896064
0.04017972789523822
0.039556489423744706
0.03958469198011765
0.03932344453126833
0.039862479421336784
0.04017825421981294
0.0397444611416033
0.03967087586796013
0.0390550826499459
0.04009061891925478
0.040407159081977666
0.03996619771277359
0.040085321421359864
0.039213523327571956
0.03881671368276008
0.039629261770553155
0.03899493650835514
0.03867905181299174
0.03902382868861732
0.039092723815844964
0.038808046834504374
0.03945165715727634
0.039530264112246576
0.038606135825283
0.03914446359736647
0.0382501751908152
0.03977024846757192
0.038531396330513126
0.03942878113059617
0.0380226619956726
0.03942893928689099
0.03861784625437811
0.03873975015507673
0.03922079282152893
0.038255856239074716
0.038661719879069543
0.03774729142384324
0.03796085486645373
0.038350262494131024
0.03900736330052423
0.03906605487693351
0.03872587103430535
0.0373941681503311
0.038621222015713226
0.03738459660291546
0.038627944593927356
0.038411758516290466
0.038703399149293306
0.038035195767610414
0.03749727668767859
0.03705753105469025
0.038546600365099055
0.03672935686782709
0.03737075377613994
0.03672979910846742
0.03804765693232001
0.03740789010442297
0.03747483969454428
0.03747582292926497
0.03671681678599694
0.03670634033633151
0.03693577899399359
0.037823104926727295
0.03775364495219684
0.036143013215328035
0.036863544336221105
0.036409456961047755
0.035893394450969125
0.037201652219361656
0.03633697670925063
0.03648343373537929
0.03718456194832931
0.036657040416064275
0.03617779230223348
0.03700913783740937
0.03601917375689802
0.03531458957287259
0.03531730800458587
0.03649952834728251
0.03617530762150719
0.0361893982199033
0.035730058319561935
0.03609450295526963
0.03554403014544628
0.035931386739992674
0.03544892628680187
0.03515833122832355
0.03545743495044658
0.035166225404525984
0.034390439234002985
0.03452526374608559
0.034970895202594124
0.03540186999242318
0.0356812800234712
0.03497477856071744
0.03520108075481984
0.034520263978193674
0.03393441454686859
0.035356877192696826
0.03470900874118199
0.034616138411218744
0.03419215480788823
0.03442063689535812
0.033626829954984186
0.034038915663473564
0.03336333396168773
0.03462692513677428
0.033433351447114845
0.03341269591030415
0.0343528488582373
0.033434508469827755
0.03404805785593303
0.033970789601084656
0.032781884597889895
0.03343569637614171
0.03263648949991502
0.03384218758121941
0.03384836079756659
0.03288817558013325
0.03300526548882161
0.03273695825683145
0.03292978214224011
0.03282947901868817
0.032320137758207
0.032369632803330634
0.03312670399979307
0.03231136814491608
0.032125922342549046
0.03216246633480741
0.031632619915099726
0.03291361317149876
0.03182867219263612
0.032071781377655054
0.031230418170412787
0.032774824939211154
0.031084616934139022
0.03213492966409529
0.03118382181487569
0.031775701249732245
0.031808736329950085
0.03204938969245939
0.03178634176577957
0.030701120961948405
0.031346350085298
0.030859443520173724
0.030598762803444295
0.03083291279360282
0.03084842692146547
0.03156623878715456
0.031122210831359014
0.029989367913934185
0.030778946253232707
0.03104740707373343
0.029727651777825305
0.031189109911597505
0.029870562578390047
0.029790148048028993
0.030257997456883044
0.029382904106240632
0.030405453286527218
0.029780884733716668
0.029305003853461433
0.02969385525009398
0.030013011451786916
0.02914781680393067
0.030028527374314704
0.030263557219721356
0.02907496648622621
0.02870970529702314
0.029119167528459076
0.029295491396256194
0.029944639637231252
0.028754352774485653
0.02969909720705824
0.029274885537870683
0.02941890559271679
0.0291964042115454
0.02886222179744113
0.028044460612465606
0.028401019714966603
0.02886317718169543
0.028815124295024447
0.028825072605563162
0.02749953145132688
0.027206066543476633
0.028219917767274935
0.027485410955640884
0.028243025916773263
0.027743348657411935
0.028475797219251708
0.027155041089208427
0.028325405467054532
0.026678783143905215
0.02785854670784041
0.02784364822880579
0.026431939050892545
0.027789379178273354
0.02708231399263752
0.027670108329591814
0.0266376497807432
0.025932332620079327
0.02732411960241949
0.027274636628098783
0.026911659125298706
0.025958523303058496
0.026779060647925387
0.026536550964457225
0.025339234189451488
0.02610347961956928
0.026903435852214837
0.025472530923013346
0.02563894671347832
0.02518886389566643
0.026092684503270316
0.02585555603782912
0.024939140346622334
0.024969880935478257
0.025184946574162294
0.02540137164776612
0.025393276397074168
0.025684514225891644
0.02444531828713281
0.02499520426819923
0.024253121481913362
0.024330334585722632
0.025263500942670405
0.025497015457223635
0.023733620183495653
0.024856712395080017
0.023694890905635983
0.02424372527758441
0.02410346191706556
0.02456946283836914
0.024581529717655815
0.02404542964260831
0.023306118948412356
0.023111274482320854
0.023992656348029093
0.024251782961244406
0.02427810746167771
0.024407134476808166
0.024166410450068017
0.023435195375892448
0.02309312373164657
0.02325531675654931
0.022584119660621
0.023625268581267046
0.022526546405542087
0.022846421330153122
0.023690554996216837
0.022194247672637796
0.021934714019729816
0.02227980855850888
0.022810462712764788
0.022080269047727336
0.022452770566563147
0.021546311202915624
0.022349805228948492
0.02140707237443452
0.02222663478486593
0.021760801200539658
0.022042312848311405
0.022606013976374045
0.02149650104010496
0.021035033971426188
0.022136988038623278
0.021870260591493332
0.021833156305197186
0.021058351314544563
0.02131346960547795
0.021943536102753045
0.020624791503720853
0.021551866920028154
0.02035444016090173
0.02157912656723863
0.020452811798788613
0.019798412408781076
0.021159377189263907
0.01965913573742772
0.02127021067918514
0.019912930596656723
0.019617242154434222
0.019777221604585588
0.01936239696963799
0.019969974193492064
0.02071029983015882
0.020051182813146225
0.02037660925263676
0.020011939067837773
0.020128267590675555
0.019325187918852363
0.019794284766500168
0.0195710048166971
0.01912506376473702
0.020036285572710626
0.01957624261424396
0.018751087084224023
0.01950579450883196
0.018634926534873288
0.01850324320184978
0.018931777731946115
0.01915896950143009
0.018525292629497276
0.018865236470663287
0.018557905999091857
0.01882383900166792
0.017796985317754328
0.017984069147376536
0.018492094415692384
0.018315793076602617
0.018170691814988784
0.018188244147331032
0.017554354371051805
0.01873571355544306
0.0171361471784177
0.017310562990889865
0.017457171191065816
0.017479134880866307
0.016866595623427506
0.01705436811475484
0.017840872425938757
0.0164799661063687
0.01650566521096267
0.01688258280096483
0.016462656194165107
0.01704715509260948
0.017533596614097473
0.01715444590031577
0.01725577651862219
0.017460026732472735
0.016881815580852097
0.01706614334337196
0.017346987446837218
0.015817136110317518
0.015715578249188684
0.01587118330197714
0.01581657685657048
0.016379955314470836
0.016197940327069824
0.015507606049202167
0.016575993419317828
0.016235921904578475
0.015784444838976293
0.016390371700473957
0.015528299699510627
0.01584544885731435
0.015221015096490157
0.014714229484605856
0.015854034585069694
0.014899437339309287
0.015948055540997142
0.01456334353034017
0.015556431638216336
0.015012247827943324
0.0151775809344811
0.014346036251514031
0.014051750609685398
0.014164232878158621
0.014213084327291355
0.014358662454895262
0.015171315451023685
0.015001493932257423
0.014785427008657847
0.013698301351261216
0.014533088880230801
0.014880393382511728
0.01485092235485292
0.014712031800142326
0.014337257213991105
0.014601415819181694
0.013729335792853941
0.014701882851158563
0.01405920878237948
0.014193320847861268
0.01411697440913945
0.012762666601707046
0.014058851654662662
0.013143829308104928
0.013157169396871742
0.013702737152567205
0.013059895862807015
0.013843351124426879
0.013192379445488572
0.013501645864347671
0.01316605127229002
0.013605277105613184
0.012075903761869945
0.012347585422454226
0.013647170525793688
0.01356461485498977
0.012508814538473603
0.012549129239257937
0.01234054087812667
0.011841257553207267
0.012440356190145095
0.0127019220436908
0.012679823322987784
0.012025531107689044
0.012111705933752579
0.012066085528137203
0.012265238156242373
0.011402090559259706
0.012056535920994678
0.012600678194070668
0.011185190495228746
0.011613305181403522
0.01197383209184208
0.01212459836042734
0.010935240349816857
0.011012137189119859
0.011304931777634223
0.012155780609179266
0.011202051674116892
0.011696957470192653
0.010680799786559423
0.011313823946056517
0.012006939663307879
0.01183925881776858
0.010901060343288995
0.011494043442501082
0.010130379775378482
0.011198260154624986
0.010636385604372026
0.010221224872192135
0.010861090040728714
0.009995831212747714
0.011321698221512152
0.010930987919841168
0.009862000271661661
0.011016407555956901
0.01117046829285718
0.01102086089630719
0.01090186789705113
0.010190285368390005
0.010958458275757777
0.010835305492136266
0.010509736296303425
0.01058637956431356
0.010703767511164867
0.00923133814471153
0.010010948627780215
0.00941819355428561
0.009697576221345112
0.009344351890688395
0.010529179907511411
0.009712778554710186
0.010355256932256671
0.010081238874198466
0.008781071171672011
0.009676142009608826
0.010206827342268975
0.009388818367352218
0.010151623564721005
0.009354956297027409
0.008561895795044155
0.00913003045915709
0.009241462500213193
0.0092231229975523
0.009700662368180618
0.008610727838674847
0.009574571970570806
0.009337969766864573
0.008299229473273745
0.008818351583369721
0.008845837687150538
0.008678255102276034
0.009355483765712616
0.009140309847537302
0.008914257921318254
0.008132163856687571
0.00763146062711156
0.008826636556564413
0.008168127296005412
0.007597478173843709
0.009163860423634672
0.009002018980663754
0.009005551201376243
0.008850937968775799
0.0072392709627396535
0.007438270995714083
0.007487687737813474
0.008810549283297523
0.0073733489827788115
0.008331184526531168
0.007542314222018771
0.007217433826660921
0.008288072518870085
0.006892097084488213
0.007672670234395
0.008088195508259158
0.00782081466860408
0.007889267995715286
0.0070896325330654115
0.0071901679715961125
0.007414034451853692
0.007627190428582841
0.007115765238544626
0.008049621939691422
0.0070887689448279854
0.007314932729998293
0.007023064909942609
0.00749489983720576
0.006763949147594105
0.007543213374009242
0.006489187947842535
0.007833184919990984
0.0077668668816156935
0.006269105584650765
0.006735382429434947
0.00687399517136293
0.005940016358532675
0.007554203297503457
0.007191838368592596
0.006610518779158351
0.006968184686532076
0.006753047913817043
0.0072605266111837674
0.006683835227534975
0.0066520802608626825
0.0063168979807434415
0.006087774773102702
0.006000766056324678
0.006634045890762999
0.006424722660098837
0.005783342911168236
0.006765641565577723
0.0068395480754078995
0.006796275378505263
0.005985173516564029
0.005291714509140948
0.005937697192172333
0.006548310540066677
0.005189716092394413
0.006047567807002444
0.006580386497416563
0.006295086223396978
0.006187802842703528
0.005835467458689676
0.006666087687020269
0.006103579485576423
0.0059782660095569476
0.006483893306758167
0.005901830526524667
0.005217065314196431
0.004913994253026528
0.006124460920506293
0.0059884832468804165
0.005262411385766012
0.0053806998039119276
0.004784706779121796
0.005498412644084262
0.005534150193484638
0.004689340775452329
0.0060996727248484066
0.00536834576931005
0.004626284980564673
0.00541742158479952
0.005624720183684412
0.005021023890184428
0.005645053474159913
0.005630499004806975
0.004691335938924981
0.005366480135304538
0.004445285362259296
0.004601177304967837
0.0044692911075339455
0.005590419597055287
0.004882659232474675
0.004938678118406625
0.004561972930494658
0.004549677530429618
0.005222024617253252
0.004767841621480385
0.005295134478489765
0.004095844242751132
0.004729502766080272
0.004224634196367516
0.005050950000173192
0.004264827514147463
0.0047967678224836215
0.004959063564242829
0.005419950887761894
0.005007377445860708
0.00470162224738808
0.004462447229486141
0.004958434674798464
0.00413648062958942
0.003997233767972638
0.0043169848332478755
0.0036345949854641297
0.0050801260920182835
0.0037899979896994997
0.004994569249482982
0.0037481035162992716
0.00479932632631364
0.0038705294458915244
0.003491470298838389
0.0035584125949125545
0.0037825044934636266
0.003713400065768581
0.003630213243665243
0.004003572324620202
0.0032494696561736424
0.004346106647362744
0.004601078962550963
0.0047180273730264375
0.0044022858925932785
0.003687568665330755
0.0036237028685598533
0.004522421828220927
0.004091810749841764
0.003973146082149391
0.0034821646001515906
0.00299564217638109
0.004414855553049766
0.004002863933148691
0.0038003917799382812
0.0034283999021101756
0.003886917628313773
0.003464886971229808
0.004402727955494708
0.003360569675780967
0.0034555965329068276
0.0038490169941829233
0.004001282661016543
0.003491548263083979
0.0029085231861686826
0.003540260226795511
0.003693848310207666
0.004244267119223798
0.003467636261576197
0.003944617040748405
0.0035437233571774867
0.002623084682422812
0.002748731299140498
0.0033755906653092187
0.0029324137182669924
0.003129612636034874
0.0031242725003376073
0.0038251804563307333
0.0035568702190156
0.0024319311981282543
0.0036556615123337385
0.0034908032194940204
0.0038521561108405553
0.004004503488379938
0.0027730127433915125
0.0031379844266273605
0.002530267590391757
0.002843781802347319
0.003919508978391573
0.0035756969420911535
0.003554924352952178
0.0031867914915587486
0.0034962177813625058
0.002720939650747411
0.002399209001235739
0.00291765580612384
0.0033785015922753025
0.003544203819832488
0.002273841389325859
0.0028978659597655846
0.0029545408379936093
0.0027336902517886
0.0022680793998226846
0.00363081250177032
0.0027746444656565005
0.0033017431748071854
0.003264981665708983
0.001937851738931627
0.0030546491498354344
0.0025758293438819598
0.002192914599073851
0.0023210332342832912
0.0030257154558086395
0.002560299974005823
0.003501495042914036
0.0028689532608400198
0.0020480848622709898
0.0021940505306733736
0.00276157903792863
0.0019592313757496914
0.00260729406667281
0.0017433239578485515
0.001845221097309493
0.0018997157578591463
0.002317217123723128
0.002723406821678172
0.0032302758955772403
0.0031737655527545416
0.002527277973802019
0.002067008024952641
0.0023028293489772795
0.0031137160835927277
0.0032248078776882538
0.0020850210330041956
0.0024508001440865608
0.002274274398252186
0.002167611725906596
0.0014795827590646413
0.0020600567725971657
0.0018256949136155702
0.001935590176985597
0.0018094098478375238
0.0025505887779852265
0.0016486371953780322
0.002415129466868487
0.0022478250097243135
0.0016016201594050228
0.0022462637315443052
0.002679277264942804
0.0017266232953009092
0.0026319234922755792
0.002358422423194922
0.00285781035269042
0.0020269737788320575
0.0023675715073569704
0.0015248133786887037
0.0016849506080113608
0.0021645160927172397
0.00211379865958626
0.0024341853491116165
0.0012220376698046137
0.002300628075182732
0.0020591452309086863
0.0014851145273623678
0.0021670362858648017
0.0014189909938826365
0.0021418116007775627
0.0016258772970105307
0.002012109353772636
0.0015148655299392266
0.0014837587713615583
0.0016037684627697006
0.002247184943768761
0.0020247156250076228
0.002183522269035336
0.002792634989768727
0.0018092159119686374
0.0021274937672745285
0.0016083008812017698
0.001983070416085996
0.001189094180005781
0.0019485947365084422
0.0022813697782428206
0.0022696846136210807
0.0026253546599782165
0.001062584904698569
0.001840159473419945
0.0027199441298538657
0.0010818604542928683
0.001006007945799923
0.0010986014851268298
0.0020057566864761325
0.0014960415817722227
0.002104783634607753
0.002198651086711596
0.0025944913080167575
0.0011760671952218426
0.0012993611694532862
0.0020710807976348374
0.0016870036403880653
0.0025553973828175876
0.0025526706623391366
0.0025592815520765685
0.0013369289918530424
0.0009332233630965573
0.0015956997414547857
0.00081357709011026
0.0009123419438788867
0.0013386816214756047
0.001160295147063251
0.0010649417904716556
0.000950571242260533
0.0024520636906662755
0.0016587568723394396
0.0017031837331888192
0.0008277194990559347
0.002212127688837621
0.0008510486046075101
0.002207325626261598
0.0022316746655739773
0.0019135882763919518
0.0016454201512992655
0.0011926455811239153
0.0021187028140981262
0.0011831797192986856
0.0015325494407927222
0.0016395336492142476
0.0017117735943845945
0.0013007163849501557
0.0007934662585070615
0.0023605088199792155
0.0017692226041863715
0.0014871802948463356
0.001546992609673476
0.001660690450187303
0.0022753369854665354
0.0015430479955933884
0.0013299774814187692
0.0022580419734074546
0.0009656705657648346
0.0011914885043451382
0.001414017827968935
0.0014975941274915294
0.0021834098353904134
0.0021380736559555606
0.0014426236424209269
0.0008591265950423021
0.0009024955888775317
0.0010726688678564357
0.002083363194885458
