0.0011432761459095795
0.0021063238177157634
0.0015253547940019577
0.0017154050152182116
0.0018779095893928634
0.0017928982936328316
0.0018155584737690178
0.0017606534451952132
0.0010598989970505765
0.0013835077604007677
0.0017963749758584445
0.000869575023838525
0.0009247026779720125
0.002145651933447135
0.00209280179892382
0.000877784779944551
0.0022991103949319093
0.0008480084372344341
0.0010966839196521073
0.0023649684348766645
0.0023655501561521504
0.002390493064390913
0.0011413368997830822
0.0017196094089465255
0.0014982209966402898
0.0021113193296607605
0.002086260957520512
0.0014370560689275652
0.0009074568079312778
0.0010330968732197607
0.0015369045080751021
0.00196181917823138
0.000932780469845717
0.0009998003274626515
0.0012257430290266223
0.0020671429139580903
0.0019427647636063206
0.0012006328133968133
0.0023024226584162926
0.0018297745087707323
0.0012791923797608718
0.002297263329811846
0.0025120771872546178
0.0014100590152364729
0.0021497941255906846
0.001599195731981152
0.0024036516595955897
0.0011498812610766
0.0024483485284517745
0.0020089280088160526
0.0017546579735239348
0.0019085333932568603
0.0013637164504724465
0.0016144451756914188
0.0014504260934617725
0.0022848804746704214
0.0021918204626284244
0.0020586544059773304
0.0013756703108527529
0.0024030046407665434
0.0024948655785202063
0.0012570840553280543
0.002436888930668379
0.0016026905521747908
0.001978165332121793
0.0027148076694382315
0.002138662427249955
0.0010979057284120793
0.002292078569215146
0.00224070855562694
0.0020476775975106208
0.001094573278700576
0.002801347326260954
0.0017484261528671304
0.0020548336164392393
0.001616557430696767
0.0017840622210992501
0.0018137296919512442
0.0019420569281836761
0.002452462269394776
0.001223376008784549
0.0024216350214884847
0.002021298939154485
0.002634897285969946
0.0026065498362703764
0.002897440636980727
0.00244599900653849
0.0014590530828970155
0.0024894417522212603
0.0016116962186005113
0.002596561061087339
0.002074334304473555
0.002733735060180111
0.002646889878881253
0.001607573124476723
0.002294584101761376
0.0017446902017057466
0.0019425682653724534
0.0016215298727471773
0.0018515996799275292
0.0027697907805856858
0.0023293112905661785
0.002124833247825556
0.0027263002110298356
0.0019055300374474112
0.0015003235870838163
0.003006628255796391
0.001626681754097338
0.002679193770209533
0.0014866639353946253
0.002892166063844596
0.0025140294764542104
0.0028752358619791025
0.0017296773335521076
0.002936667639592709
0.0022506434067883453
0.0026891521308152646
0.002496094488693142
0.0018075542543994623
0.0018972837013591503
0.001728121183803625
0.0016574646267868433
0.001691338193956585
0.0033124262833976307
0.003349854191841671
0.002430366927094007
0.0033404660953831487
0.002728415635935805
0.0020856972908767403
0.0030721352181937813
0.00290579340459032
0.002257744005034708
0.0026693017989302625
0.0031719303684266645
0.001921392637842943
0.0019166935680600002
0.002089649433998338
0.0034953163653696404
0.0033704452702816913
0.001985247689084514
0.003303819809255847
0.0028695791771062907
0.0025913428952030917
0.0028176976317243136
0.002414244691236037
0.0028988684278354417
0.003533084181366123
0.0024778352917757774
0.003191212371824762
0.0021795532314266074
0.0023582154078628384
0.003211850504729524
0.0035521700992582703
0.003154188685132947
0.002666742642786452
0.002388757192941778
0.0021813517065080324
0.00303397574603996
0.0033561142965764907
0.003830711945517807
0.003315474578434172
0.0026590668981399733
0.0032674870194168426
0.0030791590478924957
0.0026256548110922366
0.0038685517082837607
0.0027757771734006464
0.004057878701622024
0.003685280719397169
0.002624362710682499
0.0029080120027289748
0.003935079747913091
0.003830737960806798
0.00288988496777202
0.004168929909091655
0.0029936048435343795
0.003783637725701236
0.0039876442806144234
0.002654720736303655
0.0039771390042989815
0.0032145980993150743
0.0029040699069158003
0.004016776859511476
0.003032149388231801
0.0032086485452522072
0.002989803408765236
0.0028188148622584033
0.0033754202742393366
0.004079481375757738
0.004155515000848167
0.0039426485778795185
0.0029834409608419424
0.0043287624978216414
0.0031462399192642644
0.004233975042866224
0.00359365050490624
0.003465645670081978
0.0044928424850743855
0.0032943664348310557
0.004284162797950678
0.003258313779848108
0.003518357305923126
0.004584036074714944
0.004562909924346045
0.0043456813171505035
0.004336217235724566
0.0043954923454150975
0.0040494344198686505
0.003253232444053551
0.003695891985097516
0.004871188067551128
0.004029705031172288
0.004613680188986719
0.0033886945746693015
0.00443322001779597
0.004629732062686969
0.004055596030149231
0.0037274529654732417
0.004224505804275987
0.004609981627543225
0.004937824250391396
0.004854191674094654
0.00400139424764156
0.004919493024547927
0.004721600178778635
0.005259585665881135
0.005124720887667692
0.003819814133579132
0.005241324004183872
0.004309367723546527
0.004836616175026322
0.00405599826628047
0.005200658309728812
0.004514404331406284
0.004257384740916066
0.004581377705416477
0.004705396301828844
0.004329848941828537
0.004279558269070096
0.003942577057368427
0.005046256845772597
0.004596625406573746
0.004255008858200125
0.00451904082552035
0.0044853301432817155
0.004436643761800939
0.005062974879557666
0.004992628134840588
0.004731391845325738
0.005876733181155262
0.0056496825159626125
0.00472070464158663
0.005829600928312802
0.005574268875374568
0.005611226059651617
0.00483960042106659
0.005899918161648904
0.00505018658930666
0.005994533268390741
0.005253611808306072
0.005913244408486975
0.005142185331060996
0.005327917903580685
0.005182729981726462
0.00581636918786758
0.005052718500145227
0.004905995495056573
0.006310505587061787
0.005958604404645922
0.005367958476324738
0.005340846258990633
0.006619863737699773
0.006443506880386018
0.005911382422134515
0.00615586373193624
0.006722182451143679
0.005163727050179655
0.005498696598741687
0.006854532978248685
0.005570493678813703
0.0056956067451666495
0.006598392648151498
0.006800329083200501
0.005569019932359747
0.005819024052048115
0.006213477287875497
0.006847804887364411
0.006020895070398706
0.005974136512741785
0.006867618978686698
0.006705774616494976
0.005764249792062421
0.0059116115331364185
0.005904758519216039
0.006124047929089044
0.0074236490557709435
0.006498304340767082
0.0069886149922068095
0.007288684590254056
0.00655889061325808
0.006054995063889285
0.006867317695764863
0.006956511275300254
0.006970020195336792
0.006889241937694248
0.0076706294432563335
0.006743470680727788
0.007690733776953043
0.0074369958837474555
0.007369573384302412
0.006502216154864195
0.007020968360492406
0.00684923450998178
0.007377478028789982
0.008043810682232469
0.0077836975442218325
0.00797380710050198
0.007426548215363718
0.006968636462889968
0.006835240257006773
0.008201398355038587
0.007579121824710427
0.008431561446619685
0.008432335430316233
0.00779796940254759
0.0072866670342961164
0.007774362901170334
0.007646300619785794
0.00864232677448298
0.007390818796244655
0.008176367961484951
0.008894589975176738
0.008412130068806901
0.007614025463948127
0.00893198720825424
0.007698980356158934
0.008808859498812174
0.007865544092667891
0.007809433125784349
0.008571777542658554
0.00900149920665694
0.007937713392019978
0.008927670044074224
0.007894920646067435
0.008372282377205931
0.00777525264004017
0.007869046390850917
0.008081283426929554
0.009070111165744858
0.009285533714395442
0.00913747586312265
0.008651471191537502
0.00938369239928011
0.009281283130108434
0.008575055725880054
0.009475761203697228
0.009631943041637853
0.009896753945590128
0.009677975177350001
0.009397122727138038
0.00967839983094093
0.008645226873346491
0.008774400785745961
0.008972887241151844
0.0091066688995437
0.008980760812392163
0.009336826571949328
0.009252564260454451
0.01049714625238855
0.010566882126888482
0.010632983678152944
0.009824822678960454
0.01057217158874197
0.00947384983148441
0.010014449835446795
0.010748093483533026
0.010726084701993046
0.010037575434679827
0.010202377285131336
0.009979179738451582
0.011065114315586804
0.009721010242679497
0.009777006025037161
0.009750145254087695
0.01051691458516793
0.010333645017248764
0.011569024020911065
0.01019141379454294
0.011069253918246567
0.010422428129205038
0.01135925690952231
0.01119251600676188
0.01015809346139325
0.011121278003335809
0.011377876171022169
0.010583223100920467
0.011490535596372663
0.012151589973667255
0.011911912399259046
0.010884785314010563
0.011560772589739086
0.010655389137923094
0.010721736310396733
0.011701253207306682
0.011329441123555384
0.011133101370589885
0.011653444326966918
0.011706009781896379
0.011720985721799873
0.012670460758828566
0.011368411935847384
0.01196005631347455
0.011366085031175536
0.01145497574909046
0.013008124630044894
0.012957578543494289
0.0116368855887249
0.013301133493241501
0.012808671159450504
0.012375859463504854
0.011763210550232234
0.01192287756377461
0.012605054070637558
0.01230877240555012
0.012885443404621668
0.012787569214728792
0.01316771584491748
0.01223505791858876
0.01270050229396476
0.013843850351707229
0.01397235659250651
0.012476890168176767
0.01416052170227782
0.014296564389920444
0.013264212458166252
0.014251615741509105
0.012849816593594836
0.014212492362205906
0.014218972805430063
0.013546731629339281
0.014061937598559691
0.013146445740402666
0.01478364122414041
0.014092568318548099
0.013654010063854577
0.014140482737538597
0.014523042474212388
0.013683082904261349
0.014877327655438808
0.014684414738196584
0.01462928541965292
0.015322192906821849
0.014923052853677699
0.014405309940101987
0.013922662829945824
0.015313168244159575
0.01434749632429404
0.015371202830384446
0.014323786396876849
0.015649585008761836
0.0154479516404611
0.015792669877534766
0.015844224483082016
0.015415240703552113
0.015980723098457716
0.016204369761618546
0.015581480174073375
0.01653427588209071
0.015708536308772624
0.015267906928520567
0.016650800043152336
0.016341073053804528
0.015631022160526305
0.016290042162091685
0.016518926727340937
0.016029486196208014
0.017056506600276806
0.015493975360147521
0.01701716856720422
0.016040046540882858
0.01743779088547307
0.016562719784593782
0.01709714781096234
0.01662329307046843
0.016784308824146624
0.016762617976958077
0.017835757612969374
0.01652523938508523
0.01742196668287401
0.01770322243364702
0.01711054971176911
0.017737570626856873
0.01670532855194521
0.018217541868621644
0.017366593519290117
0.01780292927056173
0.017272420899126107
0.017652326338334173
0.018491804044489777
0.017240459362079283
0.017920390120757766
0.01778325736764581
0.018646404316412492
0.018471754936995412
0.018381869728413325
0.01827184735843303
0.0179167756208796
0.018795136225984794
0.018589189441533864
0.01807726973541755
0.01859300168235276
0.01956855842142252
0.019501089190478788
0.018299710074481983
0.01970020910467999
0.018986046235584565
0.01927029246814518
0.020169976213076826
0.018834522734066144
0.01886125200949273
0.01887523335938381
0.01924599899666122
0.019673444763640684
0.01928469157415896
0.020524318884928876
0.020692214518857537
0.019509960895180187
0.019926350177178774
0.020178969314505628
0.0210389479611342
0.020843578411802382
0.01990661921029711
0.02067754312809347
0.019748639882303562
0.02018672589673667
0.021095533072717044
0.021421328399522366
0.02065963614519384
0.021269652674585925
0.020301208818837898
0.021550916004851543
0.02058446587391546
0.021401615426147092
0.020702264079485836
0.02192051798518977
0.02176946745772219
0.0208041856741642
0.021401205953298585
0.022317429048904536
0.02162780649156225
0.021577128264990728
0.022631292604680935
0.02274489830038508
0.02213676723544231
0.02135859344397417
0.02249934685680329
0.021807156845108585
0.023039956342414826
0.02172012755954328
0.021992620266603903
0.022304597836400538
0.023490731886070648
0.02234449993521874
0.02324394296443471
0.022305678684381332
0.02386573677461355
0.023967534580335896
0.022639498127936575
0.022981060081904665
0.022495139709593586
0.023613197160255065
0.02308621842712767
0.024135371364189584
0.02439232436026654
0.023011360950920545
0.02407537491185011
0.0245535430788495
0.023705704528912828
0.023994028240666165
0.023606006714915306
0.02479763105362919
0.023658145602477174
0.024042708011861008
0.02424733265443171
0.024587727609062065
0.023792771305486102
0.02468897688801081
0.02444657354179626
0.025196695796879966
0.024174763467342972
0.02431930206191776
0.025595282142049217
0.025196427104097432
0.02585518999643439
0.025777421969418898
0.024604534696487983
0.02558030975545123
0.026191754416364434
0.025927851533318294
0.0252570758548973
0.0266799429550481
0.025191339323503193
0.025254062372125113
0.026477473460917514
0.026641114431857533
0.027159431953747582
0.025945083928698074
0.02704441429318095
0.02640352677432035
0.026439774139611325
0.027231127502833952
0.02717847973498658
0.026718476641036965
0.027686803179409466
0.027708927828774377
0.026601776401006492
0.027172362087874317
0.028034645928385126
0.026936971389960682
0.027925345236501073
0.02815707186936992
0.028042064847839866
0.02756033517874499
0.028278644105051418
0.027776885013686338
0.027781469763337032
0.02885234664692241
0.02725694967587139
0.02800726532461662
0.02802222502794315
0.02904995873938707
0.027780404727055792
0.027839028802059365
0.028146654892278956
0.02895883246462452
0.028524476813675176
0.028748380333334784
0.02820388333222951
0.028873809917282754
0.028318477176934427
0.028922832420693448
0.028663200451176905
0.02994734565584528
0.028626344435691745
0.030290315253502634
0.02945278095154169
0.028975983786502634
0.028915017520944233
0.029405206315855904
0.029375815226454362
0.0293520823127902
0.02992869992453357
0.02959222813841097
0.029587406193985383
0.02955287131401667
0.03080134415323125
0.0312022027007064
0.030685322445045512
0.029992352828942248
0.030193069010122687
0.030585554208481993
0.03000411608748835
0.030965218178099062
0.03169164722227037
0.03179897835108613
0.03181175539258158
0.03197761082362055
0.030695048600384463
0.032145926810364184
0.032175875853293165
0.031114054478039433
0.0308433079748517
0.031996977210156374
0.03146390559429155
0.03164436443358859
0.0317698250417911
0.03192725022518526
0.03126981062095775
0.03220357537093483
0.03153623328810356
0.031848222612917206
0.032032257136716244
0.031742408439217766
0.031947188458451105
0.0322162675568406
0.032738545969745646
0.033550952476206895
0.032682608982178146
0.033557739217019315
0.03377636136711591
0.032747215030845434
0.03280253280783364
0.033162939541782815
0.03381529576801204
0.03385734160061832
0.033026223426700696
0.033797911257825754
0.03283875071516227
0.03325194583996186
0.032764116957319185
0.03304870044662768
0.03318952013528184
0.03323829325813022
0.03335314523874363
0.03446719779678936
0.034919018559236625
0.03404962189322419
0.03480716640004197
0.03474542777697956
0.03381320401977285
0.03365991361878919
0.033757055956545254
0.034636794525800346
0.034556116373786645
0.03492053434606557
0.03519442025848602
0.03423931223422427
0.034531928260775877
0.03519085460481999
0.034991534058597
0.0351517413099821
0.03474536119572638
0.034597301394249595
0.03573451899818882
0.03535643169119047
0.03621782991226924
0.035219001543181964
0.035366380798765536
0.03586295876632982
0.036514144282091966
0.036056758140976045
0.03611832207786178
0.03644858139608019
0.03653325932370138
0.03603491669740392
0.036965144977828594
0.03544239208280785
0.036286637480795386
0.03553953745919378
0.036149242515667764
0.03645883424087225
0.035782342501110946
0.036634217524856474
0.036143748794891094
0.0358875022862541
0.03727860678097311
0.03619649659251342
0.03709263213684482
0.03606764192915294
0.03685756605173972
0.03785166637562721
0.03670869427086189
0.03793479747149553
0.036373689801150286
0.03733666850528963
0.03694453397179007
0.03814599600801417
0.0378868723062787
0.03809728512615069
0.037339496112354306
0.03851528685640597
0.03766950067746457
0.03721967831620911
0.038025785973339214
0.03868643774374277
0.037266684126642136
0.037240311377584934
0.038462201847119154
0.03891923101509611
0.03808191789729724
0.037492475888213736
0.03754407565927483
0.03825784946756311
0.03894432366003376
0.038801691037205585
0.038482876649345785
0.0391483308381946
0.038391037943985795
0.038667156282612136
0.038533510569681115
0.03957205382260485
0.039122594959010035
0.03855833444547099
0.03881592190019589
0.03830612702733209
0.03949638545867326
0.03953900767362359
0.039795400773039044
0.03892295961429675
0.03895283999601186
0.03841940420207974
0.039409274271283545
0.03899564942847857
0.03983800204685311
0.03932298572785981
0.03952378374816399
0.039807808908310094
0.03873363998387157
0.03995455414363366
0.03927048464642587
0.04021477909415655
0.039735799922419095
0.04042956446945001
0.03919341319650674
0.039216641828046545
0.040366003052683605
0.04004636717700456
0.03929409031936758
0.0408272878291099
0.04057351170489431
0.039526278304972406
0.04039519903832019
0.03971213280762807
0.039572081688829384
0.03967563582162318
0.040542814375472615
0.041151499659035654
0.03994569918972345
0.04013606545668862
0.041029390959349515
0.0404355150732446
0.041085702605431186
0.03988989749746698
0.040304385490373656
0.03992633818597633
0.04162491102408354
0.04110475751770708
0.040279865580010926
0.04087410544165139
0.04100105619608919
0.04054631142736467
0.04012526970509656
0.04155601828805707
0.04153184210107572
0.04166986460651904
0.041304083759004684
0.04095198070663396
0.04044256884434643
0.041396227802420874
0.04200152362458393
0.04143774913309075
0.040622226914759585
0.040448603183593064
0.04219117228897762
0.04146163140913939
0.04207813762204513
0.04185261265170763
0.04115737805206349
0.04096876279755457
0.04231186227269903
0.041208871839783084
0.040810264530697395
0.04139923829945168
0.04156081414172368
0.04214498270411401
0.04234031534853385
0.04244356246277731
0.04155467464360786
0.04098120502450751
0.04241499611785652
0.04214965022034464
0.042290739456196824
0.04261115710147281
0.0426508792536463
0.0410050353131429
0.04146580507363676
0.04160250840667376
0.04186987445364396
0.04122766041171686
0.04193024149267256
0.0424988549386544
0.04198648622192997
0.041716063501548335
0.041281960231852634
0.04163326582350885
0.041550607543184424
0.041929570133942114
0.0420924488640398
0.04197401149118297
0.04215298613502113
0.041933488766487365
0.041615116663335644
0.042768454249645614
0.041464941225856186
0.041300360521022594
0.04146467430525126
0.04292410770290323
0.0418104314806026
0.04134354135253328
0.04303906487661077
0.04202059583929818
0.041858977749795065
0.04154588987548614
0.04302932017556063
0.04219260344030688
0.04260025978578141
0.041991947235280186
0.04190286355318158
0.042449741731429305
0.04157518751051456
0.042421837774085695
0.04249478667643644
0.04216851993351742
0.04192758728695021
0.041553298559561615
0.04277641925800464
0.042354551729828986
0.04205270674900651
0.04237981026210538
0.041507483036017985
0.042367081315535515
0.04315010177391819
0.04145104446201447
0.0416178741437496
0.0422817101698329
0.04271591638462991
0.04165660572866191
0.041981953101217
0.04188002597527422
0.042714666899528186
0.043031143821044435
0.04151325161787186
0.04259314310902932
0.042064357318720734
0.04201204931542883
0.04307490229712792
0.04238037518135191
0.041501660446003195
0.041420284536707354
0.042936973957310824
0.04163713108749384
0.04147211515125199
0.04188009479882076
0.04182287241251841
0.04280101687525831
0.042779483388537785
0.04250727627475473
0.04165759763546892
0.04165118848244298
0.0417539800187898
0.04160540802555971
0.041454333073318486
0.04169700333058515
0.04275172497398771
0.04283496011525865
0.04127339717193117
0.041911986604872845
0.041272560487355135
0.04131915009730576
0.04244975935032114
0.042562889647409785
0.04175798911144558
0.041577014111833004
0.04201601723861555
0.04240701950354449
0.041628848442465956
0.04134124096060821
0.042749930079149095
0.041435529020686576
0.0421267715009666
0.041269027230217345
0.041969270141819295
0.04231594627251279
0.04148646169923261
0.04217863307576809
0.04229916967061558
0.04110914946678827
0.04246824421850828
0.04146223900306045
0.04095973887577755
0.04133236873682293
0.04216466393228853
0.04141424328707618
0.04172850120436159
0.041781448974050464
0.04174055918748456
0.042325766505065185
0.04058553322617596
0.04102853212319466
0.04199202385507451
0.041776170040108265
0.04181203963539731
0.04086875364872691
0.04139729020362401
0.04058322419927303
0.04145554402563385
0.04166481211616973
0.04074144270220506
0.04023770944324745
0.04117948291098281
0.04057733999788719
0.04056963182022018
0.04033701458336176
0.040752902378762126
0.041150028853858045
0.04168852064220817
0.04107980692962942
0.0415274781838466
0.04126871088773439
0.04046639234352072
0.041004598206590845
0.04093877910411746
0.041024816362351044
0.04106816920180132
0.04013547525592803
0.04015352621532171
0.039777178189754556
0.0408489471256115
0.040762230687676954
0.04062370001448527
0.039439700905753945
0.04046687591938433
0.04003280169671673
0.03929200965073276
0.04073884822310768
0.039279435279454857
0.04015211819627616
0.040723424914976915
0.039172190208963356
0.03940556116404717
0.040224446651451334
0.040041999936669535
0.03961801639003784
0.040020917968886946
0.03946064502513239
0.039020053685122444
0.03963198229539367
0.03921051610877149
0.04014743757247139
0.03913866521446173
0.04004833310478082
0.03946691683072143
0.038746197573342404
0.03867170696916182
0.03861523078588365
0.039476045773591185
0.03973476454435392
0.038359454063945975
0.03855346353818287
0.03814170731182126
0.038121830476059125
0.03931367981828715
0.03870440172175258
0.03918701184202805
0.03902601438963567
0.038186893220305676
0.03901127294435901
0.03867678316404513
0.0378409235327347
0.03815590883178005
0.03787999796176667
0.03773303608347513
0.038359219963079894
0.03754171252665456
0.03835621231276778
0.03766143545398981
0.037543890685567204
0.03855339521405618
0.03847333851386892
0.03827655619323112
0.03746138074050516
0.03843413448699408
0.037582776593267406
0.03764020738810473
0.03717987335806808
0.03708393730687209
0.03744432385520614
0.037893445277833386
0.0376785682901093
0.036435623776848114
0.03753930039166328
0.03679960752276728
0.03769021854646151
0.037281134624950245
0.037634095604383216
0.037049580588400466
0.03622639882847459
0.03658128471386043
0.03750450951351366
0.03696289965453186
0.03686941278141817
0.03642331630800486
0.03688278395697072
0.03658309006966627
0.036256361186913354
0.035697257838387085
0.035476003189244085
0.036134096358036494
0.036370121419550594
0.0359918724989736
0.03645311679366928
0.03673365885933627
0.03526147500897283
0.03616710045791782
0.03587874071696024
0.03561927412252152
0.035828160284348216
0.03499721051115991
0.03555912690637001
0.03586016053240244
0.03477440810706541
0.03508719660491353
0.03504338620941003
0.034553629934108446
0.03555511400871278
0.03442867382195783
0.03440038676307569
0.03507687418486723
0.033932107127994174
0.03516884056066041
0.03495778630838307
0.03434755208513453
0.03385115713871575
0.033592432112109265
0.03351774690256956
0.03483335829977284
0.03340174680403346
0.03421147011819089
0.033211436132162125
0.03393090520543191
0.034751079159104074
0.03298771878383318
0.033761047113980855
0.034176052241395215
0.03391976811346043
0.03373524837055445
0.03371087480183244
0.034104250217824046
0.03360269262273559
0.033715263803729266
0.03357464326365026
0.033017125976404764
0.03288425222008168
0.03254765762052178
0.03356316275816657
0.031977294397265286
0.03273048767114192
0.03212344903976839
0.0322469180441861
0.03309969876737423
0.03325533789821471
0.03170269220058179
0.03235248164884554
0.03307047065909196
0.0328344178396727
0.03143889122109909
0.03114529303858258
0.031240961336721267
0.031936987585962334
0.03172014989072506
0.032268018455906676
0.032386816782251665
0.03192332522209475
0.03173093108317717
0.03180591359161465
0.030888863508353504
0.03049557346878153
0.03134519904027038
0.031027380871620557
0.030839831317395417
0.031668266295174025
0.031145630986601874
0.029915018861395998
0.0309746158310265
0.030715737858052233
0.03024420952509984
0.02957212510184518
0.030922200405686474
0.030658106379354455
0.030597777128359722
0.029882848633261048
0.03046170033376442
0.02943043600361039
0.030215944230183825
0.030420493979230114
0.02921861903350438
0.029708420679664563
0.029872809840026826
0.028983204468266945
0.02854902015355763
0.028575184694350934
0.0293354980679293
0.028550541638534595
0.029784791906166015
0.02828153889508905
0.028379503851695416
0.02892826247549582
0.028753811648887535
0.029118123885887633
0.02792041715431877
0.02935886686571684
0.028514034552417505
0.028078252713359522
0.028606153790389548
0.028106474655508057
0.0287419859713228
0.02882828879022541
0.028023511795583426
0.028272096788013498
0.02767607497999598
0.028500302998864874
0.027931745421414626
0.027000027919979575
0.026788513066922603
0.028184633112713173
0.02664047566682915
0.02659116424153819
0.02772888347873978
0.027201863341650156
0.026942297465258454
0.026099207971186603
0.026717529929686443
0.026078955255588766
0.027029195919161926
0.027396960132455416
0.026369513012180965
0.027123628803586926
0.02600127567293451
0.026760964792187855
0.026923177437461924
0.02698386954149273
0.026096194887898008
0.02617729641563179
0.02535640263714194
0.024927633496565724
0.025894087226219047
0.025351925453153134
0.025188900133451615
0.025486364837424114
0.025599372914595218
0.025812842481033334
0.025883750970618295
0.02438849327607472
0.025730677348026993
0.024731901459098957
0.024099063173761374
0.023944451740748045
0.024392053136951294
0.025207758264008822
0.025110905761257702
0.02403575270953087
0.02427925507979232
0.02423423158169718
0.02495485846274677
0.023839309815625147
0.023296437461367735
0.024248837731549913
0.02451759676056561
0.02411240199282769
0.02318913322863584
0.02284669462174937
0.024052876428699417
0.023627493860261178
0.023464359592646377
0.02276015974115436
0.02260496490344788
0.023622835683590623
0.022894220685234206
0.02241015234507355
0.022165734539117094
0.02369514702723201
0.022473061754031375
0.02254228151705759
0.02333753774819562
0.02226030622583778
0.02180589577254797
0.022638419077868902
0.02218052147304214
0.022622019777359746
0.021748335434761575
0.022276013928775075
0.02279893727618475
0.02152496284951854
0.02223181171787501
0.02103601029490956
0.021460595370152366
0.02102569095644549
0.02224759288111903
0.022197684455513417
0.02110725277408281
0.02154113864472352
0.02184992643194121
0.020738079624442823
0.020525075122234577
0.021360322954745905
0.020815884153205896
0.020787335268893394
0.021145286242360666
0.02150736032732466
0.019793276253881133
0.020223712110255254
0.02100596982736165
0.020780406972866084
0.020095205212992927
0.019606742898394678
0.020524123640262206
0.019576328738553233
0.020082188897919087
0.02021552954545054
0.019041305881422877
0.019153270578601892
0.020154677264917962
0.020280177849819565
0.018733203206467767
0.020272390927991903
0.018754267963815373
0.01899190138706591
0.019936385123018395
0.019723138330910123
0.019600305177614952
0.019227421802849646
0.018170870220318956
0.019709868627500488
0.019433300980739587
0.019081444454845498
0.018202023809791936
0.019190740912777206
0.01818290491334489
0.017550528603382822
0.01747761388284818
0.017611311279339608
0.018619603021484552
0.01778355592043761
0.017968378792176325
0.017432513119638293
0.018173315566954194
0.017571755354094633
0.018239904081414748
0.0177620697071217
0.016974183192740824
0.017644220716038952
0.017880222422462934
0.017998108859978594
0.016599807941987177
0.017163645410553208
0.0171657588430185
0.016208498113386195
0.017478745389113804
0.01677219318302498
0.016739414056684478
0.017136785826465918
0.017160550367620462
0.016075255973644485
0.01723069656257397
0.015846758957557498
0.01700528014821481
0.017250842080316946
0.016643600532255935
0.01668222134500204
0.016348639839618758
0.015802713358892707
0.016409599049443772
0.01635894220708198
0.015247561623784002
0.016456006807962904
0.016442301046078984
0.015694436462822616
0.014766060078104881
0.014853505956421032
0.016317703540419237
0.015230377558377957
0.015797903913031607
0.01568985439793657
0.015057072500570888
0.015813908223125
0.015029354635915544
0.015200389709117294
0.015714593127727106
0.015010818256870787
0.014924285491080026
0.014043863511640556
0.014810157444675766
0.014993020536137977
0.014669263922984717
0.014248260858033261
0.014519869493862476
0.015059321353423062
0.014137678489828817
0.014883082304466246
0.015007329573547348
0.01331105205485277
0.013786301525392933
0.0143289381543333
0.013268163273751143
0.014176607547792493
0.014225940628069984
0.013134854793556762
0.013933884606932795
0.014407291071279355
0.013331332729867796
0.013931732971083135
0.01287829946172528
0.01377333858710901
0.013683775226162534
0.012534342873927105
0.013985573506472662
0.012782424322550367
0.012862616582829525
0.01366184135984347
0.013159745891633969
0.012349116999557276
0.012173734884414776
0.013463266647975865
0.012931849799472251
0.012815637510184278
0.013308174371244944
0.013268099760613338
0.013169863483015786
0.012456774593545663
0.012052511673263445
0.011487599976739557
0.012842462556653634
0.012400037040713229
0.012870334497535779
0.012131660487112249
0.012394216224421653
0.01150869800392104
0.012440984497857658
0.01120092356581864
0.011686306070196958
0.012495187002287723
0.012098970532357613
0.011088069155470849
0.01177251677645946
0.010543597087709598
0.011286948811082694
0.01192517632103585
0.011066381220200589
0.010908275897004667
0.011872198347202545
0.011750312162001654
0.010270600211981193
0.010355746034318897
0.01142128557094057
0.01102496080207074
0.010594994104579493
0.010586028191067444
0.01047491160653051
0.010011181302288176
0.010994106616895606
0.010897594808800197
0.010278776445175847
0.010650695384052172
0.010733523377137764
0.010985076342739134
0.010778891789184286
0.010970629324225907
0.010268248093529022
0.010089184191689375
0.010606505375638254
0.009690048978706312
0.01025193234519952
0.009459968279021883
0.009018169259173259
0.009954787627560168
0.008994299173096444
0.010426324382233879
0.010440289891227288
0.009959886211816156
0.01006157138935013
0.009206706735781
0.010205971609624836
0.008624979345929524
0.0084869751517522
0.009653051379694216
0.009769716337462257
0.009029138747063811
0.008974053898261041
0.009809951711486702
0.008927492291174694
0.009167202394939632
0.00840201556989806
0.00938798538509335
0.00950169395777608
0.00852498098782609
0.008013321121639798
0.009252275033049767
0.008007404832600777
0.00816179870678529
0.008590720135297342
0.009377512902250935
0.008671108905167944
0.007958735921033385
0.007994781312310205
0.008829667858612347
0.008177761411885883
0.008085620070731483
0.007525994593094885
0.008174441461882424
0.008777236175475139
0.007248188987085003
0.0073021847377995755
0.0078127065944655
0.00783488009991108
0.0072041214797602116
0.008102822433405231
0.007046229339725528
0.007566992261346343
0.007150411414018474
0.007030705036016635
0.007208890629452124
0.007157486697313447
0.007895232991433037
0.007449051693410104
0.008005351567553843
0.0082571914510238
0.00752712367012866
0.006902880232545438
0.006610088527630389
0.006943650464271497
0.007139571092274724
0.006522865450966595
0.0075026279625803865
0.0070831370850197245
0.006344794934102002
0.006811433400313274
0.006283553141622331
0.006780584388073491
0.006840586192899246
0.007211285895281532
0.007695829211637835
0.006350445864295694
0.006585758311900546
0.007236235401318932
0.0075396495601743226
0.006727657652164681
0.005860792588825473
0.00674944468833273
0.0059626912342464755
0.007007101108074012
0.006133676264058862
0.007014196290020462
0.006642101748835079
0.007196342718685661
0.007072093162985064
0.005691608968960791
0.006817671257416364
0.006319908908160316
0.006994581236453951
0.006393834767580678
0.007036721596073495
0.00529511954791068
0.006062912283449672
0.005634925750406117
0.005787967609125492
0.006484489323497038
0.006161699598040516
0.006495706331920399
0.006019962624061227
0.006731791012264255
0.006557883032945184
0.005437932234762369
0.006277851942970349
0.005975200514388832
0.005385108082166989
0.0061420183328940335
0.004965190695270846
0.0051342664572197995
0.004954961226899706
0.004825227087831699
0.005060695524355329
0.005651420029884041
0.005838932050951989
0.004811998502627363
0.005264843112054521
0.005732889111963061
0.004695725993275417
0.004476156593349094
0.005134829455564937
0.005206450823303221
0.005207583818531228
0.004586722755976838
0.005720843490647397
0.005612384416295243
0.004884599165841164
0.005756436694555777
0.00495151039205741
0.005173210704962924
0.004109544003209373
0.004202885059063241
0.005540914865237033
0.0044128802040393125
0.004006388255744649
0.004413398117742172
0.0044162268019159725
0.004656928749308963
0.005073218911344588
0.004011236361306298
0.0040149368547040525
0.0037923345091629267
0.00498485663960481
0.004525903106468368
0.004395086243830789
0.004763574531917901
0.004568829207380795
0.004159359644539005
0.0036410344578131455
0.004798034802890269
0.004780098088701987
0.004975438241376198
0.00406788870343381
0.0050104178522920526
0.005014455254530261
0.004870179742697716
0.0034356811476913512
0.004555459560408847
0.004134398570382936
0.005058315330748804
0.003448375440825713
0.00500178409105886
0.00500893775499161
0.003625753127098418
0.003331971572988963
0.004630368173812121
0.004480226855230868
0.004029366358817974
0.00428785924652214
0.003594845543530938
0.004329455025263246
0.004664367353909979
0.003549806375660865
0.004091778295240197
0.004226631132270784
0.004388087029198472
0.004104949564808341
0.0034472274898922875
0.003970137007888605
0.0033096054064885878
0.003895293632185533
0.004058558544299691
0.004265076105214697
0.003939327550527025
0.0032675603973479376
0.004210977391358325
0.0036504474739871315
0.0032361433508627017
0.003137279514562664
0.00417432560573784
0.0042887895817872185
0.004030156875788658
0.002790644226998797
0.0034325714538474216
0.0031926036642917622
0.0025539931427324717
0.003247574483812551
0.002673763038961887
0.0033602501114808276
0.003468097064792864
0.002601901044476324
0.00391552580210018
0.002752525265509367
0.002549634038801967
0.002770780024417516
0.0031464869985354076
0.00404134256923951
0.0035914986393854164
0.00401268552022925
0.003184833981954167
0.002667286404852262
0.0037397213962946482
0.003486906597490053
0.003187890430312961
0.0032729123882073966
0.0021871285630194093
0.0022608859161653227
0.0032109623621439597
0.003155980504770331
0.002923416050837923
0.002702902285377045
0.0035480538697357338
0.0033759404510322645
0.003182013304190855
0.002579293437998416
0.0034673411686958673
0.002149815604174611
0.003140378603573717
0.003695584649535328
0.0032049436729367467
0.0031143732691123003
0.0022811489491113787
0.00364061891986212
0.0034061123148902287
0.0032685509882863116
0.002535841597909934
0.0025051527465920482
0.0033269498342482747
0.001967517034065145
0.002468891395696202
0.0034768756258269262
0.002969399620023286
0.0028193925605639724
0.002593319687233939
0.0017316002034396933
0.0034246213301823234
0.003323242760575733
0.0029979772648650246
0.00220542281043566
0.0026112368797933387
0.003033788041388512
0.002349462725391276
0.003140383591615659
0.002051930055043689
0.0028603745026081376
0.0019905265565913384
0.002190325147800257
0.0030345929293611427
0.0020500166515851903
0.003175334093404473
0.0018167490784900676
0.001789302593360027
0.002768298509295192
0.0016033864220383982
0.0017952080371215204
0.001474238045426311
0.002091072865142789
0.0025337109306345297
0.0022880815515449004
0.00216040257222524
0.00259864264675691
0.0026973235991805313
0.0014490204157415938
0.0019254791074647842
0.002868483434708747
0.0020583666060062494
0.001425960121332209
0.0030323753388018584
0.0029989868316257365
0.0015723819412725773
0.0021336038680134055
0.0014074725680885928
0.0021268922871401507
0.0013880097991888656
0.0013495143483745948
0.0026334724503646392
0.002637414498776986
0.001483587843492083
0.0014468186410724422
0.002244710498259444
0.002110829410013953
0.0021497349541932252
0.0028087132307230136
0.002151558426481153
0.0027618497805806256
0.002830519808713676
0.0013915386965997342
0.0028438590489892855
0.0016197079240557113
0.0013440030593901843
0.0017750997476107682
0.0018108319234874924
0.0022222472393478607
0.002048601143063932
0.0012064943900173288
0.001098384285578939
0.0018233621496026278
0.0020615329822027606
0.002394663785612523
0.0019352452417709261
0.0025906714294359834
0.0015374217344757517
0.0010414393932888343
0.0018522180595522525
0.0010286464177964342
0.0024401872665724238
0.0010750258117424188
0.001657551130938542
0.0015658487260383795
0.0010812792175337658
0.002161780744337328
0.0012375482865652522
0.0018404690969507451
0.0018867958412385455
0.0014770082057826738
0.002112743966712131
0.002474426053909146
0.0011592598636335108
0.0011601787000082328
0.0015958055822164654
0.002219948115094372
0.00120540624523168
0.0014462429928546003
0.0014148189703567847
0.001594183204169432
0.0019114398646022134
0.0019435141464669227
0.0019507127851239828
0.0024715192376269196
0.0011960038953558968
0.0008910727959745654
0.001835409111074996
0.0017696590405182765
0.0022109152642325785
0.0010286606177239163
0.002200444972263454
0.0020474403734695923
0.0018096169044631168
0.0010675939409981947
0.0015152727274439816
0.001206500308238067
0.0007219384143556307
0.0006846250318969127
0.0009727507019008313
0.0019356394734728827
0.0017690302413440172
0.0019393139955660237
0.001946494811570343
0.000717475195034169
0.0013215816013525574
0.002110350065487113
0.002287273144773879
0.0006947294189787109
0.0012148768125320349
0.002312138333049273
0.0007303482448732848
0.0013913584755417536
0.002184740026327093
0.0009195870454173318
0.0011381604098699351
0.000860427165191773
0.0006617766793800124
0.0017844850241634602
0.002117390904833056
0.001970586667415661
0.0009333054726859678
