0.002206737932104268
0.0018009169331724925
0.0011943148568617067
0.0017974874646709312
0.001867913190143593
0.0007022300921496882
0.0017801689886547255
0.0012130525791329608
0.001788067473877827
0.002281889926688217
0.0011609916582693712
0.0008016447996974343
0.0014079054819370797
0.0008887210699547473
0.0021722462566285262
0.0008101765658402794
0.0008578593027147326
0.0016312598555011484
0.0013642429210927822
0.0013594790530658757
0.0011920632796298873
0.002264850729040363
0.0020638797463526973
0.0009673647613558103
0.0021853483367179844
0.0015533633303717377
0.0008894771970598982
0.0013563810892372888
0.0010395598741909878
0.0014234749614939033
0.0015587522892304792
0.0024369960549633766
0.0008961977624076526
0.0017172162920381445
0.0021716152893051614
0.0007759386733509057
0.0012369263901572506
0.0010788766104495155
0.0019104916916981363
0.0009948072644796022
0.002344339526008535
0.0018106960983669692
0.0014976989064570876
0.001351501347162755
0.0012153328431876963
0.0008421816560795381
0.0012683521786763681
0.0012372638276809938
0.0018473453473106941
0.001165073265790058
0.002470465216364399
0.0012962092661007053
0.0016593611764153398
0.00147614337948174
0.002336534779785708
0.0013680334743933467
0.0014648826010134955
0.0023267319236588797
0.0019052559852009016
0.0011117341180712573
0.0014681289308806906
0.0014413280556030254
0.0014140944442572192
0.00211250816835144
0.002178767020570415
0.001419706404720931
0.002697879788694872
0.0010828135100942058
0.0014726066679600755
0.0015660540698541013
0.0022031287322582314
0.002241220353034581
0.0019164227119918445
0.002511180589078467
0.001499609288794244
0.0019608985774206096
0.0014842988100771158
0.0011376990746221633
0.002794745153334933
0.001968685584149403
0.002776562332006465
0.002508766782750055
0.0027986765692513287
0.0025273222588451864
0.0022480238763420337
0.0013697117908955633
0.0026042601541148964
0.002523477528844885
0.001821891190178599
0.0012864384990801878
0.0018742628874239644
0.00175218196436172
0.0012943876320832138
0.001795346909842295
0.001704878396912438
0.0019625621251219525
0.0018970094463833498
0.0017944814164985257
0.002678442519842964
0.0022430704322736086
0.0016066207797330245
0.0026727151785595994
0.002650838187106735
0.0014317961973916043
0.0031421239465806244
0.002384315243219559
0.0030871116680269905
0.0029308844258387006
0.0020300293465447955
0.0020089283432727814
0.0016165559542875565
0.0027778656864604354
0.0018530198996700668
0.0028141396820198805
0.0017720377013134047
0.002670322765800594
0.002193671752565325
0.0023904023319985886
0.0018237803088334468
0.001619077754098648
0.0032448929348352718
0.0025659079694679817
0.0032816609451087548
0.0025531082555225438
0.0025024678543217544
0.0028057152777633877
0.0017916019934089418
0.0033800904413478763
0.0027959110757011948
0.003307391051484465
0.0030152520752702023
0.0029120021708488137
0.003006534206217367
0.003249270114826212
0.001933148377365852
0.0017957651581213146
0.003497989242676252
0.0031259698324443393
0.0028400897343429667
0.0018878251622650424
0.00350210660382668
0.003026496710951722
0.0030061754592344953
0.0030834704792896232
0.0030258711040757045
0.003337956030622053
0.0021282350967991156
0.002562420354385054
0.003121276306130445
0.0033596083631660585
0.003720138444467418
0.0023529169760122394
0.0023951288544093734
0.0037852440455371813
0.002387408558344276
0.0034249957850031954
0.0027192310932291886
0.00267757997208976
0.002326448698641047
0.0021872276097820824
0.0027140641599793605
0.002952365115890199
0.0036990994782299847
0.0025080509737521934
0.003991254044945836
0.0038700836648107133
0.0029550207080437387
0.003906634104859592
0.003846126734049689
0.0030081272101631987
0.003034343630661315
0.0031674646609156317
0.0030986915523894313
0.003514320434600412
0.004101356623366274
0.003655621654223797
0.0031538227437698367
0.003860725102664725
0.003929928926767767
0.0032771726927637045
0.0027647751544307144
0.003939505487212198
0.0030374087159574237
0.004291723118047129
0.0038277810762197806
0.003514578989373136
0.004122979112307608
0.0043784564364019625
0.0041529730857570194
0.004388652477481476
0.0033289199749158374
0.0029174847819176323
0.0033001448625012216
0.004402409411011662
0.0034880691073629895
0.004113738395890301
0.003952500006552738
0.004446951335182715
0.003794338923305356
0.0035244375075698616
0.003105260477066809
0.003313305606894796
0.003990508616393076
0.0035145008695341515
0.003806467886394642
0.0037304862083753347
0.0044413937639224774
0.003358241151044853
0.0032424780808104695
0.004319737360657287
0.004495867250390154
0.0042465532800383165
0.003957226301874306
0.004935123889665901
0.004301358472376758
0.0034483975537228637
0.004799613328199191
0.0042544778580458735
0.003622070979667832
0.0037233078633887033
0.00463311363140581
0.004907438276760646
0.0036151029235021214
0.004495856228260798
0.0035215005451360534
0.004325255804113811
0.005063200227826517
0.003757043634788769
0.004450004904927348
0.004885683216433167
0.0054226519115625725
0.005429521645467665
0.005085334059115602
0.005245999184033449
0.005124395819652566
0.003867893803046477
0.004602163471368515
0.004458266769620261
0.004516005104734222
0.005460723188482495
0.004056293056130361
0.004131328885783188
0.00505557132009608
0.005708714157364375
0.005588967385157078
0.004897941009674272
0.005160673236411076
0.0043461447679932035
0.0048815632552369394
0.005638793633523199
0.004503923047535228
0.005388300838730216
0.004896618334399132
0.004506138853889558
0.004909234528031574
0.006009274993093876
0.006058995721485744
0.004694309348584008
0.005374747514210639
0.006258469547970057
0.00592954925881943
0.005744171951792619
0.005905111264351366
0.004863366865538436
0.005142397773218343
0.005291632153402343
0.004960017971607656
0.004751057562529048
0.00544331378478791
0.0061784733629940995
0.005258938179872301
0.0065522022018088735
0.005077862529144058
0.006036124343687836
0.005607055313896113
0.006401895014523353
0.00641581293649915
0.006695786289533353
0.006176215038138749
0.0068661816503393725
0.00539750852759914
0.006151744374650155
0.006866697574492211
0.006189434999328455
0.005409736716482066
0.0061377774538454236
0.005939112695067137
0.006621829616826888
0.005602935764449536
0.006046442018070871
0.006673824227133925
0.007317111208236006
0.007232440339302392
0.0058718317827838006
0.006359207244784948
0.007442969336544562
0.006389128740111942
0.00745055223753941
0.007477477137281583
0.007419171471811053
0.006302473209688103
0.006130862363776344
0.00703546704920503
0.007549120533906788
0.0064210489697179105
0.0063366646789120695
0.007422693401413222
0.007033370184096396
0.007390224839046653
0.007162097029458887
0.0071723483267732945
0.007963779761954134
0.0076693132728346165
0.0071181022632365
0.006947503379945344
0.00773846672485367
0.006721987692387013
0.00689160491167905
0.006803407316332596
0.007921867943491447
0.007651973413222871
0.007824202573954159
0.0071929028971154906
0.008522524993376085
0.007274881682260371
0.008178507752896037
0.008575585011939833
0.007376072741679189
0.0072619989966227535
0.00790716702899206
0.007260905866415484
0.007445108706915998
0.008469119987796772
0.008236694494683278
0.007441353565038655
0.008620925738337748
0.008602726235462033
0.007894490707566709
0.008621297050133843
0.007722576402459719
0.009107316254930563
0.008819331492316507
0.009388534020100151
0.00896461153407523
0.008251900272990057
0.009088954786128055
0.008016212223886923
0.008699209708330574
0.00902901098082248
0.00954494478755061
0.008162278851765173
0.008756516794827467
0.008863544343789886
0.009643969027781365
0.008824390141951834
0.008902244729440532
0.008806485149079656
0.008721100828737869
0.009151451632328209
0.009507073261686646
0.008923121049481175
0.009740096450278476
0.008596049842623826
0.008957838722672074
0.009171654789190698
0.009241381902733594
0.010392965489868608
0.009827861431456295
0.01053504555656564
0.010019378402903437
0.00998013574772528
0.009552520567828059
0.009864384929065365
0.009429864158455845
0.010558348065964344
0.009492407534246128
0.010202454416415879
0.009484948415087763
0.010120633367408706
0.011168955154613238
0.010815723741605679
0.009645376257369172
0.01026440303419482
0.011121399804818214
0.010777261071559519
0.011123645276603573
0.010631561251833403
0.01005142957453828
0.011585058671334022
0.01058579147999492
0.010802434969558877
0.010495361541435174
0.01093867219417923
0.011302755640347705
0.010999610164334157
0.0105414632664265
0.011949817917207966
0.010696115233525604
0.011987886576923339
0.011336432020383012
0.011696530427536586
0.011869219103697695
0.011998349441287701
0.010843365544630165
0.012320285984444635
0.011359081162843758
0.012032337022631241
0.011897897211382411
0.012406828729914422
0.01185228598982078
0.012525407622933861
0.01257683452998678
0.012038453706820034
0.01285857699965403
0.012115738842057596
0.011916317665664188
0.013059662071071027
0.012701311400579287
0.012225298702806472
0.012455276713061379
0.011933261830884077
0.012302103456067236
0.012678976857406437
0.013428727735309242
0.01296320896315813
0.013081724639249365
0.013039478773873374
0.013063387918800231
0.01396406220544999
0.01248552511566417
0.013979208791632544
0.01301001613623808
0.013645208276844779
0.014280554343347854
0.013716614261139208
0.013087015009417278
0.014194928241851009
0.013545721950700642
0.013754637468158972
0.013059866277498128
0.01422481695296838
0.013588551839539043
0.014070078221044491
0.014653128392428268
0.013544738214305428
0.014457522677369761
0.014647008086723343
0.013871897213663742
0.013660656871980717
0.013792569480918985
0.014317760839472582
0.013966418626968681
0.014848629435533906
0.014851769981959709
0.01478171501782387
0.015022615158701996
0.01558945606881841
0.0155795792138762
0.015371788569150682
0.015176350954940193
0.014821462809060743
0.015525899701992134
0.015517246034225846
0.01590554703844771
0.014778694650566294
0.015987514966898448
0.01563304760606531
0.015298526349097662
0.015853595840798988
0.015009880116400058
0.016648885078410995
0.016043284440013884
0.016249415960729523
0.01554569448342536
0.016045576332420153
0.01588080367777746
0.01654965696600661
0.01689713606545683
0.016938626778178048
0.01630503645130394
0.016844253721922515
0.017035687736858412
0.0160281595575477
0.017456782335490667
0.01667703819192397
0.017621282367501722
0.017164385002034512
0.01753263887840343
0.016328195661438918
0.017682655398008933
0.016639708413895303
0.017496769336674944
0.017979476669681624
0.0183205863555501
0.017464736802353296
0.016952263523193054
0.017531949080332843
0.01693148235425557
0.018246780122418295
0.01833211897775634
0.017386917102241557
0.01765868654102206
0.018205239534883892
0.01808634922169132
0.017478002993297898
0.01875056786761747
0.017912285511838447
0.018018035095740372
0.01916464545252806
0.018106178611681983
0.01876704222684682
0.018159369990002644
0.018934353567142216
0.01977468136388172
0.018990979300716956
0.01845141228916027
0.018374164209919185
0.019639909493588736
0.018721071042797844
0.02005164541121561
0.019120887361007827
0.019270913199356064
0.0188040749572351
0.020219969779537307
0.020644080612319256
0.020385235148448203
0.02064031691181713
0.019212187339677736
0.020229534890280898
0.02006405254223835
0.019825140466890174
0.02065090354256714
0.019785481662827002
0.020736897061323884
0.020729416521680345
0.020621443939648893
0.021171438540519068
0.021483677646664465
0.021707950864988584
0.021318622345605526
0.021665189243445262
0.02183737570280515
0.02201410848581689
0.020826436883630506
0.02117149002575908
0.021127394905478634
0.02085777269006466
0.022363446312587035
0.021691711484000422
0.022060517538774894
0.021388962020984826
0.02150065578765985
0.02228646382626217
0.022127800308753075
0.022692355335196136
0.023106654213275894
0.022175515269142174
0.022046206349378608
0.021829416711157467
0.022147133311450712
0.02190156374256061
0.022420806917519975
0.023374938310568447
0.022477747604525113
0.022980671653138163
0.022524362392847237
0.023247402067779022
0.022748359713860584
0.02391949505537135
0.024073706533764994
0.022950269873154384
0.023855608323644036
0.022758765341954774
0.023625056030640832
0.02414210247300646
0.024319008575255794
0.023374723667829854
0.024131129419913327
0.02468265550747611
0.023319459568426095
0.024275679967784698
0.0235540246110044
0.02406527175545697
0.025009841114038027
0.024899825149149787
0.02438262247873407
0.0253920874456692
0.024441061988623048
0.02547446834154428
0.02412665665594343
0.025756631547070807
0.024737095353862502
0.024521957014220008
0.024665553348179006
0.02490408261424607
0.024593362968399198
0.025296448420359014
0.02606886685384919
0.02513097211939112
0.025695385597786335
0.025342998873146314
0.02573970620839707
0.026654707067931133
0.026294625402231295
0.026859583083409255
0.026732994709799195
0.026182662974041208
0.026095026880675512
0.025650705623122893
0.02733453148621088
0.026301711149159846
0.02740962454654246
0.02648995099770379
0.027428362050836888
0.02699075756465879
0.0269118255688048
0.028028202494185122
0.02675026316083873
0.026514201072997498
0.027669399656926733
0.026945598059692186
0.0282027496490887
0.02828429385810042
0.02770580870658201
0.027258814661216824
0.028072970632281733
0.028409350529796318
0.028744393219496494
0.028967313267388946
0.027356214175616553
0.02760336685083291
0.027620184295737454
0.027767400871387484
0.028544598130309344
0.028397219903849115
0.028849617354926176
0.02933142498139272
0.029236439769710753
0.028525327140867557
0.029253956596109996
0.02845171420672364
0.029945922335040807
0.02941644157037073
0.030125507326677414
0.02918562275094977
0.030067778735578508
0.030249240133064143
0.02919563419234087
0.029016804670622207
0.030140102593850113
0.030369521361308344
0.03003043120125619
0.02959776444608992
0.02988240358246547
0.02955481373168078
0.0298647702580524
0.029561306535261716
0.029983624702663334
0.03010414874217896
0.03136712869827666
0.03022118584476283
0.031389761824627986
0.031204730340881497
0.030658768406262603
0.03043082009713572
0.03188227316964281
0.030411368153446222
0.03171158409895739
0.030887819654571345
0.03173199926969828
0.031222117403775673
0.031584972379286515
0.031213376919130308
0.03194044147443061
0.031265217002473096
0.031165649692036494
0.0315684933539587
0.031644920641487
0.031443893068334804
0.03202320120244545
0.03223221590918191
0.032969499762207415
0.03260745774146351
0.03156628389339272
0.03268780108305712
0.0332474481828845
0.03265645666945813
0.032698587090314014
0.032893940289556146
0.0332106720385348
0.03236815428962708
0.032723301137315274
0.03365225237740368
0.033692730034835736
0.03295599857003168
0.03318430930559195
0.033349348853196965
0.032828748280102224
0.033990011008235635
0.03341756341304537
0.03305587001420977
0.0330345745051889
0.03332681961067602
0.033180203894825094
0.03383972305291138
0.03410070133139311
0.03482484053544598
0.034539332682460316
0.03435465645937946
0.033926779350763124
0.03380523818670087
0.03517587459044411
0.035121180339255514
0.034939075602015514
0.03454571230343102
0.035525612477719314
0.035203237818840154
0.03405692967224098
0.03573160832073159
0.0349692025964011
0.03591273536038905
0.035520985862780935
0.035499721268019514
0.03562225373802628
0.035826417759057545
0.035506474211683785
0.034616665550260176
0.03582363848476178
0.036265839482615365
0.035296756441108905
0.035853181730159375
0.03528004586944046
0.03666887938528212
0.03540816180902981
0.035529860223898695
0.036177178553846515
0.035826363486043296
0.03676121364543721
0.0368256898144271
0.035499094699161876
0.03569606550894798
0.037088573276678034
0.03703681740411964
0.036081640651691116
0.03694751463857883
0.036068937944061255
0.03591895043230445
0.036230809521253675
0.036707422768525864
0.037699174071312805
0.03742051360454811
0.03738914441066468
0.03639401685238489
0.03729153180036387
0.03757297385688532
0.037999225823398146
0.03723497007060368
0.037585412418598904
0.037643864131671645
0.037262522996034955
0.03736432759544944
0.038501041044182484
0.038143603782245086
0.03745874853900682
0.03794714028303939
0.037274704313139596
0.038416856061891595
0.03866515173263948
0.03876348610598455
0.038766547092976146
0.03851794474027188
0.03797406473415508
0.037527836667182034
0.03757202995699884
0.037716597171580664
0.038631295994265666
0.03917127699452805
0.03799941753731733
0.037798855253067296
0.038944108104346835
0.03953557598317522
0.03890482648182601
0.03960177282532293
0.03972968402152531
0.03881350992819989
0.03933716244596713
0.03896609715041988
0.03957454963208498
0.03960056710151588
0.03984825910395432
0.0400459664675925
0.03971479844113176
0.03906869513077743
0.04023638469239198
0.03892836581291606
0.03927913845495417
0.03991891334715604
0.039141187679658664
0.039294097514302975
0.04025102272276627
0.040511449841740835
0.039159619811494975
0.04040519058752834
0.039657423043371755
0.03987469756780592
0.039551720910741855
0.039454734875155585
0.04055560820907216
0.040234586402422806
0.039768599539931414
0.04021046049141409
0.040799491890370986
0.040362954038119424
0.040004674893478066
0.03959096582107664
0.04002794730756309
0.039999900692692415
0.040538625362364196
0.03960007748073051
0.041016241905377816
0.04087002206606703
0.040675742930659765
0.041403178576499576
0.04021870666369742
0.0408732597071809
0.039837503585029195
0.04138780283824131
0.039917766523805506
0.040622214864774214
0.040733359009922095
0.041107304269615036
0.041560171704515037
0.04072086128484192
0.040596688904180556
0.04050022596256793
0.0417352595182787
0.041132598687396105
0.04076507373033044
0.041277731706983956
0.04125040142597862
0.04121725630755837
0.040804310048448436
0.04042311206820284
0.040453540549902474
0.040851446785948965
0.041150105653583145
0.040527800043948244
0.040576071443343485
0.04154747844064842
0.040868160024633476
0.042193605439979825
0.04174691719586019
0.04161145776519722
0.04242206961421335
0.04195906137933138
0.040909251566127534
0.04165602082384143
0.04206106476399852
0.04099820043546511
0.042028970204804506
0.04089249543368857
0.041745682870226196
0.04143695881635872
0.041938473879610395
0.04197795168790024
0.04202313192646264
0.042156446508838055
0.04142752792731694
0.041164515407943816
0.04226809627063684
0.04253763278711905
0.04245824982949433
0.04240724690071728
0.04162540835073906
0.04259833601042671
0.04274815727357637
0.041525178760590045
0.04187005754309995
0.04248994096293705
0.04295002172323083
0.04188643777184329
0.042748315061780603
0.04206276268735916
0.04135374755056311
0.041880920306314566
0.04250994084600569
0.04177840478655061
0.04208166108421425
0.04133315125456515
0.04213736286387439
0.043072420447862976
0.042425232366440635
0.04137008326486567
0.04262443708406051
0.043014498545459336
0.04137087271190164
0.0421390087898064
0.04200184175057291
0.042945129332163885
0.043000981319750484
0.0424532293266265
0.04237534030772929
0.04219862397105307
0.04294530409272082
0.04220064275263343
0.04192406872316768
0.04231108620604998
0.04289579415173464
0.043094936088295684
0.04189525620646584
0.043126871058776634
0.0419557858693798
0.0428285127566881
0.04305704315043178
0.04284530070070299
0.043141829358608254
0.04156419937263333
0.04196333569747926
0.041887704165964525
0.04289136905291224
0.04303523307283489
0.04225848337431584
0.04308501472098045
0.04257447131065877
0.04238513780413428
0.041798754272849424
0.04300864926865187
0.04208681478692931
0.041471205799434384
0.04209178596510047
0.04210349054948952
0.04282892852233573
0.04140170473821023
0.042409712423146693
0.041906116094208086
0.04171458004684724
0.04222646009223415
0.042078145876483904
0.042450010044017356
0.04265838214047351
0.041504997060381126
0.042093056819470606
0.042551294635822204
0.041929643865759175
0.04250477120186192
0.0415278274472735
0.04271695402302381
0.042841638021838116
0.04231828497132877
0.04150165179199856
0.04133029637613067
0.04255440192650478
0.0412674470705113
0.04187035978083158
0.04138956853669734
0.041518742610843984
0.0411208155284796
0.04271950638066213
0.04101946428715197
0.04224040535205375
0.04247648042642691
0.04111963885249092
0.04165493099765176
0.04154794074213135
0.04234632099874207
0.041752176003931205
0.04130881173137661
0.040807768543702806
0.04245120614777762
0.04159607678887084
0.040980643979950035
0.042067447411355464
0.04150810380080225
0.04088834961973662
0.042295572515571436
0.042143919438210026
0.040908140994045224
0.04162954991260624
0.04075774029277213
0.04194444377133509
0.040781698604064026
0.040536222841907374
0.04197541232041359
0.04185337756459821
0.040359061277733276
0.04087347117280021
0.0410866612167527
0.04131038299306757
0.040444597921042255
0.04158134773963139
0.04179344651737855
0.04169913735605005
0.040760585142628536
0.04020077544303333
0.04160722636550659
0.04117933544786472
0.0409973414391272
0.04009234321772861
0.04132004675437572
0.04072373600180973
0.03976003318784383
0.03988395696791936
0.03988151886872938
0.0408737109687285
0.03984003425561861
0.04062980745149487
0.04026930511890332
0.040976585992451686
0.04108754416891104
0.040445163726371955
0.040693844040274874
0.039605021803571276
0.04032464690688913
0.04007397107396962
0.04083755960713989
0.03920616740441443
0.040131088190462044
0.03946108915527419
0.039743341129439044
0.03930049168801641
0.039928842327393695
0.040117850184096464
0.039882037139681956
0.03982148134129134
0.040216429447414874
0.039878820328437446
0.04020898730521875
0.03898269821084803
0.0392476416108999
0.03968215039364535
0.038513876232630265
0.03867545896570354
0.03998940379051415
0.0384986038481465
0.04005604291382998
0.038254626174302524
0.038234776995588304
0.03871127683481952
0.03837822054580502
0.038388735834913645
0.039416011549597216
0.03920514162216875
0.03953233370991184
0.03937086554778279
0.03888373210663132
0.03825224844325509
0.03886767013773791
0.039227015492644055
0.0380988704693567
0.03916653159533232
0.038220175616971094
0.03762291903600722
0.03902388026890526
0.038810695157918504
0.03870554175463265
0.03882684475658648
0.038767106395657176
0.03733057256101198
0.037386827734998074
0.03802702437820473
0.03766403851661297
0.03703368770887532
0.03691768670134321
0.037964134333463774
0.038087532881077225
0.03663495214106176
0.03660179110254794
0.036870481261022485
0.038115727948222634
0.03747191669113562
0.03640432977720579
0.037369358888861885
0.036323169891646814
0.036410366574464115
0.03707381643793378
0.037531739389581084
0.03738456443948817
0.03762249094773636
0.036353564628680175
0.03751217600689152
0.03625974601958663
0.036481672829976414
0.03598926520536722
0.03612032802140036
0.036970040970272296
0.035467445693062184
0.03609462733306351
0.036620294703718886
0.03531115586206404
0.03534263256289017
0.03588374404944589
0.03534402852804976
0.03627231231292482
0.035166592170003265
0.03587121274575817
0.03512643804251296
0.03573045785655991
0.03510322014022972
0.035354588371857606
0.034486041792460655
0.03498858312018532
0.03440691682774325
0.03433249846095672
0.03443627489821046
0.03561656025700096
0.03509597048199624
0.034516063883524316
0.03517609085175955
0.0354637733080284
0.03522158496523478
0.034295942454194005
0.03404467206667995
0.033602351563158855
0.03487998316348059
0.034644993252800294
0.03501348109457647
0.03358154081385684
0.034035288379597205
0.03364314465788065
0.03363714025636968
0.033250615301331166
0.034509247095856135
0.033308103193802986
0.03349317843536793
0.03343150885197671
0.03268652322603648
0.034114027875332374
0.032747709926718264
0.033894139209875364
0.033938173858417665
0.03351993524697952
0.033639997056401395
0.033872176128617225
0.0323642104143618
0.03244580669766335
0.032171412607456464
0.03321852212547924
0.03308232624652648
0.03206774534881398
0.03305372033013157
0.032718589527198055
0.033203823872246824
0.03274382634778164
0.03263511782547027
0.032346098582688596
0.031931728394421516
0.03220393960544952
0.03187296283590757
0.03226046081182217
0.03247633755684494
0.030893329995094608
0.03144235893356262
0.03223976677766702
0.031890840903083785
0.03157192554733019
0.03206658702384019
0.030670970349563478
0.03177374488497842
0.03098068381062573
0.03124822711942191
0.03035531590913164
0.03018591271450051
0.03009523118599581
0.029879759781326263
0.030625995138782232
0.03033402361319879
0.030178844566274596
0.030643652676525225
0.029418177173749185
0.030289631221109344
0.03038842542618362
0.029155853493368265
0.03029685777418966
0.029089319794209846
0.028984989325998013
0.030074923415939734
0.029536078342436208
0.029274322691152075
0.02962364917968787
0.028979925874547986
0.0298010834625973
0.028546682875869787
0.029268096332742344
0.0287566282543093
0.029614636656457964
0.028915971467321833
0.028209069239524456
0.02895869431048158
0.028966576899559084
0.029427996536396914
0.0287480737521656
0.028809389787779992
0.028165512600688867
0.0289466230851126
0.028184345073551158
0.02882480151004329
0.02788559261978391
0.028017479528510535
0.028671476987104753
0.0282329475568937
0.028092668291029032
0.027833043432440408
0.0267194403280073
0.02681148868011855
0.027331297232381507
0.026578926638015407
0.027675190087654906
0.02796373195332197
0.02729610159817902
0.026766851475410726
0.026229551169572672
0.02726840883719056
0.0265262039891961
0.02645453821547449
0.027241782630283987
0.026091931919921124
0.027222056277928054
0.02660689886115019
0.026662356908670415
0.02593236564193377
0.02578205376836191
0.02686425028047562
0.025378492350907667
0.02650750682730141
0.024953709115629413
0.02532334343097235
0.02564128239363511
0.02464955044787499
0.025728312827435814
0.025934984717943116
0.024446131493239393
0.02454370039346509
0.024800789569265732
0.02519313390860901
0.02481102706079731
0.025366207606969504
0.02436408663976931
0.02468599351051326
0.024722114918032525
0.024593118538573957
0.024100439990150983
0.024221260700571085
0.02495961227033569
0.025085169419556966
0.023978108023706295
0.023861115237694547
0.02316171717711738
0.023534340221431048
0.023684713652496258
0.023165135080045855
0.023456062212251345
0.02314772812605191
0.023131239039618418
0.02277984255720598
0.02353105701033369
0.022595706542393356
0.023935788908161067
0.02383305908343003
0.023766830800428643
0.02222082977014215
0.02299164794185632
0.022999435353060524
0.02188491354198215
0.023330064656538974
0.02338587723440277
0.022470864229098317
0.022484456642842255
0.02288541091491521
0.021391659223697942
0.021711785654859758
0.022747765076404164
0.022462971573410012
0.02149798487085673
0.022194217542529024
0.021091073600732604
0.021364738459792417
0.022110689944783442
0.021873908363028816
0.02207911044178448
0.021898934885928433
0.020924943018962357
0.021456770818189457
0.020518936175451738
0.02031149884691735
0.021394307124429055
0.020388255151712296
0.020487304354382785
0.02153049539422029
0.020929480047587396
0.02106504262051555
0.019846250598952116
0.020676154840396255
0.02043791621451674
0.01991178102847803
0.01973084660778653
0.020216569667668435
0.01956218379273827
0.02034779827645145
0.020122318096000673
0.020332119541760254
0.020113571458176934
0.019178940029925314
0.02011934006326564
0.020231001833980113
0.01876395968206222
0.020206350119599807
0.019218700265168004
0.0200026319988441
0.018955304057662218
0.0199204144637113
0.018492251362214676
0.0187136181239037
0.018954989687981195
0.019138030521724244
0.018210565424837812
0.018439956559645657
0.017921936161946195
0.018417908867465024
0.018805214423152364
0.018787182795744675
0.018026558917376423
0.018152950324259887
0.017448216714544197
0.0183862032237307
0.017898775724807168
0.017983940067182163
0.01831964376177822
0.01784095508362063
0.016990569940297778
0.01832781707239394
0.01776032528540926
0.016855792056015877
0.017227017975297798
0.016457851638630373
0.017359488355573917
0.016294541899665237
0.016983853274907017
0.017215887304368502
0.016626369326975234
0.017066613723328405
0.01745245148039086
0.016804264045771507
0.016258883716724237
0.015850945968383292
0.015761455394317555
0.01618184289448008
0.017153704096359863
0.016573535345987295
0.01705813787062396
0.01640895370100227
0.01575102814316429
0.015784322212127458
0.016790438500615717
0.016696745163317605
0.016080066746858596
0.015753496494784195
0.015203946477249788
0.016411391718737716
0.016097750358006584
0.014893947126879649
0.016136872182808345
0.015283385142656768
0.01525712004427093
0.014837572219238765
0.01598597485701452
0.014814958450925795
0.014286531009453868
0.01409459427075689
0.014575377801205795
0.01433856156166313
0.01416162607955864
0.014376010576129129
0.014192330975366466
0.014380958517844393
0.014723229010934213
0.013974054242800871
0.014368489934673195
0.013695000022018497
0.01496353314840079
0.013580599427052304
0.013313688605120864
0.013771186861546908
0.013332151051481235
0.013814281213380712
0.014242020480193176
0.014078534556407533
0.013419916007959899
0.013504392866591605
0.013038570261850475
0.01302437582668359
0.013929409035070306
0.012712556069066077
0.01325661804361577
0.012390534875357309
0.012580855634397082
0.012884623488178886
0.013729394019480916
0.012231894592641299
0.01279018562793144
0.012823218090022891
0.012709556683042739
0.012091010632951031
0.013546354688176596
0.012798794240838034
0.01287932385295392
0.012927418557981536
0.012194507902523586
0.012253303468569579
0.012212952848389708
0.012477994893368283
0.01219212963039425
0.012374431968381326
0.011339270271853481
0.0127686669270352
0.0127663100256096
0.01279956557224466
0.011441641306904778
0.011968329843659604
0.010930370221117371
0.011909293297736195
0.011691089085417095
0.010721863334937978
0.011316668106886215
0.010898667042736274
0.010763312476401764
0.011806165971476828
0.011147336661149736
0.011194584890699794
0.011459594245779163
0.010737534696624055
0.010225739645090525
0.010390024034569456
0.010276785792352574
0.011211958867648966
0.011117455950292121
0.010299716564311848
0.010060786708951677
0.011429881313448185
0.011402525592793252
0.01050454079472131
0.010915401646912154
0.011342851098049018
0.010879171177309131
0.011171271475331385
0.00997304876941516
0.011101022899075271
0.009582011312525451
0.011009879361910894
0.010022523281821618
0.010683863311061418
0.010311767479980359
0.01031884339441702
0.009631131570034398
0.010274518685983272
0.010303102597300294
0.00975208042513341
0.009810130507318085
0.010007949947013659
0.009738946700426456
0.008759501238032057
0.0096692087200639
0.009576991911347131
0.008530926043981665
0.008968726464472927
0.010132619098183268
0.00942856583214087
0.009483522934389801
0.008548608817492264
0.008531530161604942
0.008692860684707877
0.009580333982727016
0.009036101309660668
0.009495137012421773
0.00841543763325357
0.00881748859073886
0.00938349342072665
0.008699968704176206
0.008252800632864609
0.009464231311799817
0.008343361216320644
0.007758258036133789
0.007902093957243271
0.0090369533767792
0.008658694644597446
0.007714288968718508
0.008448780465757704
0.007497464118557877
0.008749833824380068
0.008684159192099148
0.007546488670681108
0.008409896755762104
0.00845919151152182
0.007785562529586217
0.008667648620235427
0.008440126745904093
0.007751416447895974
0.00857580252032868
0.008325856572920792
0.008062388876634833
0.007759231028571174
0.008100184416638238
0.006800924074564781
0.00763395949205968
0.008309686029453442
0.006675149712366903
0.006988792443221577
0.0070237941635475365
0.006847373265685995
0.006527791776685669
0.008079741842144212
0.006554688743128442
0.007781036694015778
0.006483029510270566
0.00668671169969462
0.0067494508881059245
0.006863364717348944
0.006517063388351252
0.006290001555821038
0.006209700942760578
0.00722473768684608
0.006217255796459467
0.007022663709782072
0.007383345883296843
0.006225685432213561
0.006600608190045649
0.0067080162465709805
0.007497808731672307
0.006256510958601225
0.006164369249493545
0.0066435616770739005
0.007096423598675074
0.006370838107715206
0.005593221362020567
0.006105905900659285
0.005541134677755858
0.0063557403953227
0.005655320749991734
0.007043954686697308
0.005639860369443731
0.006518753628423119
0.006809369666868618
0.00691161139181855
0.006672693992166318
0.006775057231821163
0.005790201217996678
0.00646288275153681
0.006463715140972395
0.005999036455286026
0.006276979245352359
0.006393443098173945
0.006150579265578777
0.006235969611207949
0.005331069576043909
0.006126103087607099
0.0062110821770753315
0.006361163969970865
0.005000866019939501
0.00600510396512684
0.0063206643189297335
0.006107445669258615
0.005440157549667645
0.0053816967103281245
0.005810532252620263
0.00502874022101734
0.004883458963517627
0.0059389393424185205
0.004721850262396235
0.005639713513116254
0.005436089697681222
0.005380316441911028
0.004962282194342764
0.005020327889064713
0.005647526667194832
0.004820456677790959
0.0057571618625581675
0.004596251577758031
0.004354176687182146
0.004457848864089226
0.004988881961801124
0.004066550375335094
0.005400553324503817
0.005054583738575505
0.0053387882966562305
0.005172842703469656
0.004832530131425292
0.004719517861150552
0.004872733163442061
0.004035357399203277
0.004569904904751516
0.004437732162599515
0.0051520089444828466
0.0039024889272039703
0.004051879068450388
0.0050940292620411535
0.004234955803945992
0.004187891893190126
0.004528853481354665
0.0036365789517561965
0.003571972799377435
0.00375039277869468
0.0038362655678417933
0.004853236860276184
0.004491242082081539
0.0042755407000003775
0.004385366212137585
0.004614448861528513
0.0036165007755008223
0.0038997038803267373
0.004133795679774483
0.003527431245546754
0.004042933295221285
0.003703672131202873
0.004315507463080115
0.0044516239268805454
0.004033675434958979
0.004175295647665844
0.0034865719161653987
0.0036870997411151555
0.004597683404800362
0.0034181229982305937
0.0036067783823873494
0.003448646919781672
0.004590706502128772
0.0038222680850074943
0.0036669335570867078
0.004121725476577676
0.004127410427879204
0.004121185196913534
0.003912850673832963
0.003019854514978706
0.004262997325918059
0.004119204342136938
0.0035021574453884467
0.003773126827486313
0.0027616923842635845
0.004445834816597029
0.0031006300149546448
0.0035286029239288415
0.0037979971388675702
0.0029383879091626464
0.004338415973840774
0.0027380896021775456
0.0038285836543389845
0.004018127535533863
0.003494247192856896
0.0037800692297324714
0.0037481849018516224
0.0039774930945040326
0.0025383278859659676
0.002556905695663395
0.0036220684485085393
0.00244610990533151
0.0026695859283521416
0.003052883163434428
0.0031180700716696495
0.003883695134156782
0.0023937329790091055
0.0036332363328226134
0.002317784064156262
0.003845833194314375
0.0027313203783047094
0.0035550868556231876
0.0032655609705223828
0.003812090802019854
0.0037021417538330116
0.0024232698406661908
0.0025197351352794144
0.003300993710022143
0.002404187552480484
0.0023765533066053383
0.0035685019029430744
0.0027883597033788645
0.0027068660867893223
0.0024089759024382845
0.0031001226058768355
0.003217018075797203
0.0029090410078292197
0.0021884963495833794
0.0020606979035757227
0.0023457197785904838
0.0022764181018669664
0.0022789069982041103
0.003013143474470782
0.002132046966126393
0.0020377140763746635
0.003206873328070781
0.002706395593228209
0.0033144625477331754
0.002590459886415546
0.0030377452223219843
0.002510419009276132
0.002114290768561493
0.0028798957273703284
0.0031118631234208507
0.0018987114467149374
0.002584690119829911
0.002694210103910562
0.0023875090268651086
0.0020773987586287564
0.0020129914787026444
0.0022547143691660095
0.0020864236601776972
0.002115233773671725
0.0018827425813129075
0.0025770477876361536
0.0020339315982679696
0.0022910369639669165
0.0024307863143747375
0.0022854695233558387
0.0029916004935839112
0.0023742047287812467
0.0024892968907890244
0.0020128524923749575
0.0025423442858670533
0.0014873230597082542
0.002739811276762649
0.0016509549830303386
0.002875376728338882
0.0014089557654268518
0.002738070918860607
0.002914955775345469
0.0017951904774639279
0.0017262251785952977
0.0026907038875739232
0.0029023117267464164
0.001639737065717067
0.0013408407103082793
0.0025172860932788747
0.002577611663529077
0.0014658852266504667
0.001697582198593872
0.002428626606691064
0.0016884566463690736
0.002306329060363356
0.002716416558598336
0.0027475400846149107
0.002860531725854008
0.00174647561184853
0.0012577025549396006
0.0015662223193250477
0.0019342529036330456
0.0016837549176898974
0.0016119069311840324
0.0015194904669301637
0.002140780729361416
0.0017484137577510905
0.0016155813641895935
0.0011888442939294605
0.001414867819244812
0.0019222577547631267
0.0016705944175217967
0.001957286001169817
0.002364026921276135
0.0025711484947533365
0.002282828956515144
0.0011219922985302958
0.0019042909276782878
0.0022717368926072337
0.002189158726955664
0.0021714377703122138
0.0014588718530800667
0.0017666349548738673
0.0020288803084199825
0.001566008100864668
0.0020283760376112554
0.0010130650749906758
0.00149988236589485
0.0018674816020385115
0.0014360389862817231
0.002009523979990009
0.0020973289310267113
0.002448736789363071
0.002150861730744025
0.0018056798387815077
0.0012209377862809107
0.0024513406506047677
0.002571661230522501
0.0009285059176207919
0.0011026292163274208
0.0024513029518265415
0.0015154110502325457
0.0017745597437632485
0.001987048936216376
0.0010767557287688482
0.002472573810037769
0.0017939916827786888
0.0008203925697629672
0.0024874482292700202
0.0020821800622965727
0.0023057120933911617
0.0008794173409945608
0.001960797112143649
0.001155562542298683
0.000978492466780397
0.002202193478455549
0.0009723374139099936
0.0012699935427801662
0.0020735655572916623
0.001953635594852359
0.001400449541814839
0.0021722660353388533
0.0015319986134426074
0.0023015682033929474
0.0008360289005840296
0.0018273656588746708
0.0012588292418887828
0.0016535026413116603
0.0022072422336863085
0.0018781180589567204
0.002117309810608986
0.0020686979428468947
0.002042141346064028
0.002330675402048408
0.0011261376266504127
0.0011965498385760737
0.0012335175099979778
0.001111369225672226
0.0006741745900705516
0.0017812227510741125
0.00220772076566566
0.0019145393625477315
0.0021258534002321604
0.0005584436208313
0.001281688590140491
