0.000911736222476909
0.000898217360503308
0.0022917173699946083
0.0009915187015389468
0.0023078229016624554
0.0012636054081237328
0.0015902618496569886
0.0016354398538665942
0.0016206017877133747
0.0021398785268350864
0.0006303115914705087
0.000875515384865062
0.0017200875762472547
0.0007239569787438998
0.0016897217713940915
0.001316278759829055
0.0021340280147015365
0.0017590439563429738
0.0014341957623558784
0.0015945709719033627
0.0013243521284494178
0.000838734827751928
0.0008756905771658599
0.0018335038748933006
0.0007191250443866135
0.0014943644519690813
0.001402571855949115
0.001376419376868329
0.002303955640820674
0.0008079271629082448
0.0020300620726285694
0.0012716054425824048
0.0014931675451222534
0.0017619675920482322
0.0014842570322272893
0.0020827813999946126
0.000996529221554829
0.0010939768620628794
0.0011144911440451027
0.0021074674216238105
0.0009461781569892692
0.0016220850723074587
0.0018537313746509422
0.0008338053293827327
0.0019828242697202936
0.0025218438006371245
0.000907381321212245
0.0010909400204106858
0.0025169316559209487
0.001462134398115687
0.002289649043192137
0.0024659771487716507
0.001093447270130733
0.001498028952414997
0.002314784970968421
0.0009312635257530694
0.0017486095676414561
0.00219183019337982
0.0010183224915596037
0.0026212522800487664
0.0014316022939573762
0.0017078789450681502
0.0017233544693051608
0.002688659115370698
0.0019603433287539206
0.0023909835326475014
0.001230851272121858
0.001989833482844808
0.002598940643553862
0.0010281051191925216
0.0010711043984657936
0.0016984489884977686
0.0013746234641571356
0.0019234197497111458
0.0027604206293617723
0.0016401638305738888
0.0015684464908172421
0.0014690687506442655
0.0011188071453699345
0.0014317328029654925
0.0014411858277101253
0.0011777851106642122
0.001938946291351818
0.0016918909277093383
0.0025314473999843517
0.0020285093668641497
0.0013352402482725424
0.0019338219169417635
0.0017384449718067013
0.0014837495110919313
0.00192414839585139
0.002704976223177494
0.0014796783155631278
0.0024881882275679234
0.001395904547375721
0.0029856623692614236
0.0028468400943187848
0.0019154871268687685
0.002508487776635111
0.002797370962885575
0.0016445832597773646
0.002736529023800637
0.0023221488362233367
0.002290372595740139
0.002495689485898561
0.002130652761085808
0.0031164801396250507
0.0028551020725511886
0.0019760160905621113
0.0028016386415943852
0.002736751032703273
0.002910943681324255
0.0018779402740548368
0.0028817964796273854
0.003145814321198646
0.001669553218147688
0.003194946241083307
0.0028441079364792355
0.002509431116311943
0.0016021340962853142
0.0032264526549819696
0.0023038455865207683
0.002398223622068842
0.0019844157067556434
0.0026030160931943018
0.0017630147545344658
0.0016697148044547954
0.0024627857459252615
0.002578005096621662
0.0029030463395953794
0.0025018447431402425
0.0019385271881140606
0.002457359698757731
0.0032724816274567574
0.002107938220425143
0.0027282886034467905
0.0018015481538056284
0.0035302648497653097
0.0030731518717526623
0.0018795283985092615
0.001911461605209501
0.0025830831303208356
0.0020959122624437014
0.002425101772638896
0.0035260429740480346
0.003163936349546331
0.0031038554565997133
0.0024105431865217033
0.0021919845896406316
0.002142854147846671
0.0027376499711715876
0.00273905205722691
0.00312039476063579
0.0034239071757195916
0.0025708748235029094
0.002585465746260073
0.0034191667015687696
0.002761171538942279
0.0026958052729733864
0.002644602892735225
0.003603845727573406
0.0026853057632624457
0.0022896807297569165
0.002629894934585278
0.0038744865812210976
0.0029238579828862795
0.003693133696278735
0.003271303904481391
0.002679061567658125
0.003400683552526436
0.0034348129126166842
0.0033354422849820047
0.00323600541910255
0.003224917453428116
0.00315152369997231
0.0033554718436052686
0.004180256309065203
0.0026874562872452636
0.003625865544279847
0.003609829696466069
0.0032478957948428168
0.003736904629738089
0.00356722176616944
0.003760078589635135
0.003723479172834309
0.00375537761096916
0.0036050310411430463
0.0038911343479996713
0.0041010857604966275
0.0036495786736924405
0.0035117748766437203
0.003929150572478462
0.003123045543990414
0.00368218235837116
0.002929841297763317
0.003214839761396585
0.003325666927983519
0.0032104928531831362
0.0032838712117472784
0.004691965612973666
0.0043222823668862325
0.0032810900590825856
0.0040725119699820626
0.003469350299007822
0.004469438787579585
0.0035706493357054816
0.00402398524879458
0.003677761922130586
0.003377620479043901
0.003927326894596117
0.004093022823188414
0.0047080721227890565
0.0033443023869839947
0.004941757174745111
0.004349282625768023
0.004045724150313245
0.004624912295380598
0.004400008336800199
0.00418393036395243
0.004751128975420596
0.0045262398014158
0.00414080517809677
0.00414588997572473
0.00424388952406405
0.005010759039056697
0.004242573274347356
0.0039161829062054005
0.004524637488165411
0.003760851459525813
0.00447250717678293
0.004208542851317884
0.004082090232744984
0.004845152560485871
0.0039080357330354785
0.004392814173148482
0.005084070212638475
0.005115615722585971
0.004289335232574806
0.004792641966379762
0.005024380672588247
0.004679804242273595
0.005280268582616627
0.0050493301718118515
0.005146026190333277
0.005322652995189094
0.004316557055526366
0.004573525369250788
0.005275617441265361
0.004429254466918699
0.005839049570364073
0.005116339076811341
0.005343828200133728
0.004386107096234165
0.005171145118450198
0.005344421428320782
0.005747514415866481
0.005576500616032738
0.005726653450551008
0.005662735610066123
0.004677924607060503
0.005915681197837447
0.005963242393742565
0.004873054400979719
0.004808296628783408
0.0050522709505592765
0.004901330702925724
0.005037059621666867
0.004784111247143153
0.005174992183446011
0.00610673172280749
0.006469316318178795
0.005019504301359878
0.0053008073379055675
0.00566716547321466
0.0065641994536589435
0.006650342862197894
0.0067508571538855205
0.0053587563540375424
0.005393436093343743
0.006334822611847716
0.0063284411881456915
0.0066785865533256685
0.006046560065209711
0.007033338426698223
0.005394119067232113
0.005525251872037326
0.0065061356034164484
0.00643656438825858
0.005819651548969666
0.006917160938027803
0.006041417682231223
0.005888498615808367
0.006027979120343046
0.006084494313291899
0.006014083491147395
0.007101027257596483
0.006034217639618278
0.0059740926072556965
0.00608578725533223
0.00760082174563149
0.007362430723041004
0.006259692461309589
0.006373839183326595
0.00755389499229909
0.007090016432247277
0.006312107017441269
0.006355886388226035
0.007921482980039833
0.006904558849833505
0.00721945190477001
0.007199663465265256
0.006608090403596691
0.006574310608234842
0.006728983008865683
0.007566888972461057
0.007001829537723353
0.006638279097969977
0.007431331460930598
0.006939445861119333
0.007920762281529131
0.007288670561295279
0.007091191528870724
0.00797179988848013
0.00741883252409781
0.0076658249302666796
0.0077308226832710205
0.007309891091252039
0.008123362785848166
0.0072904531367574835
0.007891923868166255
0.007330586507143684
0.007413982879503465
0.008244894537116163
0.008353731026611903
0.008007904342434357
0.008982000621530054
0.009054082207757058
0.0075862972806253915
0.008605990109165051
0.008672889148938783
0.009223687628942726
0.008978123281397157
0.00863429078833806
0.007849619098210931
0.008551469004237066
0.007819815915536052
0.009004270591989905
0.009503719985602455
0.009177635739525675
0.008526311803404303
0.008793999690523177
0.008180556142864838
0.00903175534865437
0.009444937230669664
0.009703286617683056
0.00859935568868449
0.009790101537322671
0.00970434043286582
0.00906856946019774
0.010010992674758478
0.009330908181614814
0.008836360196520331
0.008757269742777029
0.00916255183959881
0.00968338466327073
0.00926384431485546
0.009106616767739294
0.009095417345935263
0.010616884199893324
0.01045771052438338
0.010587720145982882
0.010019308070369983
0.009499560184995207
0.01077819130355638
0.0100971151917964
0.010109776307780226
0.01062931107667028
0.010660604637016126
0.009995032037196388
0.009930921080607
0.011170958716923288
0.010293710348026681
0.010188530767951962
0.010987845029736156
0.011445628944126544
0.01076985977128323
0.01121139537557752
0.010642683843219062
0.010135464916732893
0.010439681414845034
0.01154089855465759
0.011663940911242343
0.010858829365112475
0.011444310536555815
0.010411236135218934
0.011690833036048188
0.010631192697753788
0.01202828410725142
0.01100349618838289
0.010823064216933666
0.010792061878037908
0.011918548885193541
0.01140824553281373
0.012293953944494937
0.012184408684991115
0.012430218066588918
0.011030688268453551
0.011213349076448793
0.011531268691637625
0.011956788241989563
0.012352601529771428
0.011592278068396028
0.012484286618101591
0.012876263442501657
0.01212559939275978
0.012061158470323128
0.012307890978826808
0.012752351161172652
0.012890102547453134
0.012664945486524783
0.012260625350851847
0.012970106753645912
0.012725482722810473
0.012517378326542948
0.013345268452882347
0.012703968503224769
0.012640071638158078
0.013389375998933127
0.013386018417975305
0.012763981582065804
0.013597628934468017
0.013792643225168625
0.012737243693382376
0.013258911848171637
0.013038704644472463
0.013909852534901528
0.013451202473925153
0.01328954229854531
0.013748995441668915
0.014449463615572974
0.014161901054372391
0.013874240820109369
0.014839342006386909
0.013843557840304813
0.013700158899929869
0.014232104709605686
0.014427727340333712
0.013802171591506821
0.013985942627908315
0.015215218807780572
0.014116563850251809
0.013792949172838862
0.013976953205754998
0.015440617164248976
0.014739635588268993
0.015258911078934989
0.014543649080030282
0.015097696523645275
0.014877476392441621
0.014808014889495817
0.014437797113337654
0.015246324514101238
0.014499842502899722
0.014982478215508828
0.01625408765511571
0.01527067851529188
0.015548960195150757
0.01588612866688726
0.014893752994689412
0.01563577398503606
0.015416683187750597
0.015619932930542344
0.0166881404739427
0.01692544318980156
0.016524693780621266
0.016565696571615367
0.016612183822994682
0.015957522186954107
0.016638038688529092
0.017011460165660817
0.01586861543791863
0.016195742406005645
0.017265111623520932
0.016353799617799376
0.016968987658248568
0.01644354892789538
0.017012863298799807
0.01650110784180031
0.01724081146574061
0.01702656617501579
0.01800780914918646
0.01737789481125463
0.017144061201573642
0.017200113365019556
0.01819335079368775
0.017398259616961564
0.017547301077068318
0.017118579377706597
0.018738908075475638
0.017910135023591785
0.01840862076305261
0.018309938617261337
0.018768360466239017
0.017745368287240035
0.018989311571444584
0.018579473325360158
0.017641882003815276
0.019104361677013227
0.018879135990000476
0.017822282724950185
0.01810567968048427
0.01903483010380404
0.018226702292055218
0.019179611191877315
0.018711206960388353
0.018264163856189373
0.018777959555271645
0.01926506632760156
0.019020016084762784
0.019326044903509514
0.01959582890234085
0.019401995268661567
0.019252463578026836
0.019008242486910333
0.020627163733662496
0.019429842070084254
0.02051851029025049
0.019609763584887047
0.02025948605032195
0.019396385927255885
0.020817847874939337
0.020807068642811663
0.020817510513365105
0.021002912910454797
0.019897303197963363
0.021097121079785668
0.021077772672114206
0.020471311386884624
0.021099235855069346
0.020847999113301683
0.020571597147207885
0.021910931438451117
0.0213753228489546
0.020894269534542684
0.021523640426364815
0.022170383164180636
0.021210575563348284
0.021124812908768085
0.02233892421954372
0.021929137883031562
0.02135414072715852
0.021866565194711633
0.022817230218491125
0.0228316315494897
0.02132049997417985
0.022799008617038184
0.022185366823454483
0.02222431145882157
0.022720211575646236
0.02194533116950146
0.02311881607391295
0.0224135009870453
0.02290929968562812
0.02349827027666975
0.023526247962269816
0.02278783521030989
0.022632847888411654
0.022362255605536126
0.023389535813457586
0.022596006221636135
0.024146841235680297
0.022753738357613205
0.02349380344084975
0.02442141951622766
0.02312111907226904
0.02370622239029568
0.0244082561633751
0.02391348502963844
0.024132961927110456
0.024008007941123084
0.023658322182590192
0.024194103049091146
0.024832373690130857
0.02396584621842117
0.025280009893096745
0.024532922193551198
0.023890730044441304
0.024223269232706332
0.025192413425926662
0.024620795268323937
0.025216187342386346
0.02531759255655871
0.026008269594618955
0.02445688486779526
0.025358248728244034
0.024678497781579663
0.02499057460777145
0.025996790336934514
0.025212791594127405
0.025791604678702975
0.02503964692327294
0.025725198499702503
0.025409560083557717
0.025659623790317644
0.02693631712521704
0.025680205740166606
0.027102018697664612
0.025629351241515892
0.02656400094757091
0.026320567251919617
0.026941480576405195
0.027371097589597094
0.02632638696580221
0.02628358463601551
0.027272024931718604
0.0270296219180849
0.027044057808261555
0.02763682015803095
0.02749964753868753
0.02783051282495588
0.028237652457228854
0.027822051292446397
0.026834820669966477
0.0268411962624778
0.02705766790042379
0.027264071357007594
0.027964630158216458
0.02779394280578245
0.02839123074216916
0.02762881612674955
0.028847893743025977
0.027938973327756318
0.029064719701890278
0.027681703372498055
0.027998145017143164
0.029484865926502863
0.02886954547654008
0.029298689635376834
0.028926143558861653
0.02893683387053653
0.02908934426785413
0.029924337786076345
0.03011338140277268
0.02963805296625242
0.02941255834119487
0.029001980713909685
0.02993479876251901
0.030381611755661637
0.028913866952352835
0.029963357641069072
0.029481664943264534
0.0298509536964836
0.02954377925483017
0.03019695078142659
0.029457349088072238
0.030348226217168782
0.030028033876981813
0.030313224121195012
0.02982349617524557
0.030794691270486056
0.030417001951798122
0.03088103795611167
0.03136387560074378
0.03122658107461762
0.03020285262025064
0.03142350720127919
0.030417278730275495
0.03147804130175773
0.031167445275113503
0.03219637038752858
0.031748931280015484
0.03179315807822946
0.03194563364842571
0.03160243123500231
0.031090012271671366
0.03155953998439414
0.03151279588569984
0.03185295075714958
0.03289319216941962
0.0325298487596765
0.03301689201290826
0.03224156211711896
0.03242180968771524
0.03179651622973275
0.031913197241074054
0.0327533732175906
0.033350772527028304
0.033010163743878204
0.03345341627503919
0.032758005780028875
0.033788046412644046
0.0323424845460864
0.0335000607253682
0.03345244752689044
0.03238920404430428
0.033426712904820674
0.03398644783878636
0.033819654818192255
0.03404660960450135
0.0344443162335933
0.03436655669990803
0.0334875024091907
0.03375605067011926
0.03453663872997179
0.03450478721909171
0.0346226035917293
0.0349302524483735
0.03438203140718046
0.03471759247277781
0.033468237329681225
0.034186718657368935
0.03476267056283355
0.03383245508676162
0.03500133895124707
0.03436739871878867
0.03443987485627502
0.03545701076589962
0.03460765807170685
0.034341707037158664
0.035507833694270255
0.03572208471741917
0.03598547336896186
0.035185777624016874
0.03596314127620195
0.035669982584951423
0.034844532424565866
0.03580875087459004
0.034926836582341775
0.03569090216124345
0.03572633043729686
0.03555020036159007
0.03658120751248721
0.03640607988954372
0.036799034690066755
0.03547852990015409
0.03696782000003341
0.035406676551990986
0.03609890554845083
0.036266654990567616
0.036436495492052946
0.03717432860159995
0.03608734079233414
0.03672744204648987
0.035784841276160564
0.03591551783600813
0.036415768734426326
0.03729344100275463
0.03710550391531969
0.03630603750220425
0.03651548757313967
0.03718456016433233
0.03709005529620071
0.03801301383640445
0.03715385336017559
0.037365014272178344
0.036760677833752954
0.037713079206683486
0.03747108156856489
0.03773293750995998
0.03799508922074574
0.03746501522464584
0.037829135466059795
0.037823801350416644
0.03692158969020272
0.03825237921708614
0.037237857090529417
0.03876634638896489
0.03819287439329211
0.038624029969384105
0.037862741592479134
0.03769067498309732
0.03878263217251121
0.03832656380719915
0.03871322643512824
0.03894859407101574
0.039083813623384554
0.037849035969192486
0.0388275175816379
0.03834615702125963
0.03944902584310888
0.038223332705123875
0.03817204040955819
0.039476714496013365
0.039477766257108894
0.03942603352024585
0.03905503682964932
0.039851699973751716
0.038669530176398285
0.0391435561935447
0.039522459585700824
0.03972015551291298
0.03949661700286337
0.0387801389598107
0.039481745267721406
0.03938373992724166
0.040307281012342024
0.03909557351610669
0.038718039364707676
0.039105296697709756
0.03959922629596835
0.040337625160166195
0.03923602223140693
0.0400981527498714
0.04026086359878697
0.04066593847589572
0.03987347522842214
0.03921159543080569
0.040091586966502155
0.03985803390484658
0.03934475665575534
0.03954440326953653
0.039367400373633836
0.03951557800388968
0.040118883636517465
0.039897104797543145
0.04119224500031331
0.04007334854661717
0.040420729090314834
0.039801214406620274
0.04103937914005721
0.04030197941681212
0.040943154126016554
0.04120426006101885
0.04031136957256936
0.04101315203567559
0.03983345865452331
0.0404465597347417
0.039969173725680714
0.04034399704021741
0.04123963752322286
0.04146771506315512
0.0400977908854418
0.04174120503637647
0.04056476787210172
0.04157374827099281
0.04109161637569516
0.04047379957031855
0.04105332775606621
0.0408193072382062
0.04142370592624804
0.04139276874926139
0.04116114910664871
0.04136841167269428
0.04103554142475697
0.04087721799531311
0.041958437451279494
0.04184326527065727
0.04189681124968038
0.04180894607588545
0.04061913470844521
0.0415845378900061
0.042076062123268254
0.04071121207370364
0.04135129629051693
0.04113971661770206
0.04155383676507211
0.04193736473178925
0.04213090296914474
0.041867075717988665
0.04126863940658412
0.04169528566679634
0.04124687956931106
0.04224079444193496
0.04129485555859186
0.041229977472900366
0.04122902737593861
0.041841916016200714
0.04218109840723196
0.04137190556199063
0.04180713536785637
0.041605599587973545
0.04156690941396398
0.041905540582997836
0.04262667765456312
0.042177866141454454
0.04250797657427162
0.04277702457284638
0.04200361637706731
0.041546649935812655
0.041279370392420495
0.04209416908328392
0.04223824719115282
0.04248492368311556
0.04138995684432
0.041319147262899036
0.04166700417173795
0.04160454481491894
0.04169733409476556
0.04244635851022388
0.042776700352739956
0.04266237977812962
0.04153201848277937
0.04208599799419667
0.04217687009093312
0.04252564924275251
0.04232481375273138
0.042276044744686506
0.04189368875003767
0.042499443738318966
0.04219886093934991
0.04156199202210003
0.042440292473470205
0.04235488304080513
0.042919741535937736
0.04283918659088323
0.04187825507333681
0.04267830957428606
0.04209180050169505
0.043086586549988794
0.04213142600281028
0.04203909173327297
0.04242976734633432
0.04244804763104839
0.04185144027122269
0.0422327174421717
0.04306256983647292
0.04192739384018503
0.04146631487439541
0.042897557704769856
0.04216887594042348
0.04217843597174231
0.041598694827404206
0.04308242332918009
0.04203704756371604
0.04228274313530782
0.0422486129567341
0.04284371471862581
0.04160740772795728
0.04302978314429254
0.0427923878630593
0.041768909382404254
0.04145502391590842
0.04148222225988915
0.042167250928114325
0.04134401403967935
0.04204913569116191
0.04255632572857017
0.0428503518271728
0.041359742251781295
0.0420952301179718
0.04166588593587533
0.04287368167147329
0.042629888451089386
0.04263716766056027
0.04250092262627687
0.04153224435433112
0.042665042685019215
0.042564587956966105
0.04149927266986098
0.042284212340873865
0.04236287655284989
0.04170607240901235
0.04235418471881087
0.04149193465690251
0.04191306474910073
0.042767406898134394
0.041787445354734436
0.04247577337449094
0.04271052942655769
0.04106775602214598
0.04179634000723901
0.04130390190685824
0.04150998724198563
0.041892227934367386
0.04145678908637898
0.042083565920204506
0.04122199768629517
0.04195226834345344
0.04192857395953619
0.041768317887565284
0.04193206969554658
0.04167857412050499
0.041292100819485776
0.04062955906713741
0.041646919873129254
0.04217722768546059
0.04144992226045886
0.0410148587721137
0.041489582335565385
0.041251031349387894
0.04153653529210859
0.04172825608517672
0.041852508416091116
0.041816654826845844
0.04112307004872036
0.04146050432925582
0.04110410722507895
0.041568024623360664
0.0415221868830906
0.04167386209381371
0.04053503839724116
0.04145184033923315
0.04055363864531676
0.04018394450357068
0.04011375568105868
0.0403197745165272
0.0412745155526305
0.0403211042910879
0.04035892194637423
0.04085528698852564
0.04069156417418591
0.0397457445731685
0.04101423518067069
0.04049112710644399
0.03967612019931564
0.03983179018743773
0.039704829632717945
0.04079560089391373
0.039877914805878364
0.03985277651412026
0.04041717945432988
0.0401361966325417
0.039857319325629074
0.039408091198614444
0.03976651341375661
0.039978753953160355
0.04044740963732711
0.040117073049100116
0.03926735442036185
0.03948377962597493
0.04064960332875531
0.03900569301680467
0.04028217562993238
0.04033784562738381
0.03884921167558326
0.039913065935597396
0.040425252938886276
0.03874206162943327
0.03860787126917343
0.040005693583250616
0.039896179603065025
0.04011260104105047
0.03974857139149636
0.039926990480268806
0.03904935075744434
0.039414958097851525
0.03919747127105946
0.03957576596801123
0.03913505179106494
0.03924538164172488
0.03976165267616719
0.03809458522444128
0.03842192545934105
0.03943225493954308
0.03830100632541558
0.03839386036908163
0.039128819458994095
0.03807607554065997
0.03802694204042674
0.0383764240465619
0.039067063746929705
0.03911794152694071
0.038779505850583644
0.03799900040107519
0.03792541515224556
0.03784001267962847
0.03793039763903384
0.03742110273291259
0.037752604027925435
0.037997088862844836
0.037021665237636434
0.0369548748241763
0.03840859158492135
0.037604081023014636
0.0378144587823517
0.03708167906428762
0.03671567249172507
0.038107128275442846
0.03685035437148852
0.036607404421906874
0.037405208756094384
0.037752244384887904
0.03748170882335926
0.03707364555661916
0.03717037105738913
0.03732060612823582
0.03720019753769334
0.03675176066342944
0.03718764723587585
0.03638172137103197
0.03731922873837418
0.03658213464810066
0.037319652206303844
0.037252441843409846
0.03674322482500132
0.035825353067141734
0.03592963650947366
0.03647666598251121
0.036342613302579395
0.035488258624741
0.036069997416520935
0.03582185818155677
0.03649450139644269
0.036392718213581754
0.03577215338691201
0.03582119291649988
0.03573144283622592
0.036369837127169735
0.03557645072473373
0.036215738307785725
0.03589970101070125
0.03467107470908063
0.034304901959591544
0.035300503820334256
0.034965310610617674
0.034782444033766825
0.03417795217321711
0.03413408322205506
0.034587845154067924
0.035321659259746806
0.034340850723685604
0.03365818023878166
0.03447000129986864
0.03478982536792098
0.034407652240029514
0.033749832811996255
0.03493117012164417
0.0341298613246507
0.033727256320078065
0.03361378489305941
0.03333847731079209
0.03421436624473625
0.03300204205586201
0.03363163570366291
0.03292464255365373
0.034094565649657654
0.0340049836568307
0.033288366998032025
0.03268183432721567
0.03237750053223645
0.03370229086473001
0.03281494194688575
0.033727834616703416
0.0325734183721495
0.03255644588083811
0.032973835660332386
0.03337375908014932
0.03237995327981349
0.03195027687805582
0.032847415595077624
0.03277744226080026
0.032084333283149614
0.032326417997815896
0.03255148695378799
0.0318907769893845
0.031288042483279495
0.03144863062885215
0.031776855981580227
0.031283375792043336
0.03092939816085918
0.03234610112979983
0.03153892759665566
0.03237295784642924
0.030837680187204577
0.031093467087208473
0.030615710252013623
0.030839385211585028
0.03040947677118899
0.030318128979642676
0.030125417014348767
0.03154465324055733
0.03127530751477963
0.030917305909681125
0.030748540421726173
0.031140279983295074
0.030331626980856716
0.031031458693307753
0.029877869223470438
0.02989255694802457
0.029799357096070886
0.02932692875376264
0.030590397741203326
0.030560962415631186
0.030556371137025078
0.030564326902376145
0.028898602024018664
0.030244125869809516
0.029265081838646706
0.028753832920032613
0.030154680109249845
0.029506577182433196
0.029568687106357718
0.028910576957047313
0.028366329905102006
0.029530270317729302
0.029223217652465952
0.02964651560947478
0.027892355160780296
0.02838106106664007
0.028068999842153993
0.027870138810067575
0.028109327220778167
0.028396394928354118
0.028423157677056565
0.028159614595345158
0.02871122416290494
0.02726837018104133
0.027318180375428446
0.02701490420676032
0.02803515654195453
0.026906598457158724
0.028232599116259683
0.028014086997721305
0.02753376224852055
0.028127221258173418
0.02782555860360676
0.027370672982377567
0.027619719955947825
0.026768353840508734
0.026863079650576834
0.026144185783372603
0.027106261167138074
0.02718965728096145
0.02650428360025901
0.026197694790215616
0.02576021864571909
0.02643211561873215
0.026124996602720885
0.02694066912742986
0.02625162809000659
0.02554116062230187
0.02589927166574569
0.02639758004187811
0.026732970477743843
0.0264849836429519
0.025372498321467846
0.02517516139335093
0.024739415730330023
0.02592232627069628
0.024556627628766647
0.025006975165967577
0.02484363751316239
0.025451407254938253
0.02478672852152098
0.024863138614051268
0.025046254076174227
0.025175737252450488
0.024892110336797443
0.02405849641009359
0.024635439522776487
0.024095998794506798
0.024527782776990772
0.023917576052568973
0.023402711090873954
0.024975613156307114
0.024904801427893225
0.023420607944957962
0.024537090435195957
0.02413943499836541
0.023737087793607243
0.022902354822202573
0.023824717159719493
0.022673627034089133
0.02348079346747309
0.022961144992378717
0.022928621339185294
0.022963518074495422
0.0231392068902357
0.023317116564922573
0.023373001593459813
0.023082546166153996
0.022034138907540093
0.023207530939756218
0.022239069276913673
0.022201810722090345
0.02169421303177507
0.022524394858772778
0.022044029377319294
0.022460557861935803
0.02276319349404746
0.02263723922517212
0.022650331622750694
0.02244781212760576
0.021428611664805475
0.021933554281574296
0.022184782903187372
0.021765412954672336
0.021480990602088277
0.021520424376827003
0.0205241228919009
0.02087419092129925
0.02105514702635423
0.021478395490421107
0.021915265203918628
0.020327900675980556
0.02111512448585106
0.02053458979630649
0.02114598308525399
0.02140519212532264
0.019714650029015457
0.020103241741243942
0.01986565380996464
0.020345133976299272
0.020934957301874703
0.020316144244187106
0.020962794694362963
0.01934101785050058
0.020083833891858485
0.01984275659315695
0.019003857622164933
0.020249319172929416
0.020156213480055418
0.01887048993873766
0.019708617042507495
0.020046872859943252
0.020107476294444714
0.019828757204156895
0.019178788445765524
0.019994344927514722
0.01965537805759172
0.019509194416505244
0.019059031458241508
0.018998543761947765
0.019486563567042484
0.017796748060146212
0.01830715653001093
0.0182782088106431
0.018052425780914597
0.019169316524785745
0.017634450794703983
0.01824232126893867
0.01813390197322804
0.018024139609621265
0.01797794985775185
0.017208654242923282
0.017480820528451613
0.017383694909254135
0.017909284853778993
0.017027624966699222
0.01822168691072068
0.017123381414928137
0.017012798844603955
0.016560046841249933
0.017242326238917714
0.017575083525432744
0.016443717199685702
0.016771047157499087
0.016935695373883057
0.01656423492517325
0.01747937701181237
0.017415039101105787
0.015951133465039315
0.01690576226688903
0.015784411069308515
0.015995895285313127
0.016202076656617725
0.017094804227062596
0.015504379574587744
0.015382963509374585
0.016693334927816453
0.016165472091225368
0.01557920296652542
0.016196862556687574
0.01553511327730419
0.015843898346292365
0.01642703875668891
0.01654085099296516
0.016390735408954953
0.01638771497260443
0.015290835777597342
0.014912491123737086
0.015985152884096458
0.014597429029984467
0.015468664184719622
0.015295434187837314
0.015211120518335565
0.014796056624963952
0.014463861278389877
0.014146362625539909
0.014159060204217871
0.015314003087523726
0.015461636110338989
0.014847383701398487
0.014630394502073714
0.014852012796325123
0.01462060096135977
0.014069429449393944
0.014667754875105512
0.013460409440665686
0.014879068435532385
0.014403718795271796
0.014141297636333986
0.01422685085084682
0.014277095161044617
0.01370643980702571
0.01417388397021751
0.014532320277811225
0.01397706610799222
0.013763979929318089
0.013828581339467216
0.014277571547619284
0.013437132690721106
0.012800276039878834
0.013481000344155312
0.013778178996435162
0.013477338466389996
0.013434750896495798
0.012950583409587737
0.01337535159619908
0.013196745207525432
0.012503438521730484
0.012250771138012245
0.012464539459026296
0.012237467136937028
0.012975852040063273
0.011744218320735621
0.012364745949387796
0.011967126305285543
0.012974202795947229
0.012426678041054729
0.012260000128682674
0.013009618059345618
0.012653611134740523
0.012907937273211354
0.012073043402023401
0.01248435805610337
0.012207764553009915
0.011867225580777477
0.012429637152350423
0.012483273630011355
0.01116707842624787
0.011155824442415344
0.012006366280250206
0.010827227927506367
0.011747404786830153
0.011796545230993457
0.010973087101501222
0.011354888883646424
0.011800492361568379
0.01180283671859836
0.01088898657682202
0.010763852580350999
0.010238242270329387
0.011096416973631517
0.01049873915814122
0.010048588006831734
0.011073939179576279
0.010238219334004256
0.011476556287298722
0.010658984910281773
0.011320956826694118
0.010824159612660592
0.011095747379560334
0.010954031783579296
0.011115529113973862
0.010551498393127143
0.009599782038642576
0.010804938823512937
0.010283558091272035
0.010739906168595178
0.010478547566604796
0.010331221015890034
0.010623148558199725
0.010349922333033978
0.010030147732849659
0.009856121678206561
0.009918638781296365
0.009278872360747786
0.009339676317424076
0.009045746224100497
0.009436551608145816
0.009637290620958437
0.009384919345098395
0.008616186127237866
0.009457254328198925
0.008476694830787626
0.009945654506379036
0.008645047360243723
0.009336000681343035
0.008559652146260033
0.009216631522415567
0.008709485019592173
0.009073939314328323
0.009602781006789171
0.008254981929821551
0.009088249728880468
0.008290602384471194
0.007851049608202283
0.008227172241352136
0.008673828129194485
0.009325404012789975
0.00869341226987232
0.008163649400156988
0.007827978652917851
0.009254247373181887
0.007978911667424248
0.009048104693356917
0.008236024496801954
0.008008071725930248
0.008118041204146142
0.007915192955720171
0.007855435420244073
0.008669296631532339
0.008094859862460705
0.007973299098359502
0.008475602055780731
0.008671209857282081
0.007246279274228927
0.008276059902642522
0.007012149622735505
0.007615477184918619
0.007888728983723926
0.00767069590153129
0.008183652064301312
0.0067286524098824855
0.006835537332084546
0.00708759173385414
0.0067995995925536805
0.007884380068211747
0.008106349086419579
0.006427342766916028
0.006521661460972154
0.006821490182810732
0.00754857341657464
0.007433334228418198
0.0071574851133842056
0.006551989372715844
0.007790284349144498
0.007261277237345404
0.006526348480150284
0.007183700391731733
0.006533890745989035
0.007641966313342771
0.006746206444995036
0.007350001067424589
0.006626977629068195
0.00630249003338307
0.0065014602298014154
0.005916260523672152
0.005705541567113023
0.0070765182480216115
0.006146394553005861
0.006729761406567666
0.005606497258239559
0.006887557878179098
0.006990888045716012
0.005675352336525663
0.0055082701054441074
0.006185080208481787
0.005315542459510624
0.0059845245530831094
0.006746184866976983
0.006583902407584911
0.00655319800523713
0.0066665665039296555
0.006145674442633935
0.006366668603888715
0.0065276061131678545
0.005919805913357852
0.005126269570903944
0.005921489568266936
0.005806806764132673
0.0065907911849595975
0.006597050632636045
0.0059710294346997286
0.005061456827929807
0.005559010970186706
0.006258328052659508
0.005507777663182388
0.006113634164585053
0.005435704558390027
0.00506470689491583
0.00489897742428093
0.00518857018147459
0.005285147768762091
0.004959015993632812
0.004456698819095328
0.005144158329282821
0.0060446404931735484
0.005175906167792194
0.005154265140446673
0.005104770355273203
0.004749128392647079
0.004707519533183173
0.0051273767803559035
0.0042426725231224875
0.004900936640066673
0.00461101291542355
0.004112350976028636
0.005478758150083884
0.004030487482090816
0.005761393816973325
0.00553985324304898
0.004559882603797642
0.003943743914912855
0.003895713996341925
0.003916290962027407
0.004168258980113257
0.0038099634134907503
0.004227500582016154
0.005201897310170615
0.004555238549311994
0.00445999021883533
0.004374161376389979
0.004245153783584666
0.0052970791264069055
0.005337422405756114
0.00414846966184971
0.00409312385996204
0.005192610024059001
0.0047757681103654265
0.004274421315354481
0.004336335810850613
0.004549773552340178
0.004326353524029752
0.0036819076625620854
0.004194490770569188
0.0040690394756130515
0.003318961582050808
0.003736961587637095
0.0037400275496395257
0.0036670262101045356
0.004185799828189625
0.003447046347398272
0.004759505499454096
0.004393502083164407
0.004803008934674823
0.0045785984332745834
0.004442629181820203
0.003313575629343694
0.003177182065515936
0.003401094664435738
0.003900523052743121
0.003933539255366153
0.0046482195246540115
0.0037145593879362535
0.0033694684735717634
0.004348666016545691
0.0035921596493091756
0.002929178145617523
0.0036604950658657683
0.003227372826765162
0.0034596060705459927
0.003460573495350528
0.003917186334097106
0.0034494031953321304
0.0033695247384996985
0.0038117452873013555
0.0027020282257723843
0.002722400978221996
0.003955729864455952
0.004230728734005367
0.0034324843492390903
0.0028016205801110663
0.0026748501465185858
0.003905290383812564
0.0038102153652943946
0.0036569144127101224
0.0038317192256463965
0.0030969165809811446
0.003610675477614957
0.0036956363331162785
0.0027538733630586053
0.003234528967083536
0.003678222033742844
0.004051536137626701
0.002506013816041347
0.002570317581459349
0.0031778004471122163
0.0030683416421384765
0.0022617697413105315
0.002415348080711856
0.003885040937691705
0.002710788231377
0.003516927067026881
0.0032998962106188926
0.003618237831523018
0.0027887681114394667
0.0036844298930278174
0.0029218873444545905
0.002224584515147461
0.0029017288952094206
0.0024165756734767134
0.0023757580978963216
0.002683873409593013
0.0035451121808726337
0.00233819763947994
0.0022963051109781084
0.0036071184190609156
0.002534561264145832
0.0036410220802563027
0.0027504039524635024
0.002921973845285101
0.0032161876958314976
0.0026632854374098276
0.002310756768212882
0.0020277009783084736
0.0035338698425043985
0.0020190604104597678
0.0022235938961621257
0.0027896658145508367
0.0026672378942779068
0.0027194216528662746
0.0034268040812359436
0.0029788776851609163
0.0024478392033539516
0.0023914413798763043
0.0019062844008275732
0.002931118752680478
0.0026822152881619435
0.0026419519368455894
0.0026836571959572035
0.001760310155061952
0.002859544944973277
0.0029768414436139945
0.002000914520405445
0.0023856454682452703
0.002609466028908682
0.00307922612546053
0.0029968750236236187
0.0032488123717820984
0.002678222657686963
0.0030081521295885322
0.0023583003051461907
0.00304586041265151
0.0020303537938051682
0.0031030711186803344
0.002525433880482089
0.001810591204927073
0.0024833052201015653
0.002594442289223795
0.002875662384742164
0.0021722924980284034
0.001728818787019495
0.0014660560214783986
0.0024260440296437896
0.0017168126807964518
0.0015690810604189632
0.002803865212855636
0.002459680145477745
0.0023072725999182535
0.0012858506264360609
0.002194716838969605
0.0018813783061650774
0.0018982204561282052
0.0026010532787230163
0.0013873857663006049
0.002645696477795581
0.0026047751312613526
0.002262171515183491
0.0014160062511201492
0.001167643373569178
0.002390710445315715
0.0017482493205603303
0.0022334140119743733
0.00197166418773437
0.002102670376775339
0.002664119941093565
0.0019155897028044113
0.0010764726068221472
0.0011066408623051905
0.002540924543257186
0.002116326459725455
0.0019728275210525686
0.002582314244439038
0.002684229124300084
0.0015449759414089114
0.0011886218562883353
0.0019473752694027647
0.0020563910745648993
0.0017501506118896613
0.002260442973490307
0.0018902391806444841
0.0023744348308434244
0.002634750045526231
0.0010235510784361655
0.0023038576731725766
0.0016860222269540137
0.0025773736064972335
0.002140245595093035
0.002494315468847914
0.001436742911718123
0.0010749546702317912
0.0008873163105215243
0.0009142273001578365
0.00202247376740284
0.0024521008466684095
0.0010397051008070965
0.0012051536301481826
0.0010182405108565104
0.0019619662829593854
0.001902187555713685
0.0016068689077025971
0.001670740553569984
0.001478367929718627
0.0023195817333832853
0.0025140412544930385
0.0019600922624179087
0.0020703062118191213
0.0015621177057458426
0.001968580652150706
0.0020406712553184218
0.0022504137786615616
0.0008586083255714464
0.0014562113181579735
0.0007885185642218419
0.0011920385555163168
0.0015138980444028107
0.0021281304463845936
0.0007280677007715639
0.0017194724185895425
0.0009229170525166224
0.0016698330528145927
0.0017152067713492919
0.0020160072555328737
0.0020701403805403924
0.0009170211645509405
0.001365621782357408
0.001318797641409979
0.0017857985454786916
0.0020834505206211635
0.0016667829631442036
0.001139557149323522
0.0023200540653640425
0.0018886237609169968
0.0006541151973848364
0.0017966031633997604
0.001749338596602488
0.0022885007265086117
0.0013648988644346018
0.0018355639648285264
0.0007982751074248758
0.0010756409568600145
0.0008485306593997467
