0.001845375949084486
0.0017797250047668876
0.0018621253293489887
0.0010653677492271202
0.0017469693871301245
0.0022826328057500922
0.002216203345350687
0.0012809351952127095
0.0012775235833674646
0.0014122069578689062
0.0017892260315187866
0.0013552611423475957
0.0016378251804648248
0.0010777223727321313
0.000626003608930236
0.0009529376027052847
0.001508006977335376
0.00136302751629292
0.0018154876199189842
0.0009022973668318601
0.0013927902211822055
0.0014620950586685581
0.0006938729426542328
0.0013818626685055747
0.0008847241946319378
0.0013705201470686017
0.0021424282809221237
0.0009230405456436334
0.0023496704112394217
0.0008653042884258512
0.00235203095559606
0.002427402252511216
0.002050452812716918
0.0014110279804532817
0.001466350225487091
0.0011533892794174077
0.0015878729888971134
0.0007687130379642004
0.0021379251244563096
0.0016668823408246896
0.0016809867944051348
0.0017269112554959317
0.0008919263138354832
0.0011737777121522206
0.0018327831756738606
0.0009366860995519439
0.001393019152589228
0.0022141075246058595
0.0008926056863508484
0.0015130968230107505
0.0013795112432957197
0.0017827772020715764
0.0022205042124848954
0.0013853979147203498
0.0010787231212449468
0.0018037491991918617
0.0015035290692435451
0.0013728626320705774
0.0012161866537251532
0.0018884900851425409
0.0017892168566396999
0.0014253190102543568
0.0017887678561173237
0.0011080152656692823
0.001147367579366628
0.00155286843993601
0.0016396965972772484
0.0022562639015134595
0.0019328205582659459
0.0025605590644952702
0.001270452969565366
0.00196876865765399
0.0016549261155122822
0.0014406723744312191
0.0018950280261984312
0.002721304352221328
0.0018132688334853704
0.0016222284270651084
0.0012242003232888266
0.002761864875142777
0.0025654602546066906
0.0014585268202304247
0.0023688038879535827
0.001231971615594763
0.0015345977553669011
0.002100882935609176
0.0026377395909487605
0.0020142860483296945
0.0018991269798659695
0.0022588887385547444
0.002559863168254659
0.0016002953861694506
0.0019210824330702604
0.0029549611168942073
0.0014094915359691902
0.0029137491594556694
0.0019386799433657876
0.0021750151849321696
0.0029581766358444
0.002965361912171639
0.0020874663677818337
0.0024619256557395783
0.0030889053641373846
0.001401909555807156
0.0030529468921340775
0.0016906222976225786
0.0018494036846806758
0.0023719198771638803
0.0016263912434142849
0.0024025689976033024
0.0015928624750439705
0.0022899078284100947
0.0027900428773529854
0.0015190725428216565
0.0027281544304314977
0.0022690884355421213
0.00244141699122494
0.0015795248408074444
0.002239674978551774
0.002415290543755317
0.0022168793898371675
0.002365096315487357
0.0018571892920812736
0.0027400187513611568
0.0031303755181392463
0.0033802636145499696
0.0023439229851568645
0.0017095060423257527
0.0020582362847973656
0.0029773859912151494
0.0017656936140699366
0.0025380067921446396
0.003290201842922185
0.0024265767321841043
0.0024074365352020786
0.0027658862956875343
0.0031971086970656215
0.0031824768744574943
0.0028738463207519907
0.0033468352051425083
0.002283311064278039
0.0028843897037594216
0.0027996898068287975
0.0029860726083245116
0.0030842002852668033
0.002170947197887932
0.002524753687348407
0.0028191085110701826
0.003605767465209321
0.0036802165209107694
0.002809984265111264
0.002272400402629837
0.002909791757205518
0.0024533438260422886
0.002932281623109304
0.002788720777767099
0.0036427431349541077
0.003250903139391044
0.0036809864370668187
0.00281935900498694
0.0027273751004028663
0.0030093816485949835
0.003436153234746856
0.0038035207843966816
0.002516762950777907
0.003256759570013728
0.003868891718030965
0.0025598243412931405
0.0030565683933489775
0.0029064976960359416
0.003059384464649142
0.003458903779195235
0.004075054581091527
0.003130078804027739
0.003406517606459125
0.0035362783461406317
0.0033581808188615316
0.003001524527687814
0.0029187194695662736
0.0037496352012264204
0.002676492266482711
0.003820553289433452
0.0035299313896360977
0.0029169846686304627
0.0032172054353708673
0.004371927975730503
0.0044202772555394605
0.004403025877532643
0.0036374095918503685
0.004241143393698874
0.0033957058559959293
0.0042490126501975745
0.0029909197855246916
0.0030121172549194323
0.003178520347710687
0.003137858900098464
0.002883006799210926
0.0036099358858756527
0.0037368780635582246
0.0037819971667541995
0.0036377924952592506
0.0030344800703888427
0.004246936023349212
0.0037427982643504043
0.0041814416499767445
0.003157875377245506
0.003930456480520483
0.0038256731272425315
0.0038388242472792026
0.004808369319978031
0.004676138196736926
0.004242479976912268
0.004624807177381623
0.0036296314635269568
0.004969488673229213
0.004212504286343751
0.003957489433330166
0.0047240005370118516
0.004486720647533105
0.005037875639752307
0.004687958971711857
0.004974353987712448
0.005194410118433583
0.004500014598044959
0.004907032073164018
0.00473710992415052
0.005127631902934352
0.005290354719943033
0.004476988756338432
0.0046472042329704245
0.004835625635954388
0.003821288735272947
0.00531959211772003
0.004279059426848409
0.003958744811483755
0.005575165551407907
0.0055557100427476285
0.0055154955428540625
0.00446242001136429
0.005101873125415918
0.004281780752061603
0.0050498337155175325
0.0042743515654957084
0.005068364791976037
0.0051565471355681965
0.0049567191631044345
0.004389687382554157
0.004674433355029162
0.005062565416190169
0.005499198940122778
0.00586517725038384
0.0055626291463837674
0.005593134771580516
0.005166326266104317
0.005321516670019808
0.004937418309848155
0.005355802625779347
0.005111522846811844
0.006117839880663338
0.005993356172623009
0.0051670798466549065
0.005417404453552973
0.005425076546786448
0.005691211810489042
0.005751858274683922
0.005836466333279262
0.005308897597582486
0.0052588835383758905
0.005321397482517916
0.0055732918636866875
0.0050930906689274314
0.005283803412911081
0.0061808026097515175
0.00551150824484995
0.006253886537050701
0.006765815756366586
0.0056476567809582165
0.0061964539448368374
0.005687825257178232
0.005586579106522783
0.005280542393288326
0.006425347608755161
0.006440546659898149
0.005901864669037209
0.0063081053436537865
0.007098701759907551
0.005768895075154507
0.00558552073173435
0.007103412856624594
0.006937435984165041
0.00646506422381754
0.00690415402038273
0.0067118730474629495
0.005714007585486039
0.006440961106857089
0.005738427903637886
0.007312817374136309
0.006964889492731698
0.006675931976071893
0.006794224711653279
0.006586127995285992
0.006478448862911419
0.005995782238004339
0.006608994847707209
0.0066872315493887065
0.007320745863843269
0.0071526617298434715
0.007251004110969397
0.006477728401981041
0.007837028157369034
0.007755402629091377
0.007480281694311328
0.00662589749460594
0.007912445297122258
0.00819387041572997
0.007288963354305813
0.007361561723082067
0.007758831693023159
0.0071841183335710134
0.007174803867982218
0.006996647001264315
0.007739803420611916
0.007097983772793069
0.007492740352221309
0.00830829586867995
0.008340924400632272
0.007006478196865646
0.008049788976123837
0.008042048915086211
0.007185064826019949
0.00868516774633016
0.008210980934882001
0.008147634490695
0.007695257158634816
0.008965858511633933
0.008155066649762748
0.008217522891505092
0.008488455459959156
0.009034085461666102
0.008260687898037326
0.00869077339662376
0.00822097341221875
0.008191680446532946
0.008646517328661302
0.008247641045181211
0.00791740375890312
0.009054916056727138
0.009354596427958103
0.008211984513786371
0.009180914206529169
0.009439360984247018
0.00835417295594632
0.00877648116565668
0.009263985399051771
0.009635139097993932
0.009277282302903873
0.009153522638890433
0.008730768682491393
0.008858802241266383
0.009814705194414141
0.008862467239274162
0.008693174067740872
0.009231754310295123
0.008912935841918324
0.008881672978422107
0.010002799740967992
0.010143977864127853
0.010428679855603222
0.009301081116707579
0.010577088258455523
0.010366419516012441
0.009307765147336819
0.009829296060603215
0.010036922896638328
0.010784359090395783
0.009798546060324743
0.010741737839854302
0.010572198870506677
0.010156609073264015
0.011111908983831362
0.009720856165668403
0.009671835741547827
0.01101321195841922
0.010550378318885948
0.011226077903192754
0.009905961307208107
0.01002854976563502
0.010341301833282185
0.010615291662751188
0.011676612312883559
0.01013066112547436
0.010226775420461803
0.011162280954489583
0.01039632246593447
0.011229049840013059
0.011872469029126816
0.011927754490273237
0.01081102452778486
0.010681579826483744
0.011003011250932228
0.012237251627611108
0.011190318927298739
0.011092325142860925
0.012230579880122588
0.012286940088429859
0.011661311540125223
0.011450699031698569
0.012600837141889528
0.012092133179537345
0.011278709606552724
0.01233535525424797
0.011278998827121437
0.012715195970160638
0.012965224484370015
0.012295586658186758
0.011717934748045269
0.011750234541573555
0.012177448950863052
0.01270684299146377
0.013198434905710906
0.012036664463637804
0.01243004208146601
0.012268981684695217
0.012262365880064621
0.012626794311379943
0.0131856243980611
0.012406103186824731
0.01354237819253153
0.012312994747247388
0.01401854288176335
0.013232103464283898
0.01252787270056186
0.013656138833181885
0.012764380294765584
0.01347410522056894
0.012747489560709764
0.012867438152536749
0.01425135107686423
0.014334475677700204
0.013983840970884629
0.014455621663754943
0.01465099329390651
0.013601366886178353
0.013198711272255316
0.013633342964472436
0.0145224197015832
0.014997676644374607
0.014530065208367372
0.014854913975689823
0.013615016940900839
0.015131810522089516
0.013973080988475437
0.014658962608741359
0.014947743171951534
0.014692366585714644
0.014406639526453869
0.014959145860394204
0.015631004008789716
0.01453185153969241
0.015179609107798411
0.015266786327989054
0.015365447089415687
0.014858832981730534
0.015973690008466147
0.015605842924348122
0.014884423294450472
0.014875706603061794
0.016062982654882128
0.01537547531601949
0.015974190158310676
0.015989961863508324
0.016417346356052766
0.016323007731305426
0.015889327497859634
0.015592529268136908
0.016963595755427312
0.017012181291832025
0.016654249279135495
0.017224305052881726
0.016391181667328118
0.01717730081236591
0.017481048516466483
0.01719973654869817
0.016349927182335137
0.017126426848362592
0.01655457480144143
0.016447846299801873
0.016820812434171616
0.016982448180541287
0.016720588778464992
0.018114829338313473
0.01734637367041599
0.017501724660118803
0.01832126185235936
0.016777147273639662
0.017869464977493685
0.01768999946429101
0.018403165448921305
0.01731678662863744
0.018076698621049322
0.018026020175853807
0.017776726024874713
0.01904572078747496
0.01857008404613695
0.017456926266391327
0.018839255975737643
0.019168725457086234
0.018364445299268763
0.01820818638196016
0.01909944596786205
0.018287906315055797
0.01813483955202897
0.01939561851997694
0.018643299408675
0.019143632935176735
0.019146774176473612
0.018558054310962073
0.01866075453437968
0.01967953899257881
0.01861421530985242
0.019763886247649794
0.018720815832382325
0.01935136606698672
0.019593334497704343
0.01922563356823089
0.01945174638497306
0.019645499923351777
0.0193610178207619
0.020019978684950136
0.02078646752367054
0.021004700422719697
0.01993301726300722
0.021316550114980796
0.0199346192193686
0.020613705177107883
0.021467849481609083
0.021031164581902274
0.021372251213957378
0.020823352251891747
0.02064136873546862
0.020523023852419275
0.020590093272238374
0.022000755258536474
0.020721109655728234
0.020825624968132173
0.02079086251745586
0.022030404206895487
0.021542623283361158
0.02181198240200403
0.02209321277526587
0.021474622364749948
0.021544115720851933
0.02181011024229883
0.02239188533821939
0.021295212941625504
0.022858842727021857
0.023108137892200988
0.022291036059551673
0.02303084085718469
0.023166864926183466
0.0235073145815927
0.02206478758490172
0.02352213438484875
0.023278450225671522
0.022799873623066007
0.022462460670537344
0.02266313254187706
0.023618267358059476
0.02347959580744518
0.024120316946026933
0.023262837817814113
0.022892244707933572
0.024237404491461792
0.023972347863857928
0.02402141231170987
0.024499646049729325
0.023700260399807885
0.023215665836863162
0.023777311062203214
0.023333411256096385
0.02361593725402696
0.024302444341356772
0.025217613125233837
0.02386350323081748
0.02529859895319263
0.025159673943163867
0.025297198200227914
0.024597581325520573
0.02483719772462954
0.02549618378138555
0.025443534188680665
0.025477758899605244
0.02553075951945635
0.0257676872193778
0.025674306967083765
0.024611903883552444
0.02580693576545598
0.025754984232662845
0.02595325449190591
0.025330143595738226
0.02670246622085345
0.02569554237243521
0.026080606324562938
0.025834912002715357
0.025717165786219624
0.02559135488114645
0.026407318899397157
0.026053820125238353
0.026902657228626742
0.026641519759432002
0.02741828157730989
0.025920994377409974
0.026181370505162276
0.026601759411583156
0.02786874761807695
0.026995413342308396
0.027701862044265026
0.027194663934730155
0.026524196821664802
0.028231711935566443
0.02681404481639631
0.026822679897663786
0.026944028369866677
0.027254167817270268
0.02772947349290342
0.028462780545443926
0.028050161757623333
0.028547839823591586
0.0275042516011007
0.029023597802125243
0.029064283078102833
0.028204635280084395
0.029096271110132157
0.029397550796644564
0.028278178493488636
0.028911238532584375
0.028826123006169574
0.02879214960930601
0.029069395912928918
0.028828606175915403
0.029006865832425965
0.029385065144885383
0.030035410518517092
0.02853485584469666
0.029394105961274904
0.030280866238350006
0.029815023990277977
0.028838272288238088
0.029832477534054918
0.029069548511775203
0.030474395946983975
0.030107906595897637
0.030397918719648125
0.030478079968014424
0.030164880085423822
0.030217781291623426
0.029544043411476224
0.03126116429245487
0.03136419935104888
0.030244337483762766
0.03144687874359857
0.031383951818218674
0.03167760925137758
0.031103895840303614
0.03034559098365842
0.03023967760371246
0.03201863781228666
0.032114116079572395
0.030731043129952448
0.03096854021120917
0.030632151560187254
0.03134293866643716
0.03146221467458813
0.03161171149236933
0.03236427327916808
0.03195835663948797
0.0313741188862079
0.0313391188678833
0.031904676451444465
0.031979238956376214
0.032071609106851515
0.03233680473152943
0.032888800182368075
0.03328609666983423
0.03291747975054583
0.03175782189313485
0.03282408929095826
0.032124573426326346
0.032093230199701506
0.03354708483204011
0.032767595229322884
0.032758428055394744
0.03229127946281076
0.03319634453983686
0.03329548899750256
0.03380890741337981
0.034118342287408086
0.033323804775090435
0.03417673823734932
0.033175965817191504
0.03336327483282377
0.03456197412242459
0.03454404296554328
0.03369343641418568
0.034062090410961726
0.03409073427494616
0.03327564274379751
0.03419526194506906
0.034914573813898724
0.03473090892496472
0.034212612759139616
0.03527487270039773
0.03468171788329253
0.034287792821578775
0.03424500875822892
0.03483808198674484
0.03529089468752007
0.03487178493461252
0.03561518361291718
0.035291888923503406
0.03537058194105485
0.03443605589011741
0.034507624171493646
0.036059801747162605
0.035400147720654807
0.0357397838838756
0.0350781625027528
0.03500297637863728
0.035187746783728414
0.03533967135017036
0.03569367911363155
0.03553591444137291
0.03559583423047989
0.03586193856740086
0.036911856256786064
0.03548541459182659
0.03541026070782949
0.03575676921033769
0.036468203081641705
0.036934896337104506
0.03651927534749536
0.03658138463669936
0.03625162550719425
0.03711066982017697
0.036344849592599676
0.03685155391221788
0.03597339035603655
0.03723535312157876
0.03608817793820002
0.037850145483573974
0.036924170287038205
0.037922161505308034
0.03747579444883214
0.03707650831491566
0.038128808935583236
0.037910383057573986
0.037329918627397936
0.03717595987438072
0.03758795847187622
0.03671884143536751
0.03804463353011916
0.03829238190309778
0.03815432272616943
0.03734453163477835
0.03835787273244814
0.037464388379585885
0.0373988682392705
0.038436357088570815
0.03731158712512955
0.038772350837612914
0.03765869024129561
0.03870494229635186
0.038117539261784426
0.038916334500894274
0.03824579961347856
0.037995899787368136
0.039172955856717394
0.03834782293231654
0.03867068872794603
0.03952650327868369
0.038436218858252165
0.03919067369605394
0.03866168165029196
0.03949191083897509
0.038366409248578884
0.038881986908838095
0.03924676677326378
0.038733853161702685
0.038733721246906085
0.03999549168181504
0.039219927436555
0.03969553451472154
0.03861812220929556
0.038790326259892705
0.039773684489194
0.03914239953026413
0.039918249198606814
0.03872474447995205
0.040157989639050984
0.03891114758387291
0.039827379504685206
0.03894001012684084
0.03997587208774459
0.03928538380880759
0.03962210342000364
0.03912258329718978
0.03925430316746163
0.04051673831024557
0.040000193293725596
0.04084551513999914
0.03976053459073197
0.03978145702861504
0.03972987274390469
0.04005233736229194
0.040991018679081156
0.039736037229968546
0.03963927436960889
0.04120330444315436
0.04004227672268971
0.040921174838893966
0.039735165621798074
0.04087071688205728
0.04036279790013777
0.04038991052615337
0.03983795972427995
0.0400902138993815
0.040990533060676154
0.04091312496997548
0.04123109997654444
0.041472231986844556
0.04026370922279689
0.040192967582776115
0.040245586777862
0.04021116678340419
0.04159378492157953
0.04053138290691189
0.04147382707610074
0.04058108551378867
0.041828291901400506
0.04195471500006697
0.040778472393634704
0.04105133929356693
0.041154140235071766
0.042125051588635797
0.04185839223357339
0.040810620024079855
0.04093602469176008
0.0407367766195254
0.04166539788397953
0.04237063279991538
0.041644282916817495
0.04215267247547176
0.0409852959160309
0.04246621348385771
0.04249146117259955
0.04182322686807199
0.04152470256660734
0.04122060336062201
0.04213439183689967
0.04194603864799583
0.041638785362459164
0.04132238616172983
0.04245386462709235
0.04158812874616391
0.04145538404740934
0.041553857709879495
0.041588974933571214
0.04122334399659475
0.04127624714310247
0.04268601401517811
0.042189108965638246
0.04130081111694471
0.04189084934699769
0.042586157621659994
0.041462741928291254
0.04291433685490055
0.04180223118203468
0.042266369631601325
0.04198505820692547
0.04247297332512483
0.04197423796289943
0.04263277572215665
0.04232411584365259
0.042801818887735134
0.04133916251283751
0.041682556416264484
0.042007127953851954
0.04201625190643859
0.04173732552564178
0.042711788107329424
0.04153966524473076
0.04228294397601313
0.043127628177414154
0.0423212366149361
0.04171686262761806
0.042221939199240936
0.04178956753702346
0.04295146764515869
0.04297969068848135
0.043126951469821866
0.04236702691513307
0.042716581477162834
0.043115183114383365
0.04252145831741291
0.04247397391678257
0.041458690051151936
0.042490338049059766
0.04294287849112213
0.041680167064738156
0.04228701073848264
0.04230754810514015
0.04177991833295896
0.04179685745712433
0.04184371881721261
0.04259102262388438
0.041840889263169395
0.04168185111992527
0.04185789901088922
0.042513408722114586
0.04264805687459802
0.043158596544254725
0.041698246490113194
0.04293582284497782
0.042436728140111735
0.04184694856144337
0.042951460555006704
0.0420213726812026
0.04209102649218177
0.04203190895939493
0.04177650714107094
0.042746476059258326
0.04253001937515904
0.041638583230884776
0.04218196039412527
0.042234319127860354
0.042291707480583626
0.04287252071022086
0.0414296940685813
0.04152255462307374
0.041824623182504794
0.042351114961153034
0.042667844185958995
0.041600924994761236
0.04199325895843483
0.04287776623255027
0.04181623317296908
0.041218547548065844
0.042637753688604375
0.041438617277608045
0.04151671870072695
0.04139978727749947
0.0418743179499203
0.042490047029715684
0.042073235310071753
0.041198949660515786
0.04230074181083947
0.041739776827674775
0.042078562318480735
0.041617490931663836
0.041748547654955476
0.04155530595550869
0.040977094170297705
0.042548627786897726
0.04122030797477983
0.041953491855820035
0.041790663105634826
0.0424286296889822
0.041966223912177324
0.04115529505484827
0.041211508650506455
0.042322074642913786
0.0420326302692877
0.040995031520426835
0.04073933771205075
0.04148205967033122
0.04210787527843809
0.041948306369926754
0.04197027252404088
0.041709117289315485
0.04214614372995078
0.04195906404273868
0.0413836048210293
0.04072817731883308
0.040774872153889266
0.04112267253003619
0.04093541571938164
0.0406040824483752
0.04125664866935327
0.04098973586171434
0.04071320950248907
0.04186265219301556
0.04067687405959481
0.04061466022235683
0.04028907087601452
0.04131207102433633
0.04036785060097748
0.04097065203837247
0.04126632313724219
0.03992997521520071
0.041526258858793366
0.04145495487717163
0.04103039259772204
0.04109512717992727
0.04105071941229561
0.039674886712896346
0.03992629270848636
0.04032483784069977
0.04062862664140492
0.040394094606171486
0.039705807081201146
0.03970384834916428
0.040883619796279254
0.04032215572043568
0.04091326711826423
0.039255344645975854
0.039649555468549105
0.04034925363620086
0.0402259560448732
0.039951831006725884
0.03943766316382013
0.039952302739499686
0.03918051359015246
0.040323384610702666
0.039092037155700206
0.039556254338648573
0.03953396012647608
0.038880607197657624
0.03897641151188307
0.039922208991215694
0.039605268970700096
0.03863630860851801
0.03991692004416057
0.038651963613540445
0.039747668943619696
0.03936653190844361
0.038845044611166765
0.03962261444815462
0.039409940803624796
0.039076390106911885
0.039582404798618465
0.03864752856617404
0.03810506886654273
0.03890509444674624
0.038393404701147445
0.03856302937058769
0.03942583669033427
0.03913561002670973
0.03786096143627757
0.037952548132060934
0.03806237611474011
0.03775581589540715
0.03907893551831204
0.03829181414937929
0.0376030459726078
0.03767581112622527
0.03781452614728643
0.037583877770222346
0.03854168516581208
0.0379300924746021
0.037133261197024564
0.03819222314987133
0.037658317459420304
0.036848747789733106
0.03778947012329549
0.03787460973146135
0.03777843770565166
0.03729272667168828
0.037819017141537646
0.03659767115782769
0.03756423046887167
0.03643641182916239
0.037881853807569865
0.036914572923401744
0.03725985053253266
0.03770236818347922
0.037097685513988884
0.03671685475379565
0.03711196093958404
0.03691869290698465
0.037296236937557375
0.036917055443523375
0.03721755005975572
0.0365131774030379
0.03566402241014506
0.03572412549391163
0.0364984912051795
0.03632414366907801
0.036772397238177344
0.03607204110260012
0.036850530221789954
0.035949462515671694
0.035086824032524985
0.03557242610619087
0.0362647478900692
0.03548421487153573
0.03484941362084339
0.0348011612439274
0.03552657249539276
0.035234345213844026
0.035394546735587305
0.03531737202929446
0.03571845053792216
0.03492258196199281
0.03478567870750672
0.034704091916722406
0.035353295809090975
0.03536883613836072
0.03442148627384317
0.03413226647990699
0.03506457529224238
0.035017642109707973
0.03517359341618164
0.03431171589782175
0.034047799281950175
0.03360001530013135
0.034787139385006806
0.033504267560889534
0.03361364431196584
0.03321422071699655
0.03333418407531783
0.034355906338148716
0.03325288362146153
0.033194057450821976
0.03392809728285776
0.03287944100322746
0.033119881816343864
0.03411521305347764
0.03263320114544634
0.034057672150944754
0.03347928605099932
0.03390402038879752
0.03323690498660894
0.03318322849853217
0.032829458456224564
0.03236694634830079
0.033056844889677285
0.03202889612964988
0.0333380262675186
0.032564056936970544
0.032529187796165884
0.032636186835660976
0.03253812920957633
0.03198442961046251
0.031987191944937515
0.032107251608973694
0.03282873498385727
0.03192712096041638
0.031390201883692695
0.03224462191367055
0.03228216006399276
0.03149457689340314
0.0317831523648722
0.031379241979702654
0.03225747116886238
0.030926237917819933
0.030972997645591138
0.031386155090358615
0.03138150384834525
0.03149535107052929
0.03101344542739939
0.031289436108728926
0.03142247260478664
0.03117024701252485
0.031067516719120943
0.0309685689573803
0.029788673140783043
0.03027949824168503
0.0299398364221062
0.03050237679874074
0.031067896537958186
0.03048850678144153
0.03020350078838981
0.030694527061258935
0.02949010484708842
0.03000801413771972
0.029395118203522235
0.029614255547471782
0.030338110909658253
0.02984011594856857
0.02989983021695668
0.029558952487077957
0.029814139227664408
0.028689774943711208
0.02944507022915897
0.028770079145563166
0.028777217069800652
0.028107538294825974
0.02872121471667676
0.029407869907617335
0.02799381482538952
0.028734875686214134
0.029077370421956086
0.027660863938142873
0.028048522651336432
0.028306421535092243
0.02743901339152106
0.027949746077428235
0.02716098453843279
0.02705050318026203
0.02846623513146824
0.02775783641031092
0.027754372094024392
0.027480209706885913
0.02780708802828523
0.02753078514481062
0.02754934966718545
0.026701849598002248
0.027407726448180948
0.02652516201083653
0.027551561485428776
0.027568386827005558
0.02689354591891403
0.026271200384890767
0.025984386224364088
0.027130705706919087
0.02618484300270486
0.02637213524742774
0.026251464696902743
0.026280325950735303
0.025393128031188792
0.02649864565235751
0.025329529704802747
0.02589898186024894
0.025487322937516942
0.025977575944060676
0.026218810548083046
0.026173386863592753
0.025749733675792273
0.026022206630762837
0.024746145523144494
0.024467474892752698
0.02437587629876465
0.024591147126320285
0.024790252624935862
0.025173352567391206
0.02564520468114515
0.025516691790247934
0.025577948257644863
0.02469589555318495
0.023911006741394188
0.024843727448598765
0.02509606088833773
0.02380561051579855
0.024472765272114377
0.02403689436465779
0.02384294384350139
0.023848739160692495
0.02396205014152396
0.02462450419800782
0.02369233514118746
0.023787037099700436
0.023588297484429265
0.022794002602617772
0.02290820116817012
0.02320826361938121
0.0227411029693994
0.02281076516420766
0.023927585513625897
0.023632316783735795
0.023004305865309035
0.022366315490975664
0.022968265637611254
0.023350292726039803
0.021816443022016452
0.022694604184749174
0.022201150879405437
0.02182883368183961
0.02280927678589434
0.02275978086442357
0.021627367023090698
0.022627469855020812
0.021378664789950704
0.021252773167844397
0.02260215553294113
0.022502754739037976
0.02165954563658363
0.020806144597700436
0.021210268389319678
0.020900189157246896
0.021358613725848886
0.021470575278048562
0.02066624786926608
0.021132474946271778
0.021020816911657633
0.021557580940653697
0.02006956212414231
0.020714136876163105
0.02040635491068511
0.020702266101214273
0.02001958088478424
0.021285389639744117
0.020703765049177394
0.020774147772268197
0.02043767222555909
0.02103060644763069
0.020860852316205804
0.020796847216660305
0.019603416024982345
0.019180227716536494
0.01997659409910627
0.019155899733552577
0.019144577407134124
0.019572171438375
0.019053154793350048
0.019295816686707584
0.01917146385550317
0.01891774546433618
0.01970201878179437
0.018654562771490767
0.019032257097017974
0.018649736762919263
0.019595401927721048
0.018470058072453825
0.018464568675708237
0.018275063456255847
0.017774228192353046
0.01892214497325031
0.018737744934298722
0.018258328798420483
0.01803586333740007
0.01832880963422127
0.018617126363230985
0.01747112639593373
0.01738079067310426
0.018451829155644334
0.018356750236020895
0.017263386247999037
0.017845301776918416
0.01752083526192868
0.01845740595474623
0.018233008169090896
0.017885001204640132
0.018228573167783188
0.01670753839773649
0.017912128164218433
0.016694971796875673
0.016792262357281748
0.01654167824907433
0.01655620326448969
0.017391514671024358
0.017203548100483818
0.0175340924218147
0.01670038186851846
0.016448461089978984
0.01660680146089103
0.016081021565737548
0.015918815334082768
0.015937847645940303
0.01650737500943431
0.016631957721495155
0.015756832925175834
0.016682756772100453
0.01590853415324753
0.01623016612955205
0.015622955009133587
0.01603447305042405
0.015271587176582588
0.015055344396370823
0.014995987670426486
0.015294796107207976
0.01599262858759657
0.015144260769387952
0.01571881892144282
0.015896309300262854
0.01598679170992498
0.01435177800096567
0.015270326473396722
0.01538597723453472
0.014124208064419027
0.014139680265675235
0.01490619420090162
0.014529429877318827
0.014271921576926975
0.014262844064827251
0.01516192043197274
0.015156772382122602
0.015194487777408592
0.013697736813867668
0.013491262792934128
0.014684448159171633
0.013461727700609643
0.013754139509306007
0.0133321146262409
0.01350765961183922
0.014309652141447183
0.01335821003445713
0.013289972249592583
0.013891779060990395
0.01311786607663434
0.012964113046255133
0.012989662061707272
0.013087370552813381
0.013748235316196062
0.013526026036915191
0.012455822385003324
0.012250357515235545
0.013466454622070741
0.012202753694838041
0.013042130485292255
0.013145908202901836
0.012623115507638389
0.011972747401558603
0.01224790622051797
0.012217574221102792
0.01194904484784013
0.013228472623526426
0.01175791396582056
0.01237833463803254
0.012715329459789895
0.012363071622881602
0.011954347626981823
0.012197810512549239
0.012761833830175453
0.0125370955021025
0.012516404812479828
0.011102681370434804
0.01184376420181859
0.011863777729948698
0.012014974005518377
0.012102289533619994
0.01129393283394849
0.011115244727724672
0.011064272645467187
0.011835782860646423
0.011255329263149146
0.01109544881761127
0.011801199433346017
0.010905799155737712
0.011906087729265767
0.01123342529863144
0.011067417603620565
0.01055447530599253
0.011094719955577346
0.010325770648657367
0.011622209320246112
0.010092361493231724
0.010180160019373446
0.011021300499821442
0.010215026614304132
0.011195669929476057
0.010571711545133146
0.01028063097812069
0.010901412066009834
0.009659859835137652
0.009683555556305836
0.010414483760906269
0.011043926016199225
0.010035022926424267
0.010084683249630104
0.00950753116278208
0.010583845457951473
0.010804480453707712
0.010186155220440769
0.009950432197333136
0.009132811119336703
0.009940739217398225
0.008985290889231898
0.009182041830270845
0.009373028712226554
0.010032493962607367
0.009053543637628258
0.009444895485134344
0.008841454135878333
0.009697118969888228
0.009240423636874419
0.008812405132525845
0.00930516003050093
0.008321226211890851
0.009967706851946465
0.009342563469179308
0.008936646442332618
0.008462480694039504
0.00957044691939281
0.008332817715146365
0.008054481733883912
0.00821283143789832
0.008809834299178301
0.008750120609958731
0.008919027167983236
0.008037581553869431
0.00804620645679962
0.008722258486431248
0.009000124833300175
0.008610054943521954
0.008899514899258526
0.007659668904647507
0.00913326792301317
0.0073967435554444854
0.007468475270740644
0.007407754977849037
0.007669288290716298
0.008662560174810367
0.008891320330015851
0.008705456164356725
0.008521900155109586
0.008760542077750047
0.0070549906470861925
0.00790803160603603
0.008610091142700454
0.008501847007557203
0.007788245267243641
0.00837925922056838
0.007132031650654438
0.007770103968065445
0.006991493958704051
0.007551657715548374
0.0076372516884828405
0.006984502454746469
0.006848654658167518
0.007719510307058684
0.007960380006703589
0.007952441293132774
0.008050934624834067
0.007198651014507125
0.00704574114592845
0.006342100655602368
0.007434133809072359
0.006424403361157982
0.0063350175232102955
0.006122241862049924
0.006494930885994612
0.006358200194844576
0.007697740799438052
0.006976480356007462
0.007362659364964381
0.007189782516249957
0.006526326213463532
0.006171761870618949
0.007208819297328921
0.0074113045096425335
0.006445370992444885
0.0056732940821725975
0.006117190625020262
0.006085236923374653
0.006236269410141957
0.005763954060759537
0.0055184327653517926
0.005587882272034693
0.006525325063036443
0.005689004916118691
0.005469547239863612
0.006264983712761883
0.005664156322323859
0.005593600704617132
0.006732747817416712
0.005556293034329813
0.0053597165045701275
0.005188783041291552
0.0059429635720348985
0.006385831293194137
0.005792930794365173
0.006074467811011632
0.006450824855768923
0.005425012583450908
0.005266711370079494
0.006151053510800343
0.004867891858620912
0.005692616831115718
0.00551226892991945
0.006059919731128074
0.00634083897446096
0.005686313309333691
0.00592965067160945
0.0054293483542980706
0.005528980629674997
0.004659805044030827
0.0053260111278955365
0.00597952379339781
0.0057682452061553445
0.005219186079878796
0.005716306070651223
0.0057467063776849795
0.005209862404182216
0.005672623209698769
0.005278851883354026
0.004356580136953808
0.0058484715437489565
0.0055012118804085896
0.004626449957842419
0.004309432728083274
0.004487910128587431
0.004503610440417664
0.005466926934530964
0.005258622981175041
0.005660223357073478
0.0046170047313572925
0.004539713776595039
0.004787011255521169
0.005333361140714505
0.004718678206480003
0.004747320086665417
0.004084694738851643
0.004763012462069453
0.004087696633629461
0.004718659188164984
0.005306694924126638
0.005337498485865078
0.004341894668303815
0.004688640771992355
0.0036224756218151783
0.004067169741861587
0.003854487152525061
0.0035016568978984033
0.0036908155573737843
0.0049600299193447136
0.004328579506285298
0.005062338533150293
0.0037320711845929204
0.004375089889209375
0.003982693492288042
0.004369167993043035
0.004730908739545696
0.00451364040731799
0.003357342649362772
0.004378490266611602
0.003490487228854817
0.004709839418866024
0.004729676971034091
0.0036957042625107082
0.004753964296744256
0.003616927293402284
0.004081095914898006
0.003650101302709713
0.004095524524463662
0.004536819379723442
0.0037889840649068707
0.004113235533621836
0.004028690994615464
0.003787046368464197
0.002869935531171841
0.0035394114656677393
0.004220062738904103
0.004257498552100305
0.004216916044971126
0.004300308006384934
0.002904697369912714
0.004276384198648986
0.0032846474403917655
0.0029837819514188456
0.0033029304674621284
0.0033689554612044807
0.0034493941233771854
0.003658514964372974
0.0030300257849465986
0.0033623635326465668
0.00324011460124145
0.002765793869736885
0.004000243584864291
0.0031397274491055407
0.003912417817759386
0.0033328652777700044
0.0027993577925386785
0.003506610688567897
0.0038770436701936525
0.002877864837276848
0.003891534074471231
0.0038814349679515063
0.002838642663954281
0.0031512301231220387
0.003681283383354856
0.0025468694738656843
0.002946916600200628
0.002977505280547448
0.0037973462932529714
0.002531435471336038
0.003117611484296777
0.003250271532846252
0.0023764928349408665
0.0023640647213323132
0.00352106543610712
0.002107442706378584
0.0034130734096870356
0.0034431207476027063
0.002140357403409318
0.002513108199197188
0.0031352579683219966
0.002269737768657066
0.0028867460911129864
0.0031280432459268605
0.002342602930951969
0.002599585528652859
0.003166825845709417
0.0024144006692817317
0.001985766322798034
0.0028489811875536167
0.0023409178993927787
0.0021574794369817224
0.0018442737625411368
0.0026156850745560267
0.003151138974411594
0.003343034667474889
0.0026291763576482296
0.0018143505556634505
0.0021636525095775597
0.0031123327842695224
0.0023103226782056215
0.0020252253365487874
0.002469745528853389
0.0019554105894644945
0.0033788800518368624
0.002810539157382773
0.001848923078676938
0.0020445104489852407
0.001974097421638075
0.003073926434985376
0.003008323356596971
0.0022633867491764605
0.0022867502890589865
0.002201720117279169
0.0015863842073863214
0.003037863653347537
0.002537824399820717
0.002805143097230193
0.0016543208226711772
0.002899137012372724
0.0027526294357407134
0.0025425673249056535
0.0024801698431282516
0.0016043217875605158
0.0017590679971895937
0.002696903743467579
0.001420949977511712
0.0021578422362184013
0.0018154724336112882
0.002027279488472837
0.0021274012918735537
0.0022828538764607283
0.0020074128846093472
0.00205232669010715
0.0023182054852715663
0.0016087762829160859
0.0013340955317761593
0.002857357306448516
0.001244913003129761
0.001739509306231163
0.0026902483676314263
0.002413090395996687
0.0028951603040983966
0.002278741905134219
0.0029045932398033534
0.0016227526525262983
0.001318463703343629
0.0013829296369539926
0.002299106414254889
0.0018914795107798047
0.0025456961843892748
0.0022282903796866454
0.0020976836018070104
0.0021017123428408867
0.0024263100237115
0.0012460891044973593
0.0022452988550412745
0.0018545625071837712
0.0013074486698483481
0.0017803949936278402
0.0022577010228165156
0.002103882615304436
0.002599856420502948
0.0024628870318476955
0.002403449240823689
0.0020713654091765094
0.001141781864983759
0.002565028872804545
0.0025352781640145257
0.002374650949658182
0.0012311985274581648
0.0014008283175675482
0.0024820663102918207
0.00111689489716169
0.002119139443138985
0.0026433169332600657
0.0014093341062964488
0.001474498787740545
0.0019419002266741557
0.0010574911709329894
0.001008419898959267
0.0019658303079001993
0.001467788882507426
0.001975578832761571
0.0013088425797409358
0.0020477025854584085
0.0012559629378101564
0.0025383594019028834
0.0009598820343295881
0.0008318704995632092
0.0018813935854217778
0.0017670769088110945
0.0008024519371135024
0.001831516596807324
0.0010410598387955972
0.0019389675385393516
0.0009803705475252065
0.0021127087254439888
0.0008474937487333799
0.001847133072335867
0.002417420209332747
0.0021458903937507535
0.0018406609174806295
0.0010125569773538252
0.0022570532466802368
0.0014618982012385574
0.002291465614154282
0.0010979158488827825
0.0009635348786625682
0.002284619077732703
0.002218843376343535
0.0021083554871048076
0.0017430439333557003
0.0011225199106100813
0.0008171769479255682
0.0011115968449597563
0.0016453830387999765
0.0015767719785443985
0.0015688915004742777
0.0015400006931530618
0.0008730933039008657
0.0015069252084870246
0.001198864496971933
0.0020722542258171427
0.0020072972056104105
0.0010051551584507694
0.0020339829108767765
0.001815312855433282
0.0023002400208131054
