0.0010761237860431169
0.0021128225709921527
0.0019060095134807073
0.0010360027138119402
0.0010560003816504693
0.0008123794348804326
0.0019413975312603882
0.0017521800974470403
0.0008078094942849324
0.0018918041921739096
0.0016993446142527721
0.0022999599911216174
0.0010571127906069638
0.0013992893207789938
0.0010388310431953766
0.0013766892472932485
0.0016919428199082063
0.0013944655645351763
0.0010877028741459835
0.0017345502962473384
0.0006806725744419362
0.001280251608565766
0.0014151611913335524
0.0007472733403004264
0.0017379179718941783
0.0007227847471945433
0.0008389386327884063
0.001040944685383329
0.0016500703411747011
0.0024255558825535353
0.0023294283540323344
0.0020307991905100255
0.001694755943699337
0.001712797989575496
0.0010412116001860365
0.0008701371818817846
0.002431829006614737
0.0018553470448387744
0.0022905473351379595
0.001966636883946402
0.0011522362919985545
0.001791857457455838
0.0015469146394159262
0.00250629876406941
0.0018161033268335822
0.0014194038667797017
0.0017387728389592421
0.0019074814006093386
0.0018043261338692117
0.002421888731429787
0.0020365446066081547
0.001657027824788047
0.0018022561849967043
0.002314871934485263
0.00236245093336413
0.0017630142197490896
0.0009201329873806909
0.0012215415632702105
0.001832606053888968
0.0020995003243451937
0.002654342285363408
0.0014150857806606483
0.0011492160313707315
0.0013203087111410177
0.0022276921671251304
0.001685372131220007
0.0012178941217020228
0.001432349580830212
0.0016045596799912076
0.0027105966907788044
0.0022473966839826895
0.0019995338377124783
0.002644584823031935
0.00198360772578162
0.002306435805072356
0.001237935474046634
0.0016837767164992465
0.002263374158748806
0.002637859450623927
0.002262868726595392
0.0018542742985456265
0.0026743677965237146
0.0027959431468733567
0.0023250469973203403
0.0028021928402511367
0.00204319876687848
0.00289908812915484
0.002868684414948418
0.0014343649711512454
0.001566467750916516
0.0022253334005946103
0.00289519947821047
0.0012565117746443707
0.002988001006853322
0.0012924531899268208
0.0023350312047974303
0.0028991217892623197
0.002524973031014471
0.002496519084581961
0.002161917403179574
0.0027581943579059885
0.0021753730743012054
0.002922791178576096
0.0018072306758822672
0.00229382135718187
0.0023079975131068734
0.0017607196409378683
0.00184729097060172
0.002142919472622515
0.001955750656980514
0.0025689529315081313
0.0016674270207961295
0.0019750650082301165
0.003126523729631664
0.003241599462308494
0.0022999768491910075
0.0026200148735655393
0.0028394064547862708
0.0031161533669411693
0.0029117473813503685
0.0019344410811091045
0.0021771640695610627
0.0017619199350548001
0.0026131763903908703
0.003322327924959865
0.0022643682836674143
0.0023559084271369594
0.0028370073268485095
0.0016964889907486434
0.002154338493645501
0.0033662606632027907
0.002101112927272694
0.0031969623126877553
0.0022444946093983604
0.0026550947330774596
0.0029693396914470117
0.002871002699512981
0.0031503563918584884
0.002181049214495165
0.0022191568426801794
0.0019149515914465114
0.0030949085173360064
0.00246756975539483
0.0031012941703032633
0.002623739590561364
0.0023019076237356753
0.0036599482331064357
0.0024733116165398363
0.002198670465889291
0.002695153977053376
0.002309072551896038
0.002576180956298178
0.003331786660566013
0.0033720284871678976
0.003029340220960725
0.003246306718710097
0.0030587958064030936
0.0036569225481662736
0.003099609031167784
0.0033659926257625884
0.0029078290133190215
0.0025168724169337365
0.003910118340703637
0.003364070892730798
0.0039044107418179422
0.0034596606669390424
0.003365069264869277
0.0032734726256252976
0.003922152255467909
0.0031442710847260774
0.00313699466127439
0.0035218131842416054
0.002663554740623379
0.002688190324285404
0.0033012225581705084
0.0027004238535216695
0.0029225575867528456
0.002980035347676894
0.0032741174765210444
0.0029473622432091007
0.0033665297430950096
0.003791396662706536
0.00346979481084677
0.0027023782095354286
0.0035274344832306945
0.003734127526175469
0.0026760542672744437
0.0030050771344296906
0.002985917540321873
0.0036518210757693283
0.004075815305380169
0.004212702018768378
0.0027917909221685812
0.004294357998563093
0.003739049461297709
0.0029008489724251215
0.0029504678258349313
0.004644339799700906
0.00354132027771614
0.004429318030302756
0.0032212263686946965
0.0037787219351277297
0.004542299070747886
0.003086798490858695
0.004364840075591267
0.0031799356032251903
0.004239453505844135
0.004357655909770546
0.004215193710654232
0.003603282352279867
0.003730953079693393
0.003950604824676311
0.0036075262456256034
0.0036734715162089013
0.003440572329899488
0.004219879419467412
0.00424055370152987
0.0045572663218461
0.004608572141324822
0.003556802653761133
0.0047244055649014694
0.0037174463799312624
0.00451145225900645
0.003530959771743489
0.005069042407230544
0.0037652787305569885
0.004893358371777085
0.00442841789022017
0.005115537254049152
0.005357224878932368
0.004759069934207449
0.00473060688658254
0.0039636402017701085
0.0048729210449063075
0.004700781438815374
0.0038750770379878435
0.004166635002106803
0.004757968395357593
0.004199898904609069
0.004708687479994035
0.0049760617614273295
0.004529456499168652
0.005722291750304863
0.004669133752679376
0.004996384537343486
0.005734922613917636
0.0057050077192936696
0.005283479296566211
0.005003373340908597
0.005667945149087431
0.005197156343917004
0.0058940104176333505
0.004715760856266345
0.004653436997920195
0.0056494535972220405
0.005235558619845351
0.005097620137206939
0.005482643284153511
0.005081081656681383
0.004917048383690715
0.005682278357742271
0.006253853207699861
0.006295071488019665
0.004839250043692553
0.0061693537430843074
0.0054959903276323935
0.005697858951805128
0.00545137621595821
0.0053596844121212165
0.00586009492998609
0.005349919402863713
0.0054347124748468
0.00605603162793607
0.005179555372819277
0.0052986487336847445
0.005710775380600885
0.005713063666782239
0.006064579520319129
0.006351464086667676
0.006292531400251223
0.005554231460239563
0.006452622834255875
0.006817503844884654
0.005334930370620648
0.005399682294028723
0.006873914020990522
0.0065198232097187486
0.006464754699356322
0.006296730822623535
0.006575723866518462
0.006389991413653863
0.006450520248300501
0.006094387821146615
0.006520178094971866
0.005722112973965041
0.006329671199128218
0.00591989416346054
0.006309208385807477
0.0063076973599639555
0.006542628400790804
0.006317603250546341
0.0073472287420642424
0.0073014775675595825
0.006937019144695486
0.007089536004411644
0.007635891176052181
0.0063536408472260695
0.007655140124800216
0.007485718636773272
0.007709327839679855
0.006666956798759405
0.006838886274754953
0.007743303586045218
0.007298806812360693
0.007947376642999314
0.007885009374726007
0.00751100111801118
0.008318519727559101
0.006702048407018732
0.008045370840916086
0.008279319727481199
0.0077212996669690885
0.008372272437465949
0.008513079829439357
0.007943213695994787
0.00690389432586794
0.006978934825739522
0.007666701226229896
0.007828521508861182
0.008360397254989629
0.008159378083596954
0.007880851490248962
0.007724867582058769
0.008643461668691019
0.008005385839031874
0.007352474877271652
0.007799684350754838
0.007580109218359464
0.009131718275675047
0.008270182737921612
0.008376619571195478
0.00934146275032691
0.008379378854161058
0.008878459477012463
0.008328333340259845
0.009044162684000193
0.008013537413258068
0.008574982908583516
0.00966664045880695
0.008355505225563813
0.00884888067843443
0.008980428179254932
0.009313610113650962
0.009071186307193611
0.008995773251066501
0.008990297789384689
0.008803008037469626
0.00898233329758355
0.009673893992754442
0.009677748655784526
0.009205310627701864
0.009537332068690991
0.009038832787190212
0.009339189024362102
0.008683083499808775
0.008957748043001462
0.009730519750826816
0.009873377138349326
0.009143068607734941
0.009674326096199585
0.009855888807438313
0.00956934640635346
0.010316117854212551
0.009622443426462202
0.009725912641094068
0.010312032880126765
0.010016664968686648
0.009493406802419446
0.01076215384873717
0.01029836269563853
0.010478742536207498
0.01039656677276481
0.011190728038943576
0.010795076180359258
0.010973268641999639
0.010881233948776482
0.010668797672766378
0.010757693541095714
0.011604330142941054
0.010978770186730246
0.010636444593824615
0.010867798502433022
0.011313887739673659
0.01039981051672392
0.011507016074508282
0.010873395202677064
0.010765473196376552
0.010730908152721059
0.011775127044678969
0.011315522237109943
0.0108383282167424
0.010768991735287139
0.010912680625358133
0.012302332841491435
0.012291945372784944
0.011682179819875705
0.012053242861714504
0.012732999814014751
0.012221934519122164
0.011540603497784966
0.012448233279559212
0.011679945078272466
0.01282487923013297
0.012890528972300332
0.011495000708597146
0.012662817590888688
0.013274230577445699
0.013291870944904824
0.012727056749479226
0.01212100318297352
0.013001870619093525
0.013380905886658738
0.012781566509833522
0.012397141378767133
0.012536362917567346
0.012176387770841159
0.012122557159265584
0.01379219470722493
0.012785730647870438
0.01397161538686714
0.012743369481947103
0.01314433759119091
0.013931955652892873
0.01379385977086222
0.013017695345136816
0.01361953059184805
0.014285968782835699
0.014170224018300467
0.01451401705157165
0.013897882957093452
0.014702713668993788
0.014148117803756115
0.014554148434493815
0.014636656806494685
0.01366568347742742
0.01360001785051092
0.014520350551478853
0.015039839323539736
0.014329170906095997
0.014430596048396556
0.014232782903558778
0.014118807504404994
0.014072028926954699
0.015377733492608268
0.015346974414094152
0.014305449388494502
0.014046513785499279
0.014699794658446038
0.014327473890084081
0.015612374730824698
0.01506430924825721
0.015349446637387028
0.015743227967600915
0.01510222091728591
0.014669851032413552
0.014853149332294651
0.014976753245869836
0.015478523371169901
0.016138525229036815
0.015944331047000413
0.015074556796229719
0.016337936352343967
0.01607321520716142
0.016915237350994206
0.01621069711699902
0.016458074208850117
0.016864749027696368
0.015890126720068287
0.01626886355452676
0.01618504792409538
0.016386852614174538
0.016245208589198187
0.016022061544708543
0.016627721968920303
0.016593788874032005
0.016582605082198706
0.016308670696316613
0.016886005330823736
0.016624774328330084
0.016368317439264056
0.0166280209448748
0.016844095143846674
0.016868143899308775
0.016663694042958102
0.017064676999422993
0.01823994712810993
0.01808980185171532
0.017120236380151147
0.01849138753270407
0.017645110449146642
0.01866291322506788
0.017592853793723218
0.018886413836618512
0.019049666260374385
0.019124427522244473
0.01867826328254859
0.018220190026646196
0.019250641775423488
0.018817187523491635
0.018412821569777926
0.018471420613321504
0.01956514495661212
0.019643807440164158
0.019458821809658237
0.01917843178224272
0.019519687998645292
0.01852177149650049
0.019939835203286183
0.019975085969368582
0.019198130558642775
0.019474633618086927
0.019475749328966414
0.01975341106364565
0.019405935399910396
0.019959577609093122
0.019925594851479277
0.020423062078197707
0.020535449633689154
0.01930659839596697
0.020078074605868204
0.020627968523838743
0.020830348980978585
0.01989505664979377
0.020477090723722804
0.02005765462545526
0.02141783114970315
0.01998173662638773
0.0204965353094615
0.021309878466142844
0.020300961734968495
0.021700918634057785
0.021551647027906448
0.021189162359210364
0.021442736443787594
0.021074880398151592
0.02059548040328089
0.021905577198536454
0.021213661035633154
0.021210858532482335
0.02244192132810937
0.021709129828328743
0.02161090124391499
0.022627846878608394
0.022043591682275862
0.022005622731172774
0.02190878724001679
0.02205047358491712
0.02300645735593551
0.023338062387643774
0.02209652076235579
0.022615687841885036
0.023021304886698242
0.021996004240847928
0.022847029072364196
0.02291452382175566
0.023041006098598434
0.02345456640252892
0.022743113623191747
0.02391293602033933
0.022845073677569838
0.023787013120358084
0.022732936070160515
0.023295546990663392
0.023856469276713144
0.024515663905159493
0.0242317561680998
0.02431081558217746
0.02387061983585193
0.024073726779059345
0.02462208543657684
0.0237322639652519
0.02422517654835218
0.023946528404820866
0.024331798752012003
0.024340179330337205
0.02487315170875865
0.025555968043062233
0.023960352300565143
0.02532516913536631
0.02556028217646558
0.02434034661609082
0.02554575909141892
0.025690079545157184
0.02528722885020975
0.02623861615215531
0.025047559270422914
0.02621893114762484
0.026343483724907992
0.0257399589971889
0.025288415533758896
0.026650245294814086
0.025463420734695454
0.026024196184362115
0.026383593393101912
0.026987294668666197
0.025655605673799108
0.0263576516210468
0.02714694064928449
0.02572960522420722
0.026990751665435308
0.026924110527762363
0.027250538566182415
0.02659888993878918
0.026414833360249575
0.02641858312635015
0.027666594033486012
0.0275840810738134
0.027187233407400913
0.02668619657346826
0.026847890608232842
0.02710354793711385
0.026838615957738256
0.028050000768851027
0.027992585765913625
0.027933404076845757
0.027705918218696283
0.028327671305509877
0.027439542045930593
0.02804013399980409
0.028656802456841553
0.028512039369058946
0.027706497699473233
0.02804264358781942
0.02818504221399329
0.02936341909389788
0.02931192788213184
0.02916925984657138
0.02825714226445399
0.02870904929739603
0.02986541263095941
0.029432426308876398
0.028716573428510226
0.02986563772238604
0.028792084676003717
0.028656432034013305
0.029256922310039776
0.029835237715201805
0.02909971177610941
0.030547546943794215
0.030447016403657483
0.029877440326608364
0.030764564110895492
0.02930035843713445
0.03032115419265078
0.030114745326874054
0.02975251421282631
0.030562450964355444
0.03120087900553574
0.030204547514664115
0.03120724922786092
0.031277913896297714
0.02998429225733273
0.029990941120528095
0.03089686824841054
0.030892888677249708
0.03071151898379275
0.03156633021033813
0.030686002451097337
0.03076266388157093
0.031680745578028115
0.031942877670307165
0.03153419479745971
0.03136966196072775
0.03229811543726664
0.03169910832016509
0.030964129972281516
0.03227468504343413
0.03147363075813714
0.03252526103417993
0.03283661680354651
0.032194487804956894
0.03298698676411706
0.03319991166898302
0.03205055797191824
0.03173234304801534
0.03256166802064013
0.03244729744903522
0.03317395960234099
0.03216316499460967
0.03223603861122289
0.03296203444079733
0.03228499539542294
0.03252658559496164
0.0336186946386329
0.03259151556668109
0.03306930974025005
0.03369067817939941
0.0328651334975886
0.03358732794891223
0.03306560133760018
0.032887098766218925
0.03441583299724278
0.03465590408969527
0.033592806072877526
0.033454575675061195
0.0334332815607316
0.03482349861799979
0.03343800923337561
0.0340249734989058
0.034474845045635534
0.03473200936880387
0.03522882874484748
0.03439979469288656
0.03441983012673466
0.03456076815430101
0.03449210250227721
0.035471425377626375
0.03446324907460864
0.035175579444229325
0.03535635321320959
0.03535802983633423
0.03541097733594176
0.034680630844417276
0.03557069723899772
0.03500837174232098
0.03531284073912888
0.03586565611351232
0.03538458086250605
0.03552218996895276
0.036195084346137656
0.03550711323244473
0.03610693749572382
0.03507590418448722
0.035670754088482276
0.0362089285574293
0.03636041712967615
0.03606208181235417
0.03606970615353031
0.03657781515501111
0.03560615314284691
0.036164582858709785
0.036870617376663174
0.03732975515765094
0.036229576653534
0.03662532503025013
0.036178534839807375
0.036869825223522674
0.03757073687405685
0.037358933124138884
0.037527450958782474
0.03788743681046168
0.036762449570280055
0.03795128076350957
0.03692653550757554
0.03742827995852091
0.037707315650502046
0.03680035147072272
0.03710988803373037
0.038317702858810775
0.03814084941537608
0.038051177173082595
0.03820725754474002
0.038241386501070125
0.036937042435795354
0.03706036628106273
0.037777264523578886
0.03802584621438795
0.03889729153469677
0.03833580582816924
0.038287192510539025
0.03875456997000665
0.0388783689536023
0.03882410793568736
0.03755240645241582
0.03802534053752756
0.037772776959208734
0.03924479667009569
0.03804038229119344
0.03829371605579149
0.03870304856525879
0.03853477409878767
0.03924984164727215
0.03845786185181684
0.039714231019215084
0.03874366697344579
0.03955549103703435
0.038597064889784365
0.03910883442462115
0.03973135850286087
0.03979509617868078
0.039550937773795355
0.03984869667731675
0.03928115576073991
0.03972684134900206
0.03931118813438075
0.04011074175611014
0.03999871304772215
0.039030298328824695
0.03943906048376123
0.03897954393015696
0.03889108802985162
0.03999271124725339
0.03999852979248643
0.03948060421373827
0.03904976768250519
0.04049554994880871
0.04000333275488904
0.03966669985297892
0.0400444744158859
0.03958690866335627
0.04019530492929525
0.03990786028287183
0.040849182949437415
0.04039654429275505
0.039943756604262956
0.03977022212673567
0.0402044027348243
0.039958701792491225
0.03982789868843836
0.03969270724782271
0.04091033524899939
0.03970418252092376
0.04139196507016006
0.0402749070846533
0.0398466300738631
0.04020402108426182
0.04031381153364071
0.04059209324543742
0.04091570229884011
0.04108621073057109
0.04158044537909209
0.04133144585470299
0.04102846433638303
0.04181296816211004
0.040877304135820275
0.04109267585310555
0.041031826786391605
0.04055416637695287
0.041595743415250686
0.04161975727734419
0.041218659856779645
0.04063463585800136
0.04057105407631263
0.042017231328434754
0.041714809127879
0.04184807964502001
0.04114523257484304
0.04117868158169557
0.04061249753004748
0.041893082093864595
0.04183169600625159
0.04111534023777371
0.04129322940557196
0.04170885796074873
0.040829056695622264
0.04155381560928269
0.04182501950749656
0.04087776777266259
0.04113570588881557
0.04181493140148005
0.04205666952782748
0.04249639284865772
0.042359668884378296
0.04181064380444814
0.04226611681923501
0.042274586796899
0.04102038618344555
0.0419755208953545
0.0410569528665718
0.04239962637686472
0.04149571848583532
0.042810634872894535
0.04283108329252986
0.042073416968293975
0.04273144232986669
0.04247185758401687
0.042129610172039096
0.04183454251254882
0.041963624922845555
0.0420419867306513
0.04178574844925189
0.041435481920089445
0.04194174950609143
0.04275804208271851
0.041629572218001086
0.04218496235391706
0.04231996310479239
0.04191368667404865
0.04154916701393102
0.04233838348218184
0.04223108880198887
0.04137826216994635
0.04161112590250344
0.042753413384362
0.0415950252664538
0.042265469315867166
0.04263435364764806
0.04254159337410507
0.042249061809934325
0.04241405609806728
0.0421567804369397
0.04272942891066844
0.04215511739386354
0.04179460960096025
0.04254712113270635
0.042709472341131295
0.043154518784760974
0.041648338178032034
0.04213245134603777
0.04146923731537819
0.042111965556826544
0.041903874202112217
0.04281250237571824
0.042234838364668126
0.04154462927331409
0.04225952115469372
0.04216745839376116
0.04279675433609067
0.04171540329203407
0.04211646077587772
0.04281572130082846
0.04212363407490821
0.04146293914386534
0.04145788078321655
0.04205895286309215
0.04258269470229005
0.04257114676343317
0.04313003345435391
0.04258941636430695
0.04160522894942564
0.04226256730596884
0.041599229657913954
0.042102824437615476
0.04183002263405506
0.04270353173226526
0.04161156462972788
0.043043011145008414
0.042897679132180004
0.04245395903163969
0.042160574975308056
0.04144165810839375
0.041931822205525486
0.04288048711775349
0.04205710625082481
0.042783603264857695
0.04128386127659938
0.04141529143030257
0.041529748260352384
0.04264580163384719
0.04174139734282259
0.042497543469264897
0.04178821636205853
0.04156387019734571
0.04216176944296965
0.04173141125561635
0.0427106823372304
0.04241523113500364
0.04270861297549082
0.04269923988130711
0.042607695939500034
0.042613752319235594
0.041304792920812156
0.04206641712625369
0.04119024847459455
0.04171183572608854
0.041965376955043564
0.04252927713632278
0.042291309363396805
0.041384393329148464
0.041678618108647106
0.04101807563432533
0.04125234679260278
0.04080748677600834
0.04204578131665558
0.040846835271294867
0.04150601231958986
0.04228556890662016
0.04140585733510957
0.04146102489920823
0.04201562613963425
0.04064763032992213
0.042155060815449515
0.040476547381978964
0.04053547639097236
0.04200151774956922
0.04086398518875126
0.04193380719878679
0.04042951494363252
0.04077280724538105
0.04153853630101121
0.04098923321444619
0.041835241626162964
0.04054138201291891
0.040867281662941055
0.04081918821829758
0.04094076366627066
0.04097333251024786
0.04000631924356593
0.041115106639924126
0.04097390047292309
0.04012770329873401
0.04140915894006188
0.04074670746903433
0.040012908413119636
0.04035091194353891
0.04064838647299966
0.0396849149276246
0.039505105397198634
0.04018048136093555
0.04060815364888371
0.04042332213502101
0.04093096885214301
0.03980700347833439
0.03936503120322955
0.03962242468072921
0.03994442133373534
0.04067503065981342
0.04065998444693112
0.039123481687422954
0.04025142424783067
0.03902258288401541
0.04013174506102951
0.039098207187133104
0.04000403395383221
0.039653820101779036
0.040195986091814545
0.03910932819036401
0.03874696797167046
0.03906175140881375
0.039937918812676
0.04003982846708274
0.04008319490518794
0.03914542163602805
0.0395752631493399
0.03836169606449956
0.039336163762565074
0.03996070642949623
0.039568866324520176
0.03882536841810627
0.03817823231499124
0.03813611102439466
0.03924316077195519
0.03829634308218407
0.03911985506788914
0.03946482864362323
0.03876395592265604
0.03772228697059078
0.039087870010932495
0.03810722922622908
0.03912602774026023
0.037849707170544464
0.03851116708575877
0.038144277877243754
0.038634458603772986
0.03899424551950029
0.03842952249624468
0.038747670704243335
0.03765627203003892
0.03733878177564509
0.038377443584980714
0.03781842243265519
0.03782448433249928
0.0381206188315048
0.03709670061071934
0.03691164268002581
0.03728021606828528
0.03818478512082015
0.03676384723666284
0.037189921155420566
0.037783972345980986
0.03734823026415395
0.03771525391492205
0.03642369221738558
0.03763663253195618
0.03662685210963312
0.036875681658320295
0.0361091696862523
0.03612474443005787
0.036703674262157066
0.03679846648200469
0.036371173899830356
0.03587116689521954
0.03696162972551506
0.036094303164139266
0.03672362162173991
0.03660457917908044
0.036073505793624075
0.036619464230996386
0.03592242929946857
0.036322425749439564
0.035566900485364886
0.03593538258260117
0.035795725878693355
0.0349826211454627
0.03610702557117088
0.03605292779882285
0.03638677220470464
0.035989869044855245
0.03469806507780735
0.035589987670632574
0.034524154235396724
0.03570477287616435
0.03530219953639461
0.03556173184257839
0.035700013004569535
0.034401134955799655
0.0341438087072077
0.0340594739385826
0.035524448133022184
0.034826319220791324
0.03398342544882328
0.03391697200980318
0.03450153158616479
0.034085568832153426
0.03503279198467445
0.03432847093506345
0.03341032232453616
0.033739185508878944
0.03386487170816875
0.03461534405587111
0.03306450940071217
0.033467804650068114
0.033358493389540465
0.03298774224315889
0.03376383234770185
0.033142545957492796
0.033878306475836735
0.03420477057443964
0.034085694014245556
0.03247251479887145
0.03361066771199893
0.03339136091961167
0.03384468933375764
0.03273469262446718
0.032462496646489536
0.03344537347010318
0.03276595096662959
0.03336080259093198
0.03341533506556432
0.031701371493049066
0.03239973502257405
0.032459782314396037
0.03147071779948512
0.032698895091442685
0.03183375781488916
0.031429343265905844
0.031185225276135497
0.03147095463278494
0.03265140101935228
0.03212104442001575
0.03137922112961368
0.032452098933583216
0.031126557795261686
0.03130012877341706
0.03085599552899434
0.031968396800582485
0.03064419752430061
0.030441381319483787
0.03108306628166738
0.030263484072650382
0.03009419240042062
0.031068529395603936
0.03043097520993769
0.0297894960272448
0.031287615929905775
0.031061872408437267
0.030783496345979534
0.03039946698484406
0.03048716649637559
0.029323045698823578
0.030816583075932318
0.03003504527485084
0.030697854731335135
0.03010512173541143
0.0294833749234483
0.029185380082601478
0.028951668437367923
0.030365816932082644
0.03012117696258697
0.029551232462471246
0.028797554126228
0.02954121631143288
0.028712395344592485
0.029121282765638676
0.028373875974799994
0.02886045626511186
0.02840542847568998
0.028581500312298894
0.027879261073677147
0.029472165975784437
0.027987103851573717
0.02910996337055194
0.02841739874130608
0.02830396700750538
0.027587051285564584
0.027364271623906044
0.028755200452110687
0.027281871194843595
0.027852607211896967
0.028267310038988042
0.02742927552881172
0.02711425205099548
0.02720684726992924
0.026693466494070093
0.026672847380791793
0.02793146594372535
0.02729219256502714
0.027699643111784265
0.026960678109909927
0.026629391507074714
0.026084570271644247
0.027146458288028426
0.025925760769936898
0.02623203767018449
0.026243506847949457
0.025693846338058456
0.02691045612397054
0.025500223311657223
0.026952405908608253
0.026462709757573255
0.02665661170403371
0.025668714677333303
0.025712082771711164
0.025948740025361027
0.02655424792757372
0.025755828156163296
0.02646077979091468
0.02512564748077456
0.0247183286997068
0.024767637087651704
0.025783402177458534
0.026024380147232913
0.025001982199078628
0.025582347891757885
0.024520145512057282
0.025039027372774494
0.02423801583479938
0.025102136936077695
0.02401921451642611
0.024517331132563953
0.023804171203418375
0.025058673716318997
0.025120037886734448
0.024429980728835468
0.02454468305146502
0.023872892120534235
0.024510954833942198
0.024432788622549852
0.023591245221628136
0.022896807604426493
0.022830333006118784
0.023475385154270126
0.023072992772991557
0.023345133141601786
0.023727313220647753
0.023693424789293135
0.023942804589069288
0.022608177228688756
0.023628236205531995
0.023428901777865507
0.023003970023548925
0.022013077981387238
0.02241152184332115
0.02253935311084691
0.021866499369113345
0.02217905944352225
0.02154538116911039
0.02146699457855109
0.0224672846962747
0.02294479824974045
0.021245242689143438
0.02245950732490093
0.022272330549896944
0.022460173027310813
0.02210424379234084
0.020916889392745698
0.02081900239738917
0.021728588793741867
0.02109841991257615
0.021896226643566902
0.021822667859527512
0.021566100755161684
0.021708929956426187
0.021899761084738973
0.020873912286588404
0.020944601690681686
0.020911615618010675
0.02020408556458792
0.020092499178011588
0.020013236881939726
0.020060563416142645
0.019961540784907302
0.019996147421240673
0.02076759049424923
0.019685097599340732
0.020812840064927077
0.019424262288808666
0.01912746415622084
0.02020967006051587
0.019579000040720617
0.020572536858065295
0.01999358552334788
0.019369578961773087
0.01977145826284798
0.018708509795678157
0.01952556843715955
0.019325052052021438
0.01998161041618595
0.01857296425395356
0.018441338601446634
0.018320462121027805
0.01940424093673634
0.01840188070422052
0.017996876633493725
0.01842962215869011
0.018695467369153815
0.018827460243181063
0.01925427428427031
0.01897111545047757
0.018979537192963254
0.01792068493458225
0.01871176327430485
0.01884048931278718
0.017653381741989358
0.018531518355407204
0.018217832829752364
0.01775284018586189
0.017388706305555966
0.017082930396430645
0.017866717390887774
0.016820015077819096
0.016793091858577542
0.017486993666549936
0.017420729505464885
0.016643421831397023
0.016450873078682676
0.016573344155829537
0.016927410349994593
0.017356139513644484
0.01650488185744271
0.016911049495278652
0.016089435509076246
0.016465133941122638
0.01613073580220094
0.015665721325063737
0.016915953754532236
0.016743467260694235
0.01708094550625487
0.016696061020788532
0.01531607174712267
0.016244754950556026
0.01688630808585184
0.015353313715385314
0.01643372334284573
0.016513638041878807
0.016175821226062963
0.015476774827270614
0.01514084844328408
0.015315410247437879
0.015238588177814089
0.016077890057470793
0.015415704937507943
0.014476468239303564
0.014454889558069157
0.015185572804358562
0.015519003892429054
0.015705874652217736
0.015088393264447091
0.014353666674853395
0.015168439997361031
0.015578472772546223
0.014821606031309583
0.015417390553336728
0.014412188477170225
0.014621785097205015
0.013722131550782618
0.014225935408920292
0.014187349541710912
0.013718854968722698
0.014088502651799764
0.01480086563921354
0.014750516247643411
0.013903028056369098
0.014242421396111253
0.013610819060785116
0.013454837016791862
0.012857017422223987
0.01388045527273273
0.014327583536938466
0.013051608511518452
0.014090165713342451
0.012697406592682432
0.013742087456794552
0.013064166595057625
0.013571686690930125
0.013823040227933
0.01268531943966354
0.013039997839869737
0.012987523531409976
0.01279109249516694
0.013490878661563628
0.013512023221063174
0.012786661244510457
0.012028598586483736
0.01213951423000173
0.011760456210082544
0.011922710536168089
0.012829712915366854
0.012671995495847242
0.01262138660696032
0.012574040312598176
0.012700495683703574
0.012284147213440075
0.012326651943004746
0.01214886073197028
0.011223202069668484
0.01262463076471229
0.01143717692117212
0.011703060302359946
0.01110665703914858
0.011296364453616415
0.012349499640757204
0.012257452856051954
0.011049613853073985
0.011389738852310673
0.011460104024667335
0.011100215808167379
0.011839263719564074
0.010480009149399507
0.010939035994739967
0.011560422382950752
0.011279711758592423
0.010761500653740685
0.010839443056271006
0.011017980281703435
0.011171369742910968
0.009875545974788957
0.010648543873981555
0.009916763977338705
0.010824516270418022
0.011063983472963081
0.010307323359516542
0.0099356963482625
0.010411849710078773
0.009793979222025224
0.011068540987516669
0.010937380174420405
0.010305998972453925
0.009841839985455778
0.009778825647011602
0.009554899905500356
0.010022127984946373
0.009570129255520317
0.009139606027586775
0.009999289170676988
0.009525768318377297
0.008910908462731409
0.010130486345354581
0.010488911637321638
0.00938587136848881
0.008962353186154121
0.009438006609163996
0.009699067448267117
0.009491603146895313
0.00879075840593543
0.009098525544346878
0.009623064049262183
0.008384953302364963
0.009726405080224437
0.009353446894952166
0.009585204363624577
0.009323514731614397
0.008061639060269984
0.008663338169024513
0.009264876263614354
0.009619759597044348
0.009085213591497204
0.00862167320171127
0.009143675372113596
0.007809807959410017
0.009101026114793466
0.00902572990158582
0.007929461125342305
0.007753031889823355
0.008025260645078056
0.00828797472808979
0.008489309200352306
0.008746820177447646
0.00783294033667869
0.008704149186460593
0.008337697021852667
0.00802365272472392
0.007555825399131612
0.007358073613494471
0.00866207172075595
0.00724628421553575
0.008482778512035572
0.008106335072778099
0.00829246572538989
0.008387096849427508
0.008171443308034343
0.008509424731275866
0.006911983844885065
0.006873450405494476
0.007253528241381986
0.007185454151503139
0.007012790804336809
0.0072681470890846095
0.008071213480115993
0.006879322289113462
0.0073718193166602275
0.007994030492474114
0.006400637923108551
0.006783852493406035
0.006935460751574009
0.007049763112619356
0.006960759983002825
0.007207136398257531
0.006639728312511099
0.0070028858858712925
0.007304089116839704
0.007401682533540409
0.006202870499692624
0.0061726715697702945
0.006078205734867292
0.007574593219354439
0.007313758274438472
0.00727673751859644
0.006603835900691718
0.006773542730927799
0.006873438110367195
0.00688751805406667
0.006448134062652437
0.006615850198464082
0.00674811863766552
0.006541304757514166
0.005991718529855842
0.005875498423082205
0.005954910365380866
0.006413489601099569
0.006295709370315277
0.006117184265802469
0.006483996383978967
0.0068113617350020386
0.006160322788914817
0.005782780599460557
0.005792520176863395
0.00525009228451993
0.006654955635441134
0.0056272616678625775
0.005388755099879874
0.006053024759368637
0.005421698348115413
0.0052061788919559055
0.006395724084710462
0.006013752193875322
0.006381117293102376
0.00617557261483542
0.004998609968414535
0.006012855909074851
0.005386913946374453
0.005681004210034669
0.004670025899636844
0.006133120769439312
0.005765838346527907
0.005624220725699856
0.005139839549050917
0.005647289303917178
0.004906138040395337
0.006066467262954622
0.004379968780816454
0.004865754612798046
0.0055517004345986476
0.004873947874240844
0.004600226726524434
0.004901052471633887
0.005046214613154282
0.00467377214780935
0.005682214644056656
0.004606456789915876
0.0044632164131707
0.005045973846141925
0.005315051956115097
0.0047759972481592585
0.004994702133291201
0.004941038603479397
0.004760529514150498
0.0052195937207982985
0.004089852562696405
0.004954885011364259
0.0048681101103070605
0.005007523656558811
0.004273818433078075
0.005204108194383401
0.004093365693058492
0.00439935689260229
0.004570988470799314
0.004318610715404362
0.003718830490758308
0.004884781486550266
0.003907957193939922
0.004892145260662725
0.004981133624328509
0.003835243413881255
0.003457297277884106
0.005097836268467157
0.004720431056493835
0.0035494085561540707
0.00457500749417071
0.004400334226262882
0.00353834080461238
0.003562508496855117
0.004810993349796367
0.003916236488282164
0.0039811110700977426
0.004651580157317339
0.004405596597104102
0.0032841869526641786
0.0038316377348517152
0.004404980102928267
0.003460559511538948
0.004008373204334123
0.004224705407911694
0.004100884240132362
0.0034738491163413938
0.0038808503433326053
0.003139292539038657
0.0031348767960081934
0.004313384710390958
0.00333324700563122
0.004442233188831119
0.003258245118480774
0.0036069270228251725
0.004312945282834713
0.0038964763077806654
0.004266244986224805
0.0027291022887906548
0.00306676236100852
0.00332713769043069
0.0033911848056437893
0.003275984033409446
0.0030287856413606555
0.0030989898811720597
0.003205492061769765
0.003104454723030249
0.0038564592635537665
0.0036863118730262106
0.003685444005727228
0.0034339715151773245
0.0025608820863479084
0.003120534984999767
0.0039834293682780506
0.0028239256379101138
0.0033879827851571666
0.003267205857110682
0.0037027155400452152
0.002308257480671626
0.0025493304197175223
0.0027740767442839317
0.0026309704439623862
0.0036742416218437943
0.0035055551460218023
0.003394984589427267
0.003247888856252114
0.0035370733790981036
0.0027836306790692197
0.0036373028899587072
0.0032348149408573928
0.00350563243128451
0.0036782619516232576
0.002176691671650308
0.0022290346042016726
0.0023596946015293978
0.002508218314798836
0.002436969184608255
0.003666859429911311
0.0026776488461282277
0.0036341161001474335
0.003681007959885317
0.002594349561918304
0.0035162654673628565
0.0031956150744198346
0.002357291435240862
0.0024897813867335162
0.0033718806741668086
0.0022387413067703078
0.0023779310575754394
0.002597801315358064
0.0032376807028127426
0.0026986357866302458
0.0034347866917584812
0.0030164461427105967
0.0018516035295307826
0.0017374656133110206
0.0034601098796421797
0.002739526751354365
0.003039961516789732
0.00215594742348579
0.0026122604886838134
0.0023698938866918654
0.001936386265203858
0.003088598819714779
0.0017701878222935257
0.0020413066782264564
0.0020758714758917244
0.0031933434663600543
0.0018871211460611355
0.0032526399251609412
0.0019519923602469187
0.0023460148984563935
0.0022478525014255767
0.002003937602797942
0.0029360728667822064
0.003025639980722293
0.002993203256082512
0.0023885960525208767
0.0025272657570955294
0.002963322045818396
0.001834969022702578
0.0021166531462096846
0.002328758342960611
0.002444967670925785
0.001781530739952348
0.0030151943899142533
0.0028850878668783583
0.0014284703735283253
0.0019443080782639262
0.0013848646885649795
0.002742306185193478
0.002344139338250321
0.0016353753428440456
0.002357539018067711
0.001243352386457904
0.002753001844322577
0.00265890387876308
0.001395368889094761
0.002070353849192344
0.002005676233947587
0.002094107480716617
0.002193224298556054
0.0014105240924063907
0.002638554744726153
0.0022388166562853718
0.0016851238982561792
0.00237266494208472
0.0011216840524984105
0.0023352905149293356
0.0024566561339740165
0.0026993484730340063
0.0013975147216664064
0.0013200097124622281
0.002370569460717363
0.0025783405333051185
0.001640895924583681
0.0027777248154871935
0.0014809579745339314
0.002183450158864383
0.002055040232437883
0.0018146390001725675
0.0025693780202909354
0.001858447615318859
0.0015314622900499714
0.0016606548836504648
0.0014750452600606483
0.0013155700666271062
0.001375354380721239
0.001502901302673256
0.0010743992691864134
0.002614176907831845
0.0009509580935270652
0.0008926013485775197
0.002187700016064521
0.0020715470895722753
0.001535685390012885
0.000990965877524626
0.0025008069888196615
0.0010232622906382548
0.001796821067993675
0.0011301524057549454
0.0019221638743605251
0.0011135715177028784
0.0017099594432376367
0.001656987590014506
0.0018180734407008325
0.0012819524770583963
0.001079437963887323
0.0010483700965176269
0.0008591058192837456
0.002472403570581597
0.0014006757668390357
0.001087939587289355
0.001782822334824552
0.0008705795063492039
0.0021217107651407188
0.002112991297054628
0.0013281886322691313
0.0007173140343591914
0.0022731615093588833
0.002284807277843697
0.001062825102072471
0.002282529780168105
0.002155903308497551
0.002224046661523833
0.0010886282247849178
0.0013325178779284496
0.0016580621276900676
0.002180903018405151
0.0016546516132622375
0.002099917849767317
0.001416553139240939
0.0017399991230833977
0.002133078497583558
0.0011309340803136879
0.0012723854220212968
0.0008031279375366345
0.0014843902204191297
0.001515436249066752
0.0013423530736016876
0.0022670177630715023
0.0012038910776564237
0.001773611976525954
0.0015493149147121255
0.0010073234099328508
0.0008644910540776109
