0
0.8115790507698024
0.8268196968759205
0.8945493718600052
0.8736020040996818
0.9052979555413139
0.8541742684372087
0.9132596420559317
0.9270168265868531
0.9091230671686531
0.940688100127856
0.9354544600767251
0.8954627167574791
0.9358997786118207
0.973827485316272
1.0526827267725734
0.9317552672992828
0.985420707855154
0.9877345680404116
1.0183333189885526
0.981697279677856
0.9347114297705338
0.8984131249890425
1.0749415772180815
1.0246593597511355
1.0559813287946567
1.0790488088018753
1.0300882371474802
1.0985636356686277
1.0255351637137027
1.0427276004728774
1.0075344215802442
0.9732096391344862
1.0615421336954345
0.9789708661760197
1.1152676012451401
1.0744846922133595
1.0098909066979505
1.1229079035037912
1.0631238895688844
1.128767191650843
1.0141855653085137
1.074464300036202
1.1167008258348798
1.1969540605546458
1.0626859049318114
1.1160308088075783
1.0710995759247628
1.1891324401310726
1.192455894615888
1.0568983782405201
1.138318333652928
1.1542669648538917
1.2501970179516673
1.2233305837748707
1.156331763396201
1.2266444955406421
1.1164970308582054
1.28505229900126
1.2671210747447155
1.2903399223308827
1.1841337412518043
1.2534231675140861
1.2124482868502022
1.1544087807087307
1.2597068845517645
1.2417151325023943
1.298023633230243
1.2410942077627753
1.2895379942352378
1.2587170440543387
1.343887871664412
1.328083982053526
1.2187900261808078
1.251073244255498
1.2443453156060864
1.3325161412078748
1.3822153300131694
1.261074006431905
1.3259350555189773
1.300037832610838
1.359152910426404
1.392089429758806
1.2998069103022734
1.3865933872837943
1.2978108815271974
1.310724978789742
1.3868590612777865
1.4002065594091928
1.335873928342968
1.4461746975678018
1.3520436118304315
1.3336979149089312
1.3724083988406324
1.4931151182686917
1.5117262689956235
1.513401072103293
1.4156223505758667
1.4451407710992845
1.3509998312997453
1.5056144866922994
1.429751586801194
1.3729814711829949
1.4176619086726614
1.4894284944055713
1.5107627344596433
1.4377764400622965
1.5374834155669939
1.5084340831381695
1.5510475385827636
1.4977261879901722
1.595804309785824
1.4856641058178959
1.4935148080433391
1.616276300354857
1.6039248492084761
1.5079388991501528
1.5115739613882506
1.5330844679254345
1.5543841112866092
1.6896943000743412
1.6900046117358103
1.6045587867732247
1.5609841813062129
1.6464363443162089
1.598808030333586
1.6870235674123002
1.7322478132402113
1.6983101844957331
1.6708050815581557
1.5874193298576464
1.7443502087941876
1.771109806387749
1.714434346143791
1.6273777635466073
1.6687808101575536
1.786534054193649
1.674199522655001
1.6860716746749127
1.7318015941387113
1.75717945597594
1.820514401387292
1.8022417131677608
1.782953952935064
1.7449872544142453
1.8553469653034758
1.744176394776406
1.7495830252701758
1.8883046272235293
1.8766427258677212
1.7757951107778147
1.906485498819612
1.8024036613883943
1.872514375129445
1.8560738579148686
1.954029449461631
1.9408621711034437
1.9409394195489666
1.9408943098724265
1.7971107794754164
1.87734440525172
1.978289393392927
1.9933961253489987
2.0010236180364287
1.8445994177970777
1.8968909109141998
1.9587802576659672
1.9426113757160401
1.9750598491720075
1.9280172572876642
1.9872862507422093
1.9753032331415592
2.058420606821815
1.922732242881542
2.106322817807902
1.9665764986160648
2.071130386763773
2.058814904118929
2.0626732852993865
2.0877579012008605
2.081777250543564
2.0374212293481984
2.065506715659937
2.045590634755455
2.0373360777904512
2.2005528492820297
2.121345108129422
2.110009462763162
2.109961579982274
2.190902733705216
2.2428660337977835
2.0952736437390787
2.1618276425192984
2.2445153961224626
2.190455724394316
2.231188685101804
2.168423843006566
2.3134353465161768
2.2568065402583355
2.336126872351162
2.2549118934579
2.2572829638395286
2.221270414994553
2.3581488400754402
2.255088851453892
2.363407127833855
2.2194363260167935
2.35331383610237
2.2980327849252893
2.285916391538926
2.4017483410420777
2.3754735900653956
2.426138005220843
2.308357094291595
2.3178662785342503
2.341721410337444
2.3117593475365177
2.3935249389291
2.4646751122968973
2.534480333863433
2.5163658422299706
2.3664374068062637
2.430128623610706
2.415023394761907
2.3922189777000806
2.4956890569436925
2.482758618112934
2.5945404408232418
2.611013188681475
2.4662977897810077
2.481214441641602
2.519070829921219
2.6237511484250717
2.556525205194908
2.658618720153581
2.590990988151632
2.711895749329899
2.6459779182247547
2.701926659396948
2.721798460228361
2.571885151994616
2.7490489059776753
2.6845259840528812
2.739111648707119
2.6325539703095027
2.689248460537291
2.636914158378836
2.647586928615554
2.70033107488689
2.846255838947554
2.7377700527511375
2.788296819239021
2.8063034063369243
2.7569015696442194
2.7479229128148557
2.8094675902755464
2.913377818155941
2.8177546151964576
2.8523232758885158
2.8644486757400602
2.8347764692668527
2.87366906534928
2.9369218608453114
2.9698576630154903
3.0113966199120625
2.888104624281861
2.8796238138292374
3.003945456285669
2.965248898208189
2.897887940518021
2.89958695684053
2.9426972850329762
2.9230001064729336
3.1049238703233017
3.05301054855639
3.1212754449480564
3.125596212427065
3.0769955687606725
3.0052251910940533
3.075262491851321
3.1798691580805323
3.0495510619304147
3.148142922723785
3.146807637712659
3.2121605905863686
3.0841060411471486
3.117621142203158
3.1200372349250913
3.0946975039364077
3.237005721991858
3.229885155838927
3.2370580368761406
3.219400609620198
3.2557110944719234
3.2134689842973554
3.283627389666635
3.2614132052001756
3.3518604390540716
3.323971132907468
3.29926568307385
3.419924608576164
3.426928513224088
3.4033897248328837
3.299725787951206
3.416683015279842
3.334413370030703
3.4109587987938705
3.354396442011245
3.4022421566506997
3.3810330781592977
3.407718746642005
3.39877510177637
3.3912671038852586
3.441931595742841
3.599137589045678
3.464494960580741
3.567050568165388
3.519244354663388
3.59266234386279
3.5014113060326406
3.6336239967519934
3.6067607552785166
3.5986295237967183
3.674826784988519
3.6681514537716797
3.726904641091403
3.624044840973046
3.706493792274811
3.7059737710881944
3.747009845437138
3.764109056864444
3.645133309275201
3.7677179274314154
3.82387355492301
3.7446338204489447
3.7776272003951905
3.8710318702744777
3.862543550454388
3.7613473958671606
3.823071931592022
3.838750397394312
3.8308683697532255
3.8687817718830133
3.809195981951352
3.8365509017548027
3.9931451660884827
3.9752724891776765
3.872366677137132
3.9324115093625505
4.028336324194139
3.9127144771803883
3.9966226050431577
4.04944710268044
4.049768217105375
4.095486612150631
4.048938979119468
4.144509866780835
4.14531517695387
4.1355260807233645
4.1262286439428895
4.043727855181943
4.18392400311762
4.201278196620313
4.2303151801219006
4.143656067561335
4.2473585814980765
4.219933918740304
4.146873568667238
4.25965423292764
4.268978431029247
4.225628547359357
4.294597478477861
4.216949046493817
4.361351773107761
4.210813575257946
4.308440434333102
4.349749495123258
4.272420733961123
4.3781552615883434
4.412982985126568
4.376011076710246
4.461026994836623
4.421065980547329
4.454255449808471
4.340156773175601
4.451476209126145
4.493303682082981
4.459474793480365
4.436427294672832
4.5823181104983375
4.508610624681818
4.442233975781127
4.500481987396332
4.51709323110764
4.595118924348174
4.541591371866692
4.679708942080129
4.566113112377056
4.735467182139335
4.738260364651199
4.575463195927277
4.712613834601618
4.627009053904745
4.709097293470712
4.673865777023655
4.638906970860857
4.784345587752062
4.718509794513224
4.787773853317845
4.82047548941788
4.792239481676825
4.807779734063059
4.8491646302628375
4.822211564985566
4.8189496065280855
4.838754251924291
4.926611322249262
5.0084473624388615
4.85471381790657
4.916723289042295
4.989307040706181
4.929135833487518
4.984783506704277
5.055703905789739
5.096118047664832
5.097996692478208
5.03786221802531
5.078763580038633
5.073510288041367
5.003271665079825
5.193522545899595
5.0901531689319945
5.03184116184776
5.1612874980099335
5.191016254459054
5.234998369889466
5.23437417368958
5.206705681295273
5.207033538468166
5.238973403162177
5.173404287090194
5.165820088584155
5.3737147835020735
5.247525115553345
5.324524217753807
5.3434922199613375
5.33575078668596
5.2717220465706145
5.325156878701305
5.411733062058436
5.444951232160719
5.341655956280711
5.391204220729908
5.516261004681369
5.414899956340781
5.505559508534372
5.582700134914839
5.522309598238559
5.525125615186027
5.585331778245443
5.5396681006155415
5.483334929665525
5.570770448491702
5.560321220553009
5.512446469508888
5.604718816976716
5.646141002264629
5.738844047325501
5.573653038511217
5.597897885506193
5.625616993118284
5.718202308998994
5.744154925044126
5.648372515665119
5.720506669084277
5.673445558845223
5.846994080877761
5.885855032855495
5.914682735352704
5.823260414003045
5.808820725706016
5.786844536321246
5.907067864752214
5.873700012492784
5.983842427786008
5.866444453908643
6.030796782754861
5.874946811347189
5.988137707456371
6.039858982250198
6.0841008196091435
5.955676376200023
6.1081503614068975
6.005117169705197
6.002045803741828
6.169340081129905
6.025871563448474
6.177480367050398
6.054292574938476
6.058382374784833
6.137096116660588
6.171150060241424
6.163358433874775
6.164562824690461
6.13639507976456
6.226322051335224
6.152066137642686
6.25148592507986
6.188961342851942
6.258067975841473
6.3691205356745435
6.37167629473967
6.301498082009566
6.383786658104904
6.385098842981356
6.3586288266070685
6.381676315441863
6.3835364953462
6.374134914817939
6.425286384755827
6.485534807614328
6.475291407192934
6.475855543546902
6.474703076875979
6.514090537767519
6.53773067913613
6.584758476829437
6.529569453348599
6.6314069174417885
6.551190042233451
6.623196360308857
6.621189844902988
6.5410109292586345
6.602158530508209
6.638588848219124
6.745206336511822
6.757817520164883
6.760152380427066
6.700368993622301
6.670724244339576
6.743187745302553
6.805066148064372
6.7546654393161365
6.745110009059739
6.807760101078632
6.926231227387011
6.869871585610889
6.867721891394662
6.8734582399415665
6.9103980200322415
6.813861446802046
6.993562824174212
6.961239918286349
6.9050321837152
6.987356115502461
6.985980566016359
6.937935806134823
7.104784111230924
7.118863618450755
7.113439131461192
7.0374808284616055
7.140305816007284
7.078407626894836
7.059262272538732
7.057767545875921
7.206235059949172
7.203331411492108
7.168733403191776
7.096508960066998
7.247704111110748
7.246885148357675
7.250488303729652
7.189089157741271
7.329473557885792
7.240050057954622
7.228623442631273
7.380867774184132
7.251765396172918
7.370648717581418
7.244373818009971
7.2949021532593195
7.309373449885842
7.344141129097872
7.293520244204448
7.450442598149918
7.33210481500077
7.360054011542181
7.4928495095860965
7.36288869853459
7.571780381046332
7.412962603149102
7.5282097959961725
7.434129746800683
7.4758531691765215
7.567011157530568
7.537824577317457
7.494811429712653
7.673591303171231
7.68959667856897
7.6604747044272195
7.6260286996566915
7.544925157357179
7.622093381571619
7.675873966066832
7.647863670302753
7.600355295381566
7.640943661612739
7.711033455548797
7.730211021160542
7.709997736944493
7.718003422769868
7.836046862769293
7.867364255965541
7.719645543975295
7.902330887496493
7.751402516575862
7.796820260390681
7.931982193874361
7.806397002634039
7.897238965235749
7.823229035518392
7.9772420033542994
7.978985603528813
7.902381925141121
7.903580632682267
7.98610997779014
7.978848909740361
7.932250780101851
8.076365463703626
7.994661049352786
8.012908304422659
7.988705534311958
8.085084060264766
8.117290458470297
8.151986904517818
8.201279722883244
8.13377609891922
8.159057430422786
8.106626795225377
8.138604712344199
8.119840840946273
8.21334720543771
8.1809060695437
8.299604641235725
8.233892621390735
8.166766667823833
8.233227569928053
8.224405722831728
8.178411235779095
8.215071281882043
8.24515538035302
8.255359862586841
8.389695382430855
8.384281738192346
8.384484390346651
8.304105280228022
8.303087900506677
8.393699041959819
8.45814726394225
8.318932434242193
8.355904305635917
8.389082779781903
8.531954606098134
8.541426800360329
8.510994128904601
8.397419515237557
8.551178578229258
8.438191533235086
8.550760419953892
8.631890057805386
8.622242147646668
8.476707501923267
8.553349812926713
8.519037039299796
8.627403072787503
8.539742599926841
8.648342373218172
8.63727681292336
8.645244516827036
8.705945986180854
8.701274726710485
8.772070714718739
8.64856602361561
8.687847353920663
8.695586446462572
8.691642785798646
8.765489860450645
8.742416366032224
8.71685098959262
8.75436614984824
8.773191318212456
8.869127689557965
8.84151981510505
8.747011145803562
8.877417334041915
8.942298669580385
8.778032908454787
8.93466780143383
8.86076056640243
8.851410523056792
8.921556776183921
8.973747254814553
8.845782591433748
8.933907769556697
8.981839777861524
9.012599347422121
8.90642492774011
9.073783517908746
9.062929094242184
9.09651800098784
8.928544197622994
9.00980608743742
9.119612218158137
8.977028905575734
9.084842806244538
9.000470936269142
9.14663769851091
9.079044414805862
9.118570229970354
9.073580871235537
9.051328161570247
9.182408349803937
9.183140889103003
9.092860885363415
9.237479917407736
9.211062062075712
9.101173070871344
9.180375708494568
9.096976726237314
9.281577266073178
9.22195307159551
9.290486554375628
9.160108615468971
9.196968534702389
9.281994730231263
9.237235870390778
9.27415886472395
9.364907809471083
9.309582936387942
9.200598435503062
9.243178915508445
9.302742054500607
9.381812614024975
9.244554752522642
9.442774357486943
9.323844403266715
9.305597398344016
9.361881560648126
9.340001476645881
9.37897558632343
9.308660537742716
9.387466437153853
9.336955583884262
9.371034850128027
9.526587311953563
9.435201468808987
9.36085590246694
9.477789518032628
9.3885395652225
9.411018975559466
9.392934562744927
9.489048694855722
9.447058085028653
9.587442843895444
9.524239484783617
9.507215064487339
9.478738986317323
9.551473221741205
9.534097496711398
9.49720459399995
9.484982851280705
9.63756350149533
9.53629183249313
9.613741218347958
9.561639127119635
9.590872855481917
9.53446640517837
9.569911679256585
9.672355158017785
9.593304155468687
9.582798254467109
9.629612090584367
9.68837410152556
9.68957497718282
9.671502445155758
9.721396585072695
9.629538160505557
9.689452221765118
9.634478052039555
9.653771819154027
9.703435965435729
9.626598176280321
9.751081981827324
9.699752133854
9.756265964136105
9.767329546693373
9.744006937945171
9.706337454340717
9.759671517351634
9.702271353114543
9.721292336129622
9.832870244257185
9.782882749143639
9.70088218797793
9.762140900342658
9.863733665619943
9.761498151437243
9.778678671530317
9.781696674834796
9.897468798473557
9.869121677238107
9.872460057687226
9.824929507393653
9.78208829384894
9.912403199684594
9.864773360641722
9.861879860161936
9.904167943628206
9.894675592703855
9.92418065503566
9.805855774601003
9.9654322130804
9.931139843090062
9.934009847414018
9.934827290618614
9.931309913577945
9.940851261320043
9.951702038296633
9.936096430703143
9.931154835851657
9.94624846616534
9.853439958762165
9.839958373172758
9.985630205942051
9.96024163542276
9.978407129177478
9.973522032992879
9.96854381354979
9.875413553096848
9.933038424333727
9.98759585157692
9.934040846846631
9.999534918366027
9.928354103054819
10.0740321035931
9.90673949136296
9.886844917148093
9.919346989919589
9.995214101657398
10.073132089186986
9.934973776549628
10.052783889427213
10.082021048918062
9.926006505515
9.915704259783816
10.082050592714744
10.088564718100669
10.046638038553672
10.02159177930255
9.962320972611742
9.950203537570653
9.968069131410278
10.125781843620357
9.977419498915252
10.129221142390975
9.952416362354048
10.055809648123612
10.071076694137103
10.042092900359453
9.972108728583065
9.990218328840124
10.106409309557595
10.071506127272073
10.019909105051154
10.088531668933973
10.016221119468806
9.997949003126067
10.130525925333618
10.085972115097215
10.129730051186295
9.97796093780402
10.082406789808198
10.07496470110364
10.0446346944593
10.064930888588727
10.053905601063438
10.004424432848458
9.98636508330023
10.093929014605555
10.135985834834546
10.158328885456427
10.058417414374787
9.977310010259076
10.001580347017018
9.999612664182445
10.004124053722137
10.119635052965563
10.055685314754118
10.121784547914277
10.046461725491497
10.129839490687578
10.078776322960163
10.075902102338802
10.015791211184858
10.071606162082398
10.080273203343411
10.015591659392912
10.027840412404249
10.081278512612185
10.129346490695392
10.059156989768132
10.070960605243737
10.032973645332877
10.106967146046642
10.135381382672483
10.057883973400967
9.993453070537596
10.00194202382686
9.995994638337857
10.079305008588445
10.04893803540128
10.006745287207178
10.034475632248833
9.987185362085228
10.012091246648636
10.006385277705016
9.970848037342607
9.99525866778468
10.03837912560112
9.995543359777088
10.094353599977675
10.079892579022554
10.089530899523503
10.027568677913914
10.086248237572642
10.05210751671014
9.99712980784262
9.933540499684835
9.98096474243356
9.963085471614152
10.021548511993116
9.926014520461658
10.05269753806296
10.070483924853862
10.056163373438045
9.97312520330914
10.024659145426906
9.991345663034021
9.93143652526238
10.011994394798155
9.960686691917477
10.011361640457862
9.930863106248342
9.983734102187046
10.006116421281707
10.026908494009419
9.980354381886594
10.017776837592352
10.027028588253348
9.914809452393092
10.055420357790764
9.915199978949097
9.936268740613574
9.988877272451944
10.030751775769339
9.847128920265787
10.023204845823738
9.95575164309489
9.931444816316397
9.831912539406671
9.828706002052412
9.938682748078307
9.866610816656651
9.949191490093838
9.981251325633858
9.984130262388089
9.797064633528489
9.971342305794892
9.9322799641392
9.931739710911678
9.949872054232138
9.774662277403708
9.84182636990312
9.887870992587182
9.78450553171574
9.779689638002825
9.812722800438786
9.87012077864427
9.845929750745613
9.783154824424255
9.897600150130202
9.860566065335293
9.759537574262303
9.824460481042749
9.848842992144935
9.849618270298864
9.816597335295997
9.814652678168233
9.767138916780528
9.711904287599314
9.817909321968575
9.781050040761535
9.661369011847528
9.71473891915244
9.827781673991309
9.654187012175845
9.657476349781051
9.676164680397294
9.681245842852958
9.679310376384082
9.6732350834567
9.731968557905976
9.746634049959582
9.626901851671825
9.7611074274592
9.71007669483135
9.592776979615074
9.703807201215422
9.564408482380381
9.591364404697183
9.615889122761846
9.612177485949026
9.707531943995095
9.592568045615998
9.689541847234072
9.545987314826032
9.555643869430506
9.635225264335748
9.587056586387554
9.579507849173009
9.518577485542524
9.465830101486748
9.577787112949597
9.446792840570737
9.458498876868415
9.554978784954768
9.604331289076146
9.588612066470715
9.518709556482463
9.394018098127768
9.539752301883611
9.464648537326461
9.51795884112382
9.47984773023856
9.490126674069636
9.44046662592125
9.45888184555752
9.454845478873741
9.3403568825965
9.454055448549394
9.34405555174185
9.387204650218502
9.303517175243973
9.447903896262902
9.430952140956858
9.270456145623934
9.374169956328736
9.355918659115995
9.390435794382261
9.255202443870262
9.374854559810984
9.269853398673586
9.339897767064373
9.280558449329257
9.310313936159213
9.235948533644695
9.261836347884925
9.223231944634467
9.288978414334174
9.229513247804515
9.186343910787024
9.163306451515004
9.164767652754996
9.161733272167911
9.24967193276655
9.188189385208963
9.17553224426822
9.078755271080215
9.145367740246703
9.091142067657117
9.10036638487213
9.132339967249136
9.01656655089509
9.113725440167082
9.037566023762759
9.121905959932786
9.096348441616302
9.046969578636842
9.008908244594082
9.006335693573627
8.984820911047239
8.913524634615902
8.984812152560517
8.926150117465289
9.025658637414711
8.935363009976554
9.00425700128916
9.030275008332788
8.920077121509559
8.966433578609166
8.9854151738158
8.968595461487618
8.978957720280608
8.923369409509542
8.835212632333992
8.900094305178712
8.881593892494982
8.902558267429205
8.763829785002274
8.846676418364474
8.710359348787302
8.805872367111478
8.818104088266622
8.844418061776416
8.709045354503681
8.77149547427035
8.77190779196618
8.692770501804587
8.705710630570863
8.784150939409749
8.758299447312037
8.688708568233752
8.723855464523183
8.669198627113646
8.561554425517718
8.514918879563115
8.655957653800323
8.66123494410558
8.552564458059189
8.601548319721122
8.58523636158488
8.554136513074052
8.514068754864962
8.490352829139287
8.541973922046575
8.475392257083826
8.391828032111391
8.530242334385216
8.523410152450774
8.480770701975295
8.425454824712261
8.347196036295248
8.39989573576238
8.340147915874327
8.36197076450611
8.37891359148371
8.44583281878025
8.338215818362979
8.39569965177745
8.343668483958778
8.213167401721455
8.247650076873512
8.294539481280019
8.19140106005164
8.152523934729414
8.193216271748387
8.191357558454614
8.277405553389443
8.258617039532655
8.16123066956835
8.194795197744208
8.123373213459523
8.111896506239583
8.138212197238289
8.032637525150944
8.069387977620535
8.00688182173424
7.994174088991833
7.973691903382381
8.135911222579756
8.004018947696492
8.041127431382588
8.001915250714239
8.022214010586746
7.898121060589411
8.060906300123786
7.967227734683237
7.9803091898319325
7.882649736545069
7.95685561286688
7.927557446398456
7.878917573247397
7.892653937244186
7.964620972453986
7.797378011278651
7.771742219565469
7.767479525125316
7.805594858076856
7.775627068242137
7.860949434498892
7.730362474866676
7.836887562916136
7.658914966653104
7.68338261467701
7.677507396072703
7.683262773394661
7.669352783082944
7.665461117366937
7.575156279530707
7.549507570368984
7.538079134022014
7.668963343415225
7.682754020726785
7.544910239790063
7.539112061283874
7.491766530091583
7.571707345283544
7.459430694567272
7.436164138436582
7.46593763921241
7.568311645205152
7.5037706266334885
7.380723311381195
7.421589279602165
7.483925803575662
7.4486755604697175
7.486334666852018
7.4191334818149395
7.353817637371449
7.456690943888629
7.388273694751331
7.231743148466652
7.3199826725378205
7.325792205411974
7.27998081978868
7.330066054485568
7.3160161773805354
7.2933508916612
7.272415624863733
7.138351270362456
7.284729510500045
7.105083720408354
7.192887554350521
7.216943733788293
7.043897704672361
7.06977692092728
7.091039472085805
7.151162146469059
7.131492853803833
7.107179652837081
7.110045779840215
7.038802607644999
7.051745839147756
7.078587878036707
6.910923903626447
6.9006314976765895
6.922851455211409
6.898847248884719
6.953447631641845
6.857580137186321
6.855109473924504
6.865244590897778
6.827558463418685
6.8044979463109625
6.7935435073335695
6.733559484698268
6.786119396907149
6.700613503300808
6.881636330642237
6.859782334705836
6.707564410822882
6.664564504543196
6.755882573106415
6.741135521439811
6.7397302951242475
6.694505880006868
6.729246575522759
6.704370215059826
6.675738559716761
6.69940885623741
6.525615436996891
6.599637815081305
6.518337469136421
6.555428587163793
6.4560920043599435
6.507092187984008
6.519348978886321
6.414884851011873
6.402072481146927
6.543847271325929
6.529294555018384
6.4195348593450925
6.416608775287077
6.425288801915476
6.468318580816531
6.451201903238886
6.441404447178012
6.247441088517373
6.408843688798912
6.329959984106574
6.319749264940168
6.225387861374718
6.33217542236949
6.349250334535256
6.302829684906625
6.283783426183078
6.166691040525632
6.203501429146754
6.099087571912631
6.124139863802294
6.144181024859839
6.129106439865459
6.215444990804331
6.203350988825981
6.064200890553745
6.089318243851232
6.153522227434044
6.081586219579649
5.956530271993528
6.0303408540096255
5.9984286820955
5.965913717054716
5.919817392447914
5.925602682261705
5.9247207816539325
5.8484530561050905
5.99798110339114
5.823328125006471
5.788001363802128
5.858548587121954
5.768793817267934
5.784174948409973
5.722502977355284
5.8216959008007185
5.695955826592596
5.725926231749385
5.8292937908712785
5.718387492453427
5.670113600355697
5.649316785343943
5.652223779808899
5.632702876101995
5.589660182254049
5.5597253397174144
5.651494156621363
5.569206911811184
5.544854100788652
5.530909420756145
5.631957998610019
5.5879595800363715
5.568858430330437
5.542910392309734
5.611102867115089
5.589332212753551
5.566836243126099
5.535188204367567
5.538532981378989
5.430516843844973
5.366964107413076
5.477321099606178
5.408400980272517
5.467537907486181
5.4054194493754215
5.44893580578899
5.269412532145672
5.325784673314885
5.362918833856905
5.2563438304289045
5.198306184858979
5.353557595259038
5.240245194578377
5.225905880645983
5.1922704679776865
5.194638443004334
5.268938355548695
5.230682022536369
5.181119996990277
5.240164562785546
5.052639490605731
5.037795617601915
5.150034600254892
5.081154453246318
5.014214127997178
5.107209561402942
5.0557996464411685
4.990379249885303
4.987314794534038
4.954635386606219
4.980547833072246
4.93004142210964
4.995040035627785
4.958160909600212
4.896206673979328
4.869136597866365
4.866891488690756
4.942413148929724
4.955198929646799
4.883063937803473
4.869853280719599
4.8265673219669445
4.728843800524278
4.7228648977766206
4.751975086637421
4.83669454858018
4.674491510023901
4.770218241211131
4.670095565349059
4.732975946929287
4.7007665239493175
4.737484711603557
4.647006377510361
4.622591138352882
4.701742109968651
4.532131639891264
4.6536468141019025
4.582351993955467
4.598989437369896
4.501823071921499
4.6132767558615795
4.507892257843669
4.540280175925136
4.609023505848291
4.527968344642357
4.519488797853942
4.470240213951825
4.3570438357878984
4.436849383242279
4.470791643563066
4.446359206816649
4.489916092856758
4.35378106931553
4.398926593156391
4.353736930871298
4.362519463516977
4.387377320820772
4.376660143791471
4.211753628904085
4.239860380204832
4.236007748708819
4.3228702683959295
4.243421655821854
4.319590745321798
4.300739977130172
4.160662393614953
4.257337292780608
4.103787751267507
4.092949656172744
4.133832150107224
4.217852819400309
4.0532109858144
4.099279896332007
4.100655426588372
4.139453727831718
4.045288683662657
4.095436372211392
4.072144419428513
4.012249272713575
4.09192585633916
3.9795118171724173
4.036592529700242
4.073917090556408
3.9407239671979424
3.969438576708453
4.022117618539963
3.8515508143233435
4.00230109201064
3.839811901310638
3.7858816931608916
3.847299600838462
3.928489747414398
3.789621354088125
3.7905352662493965
3.8248118938855526
3.827866232131562
3.7118325602752766
3.7072572248822273
3.7615410302173067
3.832850080910395
3.8070693614005524
3.7980937212051398
3.7998518341590466
3.670543093235382
3.6520283220014127
3.73433658542721
3.6373013917894066
3.6680393102979556
3.6618281026380837
3.5862740697877764
3.6193680871557707
3.5599679241244186
3.60623801839115
3.5776512611575204
3.60568235162589
3.4487399427651657
3.5550877975262347
3.582951103046355
3.444393417777338
3.536319345442471
3.452692633076835
3.4751441051452447
3.5586018415281253
3.491151354760783
3.3524423910293932
3.5190554263403433
3.4384253076681275
3.470800727106138
3.3913293170322243
3.4366085098588286
3.3551070149204687
3.2804853740948743
3.4038268348635334
3.3424046828074374
3.247125801792488
3.281206859144465
3.389251817756307
3.1790092095228486
3.342265462952094
3.2224997986935566
3.26703220552298
3.1702754854512447
3.1892062865461
3.1403929537022544
3.2717886954131634
3.2193792001475314
3.178722557033706
3.1020815512750497
3.1744723231937213
3.0527447824783716
3.0908206771030873
3.14845809842654
3.0239853401148284
3.0693627082061585
3.032096990478071
3.0846663245026655
2.9825857315985598
3.1126734052542733
3.1127243710247523
2.9938453619968053
3.001816894654296
3.0626858411210502
2.9905386896854202
2.9409481706890146
3.0501434098072093
3.0360161727779604
2.9853823388108887
2.868673927198894
2.896717420299024
2.8657060858012677
2.8901563649437865
2.9104621750616335
2.7769609292635993
2.84781173341937
2.868602297898033
2.856146641638319
2.8682990005575686
2.8641552896304416
2.7284362112897136
2.870226205332927
2.8059772998517243
2.7569892042615685
2.7911808039322903
2.7108044752631013
2.8160415555313727
2.825236318299279
2.7219895995205508
2.8082867965627485
2.69715015080307
2.6566765589727668
2.682024627605512
2.7469946039069124
2.6456645242762744
2.6677870617002557
2.7249116198750083
2.723297659504259
2.5829149576867656
2.594559586273872
2.5250257062176136
2.6102857186672135
2.6538305794964936
2.5351016737036534
2.5118575226818454
2.49784724913284
2.468338826959347
2.4610863348287126
2.5540905742921716
2.4473383656355447
2.4565944332950487
2.4824223241219907
2.4564693098842403
2.4992965161426457
2.3524728239689954
2.3742533990782433
2.4722056896545275
2.519528528540264
2.3987357674070573
2.4327278691529806
2.369987004132327
2.4725421071471576
2.418130274671319
2.346002483727097
2.4094502487866025
2.273451905203017
2.34093821433249
2.261824470699149
2.225083205291031
2.255795637316169
2.346033236419303
2.1900160536024
2.2432262212180265
2.2883929981037903
2.261742668587115
2.250000218796363
2.302831784912315
2.3131166183871197
2.195066374845682
2.2834409757469563
2.173483023705616
2.262939300916832
2.1525590332760944
2.1748881195560235
2.2481272220502544
2.2154548830436114
2.0671617434114564
2.2157823003869748
2.102907401437011
2.0894975768569086
2.1481714936179865
2.03303912436543
2.177388033649019
2.1535492479357425
2.021613432537245
2.1524845037000597
2.1040619453087968
2.04814072891372
2.0420311099425743
2.058426127742337
1.9866771738886173
1.9800826929842354
1.9301228496852554
2.0895502215144792
2.004853721064223
2.030944215383418
2.011481387426303
2.0102220212463933
1.912523554308019
1.846846196036041
1.9568750005603597
1.9824606012156423
1.905967592895391
1.9395676637305777
1.8481080675880708
1.9889026914441037
1.8586216871575547
1.9334445764079726
1.8040868808306845
1.928165295201864
1.7845351000047796
1.8778448240750687
1.8652075099680616
1.787647099701198
1.8732994706685715
1.7467943625501645
1.8783994006506994
1.8379504742145472
1.8365219277241789
1.7272259137312762
1.8020803344544039
1.7539384683780936
1.7851171586799148
1.6627551884832914
1.7082772171104188
1.7776610611984567
1.6492315043752066
1.6794736751076769
1.6108076494612058
1.6053169812869506
1.657739498008121
1.6087190964477285
1.6548943123715134
1.6331843694593948
1.6482029515806778
1.595593521372766
1.7095316040257926
1.5840154323469688
1.678154714727505
1.6816503704113437
1.6986347990664945
1.6057773476213641
1.60235943043745
1.6781221797669128
1.6337764338253735
1.570463922442349
1.505402449913436
1.584824872794897
1.5743664135233804
1.6053452163671107
1.6452252125918516
1.6325536596972396
1.5148300140490987
1.5673758934226152
1.5781121662798123
1.4200334057044866
1.5942956850494776
1.414650424021586
1.4667971523105394
1.5764860191810586
1.4449761925233877
1.5536852430470283
1.4325592120424737
1.4039265055816772
1.4570093272778768
1.4504625520695422
1.510493805882414
1.4432836284224064
1.369895046767543
1.462140016013934
1.4486440303108812
1.3330766412532167
1.3487686058924837
1.3892245213402035
1.451387286710081
1.4583791074183656
1.4681085008714574
1.4500771314116598
1.3971157769609652
1.2736073633402112
1.250403007249954
1.3046791080506401
1.2365111276776573
1.3289909262000457
1.2363998839886179
1.39559451484946
1.3639508588739855
1.3820028613991193
1.196270620851832
1.3190366050614817
1.238437086249251
1.2172948935390246
1.3298552073633738
1.3442173878975852
1.1829004634191906
1.189667753531562
1.1871841985288936
1.2076370390264497
1.1578425870596443
1.219900694975476
1.2495660036730871
1.2727313679290617
1.280578942346004
1.2870565348418115
1.27134076465395
1.2639000469340151
1.1541645125432922
1.2512041140073142
1.0970959875154256
1.2252274000193515
1.207461993517844
1.1666687170024386
1.0602934229910468
1.1653631089777705
1.2178860182939792
1.2138985006736622
1.230681654451738
1.1153772218936602
1.1412940038010158
1.149768877538573
1.0903138561217924
1.0843291095855048
1.1438673126458856
1.057572149861821
1.010541984439145
0.9932212640845981
1.0151101104133673
1.0420549790751152
0.9977878250946199
0.9820272624868195
1.0819653052431282
1.0749883359481816
0.9695106336335326
1.1270147889689301
0.9383142402046789
1.0514063505428068
0.9890038192176122
0.9436759871697717
0.9800950547697128
1.1096099565467192
1.007604802379426
0.9237623830999661
0.9863140633350881
1.0809604572262261
1.001067822968894
0.9894769797703924
0.9674252371622009
0.9992185566218899
0.8808475274638585
0.9463369196053849
0.8724672379660156
1.037360333597689
0.8681719168507942
0.8984775560041609
1.0283763885736947
0.9046156188482076
0.9206794239493565
0.9591161369358813
0.821972592279502
0.8920196451163311
0.8971954678531626
0.9349803059162687
0.8259790285010081
0.9207090858943955
0.9053607380098649
0.9241250943527838
0.9249827919185452
0.9033122629747008
0.8210231927603258
0.8443212017862533
0.9392191141801287
0.9213255517739809
0.7603433940603025
0.8527431257825634
0.9057160928047744
0.7700439490265004
0.8396676118980138
0.7887058390087832
0.8029326033453579
0.8855951241511937
0.7732053276803886
0.7573205621990297
0.9055526716789951
0.7378571839086603
0.7294204792197648
0.8255968989550841
0.7894905924202771
0.8936217887224539
0.7623676557847961
