0.0017780218880051539
0.000866030442552407
0.0011464742914835963
0.0014016794525874815
0.0006114612096488881
0.0008020141832135483
0.0021454034724278973
0.0021229019412807165
0.0013885984595874755
0.002149414433117963
0.00212180281154415
0.0009595671102090055
0.0011194954536318553
0.001743627745572611
0.0019285089550959505
0.0013911287050311504
0.0009527827980380339
0.002203007547283715
0.000694850824073509
0.0008629919018945288
0.0007299470496208698
0.001470284682252254
0.002337871671279264
0.0021468422567409865
0.001310138450595708
0.001476824438735194
0.0023277127312209037
0.0014715306274437339
0.0016276329785080475
0.0022791818608508684
0.0024834896142629063
0.0012440004953064613
0.0020872436254703347
0.0011078222521526647
0.0019021687020975943
0.0020335348097383905
0.0017456516102577224
0.00149926309849689
0.002070383184088447
0.0019384310545980821
0.0019696374321339217
0.0020096756918683593
0.0016688687026239482
0.0010329686840924693
0.002501265947864175
0.0013133499153096047
0.0014476064125148783
0.0008733930291810742
0.0020504577716103146
0.0009716596468568794
0.0013242584030610243
0.001173711536106438
0.001560447094477264
0.0017408425281500203
0.0018337867976776455
0.0018900269337235008
0.0015595829229921214
0.001089266418220966
0.0015145681067050007
0.0015504803833055918
0.002068907539571722
0.0023692671103652434
0.0021128113389667835
0.0010227295712238313
0.0016315500894659772
0.002280892349542218
0.0023987400756549718
0.0012081582595944887
0.0012889931830870835
0.0024918219717086575
0.002650876773627723
0.0015495658798959449
0.0011249600734020866
0.0021280155939931355
0.002159287171748849
0.0016646776561167144
0.0023967619624453637
0.0018695183807996912
0.0017799120639392842
0.0027219536141107575
0.002301388162671015
0.001520313077572109
0.0023754269438098718
0.002283832893872592
0.002560184454000832
0.002489858493326687
0.002326247743709077
0.0016886704633244974
0.0012227116064447748
0.001582925386042457
0.002552609049004822
0.002715903586147681
0.002761114488105478
0.0029021219110058117
0.002072615156416401
0.0019254096668074566
0.002029736815833321
0.00130671863919926
0.0024833483835902856
0.001854857341577259
0.0020149335676785027
0.002043964895962147
0.003059914360468564
0.0016749937232824555
0.0023094069822850406
0.0014880055443849704
0.0025378506145025876
0.00161252569176658
0.0014900380017759654
0.001596866980988637
0.0026991781548821423
0.002985081099900009
0.00257474188974729
0.002062620163668018
0.0024023636864560455
0.0017634564959853076
0.002531999976236848
0.0015709828847575518
0.0021369906112019134
0.0017992008394463993
0.003145526024897839
0.003334422042335094
0.002279570506684093
0.002546292003710372
0.001908483930264897
0.0026490404304813186
0.0022918068919399763
0.0019469928207639388
0.002288865617283467
0.0022361542301184098
0.0033063404590893287
0.0021577389994189853
0.0026302079194290453
0.0033011421208323597
0.0032403860146218546
0.0019659877543313684
0.0020104305195445043
0.002665264554308326
0.0019607830844710207
0.0033045784451208398
0.0032578237163151274
0.0024384958802448646
0.0023705450828135017
0.002126868665682096
0.00333158965058837
0.0030783279169087534
0.0031360391032297552
0.002896079092218119
0.002158560089258274
0.0031887798316197935
0.0032085040994298524
0.0021348124482676663
0.0020886888332265247
0.0030816667845842815
0.0027457566957992036
0.0021731014068938283
0.003824126999798462
0.002469485500467358
0.0027596518165595185
0.0038606510960571857
0.0037643789009774546
0.0031410239696349133
0.002453091218338653
0.0023259299164536005
0.0031039821967745367
0.003898880249773252
0.0035767645477258617
0.0032569324011643597
0.002435154457441263
0.002577623249649113
0.0026352679478204586
0.0037001566449269352
0.0037574481989598395
0.002962828684801351
0.0024623779572014557
0.00365824156069353
0.002686474931952175
0.0036943193887422777
0.0037417674459916694
0.002977078273638636
0.0037135675617919633
0.0027623717802074815
0.003222152039770815
0.0032206827450387138
0.00432874419256237
0.002778282957331209
0.0030762783405914556
0.004020932886396122
0.0036684580240607897
0.0034160347215101243
0.004050865518822826
0.0039695573063475474
0.003626607097087622
0.002902053307440811
0.003613878301288808
0.003684194467257452
0.002925438834795494
0.003282607555150452
0.0034652579889091492
0.004258845156523417
0.003073806446520805
0.004112362656908479
0.0042261250310622585
0.0035645482623689537
0.004145514152031968
0.0039059575610055322
0.003560099819397999
0.0038023607586109816
0.0032030914585427822
0.0035037529898253126
0.004644113962247614
0.0045390223180434425
0.004967943261187148
0.004494862576238647
0.0046715622951696775
0.003915884320656758
0.004291230227521647
0.0035297767543826003
0.004440136978991225
0.0035864564742168503
0.0036382763651890827
0.0035985424080925933
0.003956313498246884
0.0036152748877330623
0.004303931522895836
0.003663713277929966
0.004773418396473832
0.004805723921107776
0.004672797549003125
0.005156499254782223
0.0037531433224778175
0.003721845023099969
0.004977394249881747
0.0052640808594650226
0.00388035072273155
0.005154325792951777
0.0055461347092473435
0.0049535256384571034
0.004333831667888687
0.005671536120260131
0.005422158744964768
0.004087706076325799
0.004634512230669529
0.005180801351951706
0.004872663399666331
0.0057236530861705425
0.004961374675127917
0.004691271517267562
0.004807309972246691
0.004520352235708398
0.004847318029499855
0.005890692150739358
0.004334561565691599
0.004366278835577039
0.0059811393065644265
0.0057737606864346315
0.004436684550718499
0.005420066909954693
0.0045127129611130965
0.0060057944096820115
0.00557329701305032
0.004846977217945027
0.005088914477046931
0.005082965895618319
0.005220578581710935
0.004728192200451233
0.005724566952579181
0.005325273570224353
0.0060151112326853155
0.005041502997617369
0.004921564110200335
0.005314688552141264
0.005121364336443678
0.0060682560010736466
0.006160734701546116
0.005472368382141525
0.0055776950682989435
0.00555759606513633
0.005494832140953029
0.005893673364958463
0.005584478687301026
0.0068204043897801036
0.006136913018452584
0.006417338871460176
0.005578475593082836
0.005448665702431389
0.0054577309749343685
0.00628124625522561
0.005996661962262283
0.006215696045964822
0.0057001785151660385
0.006909745409334584
0.006349534820099897
0.006828270657241301
0.007016094817423989
0.006614642819352588
0.007138160362027019
0.0072588810634569125
0.006778066742712096
0.005871599684627061
0.0075888084867672505
0.007146383124525138
0.007029190430006843
0.0074276916946343745
0.0072762195638197925
0.0072957350254304505
0.007280704662566556
0.0070744755332461185
0.006903513934406521
0.0072034650292012265
0.007480662484295841
0.006401193899186273
0.007670829412532668
0.007385262553859505
0.007139684748355828
0.00822282713486253
0.006760397175760265
0.007625858289304236
0.006605495128403484
0.00823369589605146
0.0081557315002943
0.007819848125839591
0.007210551142156505
0.006989090912793748
0.008153207723776817
0.007975164888768715
0.007253668362281419
0.00701252481233303
0.00856196470784704
0.007676481079464164
0.007792292373266794
0.007386221410123511
0.007512054208960445
0.008212538215533804
0.008392718296907242
0.007917798415478787
0.008847550007640217
0.009069754481487237
0.008099878699988287
0.008190404081823716
0.009176989200258672
0.008426817859140505
0.009279405481364186
0.00898283021121515
0.009015508750253271
0.009021226022323966
0.007972515022393888
0.009294981497184766
0.008759401680901252
0.007975780121891657
0.008745425359499246
0.00915360602107453
0.009592303210477703
0.009736333084833853
0.009432381389049043
0.009121090198902703
0.008700182413799629
0.009239224727052393
0.00944327436663913
0.009361198363697558
0.008617244875457678
0.01028394867702689
0.009276004284712376
0.008962009931738922
0.00951076599959824
0.008920324753897367
0.009256353043704441
0.010449352537236004
0.010618133812250722
0.010077539563828683
0.00967761585733982
0.010149286642261406
0.009148179816166568
0.010505577743578508
0.010822534073836295
0.010493694726899656
0.010595960643205178
0.01083373511537206
0.010462448812949223
0.011017065721938677
0.01072732723890467
0.009899991714316242
0.011267090785171444
0.010243672297018034
0.011188705017770147
0.011209902158195307
0.011099161260231012
0.01112160884424695
0.01127768493879283
0.01147881633059255
0.010783825975497895
0.01056427546955036
0.011585345881969376
0.011181761705554811
0.01136887330029096
0.010753890692575487
0.01193564980844125
0.011690033994609413
0.010931431565844606
0.012287230802603466
0.01163039757465466
0.011293841299773993
0.011798439254210757
0.011766347001606914
0.01210551086541588
0.012381146675321216
0.012184469355949478
0.011341447337640807
0.012734010363838921
0.011361088966849934
0.011454091840694377
0.01146591643425815
0.012160731130059972
0.011749806176852035
0.013051540260707518
0.012645601665745158
0.01236993350182997
0.012379906305604491
0.01196162831117063
0.013286453206959183
0.012968089956595505
0.012292317835707422
0.012772119664458324
0.012549990599666463
0.01274769520792818
0.013464699006154933
0.012996833739113789
0.012836078584924871
0.013364652552241407
0.013583474722065638
0.012897154235191013
0.013853524456987868
0.012739712389855018
0.01348373263637745
0.013607633970972104
0.013979031775505262
0.013048329415796945
0.014322545962431368
0.013119517066018513
0.01329455836624609
0.01370805571363279
0.014816069788189933
0.013474905775002287
0.014024813300631444
0.014046317745366738
0.013393946084263796
0.014031160928382564
0.014340189269691076
0.013888171792942074
0.014882211531886872
0.014931030999819765
0.01388834990415193
0.014942221119058267
0.014354823129424495
0.014917685193516755
0.015414506356431478
0.014873476473347415
0.014626825712765428
0.01532605247680969
0.01514843627706633
0.01586564222363503
0.01569965760617206
0.015304437845319308
0.01615172183703057
0.016186530546591825
0.015068246202713327
0.014810086191380295
0.015331005278633795
0.01623002352468927
0.015168907171370968
0.01612216630789841
0.016079776868739876
0.01595761808756416
0.016420157810527074
0.015361304701766691
0.015857185936082024
0.016657612040839678
0.0171702763884661
0.016119133112944332
0.01657095379203418
0.016205445872730363
0.017078812952452813
0.016251882778064858
0.016088466590821703
0.017164254019459584
0.01667215878351176
0.016772254915152458
0.01740272440464383
0.016565754048933352
0.018056104710698972
0.017701132503502116
0.018233908641778585
0.017222615293022783
0.017892238582309837
0.017823588792238325
0.01761295787762992
0.01776538342069886
0.01835956175878986
0.0177577649480939
0.01862406792511504
0.017369583434164528
0.017283320154144386
0.01898478692410955
0.0184668525994761
0.018787525129106076
0.01880910083710987
0.01908128426342943
0.018817818237614782
0.01876689421991168
0.019078853553263813
0.018795713075035636
0.01833897102678923
0.01873734818841408
0.018926681168937604
0.019525634734278336
0.019319040744382086
0.019209059084543845
0.02002356546163271
0.018623216416883033
0.019557631414547118
0.019361726064293244
0.018760142673581864
0.019063436823194637
0.020603551281776038
0.01952562477381885
0.020367522617061314
0.019832243229106355
0.019895584522745778
0.020740128946621757
0.019838251712846415
0.020649430005210755
0.019690683889900213
0.02014310789298919
0.020033814864532647
0.02077129607126683
0.021225778644364746
0.02037208386278111
0.020328297208780193
0.02146144791671439
0.0207638636293661
0.021640514314113218
0.02090528660607724
0.022007238382551163
0.020737635698716478
0.022010138725034517
0.022058613790607504
0.020979925167832796
0.02123916815795369
0.02242475588211766
0.022623464313375904
0.021902567619125533
0.02221350372056537
0.021894354648476163
0.022869839745823035
0.02296692721084568
0.021831925681276423
0.02160816504835569
0.02152976244355579
0.023029974744794415
0.022640712289503907
0.0225326737946202
0.022461764300398743
0.02236839929514552
0.022951194690793
0.022381766238128396
0.022925131304073865
0.022698417803770465
0.023911468925073346
0.023674632891205655
0.022521324515379852
0.02381683993617719
0.02345129365864822
0.023480411673123723
0.022885648055438773
0.024439664021633677
0.023369601744695045
0.02320762672660525
0.024616399380383895
0.024381192414815293
0.024783756649996422
0.024126929078940627
0.024873186729928196
0.023542294059161112
0.023894885403916464
0.024662169453243777
0.023837981170416273
0.024826789714921648
0.025110566941622635
0.024101730245115537
0.024650734817498295
0.02475035423415645
0.024729915911838783
0.025966721489208866
0.025056422575854602
0.024915448171124305
0.025533668141086045
0.025772508821710945
0.025206849049519513
0.025393244880511513
0.026003318767230506
0.026222258410346814
0.02535006169448185
0.02518676586724144
0.026632564699354776
0.02649725762681701
0.025597339929344154
0.026636001497762955
0.025964800814609994
0.025636186861107288
0.025866655910264862
0.026394833175511414
0.02761121716704271
0.027078847484435998
0.02657062773737246
0.027772514262397196
0.02715361480177915
0.026886409298711122
0.02636267316706789
0.026573993013545957
0.027429744614109578
0.026881885395422044
0.028190788650091263
0.026833265489851044
0.027684419319179976
0.02823652811370258
0.02865827286147632
0.02868366075215486
0.02879630786272348
0.028546438540148798
0.028663806424207853
0.02823554307953254
0.027491299096988955
0.027839180547800397
0.028794727581526177
0.028343947419269374
0.02794470851722063
0.029032859409013533
0.02827668710129435
0.02916014416931113
0.02907587730163242
0.028978181084882027
0.029092923794196875
0.029137349701462985
0.028837121531149396
0.029949948227388633
0.029102227437379592
0.029280658584322578
0.029665937975641377
0.029128350403146704
0.029409685527089197
0.02998696298746343
0.03053198167580818
0.02961514993476635
0.0296023829845192
0.030065980687477723
0.030683486897674656
0.02961838162760939
0.029657510771165702
0.030538274079539254
0.03012422933210761
0.031328729414280755
0.02991965182338427
0.031658424101748045
0.030771855664484083
0.03142067640486128
0.03051759164170161
0.030623040149239656
0.030908873669365167
0.03089680845985421
0.03076455114372456
0.032296872218864715
0.03181407329584571
0.0312554237768143
0.031727573979717066
0.03164674597584241
0.03202300625620332
0.031344290016661294
0.03281577153304764
0.03118586411791469
0.032873901865219955
0.032464564331643214
0.032270150856633574
0.03267173066137394
0.032997528426476595
0.032668882579100396
0.033060131839070125
0.03252162516418118
0.033112209002902335
0.03323364351230912
0.03319864730984524
0.03275639552426142
0.03234265092753133
0.03354734633979094
0.03335207212696399
0.032688209263680844
0.03331831927437128
0.032611277597195204
0.03270443206105259
0.03383766054149619
0.033986135494397655
0.03364640978838707
0.03303728364728912
0.03437885530019538
0.03371515339501381
0.03441037646672085
0.033590267896144374
0.033924565491568116
0.03412940420905916
0.03364844350601714
0.033576825687817204
0.03483327843208247
0.03472509641417333
0.03399532067868167
0.03389922996007706
0.03474385834676752
0.034876266006970885
0.03472709350435322
0.034430798530461576
0.03427696952817251
0.03525975543856135
0.0352171700421992
0.03601032272618449
0.03564179598777009
0.035366324721228345
0.03624941446335045
0.03546112811762245
0.035359946204849474
0.03506229139993479
0.03550675633763041
0.035016833442861536
0.03633052777714072
0.03610902973414382
0.03540697419104025
0.03640162873532941
0.03690894257799987
0.03605924037964935
0.03556636242734347
0.036321700469675686
0.03588197802344786
0.03674884911498897
0.03598248571487836
0.036739961714568094
0.036896520516906006
0.035911323334921245
0.03688320780801834
0.036207345224493724
0.03657022359268205
0.0362246881009267
0.037372358724834576
0.03719813386524067
0.037166589167397325
0.03687825492861456
0.037496280975630396
0.03789533750431027
0.03778926685086192
0.03658237877058741
0.03780345499315612
0.03811375808767265
0.03748191936580268
0.037829492133624944
0.037226032869919295
0.03800013613149396
0.03774348822561886
0.03744679850828572
0.038315177963798526
0.037450805634646527
0.03710215869254176
0.03809609962156475
0.03870267939877995
0.03821150246824765
0.038453173954591274
0.037856138472659256
0.038107092701630395
0.03867031641109071
0.03908718316702345
0.0383000566529666
0.03814864653408804
0.039041425278417925
0.03885571276421501
0.0381727350490375
0.038673996319362615
0.038998440539541
0.03890551571840529
0.0386512469408762
0.03851635851103842
0.038604264347655376
0.03866432589240094
0.03834250540922077
0.039432503275609584
0.03993000938758511
0.03926040336578575
0.0392105468196941
0.03942879718741671
0.040023689116703134
0.04008925753160333
0.039632622499285064
0.03997596321689382
0.03949347569338112
0.03881284774062828
0.03978415301909299
0.04046020541583656
0.03937618316909586
0.040123023361161185
0.040020863117585494
0.039857429236731357
0.03942346958260696
0.040080348139458634
0.04069225787568126
0.040926906442590436
0.04014718565663024
0.04012161043167582
0.04080135148885166
0.0407833971404466
0.04051406270490515
0.04038438613428702
0.03949925920991657
0.04088029932911708
0.04066451787959574
0.0409638328492247
0.0410454258049942
0.0400437478455644
0.041336359405188254
0.04008888475560084
0.04023950727024748
0.040022438008756246
0.04111719289437917
0.04149635591743526
0.04129425825918617
0.04005452359849312
0.04174799062762709
0.041302214431814976
0.04042863763931173
0.041043273657969406
0.040286396175410084
0.040871088689913494
0.040956355763595444
0.040824984139731166
0.041364342473381485
0.04054923408586848
0.04092789245123576
0.04172900666317415
0.04117998603832588
0.04090636487624446
0.04046970139575277
0.040465864795949255
0.04212569796103268
0.04136160372837724
0.041310626356052475
0.04136916884437823
0.041525947411970625
0.04133577970662731
0.04206486578756251
0.04203182540515513
0.04242260528026441
0.04182051957293219
0.04219455288049657
0.042347663479725496
0.042052260904304674
0.041665878510769146
0.0417780145484753
0.04195905137835088
0.04127878019241289
0.04091998097287266
0.04093810255788102
0.0412694584113023
0.04195836080068593
0.0417247615530332
0.04190726092458327
0.04150748072557932
0.041198125257599624
0.04213954791212701
0.042790386148760184
0.042529172881010435
0.04232811702883892
0.04216705030945648
0.04263150204265839
0.041363759695293455
0.042393470386394815
0.042724559126107065
0.042924909420386716
0.04271014865170538
0.041243675072887044
0.042127598813773065
0.04176304468564892
0.04131058713703497
0.041615617878283384
0.041435294170852614
0.04192102551352298
0.04216240222791178
0.042260947684141695
0.04286513955430318
0.04292301949810213
0.04244030688614672
0.04158268416613531
0.04161241626169893
0.041475687492504305
0.04151876993407643
0.04301990588039842
0.04194617915061142
0.042926470754735505
0.041874788816704124
0.042643675493548375
0.04145284350880983
0.042433987893056184
0.04205107554332551
0.043108447044491995
0.041824035158187105
0.04278149697739349
0.04273165427951542
0.041575395093925896
0.042597262836148946
0.04251839783650807
0.04294083301972572
0.041732052570511415
0.04189670894797587
0.042275361714780774
0.042443466938108916
0.042679348218824714
0.04215556294151239
0.04236099847795082
0.04253290827086847
0.04300190367664067
0.04252082957837095
0.04308924103074085
0.041898782022201785
0.04141724878720787
0.042134516613076115
0.04196972514212201
0.041518667023858855
0.04242769793843621
0.042786805702332405
0.04294145484246485
0.042469282723917354
0.042414174952748775
0.042014987163172146
0.0415575473777182
0.04233888651681118
0.04135089956095231
0.042109244970914575
0.04277154947150421
0.04131607103212179
0.04224898169794365
0.04160320561478462
0.042517052403489186
0.04190845583837237
0.04148940903421335
0.042419217833201864
0.04214750963682799
0.04136512578535664
0.042091153973549345
0.04254912036969884
0.04260470129598063
0.04183520913309686
0.042514498114568644
0.04174503311760032
0.0414976180930577
0.041259491414901116
0.042148331285173785
0.04255200995973358
0.04269616587555811
0.04187388632315925
0.042051116875885586
0.042297612413300156
0.041082213920867874
0.04216953013552835
0.04099823325133999
0.041698024710657755
0.041786397743095886
0.04158071074196124
0.04183710636739636
0.04196421522102468
0.041863417487687384
0.04170833313993498
0.04076350385352791
0.04207193213529615
0.04181651155199588
0.04215636297633091
0.040735802082091495
0.040646709131281794
0.0418188099329994
0.04207996752397193
0.041632450663637605
0.0407393961528363
0.04035693844562017
0.04042145243852188
0.04030325540234047
0.04075839366780737
0.040468192750329
0.040228441328154035
0.041063294670947284
0.04071421242585939
0.04035452953420415
0.04068405369240067
0.04103198328832186
0.0415848500556606
0.0405167646975623
0.040906940539805106
0.04016986365821972
0.04040866046083728
0.04041847287409929
0.03995647735732706
0.03985212778415403
0.040619755644212115
0.03971926673331895
0.039989585621234176
0.03994425899573062
0.04006952124780411
0.04076231083719402
0.04004609809870617
0.04098690336501286
0.04078933377693916
0.039854164015618476
0.040141787432402536
0.04004434082175168
0.04098603855588586
0.040257239649736064
0.040391098557245736
0.04069110593560143
0.039657097652298585
0.04033006065159341
0.0403089748830208
0.03999879983622682
0.0399857089215981
0.040254625035630855
0.03887184794174111
0.03996212819360808
0.03985931104224315
0.04005572057800811
0.03894766832955847
0.03923593317328537
0.03883683440738931
0.039398926198244075
0.04015730097144176
0.0391984431337773
0.03917877486166238
0.03866034610525203
0.0392217923971294
0.0388217775251537
0.03817982371172864
0.03880365204414281
0.03897686437133987
0.039514878400524006
0.03877684222218126
0.038930665579322246
0.038215956073389616
0.039207809929691535
0.038259067703695394
0.03801226274824242
0.03829489537425613
0.03839937862882051
0.038338805732465835
0.0385085610646871
0.038213589832052856
0.03816649608571205
0.03779409919452444
0.037935982435355335
0.037588297279728275
0.03714817863631279
0.03796383508081353
0.03699619536712405
0.03764650553835587
0.03742907715348342
0.037276334425723326
0.03754195512620794
0.03690580065670898
0.03774388264879681
0.03800453101746747
0.038021882382236735
0.0374155125251629
0.03694572554422176
0.0375407650795922
0.03718651151093411
0.03748138626995051
0.037629480835199194
0.03711142963889867
0.036181464730727565
0.0369284832498686
0.03646996437434318
0.03717235197559837
0.035937933890662806
0.03721189042942111
0.03579476166517539
0.03590519454236209
0.03670334586014109
0.03569565440501977
0.03682039038901007
0.036218875170626524
0.03634767624611132
0.035452914636156345
0.036717149264768996
0.03577107682509285
0.035798326827538834
0.03533470068871001
0.03635839608047833
0.03505483412165563
0.03553258017344978
0.03484286517802884
0.035949595160711785
0.035709836887004326
0.03517170476223655
0.03611679205190227
0.03567355826920422
0.03504672263697338
0.03500600319585527
0.034891248106073997
0.035579911244945826
0.0342323902251705
0.03463189980017999
0.034230232985545415
0.0349815015523398
0.0341208529856894
0.035420407877411304
0.034077912356343866
0.03419234697942747
0.03414346934825022
0.03459759886933773
0.03480351270705999
0.03474025966813615
0.033942455283527816
0.03358230628659421
0.03438464669914792
0.034184554932353964
0.03336577503852871
0.03308660473194009
0.033380925760429905
0.033914059766219036
0.03431688907343269
0.03329134845061174
0.033365477306227305
0.033489314242459406
0.03382356738644407
0.033046058970387066
0.03249935064153647
0.03356865652870371
0.03210443451798422
0.03335971821976137
0.032119479859268295
0.03217843582373927
0.03284328432433792
0.03334367681037428
0.03329309796782417
0.0327962132564666
0.03285382127230721
0.031638611496319254
0.0329336868297408
0.03252757380522583
0.03127982551910263
0.03179183152220047
0.031893907951910806
0.03242170813806316
0.03118314959399694
0.031664976576134506
0.03184926935784675
0.031533727381658376
0.030913242719668024
0.031813012658870196
0.03126074864825191
0.03041230273926963
0.03119799960347454
0.03155665042564521
0.030942632379121746
0.031598819236240534
0.03135888218910231
0.031062521361054356
0.03144045459610076
0.03106994681281193
0.031007518851119045
0.030827413792110736
0.03061965395505113
0.030140759175847593
0.030860306456420974
0.030519797086197446
0.030177103135571412
0.03074201502035503
0.030227802430739085
0.029520728140643396
0.03000170230581672
0.030358142396561236
0.029924188107225434
0.02981209282684551
0.029889380028169075
0.028482750655591187
0.029133134296995867
0.029248093449411445
0.02823761347068756
0.028435964425507256
0.028529641982418207
0.029517767434036554
0.028699486932240552
0.027799780538983073
0.02920690921600128
0.028373605669671464
0.02805838073982963
0.028317983562539988
0.02780782890740958
0.028153152709099488
0.02788288036903927
0.028418561579348165
0.027870950084227315
0.027961536467311292
0.028266539115083915
0.027860945589574384
0.027685829896093275
0.026672630853262366
0.027831503853387077
0.0280815482389185
0.027679333402683498
0.0274897832806582
0.027538039350988308
0.02699544471537107
0.026737868011842403
0.027539030025580304
0.027541612984983137
0.026238916468473844
0.02610394849512569
0.026384750625142322
0.02727572703303098
0.026175255874174738
0.026064637746237636
0.025572169257773822
0.026802491334788313
0.026640406724747077
0.026686869940495076
0.025069123268242528
0.025956787995930722
0.026417827752530248
0.02600654056736333
0.02611851383636657
0.026068782995964334
0.024818953115979273
0.02508727623109754
0.025942889
0.025181098256229446
0.024218180450267947
0.025147028104373727
0.025326064279145296
0.02500435680921945
0.024197059600261875
0.024205695613035507
0.024512300865463396
0.024584374497682852
0.023611517230200982
0.023909408145137225
0.023468981290618245
0.023344242611438748
0.024485057026587348
0.02343135166112089
0.023759641014255477
0.024263102526232542
0.023274714097439884
0.023760880021244112
0.023132880685265155
0.024148057357430475
0.023716275378270583
0.022637704760742432
0.022981465466354996
0.022710353251208015
0.02371781933913723
0.022743452600794817
0.02277894596303518
0.023425867649819198
0.022657761949543876
0.02250196603369652
0.02208266532961559
0.02244280935679622
0.02249345784536754
0.02205511429544284
0.022113396173559265
0.022078972046500236
0.02232009455278528
0.021728409413678776
0.02127893553499408
0.021128531375297094
0.02231254670722679
0.021373734317530146
0.02249041489937701
0.021041542148136274
0.0209587389637245
0.020998935842577417
0.022008743892869373
0.02195817108486049
0.021627882890381003
0.021324312361372225
0.021780140068391504
0.02060866092127311
0.021430671126169604
0.020051954586572635
0.02135339619525175
0.019948064978767385
0.02017698123753017
0.0197690368327656
0.020734611234087454
0.02015812133413879
0.019652197254348313
0.02042714726590524
0.0193476880332438
0.019235661150823074
0.019584522521705613
0.019272374091516654
0.01928702421190359
0.02016491231360146
0.01890931680260857
0.019444074731312204
0.020062780838997048
0.01912303500594251
0.019194902770966468
0.018405955075016762
0.01923075705783011
0.018938895003893348
0.019534195832721347
0.019801369481943085
0.01898337900863539
0.019284149836812946
0.018946946789793157
0.01882093464847308
0.01880058446427817
0.018592193211041646
0.017863119731555733
0.01811900236122413
0.01885435417987898
0.01792771096207238
0.017995358838401313
0.0177728818772815
0.017168281450868017
0.017184761656452642
0.017621562400399783
0.01866506961745537
0.01787414801323221
0.018333151619783366
0.017483076641303094
0.017532498593116543
0.017498551958646108
0.016498470323691453
0.016578464700281775
0.016399344992094167
0.017066123974040396
0.017265286413580397
0.01710160014712381
0.016829337888701185
0.01741788059373574
0.01731311695636109
0.017310330035113366
0.016485382455219733
0.0163601801320069
0.016547480210752055
0.0162501455582183
0.016320904182428167
0.015951517143203066
0.016263081991192724
0.01597735973546043
0.016436892913632626
0.01609280962739667
0.015609547658019878
0.015460252560058896
0.015509038729988952
0.016016364438285344
0.016070094572693632
0.0160943969124084
0.015773828515119263
0.015651990556189002
0.01615368307318276
0.014861142865007379
0.014609545976284218
0.015213338797617253
0.015603368308891937
0.015645556300051863
0.015089675518664766
0.014726706930326941
0.015532797477690628
0.01559474074188817
0.01387906412068767
0.014343219099393916
0.015194887394985456
0.014318800555342463
0.015050633353876406
0.014365100722177174
0.013804370037294211
0.013745331185816575
0.014751972637152893
0.014101662422163218
0.013454863223075073
0.014047499674752382
0.01430764247963982
0.013013197093593842
0.013806352595067411
0.01417577992318708
0.01288584317366025
0.012934897721506092
0.013303558645218911
0.0134863788181425
0.012894341343122034
0.014102934894713664
0.01296302577230994
0.012370982801879874
0.01281791240799578
0.01303582998417783
0.01230037925092764
0.012801735763542594
0.013152042141817026
0.012388392845329119
0.013311042494782405
0.011997962442717306
0.012948661802786107
0.01230147761634669
0.012164673878494082
0.011996229045024833
0.01307951112393519
0.012177582186417913
0.013010965442215028
0.012965313706600923
0.01164844942934984
0.011477919118718274
0.011293565977658451
0.01141899316707752
0.012782910225244266
0.011746874072749105
0.011888114605043203
0.012535779673797045
0.011906722536045057
0.010859039108950513
0.01203683701363594
0.01095004880749751
0.011864022765918338
0.010988141327932546
0.011520255018277694
0.01099586304365171
0.01134703324257518
0.010485853280032799
0.0105882330749329
0.010440212492837986
0.011498175740848278
0.011041915700882228
0.010717646007930154
0.010780201061134814
0.010446275599416478
0.010675935610623183
0.010464454705510424
0.011237495881675873
0.010298667772313096
0.010121869704477508
0.0106578460607384
0.00999926148339961
0.010572047805922299
0.010045696056832741
0.01115255980848398
0.010862881179086199
0.009519163417170096
0.00989852271068256
0.009571274254135783
0.00936656591196297
0.009366125919287342
0.009722130110872652
0.009531625911483052
0.00954846429462448
0.010498421558872014
0.009964731293888586
0.00973991227044059
0.009277125884783926
0.010344091674362507
0.009122485229166397
0.009244201946075068
0.00929343508109202
0.009045422738036669
0.009820171673407244
0.009610252497389641
0.00890344918600107
0.009011927820394844
0.00961515425330266
0.00997424459898507
0.00862322913662825
0.009306857182941285
0.008472206938388871
0.008522234039903279
0.009606285535779671
0.008519214472664464
0.009342622575537335
0.00838279739951314
0.009221707736326542
0.008780738627691275
0.007845040334267318
0.00910610548910055
0.008425185741457434
0.00912954520112157
0.007583455705004681
0.007755535573998097
0.0076076488968388496
0.0077165440911089855
0.00877581466507344
0.008020893908512614
0.008400278526456336
0.008543692194960057
0.008723466542787222
0.00873331197587817
0.007284902746628459
0.007346861591594512
0.007020489094530721
0.008196575351853011
0.0076277437820880135
0.008033541987349565
0.007758480536308563
0.008380850546076093
0.007935330873210066
0.00693982923773168
0.00801635414594212
0.006888498673068358
0.007262826948022812
0.006792610290060436
0.007983636785340519
0.007497393615380239
0.007924085174620933
0.006412865547148853
0.007984403802611967
0.006704539164127955
0.007094133600819096
0.007767624566550404
0.006263146145414892
0.007882801259344135
0.006851216248741754
0.00744950883028555
0.006986808610269624
0.007073548654503302
0.006145048365462817
0.006450959946401822
0.00604926315628783
0.006329432218457506
0.006869348253062677
0.007000986712473812
0.005889191712934147
0.005811288516357137
0.007208597616268241
0.005996898355555775
0.005989944819993552
0.00724393718193569
0.005927746008024828
0.0062971624641690255
0.005500433426142976
0.0058278928705451346
0.006326819113456765
0.0056915192230135945
0.006790493179408353
0.007008263652030669
0.00628324491180303
0.005341285238875001
0.00664553271415606
0.00613476994576427
0.005826640404391672
0.005227573814959211
0.006018742198091229
0.005298948577131135
0.006256022225449206
0.005212481543638127
0.005171417418387636
0.006072161898308563
0.004863141715297682
0.005124551425994596
0.0063892069320271635
0.0057769649902589025
0.005427161551635276
0.005498729606684413
0.005864603845261586
0.0047895845767103795
0.0048087771616826674
0.0056845302926707515
0.0048453723316189004
0.005982857246359201
0.004633170525378508
0.005447459328221406
0.00561611901106848
0.005307903766893881
0.0057368631392142305
0.005039545745586611
0.004517224724521151
0.00572507307110923
0.005024098390557993
0.005540786044460499
0.005465596022493005
0.0052982718058591834
0.005162931974517532
0.0044528795505312
0.005794536453962844
0.00556178769173233
0.005653841779646852
0.005388049806800466
0.004576028163027433
0.004014154328664662
0.005353971692095892
0.004344011217157339
0.00385364585575435
0.00412804891107518
0.0052203464117625935
0.005192047747051878
0.004626860164861544
0.005007242651984069
0.00406007612583278
0.004805370637731034
0.004102460386801117
0.005351663522004042
0.0038894828703839503
0.005126350127623773
0.0035476183382760953
0.004810314496019424
0.0042036663766762865
0.004043449790173896
0.004469765533407388
0.0038928454094538825
0.004982868639824702
0.0046851455478539705
0.004808531274553984
0.003921668672928046
0.004231381171080107
0.003370011916730731
0.004855826843532395
0.004693236186871253
0.004450411675183557
0.0035099198283253495
0.0040685498228023335
0.003214472712578585
0.003316422236659288
0.004446722104671238
0.003654888295353435
0.003710234623703032
0.0033004986813817824
0.0031573601890430136
0.003957387401986837
0.004150915144141928
0.003966544274757056
0.004302351910918103
0.004354428612235325
0.0046014432326164385
0.0028916538417064507
0.004357668249911424
0.003818153796862266
0.004041068820125578
0.004152927191064477
0.0030475349617311402
0.004221705695104056
0.0038066348283667586
0.0028173631678883966
0.003062860179716152
0.0036552204987169976
0.0041323142361703495
0.004080200760930864
0.0026597738454619867
0.004248397146269337
0.003570213917848212
0.003687953768185318
0.004207083929476882
0.0024903160619052117
0.002923448563639137
0.0037555089282699954
0.0025573077008977717
0.003631530956698841
0.0033075861199642724
0.002754406662427857
0.0039408384743917415
0.0034839447083073144
0.003935606360312399
0.003795953267148162
0.003038422739634583
0.002688959553202804
0.0026699871541697056
0.0025081319236373886
0.003937262473857246
0.0025773238084441305
0.003127874476332973
0.0036423102890059474
0.003049899440522864
0.003758941230320174
0.0034325834365438635
0.0025739321699043676
0.002611799371750648
0.003726050481059487
0.0026953879547916967
0.0022596646484838966
0.003107523124756372
0.003399543263482959
0.0025206503758716027
0.0032759093346805775
0.0031629513175692138
0.001941938561991087
0.0027636761858137694
0.0028642240506950006
0.0020932561401581866
0.002473202821789415
0.003334565623583413
0.0025125099856445426
0.003221677750372946
0.0020289920645699647
0.0019092287112706266
0.0034853205050934368
0.0033773467436091272
0.002150820724412582
0.0019928231560533576
0.0027178853423310712
0.001807011568531279
0.0019274438878346604
0.0031154662357369385
0.002324042064917257
0.0017569919410744088
0.0031392208774095216
0.0021366555700827526
0.0028744485520413336
0.002619410506589205
0.0025850145959201223
0.0032315526381435436
0.003022436095041391
0.002713501483766356
0.001632191782512508
0.0027567996472693274
0.0018162430575661026
0.002077282949332411
0.0024033096243682977
0.002488055645777977
0.0014754754623375968
0.0019943545723391295
0.0020520298829826036
0.0020612189612158123
0.002629350928991293
0.0014412686008257575
0.001484653661586886
0.0017695515527360022
0.001903867446070914
0.0015316243350554093
0.001836423952493376
0.002528901129144853
0.0028162932930850247
0.001332629831695374
0.0020605103706291296
0.00197911458466024
0.003005633915544263
0.0029949886352142424
0.0020004062916398873
0.002737403890878007
0.0028811876133068267
0.0019612413431095797
0.0020877302264765236
0.002941886813325994
0.0012018219677279185
0.002883110360141234
0.0014651393903420955
0.0019506625166075882
0.0018742079307849894
0.002622946167748254
0.002250423493824051
0.0020771504964578577
0.0026156745052638244
0.0017687903681256642
0.0017109920267601032
0.001973281295640742
0.0026028277706447193
0.0012018198009007344
0.001870714052629538
0.002537437054775157
0.001757995714085544
0.0013415330962609294
0.002350556918188709
0.002432924425698036
0.0011164069723455074
0.0011295505702018128
0.0025422355532628725
0.0021756571700603023
0.0010438995021220547
0.0023825812003560863
0.0017467474099953457
0.00245263610018416
0.0014232207346038638
0.0020900118849513636
0.001719162366113238
0.0022539353766645003
0.0017350421830251359
0.0009435516110556343
0.002433264025515991
0.001371819164514193
0.001196713916082545
0.0011029680274836807
0.0022827619980017393
0.0020861034887781353
0.0011241913460186387
0.002410008187951611
0.0011791368703581878
0.0009418604393039582
0.0022419078198214377
0.001962451806562091
0.0016895996361665703
0.0015389807312859
0.001374834797924495
0.002339974025137333
0.000959807458608757
0.0021402845158781498
0.0014609253234628842
0.001444771429810374
0.0008384428126917213
0.001673939154713042
0.0016837861712916628
0.0015251938359055572
0.0007318948824833278
0.0017621793819000992
0.002450983993160657
0.0023515711413348386
0.002094405669285673
0.0017559957043185763
0.00237412613435005
0.0022967628927469514
0.0015155815529559488
0.001984575135883953
0.0017071887847318742
0.0018282310183127684
0.0017602915443559303
0.0008174513562723307
0.0011605023372647592
0.0012599240984490939
0.0006164473281669299
0.0007068567310347316
0.0018780441840880189
0.0022260352880847465
0.0022843708937698233
0.0012686021789829977
0.0019380247799682063
0.0013572338988358551
0.0013692866950180962
0.0021475013990825344
0.001500077976219937
0.001475746932953361
0.001785017503060283
