0.002062828116056389
0.0015516513037709678
0.001865543517403176
0.001725758732213122
0.0019848440747063387
0.0014832028057200318
0.002235711833087078
0.0014260580723477747
0.001967648615835032
0.0021986456262913876
0.0013469002983808379
0.0012165011822311501
0.0011657377433636042
0.0018892530491644139
0.0012176955568145161
0.0008006901384278299
0.001243783273648707
0.0014911453906156342
0.0017668729605401971
0.0011398604689895554
0.0014902420721131448
0.0023388959143259202
0.0023074891809485494
0.0019074347493162336
0.0016958650364178993
0.0015696736999516081
0.0015700046782129208
0.0012729108251274452
0.0017386903955854795
0.0015328430348779645
0.002400501499772581
0.0022497825614722546
0.002311702225793281
0.0008248936887233623
0.001954638561072279
0.0010290306789350035
0.002026348196076682
0.0016063926260789388
0.0018171578392062475
0.0021212638525305626
0.0013000701842927989
0.0019513925647789768
0.0018981401308796031
0.0016562103195044199
0.0014786521257332287
0.001960746102042121
0.0024453235100712354
0.0016075964147827665
0.0022323953653753245
0.0012878432955100183
0.002490517113950635
0.0019062042429539591
0.0014999384673705432
0.0020132945005861633
0.001914484124178308
0.0016460137130601766
0.0014063948630467986
0.001807329037554442
0.0011805720982657373
0.001444396482577307
0.0019516584686057564
0.002484111843014715
0.0015345084317486938
0.001652537578855824
0.0019290336802280708
0.0022138975674571163
0.001541239937907005
0.0016014312284206168
0.00236711541814772
0.0026411599955933128
0.0025067881509650797
0.0010456827211199364
0.0019709501381612793
0.0020710551822566104
0.0014782042180148851
0.002804929649162943
0.0018571853214932035
0.0017785870488313184
0.00244811344295981
0.0025331091845850846
0.0016367688530357011
0.0028857631182892113
0.0024210188377761237
0.0013006715541385605
0.0024808813074237253
0.0020818280136111495
0.0027662025470095632
0.002219173229415363
0.0020950625454308034
0.0014890413224605663
0.0023754156022895608
0.0018537383360665008
0.001417441082232223
0.002771781018973275
0.0024916493505072407
0.002702461129117937
0.0017785060309503673
0.0016700785619015
0.002556967343964188
0.0015484767070458516
0.001874050628816796
0.001966223546643181
0.001722644755245524
0.001981602175545516
0.00215645747871431
0.0030654301423764982
0.0022427151988829003
0.00294445058790031
0.002885224732844855
0.0016278350453320773
0.00266230178059929
0.0032174139352659573
0.0016683857850915177
0.0031097530907511495
0.0027245681342729774
0.002676489527388805
0.0032169035336597693
0.0026895730898646194
0.0031086653990762885
0.003277144272806231
0.0031189171779755116
0.0032611570606692303
0.0018566508414375085
0.002476974636417587
0.0032746194996563505
0.003098638154036704
0.0022393106270530176
0.002252911791258128
0.0029388000016681583
0.003340556717919762
0.0026969335662351615
0.0019241056937949945
0.0018628932599816044
0.0028630886998254716
0.0025075322509426545
0.002247318756567876
0.002464081592536296
0.0028605469554963737
0.0029442051791822386
0.002319470461500852
0.0026773589006329366
0.0022956831523484895
0.0023609294775291736
0.0021854945017993482
0.002133916277036492
0.002015865043538678
0.0028295331965581746
0.0025765434702134334
0.0025996213413808193
0.0024645895983384505
0.0033748230665724146
0.002167256917577787
0.002363728900619126
0.002672394661023621
0.00273197525802437
0.0034198476224202136
0.0035085590713183207
0.0028337258070519717
0.00265987217597291
0.0037555303953707053
0.0033846372299830363
0.0033559882984397138
0.002573530114677518
0.0030044191153906965
0.0034514903491147117
0.003270377888720898
0.0035955886359648154
0.0027718648863606947
0.003343134827559333
0.004042474012482223
0.0038423443031166734
0.004003833235553528
0.0030604785923806803
0.003006584747090779
0.003635194461597242
0.002879693887540202
0.002575414590653348
0.0028846966942025977
0.004141939922074718
0.0027904706878104603
0.003440243674375611
0.003562128976615204
0.004044025828481032
0.0032289932255940906
0.002978051294930148
0.003277784020882132
0.00396610536600446
0.003526972709044072
0.003583178034784971
0.003966985507390757
0.0044101512602651
0.003318770858620491
0.0037463520521638155
0.002877212402016417
0.0042596250901641985
0.0034195537295250585
0.0028910451311101397
0.0028959572882393076
0.0038845934069130627
0.003824129060658261
0.0047102753803845284
0.0043277091596502235
0.0042859679073281925
0.003149216508793714
0.003258152370701246
0.003298855562637767
0.004146298041793851
0.003664959533366833
0.003295489095707589
0.0035448347584896467
0.003539138939995391
0.0034971142933833484
0.0033421609911422523
0.004761146626806294
0.003763236089225164
0.00501616749227626
0.003713413273052606
0.0045703579972963095
0.004321660458811396
0.004776679002007478
0.004774755196965196
0.0038407240482919713
0.003498986604973029
0.0036442937126067543
0.005023450358898008
0.004298977456637414
0.004972066063169064
0.005304472614773835
0.003982923855088364
0.004023259638977402
0.004436740245485075
0.004438262066424721
0.005211446301588979
0.00465008646395777
0.005435266393842349
0.005513988618640934
0.00547939515384969
0.003982626172561503
0.005164796737000209
0.005508583192878752
0.005611673515024673
0.00555184620173608
0.00486804630105915
0.005221957907892428
0.004888691212742867
0.004897094699284093
0.005419311833669656
0.004781301564438187
0.0049324089320375315
0.005586765857335027
0.005440189074262051
0.004796730617546367
0.005756676424434003
0.006009122199951732
0.005899970085522241
0.0051029123868406865
0.004457372763686926
0.00450969014520087
0.004680376011355479
0.0051153461366739
0.004598450533892569
0.005954174981331127
0.00625649982463778
0.006279262742789851
0.005429425187628495
0.004911012005846649
0.005182698389591243
0.005879667704519006
0.006113445370003098
0.004889788010721055
0.005271384391479972
0.005145100963871846
0.006544660520185838
0.005511975231772839
0.0050116706907620025
0.006700352849632564
0.005266562215867458
0.006769244158086418
0.006324776665413091
0.00541892949512029
0.005325183857161816
0.005610814651964734
0.006769296600665092
0.006997011535699451
0.006931080873566678
0.006171619247940855
0.006651371200616864
0.007128939214776296
0.005699619886813798
0.005570645795059303
0.007259309268080232
0.006842208102275925
0.007265439304351446
0.005952129768008544
0.00654337448724903
0.005941737334142917
0.006364784478030851
0.0072680968549173
0.006224170123512834
0.0058739463624410465
0.006066145183669527
0.0062171348520916585
0.007535359141855162
0.006037083087041984
0.006520138131218265
0.006967503630755601
0.006842269157887463
0.00775282359619762
0.007338275542549369
0.0075560542075734675
0.006791632929556024
0.006826880053517118
0.007147408433034759
0.0071830823148063125
0.007929718538456651
0.007119092530680137
0.008107148535680639
0.006660227955080826
0.007217135185868346
0.007295685918134127
0.00825436986346915
0.008177112336735994
0.007835651530622238
0.008572842222520392
0.007488093101128137
0.0075594564434723725
0.007188262100451085
0.0077905521309361465
0.008009071121209507
0.00882427893023868
0.008604599508800312
0.007735968746916926
0.007816279377961708
0.00808835207242958
0.007490415817111347
0.008031647944708759
0.008665178927995183
0.007457898108366191
0.008813999989732965
0.008981652776372941
0.007886896393885219
0.008482328808158726
0.009388523481601069
0.008984094892334196
0.00844301555407056
0.009147722961520848
0.009077102406743842
0.008720737901659791
0.008216125029039798
0.009296581568923348
0.009618459949716171
0.008378915991456702
0.009323988212937733
0.008162041723266516
0.009036525070734205
0.00834905676802918
0.00999823971637605
0.008570565956675248
0.009406029722099942
0.01015089120046005
0.009990500571857465
0.008809866985498856
0.009459702203430221
0.00962583523710258
0.009017971724073714
0.010490838094274693
0.010356401475496924
0.010459826935021203
0.00923191322006683
0.009939303224812566
0.0096301129092065
0.010382291414493549
0.009682866316649772
0.010655378040198756
0.01092445398995493
0.010389069699435021
0.010747291254634105
0.010028933013415588
0.009951187843487606
0.009747351493259438
0.011089474118222553
0.010791735693074317
0.010180694537475055
0.010702207493982678
0.010494263538788485
0.00998391479630207
0.010704779316131246
0.010703469640670687
0.010115097098506729
0.010433874061054976
0.01054434246795744
0.011087321892040657
0.01061223608652755
0.010295443608481843
0.01079533063894471
0.012058039844395388
0.010942962951639929
0.011286805498798388
0.011201941281959553
0.012258200966552895
0.010940939116053745
0.012185484761943257
0.012064295146163206
0.012260656904418457
0.011148971027623874
0.011913826983923554
0.012673373409710512
0.011340068722148605
0.012217888353264005
0.011404273933953976
0.011869366030171335
0.012869242069786737
0.011785777507360333
0.012149339907078838
0.012356657436944713
0.011914946403806418
0.013003795342936527
0.01292954296129226
0.012481622738545289
0.012309297358522087
0.013340039690110066
0.012975589358722017
0.01332955188303178
0.012314726350083975
0.013048410384346606
0.012793131231126876
0.012522541286904854
0.01221362341807785
0.013774812585166978
0.012538052732410904
0.012971365104803024
0.013045883207950916
0.014023398764946257
0.012987504149464767
0.013571944790071563
0.014191808570156821
0.013480115338283456
0.01303985233316478
0.013366607913804255
0.013610394133762896
0.013810391648916889
0.014258542604288533
0.014494875269289447
0.01323134608763555
0.013471112006804965
0.014568343414279662
0.014175154331552321
0.014408366214418643
0.014151772640991185
0.014481222950380273
0.015164015248308644
0.014618551011606506
0.014641457582201367
0.014677925035710577
0.01429031269358254
0.014349486765722813
0.0155932099415679
0.01451380833222127
0.014560370262985508
0.01543630147556678
0.014366961580353626
0.015443829277873565
0.015238846178706342
0.014996391556674331
0.015018223646101846
0.014721563703064943
0.01624786337346586
0.015621662759885161
0.015263299422655478
0.016233178969377926
0.015472430139061579
0.01657047400103302
0.015350495917497016
0.01523099025567533
0.015817489738880166
0.015760682816677106
0.016071996360069524
0.01646073351181509
0.01597748638203968
0.015988827374905958
0.017401623466134608
0.01615165139696757
0.01693050634926674
0.017486154531683472
0.016686205502830252
0.01747976867135198
0.01724861245265848
0.016958398919197155
0.01701322374787603
0.016868569486386258
0.01673971049990363
0.018067681243319672
0.017431392400276392
0.01703972069771015
0.01837102726845117
0.01768101581152002
0.017322463391198015
0.01723355739410047
0.01763459918160505
0.018158248028631165
0.018036603843532464
0.018111993247114686
0.017322553985216642
0.018519349279590425
0.018036428751808695
0.019266070711287216
0.018149776905425383
0.017901230265999952
0.01874949800299819
0.018286052316850727
0.01961773498964964
0.018923039170775893
0.0182519711608062
0.019536767554212846
0.018993265566964988
0.019388845213277973
0.018811241292179412
0.01846164772121264
0.01915360749618596
0.020044046063038237
0.019317567520929547
0.01930559756673713
0.019126983670249672
0.01977835352536982
0.020621852520321456
0.019489044899207268
0.020256371520550497
0.020025567646647414
0.020263021847386625
0.020327223188355305
0.020226078428023434
0.021181112719512254
0.02057380000092846
0.02103901397962704
0.02116480386824695
0.019857759491447177
0.021604187805972938
0.020277354955314655
0.02014240210143568
0.021138180092821
0.020830269107047227
0.021379196442539022
0.021271734540307605
0.021290142017005197
0.021359507459530712
0.02125205556696426
0.02190303988754273
0.02078027038929428
0.021358325654882365
0.021810746251270833
0.02220707966039372
0.021406228413823364
0.02280458201971071
0.02298275115577565
0.02174720104852664
0.022717189142483524
0.02218453699988017
0.02196367707318979
0.02257327460534205
0.022799316536263988
0.023117059220715917
0.022639338351741985
0.02219522424919852
0.02241491072001617
0.022522816907653263
0.022901417925238823
0.023484451383488678
0.02314706033483799
0.024016607503705177
0.023264777449055096
0.022956169830072867
0.023272272335186986
0.023860349145578247
0.02380722037901806
0.02328821959338514
0.023973125991576714
0.0235198731446864
0.02477854396170421
0.023833530168137943
0.023716331829192916
0.025105158671961267
0.025008784844845068
0.024618379200313817
0.025149589479616777
0.024167575177788798
0.02421681603623608
0.024118826745835074
0.025553567211229727
0.024404121043026368
0.024470263418828797
0.0246603631591005
0.02479400382782733
0.02550136442813106
0.02490470002670385
0.025852283991140576
0.025202485627136333
0.026304548632147203
0.025212827016574846
0.02625644773942111
0.025117675215283526
0.026046914600032514
0.02607356619395032
0.025476792844270825
0.025699195791059646
0.026356251715865683
0.026989146595296637
0.026044313726036928
0.02613556624781172
0.02715232486751842
0.0260391023583036
0.025821657143191106
0.02627728173840377
0.02715897331250781
0.0266631601137798
0.02622405498443501
0.027494914563296672
0.02654563946962845
0.02640506754327453
0.027004045083605023
0.027319823347481058
0.027405863337461023
0.026955050448488994
0.027205988025493042
0.028528721442768096
0.0272516304304081
0.027873207856654796
0.028179368222262594
0.0279631519603721
0.028162431651371885
0.02752397484192804
0.027443354621350946
0.028358435230681857
0.027607662301170597
0.027788290325852838
0.028152415333502438
0.027905347505662013
0.02818371236950082
0.02839853481306053
0.029146407110193746
0.029366860114388323
0.02887700256609126
0.028550154056550495
0.029443185724534075
0.02909883673620615
0.03009305412405863
0.02916165532488575
0.029281736853787384
0.029095036782818703
0.030050165510788263
0.030162127616560886
0.029469329685440922
0.02987884061620378
0.029654152334872452
0.02950282479828312
0.030760415228814997
0.029584096282455116
0.03022368809933802
0.0303563540076713
0.029683653258722808
0.030737839268632397
0.02986111013853465
0.030762935499787543
0.03084968149563179
0.03027362447938142
0.031686277215962906
0.03191734001489336
0.031211637905926123
0.03145290529576497
0.0318780883515884
0.030904809578995784
0.031896216919838793
0.031094854363748314
0.030857798508371666
0.03158076070390777
0.03234192020864107
0.03153503990652597
0.03205428403367321
0.03149561578241717
0.032293095067572455
0.03293638743493244
0.03203034261057705
0.03280300455832804
0.03172786024540977
0.03277110912304438
0.0331673096116156
0.0333450838928433
0.03320745490083956
0.03238081000155014
0.03291576583440593
0.03230721342456681
0.032732567153772686
0.033767114242832866
0.03292725579212798
0.03332391074393693
0.03373944483155259
0.03339460744025781
0.03272637184095699
0.03293895291514105
0.0336204985973743
0.0332572262062649
0.034097042610697285
0.03300271579701606
0.0336858918763291
0.034551175703423455
0.03317499205317385
0.03406207545308582
0.0349108348136416
0.03335518226927037
0.03451673757706346
0.034578797668472286
0.033899986088576035
0.035108093736828605
0.03499372128058684
0.034141019512577406
0.034672843412990616
0.03394494028404959
0.035070065859668376
0.034970752998857824
0.0356952787841536
0.035372714955948785
0.03549344746610249
0.0348082805586957
0.03584926107173492
0.03535654489419038
0.035065369203310784
0.03633405732661738
0.035065976008498256
0.036320521188590464
0.034854191295362394
0.035875623241941594
0.036522162909305496
0.03563137864875327
0.036702712942089856
0.03515492305574301
0.0360842482015139
0.03633523680135523
0.03588800834371563
0.03627393313708455
0.036056984129837835
0.03675511628591348
0.03610480593251861
0.037101640869434585
0.03611943985666308
0.035834157221340625
0.03759218105947844
0.03637000891896503
0.036044390521712245
0.03647562378605593
0.036098495774695406
0.03748776025131407
0.03663583779242214
0.03765472069545038
0.037521146080265105
0.037119594433030687
0.036485740645615265
0.0376563459468798
0.037075753668388646
0.03754710135152881
0.036737829366609576
0.037975855797274145
0.0379311236787858
0.03796374918482347
0.037174680860659275
0.03772163250883797
0.03805858315713902
0.03814812083481965
0.03833376880354574
0.037283725925618405
0.03748883744024928
0.03803296178824519
0.037757515089674405
0.03905278751752493
0.03847982740927793
0.03866854547858604
0.03911892685241575
0.03881416165030427
0.03912377188440796
0.039487307422597755
0.03860130251626258
0.03826535773629133
0.03962346004537684
0.03931675652828683
0.038739748858123896
0.03913923066635033
0.039143486458139067
0.03907359016244232
0.03887030607541124
0.0388610574592515
0.0399519295407669
0.03950930266746974
0.0387399282462616
0.03849279674264117
0.038531494771339436
0.04007404018454699
0.040250393483511664
0.03875235361283016
0.03884838585183226
0.039674339467967674
0.03879471936646831
0.03898367100417017
0.04039995201344391
0.03998753995900189
0.04016869066016657
0.0390723830466222
0.04024636881883189
0.040336325508427584
0.039852337161920534
0.039284711444029015
0.0405023512187007
0.040561453624504404
0.040129144710530106
0.040221364072978036
0.03953224747991559
0.04069389376505784
0.04059444631281363
0.039903204748953806
0.04057817008287286
0.0402145732700836
0.0401950878047446
0.04078236933428875
0.040042648731834586
0.04027111249472955
0.0403153683585695
0.04059953588733933
0.04102130964874021
0.040851645419946084
0.040637829008504704
0.0402944115417784
0.0401070072430598
0.04163962126861089
0.0409815095279564
0.04184668884229416
0.04175274209354155
0.041634319572164555
0.04134968972063562
0.040816284677514525
0.041024392085631745
0.04120358961718066
0.04082428604251422
0.04098808824000064
0.0405714040228205
0.040855928292912964
0.041021398694595985
0.041994463513958295
0.04064901678914131
0.041786562176001435
0.04226850291363258
0.04177935161582472
0.04137748596942663
0.04185075337670097
0.040720110666704
0.04097967694248862
0.042097593813057915
0.04105471611054698
0.040776828936052854
0.04152124476993795
0.04098670783216423
0.041874589084771784
0.04100036977391775
0.04121933292996179
0.04101970857582568
0.04219481125823998
0.041701274359158234
0.04255423176543647
0.04122095916013571
0.04219050262240242
0.04158750182481471
0.041410945873355115
0.04231882368170786
0.042265836933012675
0.041512086260421514
0.04247883595858776
0.042888746264168505
0.04267683747881429
0.04254217518225275
0.042122373782321934
0.041224776323417825
0.042970045225031124
0.04261401510059116
0.04146766498562797
0.04139904936921719
0.04268681808426881
0.04131821221101072
0.04130788314571097
0.04248319264360214
0.04148077399690123
0.0425679645394386
0.04176522318391176
0.042572254170514585
0.042668042679324995
0.04162053570199971
0.042012943279688
0.0425837901150584
0.041787115575887934
0.04259410335854718
0.04143183063986556
0.04147422223597537
0.0421792415304534
0.04231630584849859
0.04304173701846533
0.041469699295816426
0.042930741092530526
0.04279227317775862
0.0422524068403438
0.04250977047818857
0.04178260668493847
0.04163273226098227
0.04151930802326487
0.04238748722623811
0.043147830755152425
0.04163904574397851
0.04304276571869416
0.04304071803951239
0.043146505999652286
0.04153840843357764
0.0424413446821423
0.04195778809401343
0.042388757279941146
0.04261349936372891
0.041692206426679077
0.041962854254576694
0.04297284277008711
0.04208845575196219
0.04282871064575989
0.042995166305121214
0.04158883123308938
0.04230826112254042
0.04225521854050092
0.04249234664733198
0.043156703082993575
0.042770713335302385
0.041973319729309594
0.042585347751037096
0.04139334357007609
0.04241831383010237
0.042505684831984566
0.042510723515537016
0.04243382274799143
0.04241254968731652
0.04300515947369457
0.042450780862375394
0.04193265641112187
0.04143335993902172
0.04177699285504807
0.04266038022998619
0.04226491010973502
0.041944006453703296
0.04205069759791333
0.04214692227257319
0.041603843015598115
0.04279905216158657
0.04167832674851554
0.04143173100164659
0.041694470508931
0.042367394594715335
0.04152052379433749
0.04131682534600333
0.04110730098191103
0.04146464189852799
0.042074971296286845
0.0427104680157114
0.04131380567623652
0.042004439016096115
0.042214463830825194
0.04263233594966398
0.04153991711864133
0.04117689030626501
0.04096524391923653
0.04194383163620537
0.040963337965698954
0.04118818064524423
0.040960439698257356
0.04141192643981179
0.04091287325576331
0.0420511565265224
0.04228293027874644
0.04190295363200028
0.04226504176167443
0.04067907870206952
0.042230847363826506
0.040748829205709
0.040846205503233875
0.04170046927088207
0.04089824766834688
0.041032150884856816
0.04120367357108883
0.042028273903627344
0.040727765367144196
0.04096040606652548
0.041398028005823685
0.04068110804956966
0.040772767713113126
0.041809234020687876
0.040160551189443595
0.041291772012187526
0.04045465376123539
0.040040738792637455
0.04043021661929843
0.04128714333802449
0.040621805883427384
0.041568201345283606
0.04147913164798182
0.040244761903170105
0.041275939203625905
0.040222946939039265
0.040205606254115525
0.041229830885661324
0.03975121923385238
0.04053661351821343
0.03971737943328963
0.04113926077109381
0.04101885434169221
0.04066593900644659
0.039690902663937475
0.04005580063725953
0.04022889512363416
0.03942066459653709
0.040134801937422325
0.040630234769031284
0.03976176328707485
0.04002782860188951
0.03928580613096181
0.03967411942830933
0.04012535461579103
0.03900369698070568
0.0398279507884423
0.03977313832308932
0.03991686535373133
0.03955009355114943
0.03978301100057757
0.039096553603044
0.03913546226866142
0.03916411008617106
0.03864695864945541
0.03837840956251643
0.03860642453995678
0.0382967861303939
0.03888840878490246
0.03889004649291781
0.0381229661633289
0.03855689764350328
0.03950908827644665
0.0392636748481768
0.03867038843778205
0.037972338574337766
0.038360531686940015
0.039154723310005544
0.0394203048799076
0.03864947365580455
0.03823739077793844
0.0385585309927954
0.03882893789468817
0.03805775346375901
0.03815153256101744
0.03831275469364276
0.03775904019704144
0.038334062790968154
0.03843429115966681
0.0375031458741483
0.03765652912369389
0.03810167141258922
0.037124901704865966
0.03771961744291198
0.03688980895168876
0.03679939431124033
0.03767127576557755
0.037416367212565714
0.03671420341085754
0.03670082593350695
0.03724606841281562
0.03644078193048138
0.03784328596696012
0.03636799181709651
0.037731284792472224
0.03741814288172088
0.036937468462809764
0.03754340593371516
0.03623024038910189
0.03642226801366573
0.03748700206407133
0.03670484207447686
0.03647259345891028
0.036333582158736014
0.03681411688196658
0.037061138003885136
0.03674011272985411
0.03598637986251047
0.0366178342568889
0.035729766527391855
0.03652828555484673
0.03652268105004887
0.03592146651643477
0.036464228707308165
0.03548887921690523
0.036401639289996235
0.03637354532211865
0.034924371826812406
0.03485649812608158
0.03463918618880012
0.036143981321373204
0.03468903407727421
0.034424763785640855
0.03540967021904401
0.03488951667556191
0.034627727926328546
0.034811538460191666
0.03490526641952613
0.03510961284396606
0.035649678670428404
0.03408111946466858
0.03513297422947377
0.034965077228913656
0.03403288442356246
0.03497761058835752
0.03441700748056626
0.034626887191288175
0.034283888594623516
0.033819106305288706
0.0349483433228491
0.03472884602695078
0.033711404955455326
0.03341843573484069
0.03328645329294563
0.03400627259527884
0.032936704159777515
0.03364837078962136
0.03399489946531266
0.03272778590682496
0.03361776484104125
0.03401231542223504
0.033958480716101413
0.0323211514677711
0.0332512959479288
0.032280373226690556
0.03305115660652036
0.032241769477838036
0.03298633932517209
0.03266745121686522
0.03254972550473249
0.03342170101930305
0.0327303194493225
0.032380471484093835
0.03236174238675332
0.032133060782589054
0.032260061247886114
0.031660137454884864
0.032287425393364357
0.032479802185879564
0.032218565759360815
0.032391041897468754
0.031242603081895644
0.03232409463901202
0.03088851430411868
0.031167308173394536
0.031943088891186834
0.03186444877261628
0.031434476890364174
0.03160902817574064
0.03104910550857559
0.03016534788110897
0.030333166778153776
0.03013141785415809
0.030138331267163643
0.030408464057432166
0.030908457283063937
0.03139996774717043
0.029990612028344528
0.030355119154424456
0.029611528531951613
0.02972866151351645
0.03023560754344908
0.029460647848922373
0.030544810688991782
0.030636655701266884
0.02957761276787794
0.02980782524399175
0.029539699835659232
0.028775102543656582
0.029512176976531086
0.02932236062329098
0.02950155605703072
0.029673968389948485
0.029240329149239238
0.02932752599416236
0.02955852905319232
0.028892061156028558
0.028012911437633996
0.028513105038690843
0.02831903686627782
0.028535282069752213
0.028393504249737904
0.028340915539813164
0.02797241586079067
0.028779266764329115
0.028275252727326294
0.02759894361974895
0.028932438172386103
0.027179376135292796
0.02745676068003686
0.027559975975025047
0.027457945268435143
0.028214323628230693
0.026800587504432
0.027807425658590394
0.026797908836808305
0.027031953588035652
0.027534446779193714
0.026756716578780176
0.02792638150132304
0.02670358263624243
0.026222052117726435
0.02613883434198555
0.027210721915765363
0.026179276981341138
0.02612211812837219
0.027294295754126296
0.026413895724728676
0.025743397921159993
0.02574356374913254
0.025740408709417247
0.026426203185617392
0.025623750209130238
0.026592624148635977
0.025601114572432877
0.02560800620906216
0.026269856973315332
0.026269878601079405
0.026444849875710864
0.024824382919929305
0.024833306199182233
0.024622744230116008
0.024750072959525655
0.025018215224278117
0.025889042683793762
0.02560329876487689
0.024467185854967495
0.0243224399379582
0.024738981044064336
0.025388535351474308
0.02516391271501219
0.02538735501086658
0.024563195855041138
0.024207674844228744
0.024536806913783973
0.02403446311221218
0.024110600218635436
0.024690160970935012
0.02372840587385654
0.023653422594495082
0.023799041417016473
0.024161213354597196
0.022945744546642208
0.02309687489789532
0.022854901252478535
0.022563189169102976
0.022432261923095134
0.022778124513289724
0.022469091875276934
0.023690804289412958
0.02220423897174747
0.022454000066408467
0.02346573648699661
0.022870133066405972
0.02251076589244286
0.022269681865242714
0.022718100211214707
0.022639740301201135
0.022510677631787296
0.023054617532524056
0.022784033267061795
0.022897062373961073
0.022709510352790282
0.021498567248685378
0.02205748633889151
0.021826041924003833
0.0225205746728295
0.020799239236960195
0.02187209622599141
0.021484471459443485
0.020704806461477064
0.021206880862796883
0.02191293005158154
0.020980493624820358
0.020211816897475834
0.020505460603780355
0.02167176325075234
0.021143983717873856
0.02064780642808194
0.021207133179298645
0.0200983884971675
0.019900931029580227
0.020467431346032548
0.0197626223908151
0.02050089610706945
0.020697689607346772
0.02077159756626116
0.019894572106032092
0.02019443809426851
0.02008177621922268
0.019821715165260746
0.0195281492231965
0.019489869279811802
0.019270274907034795
0.019748744357761205
0.01879630323186191
0.01894711621775638
0.01915611523880447
0.019764267962489847
0.0189807036788192
0.019225691934042735
0.018803791260613593
0.019243790627326507
0.019025037962800227
0.018638536525846464
0.01866424479156784
0.017881388677825103
0.01905410684391475
0.01904331333073889
0.018056358544119865
0.018701353828790422
0.018218977219528462
0.01818821039658892
0.01779721645206185
0.01757615531261753
0.01803575845427929
0.018177831105199695
0.017711951468882943
0.018326227421171043
0.017607776606016923
0.016963611820988763
0.01768524664491865
0.017143915831564396
0.01800183260114937
0.01728404192825044
0.01772822753722512
0.016444109425168052
0.01711108931165552
0.016216162701040742
0.017580339453089757
0.016556666085965586
0.01603990884122369
0.016325179852912104
0.01719803824237998
0.016469966434093392
0.016193034858075783
0.01617969230323984
0.01717902213658976
0.016401130062433718
0.016003920227735086
0.01589591257129555
0.016636830370012942
0.015414047610950369
0.016819466970701778
0.016115814584937677
0.016662171301065648
0.0166038618770222
0.015304255558481084
0.016122229097064875
0.015036707373421975
0.0148294203620833
0.016006134614255187
0.014684328040427444
0.014418713015601499
0.01580797627288352
0.015334007246301415
0.01585767677640447
0.014170231767465513
0.015575884958102127
0.015040553775365471
0.014906397939347173
0.013991268308409683
0.014887012357946774
0.01406068714556383
0.014419414982284556
0.015292950366323058
0.013832571614690222
0.014670706824998504
0.014419601260551989
0.01366238785580749
0.01385396846012572
0.01472795008837036
0.01457448245039476
0.01477822417675235
0.013184779853359068
0.014044624068996746
0.01321337695192699
0.013052294557403725
0.012880947352823094
0.012701897253285199
0.013862457988878033
0.014035277696186803
0.013139083195455759
0.012848781881144166
0.013488452153272561
0.01378516660330968
0.01341699396805743
0.01383401962095761
0.013415826957589314
0.013239016681384169
0.012395894825837465
0.013604649837787417
0.012285633469791427
0.011948165808661019
0.01215842250704645
0.012999984714453043
0.012388705175118074
0.012095593631400784
0.013290736173117537
0.01283420349473311
0.012278978289302397
0.011846195496853949
0.011631090509639383
0.011297109638585153
0.012536308141629801
0.012819238646017635
0.012662228429495475
0.012351082826868927
0.011844494033681647
0.01104799508985154
0.01185074688508613
0.011674672646575544
0.010803916474976975
0.012035061124333106
0.010902336468418743
0.010842955395938256
0.011473029171269033
0.01171615659921817
0.011827255414726918
0.011604518625307642
0.011906142513823976
0.01100138511597053
0.0116949892115812
0.010920000448661307
0.010407678635611409
0.010159480374403932
0.010776644982170663
0.011541010529923575
0.011065608980757131
0.010192000391749367
0.01004610598552646
0.011039389313190623
0.010092825773254885
0.010871372175170717
0.011068398862905903
0.009913705664858406
0.01002552117822383
0.01038073722527341
0.0103563393328342
0.010437418602506032
0.010049724738704434
0.010614167138268741
0.00983677891986287
0.009794564683721571
0.009879014375845303
0.009145432532347482
0.010142457183984304
0.009650534591301194
0.009661587687547116
0.010456421177442093
0.008692267735631367
0.0097977397435038
0.008664371449299754
0.008542267487181994
0.008593654297235848
0.009713202167698137
0.009526403371428039
0.009720023220908081
0.008876121195323024
0.008307837772412941
0.009633910601603755
0.009397678212930392
0.009142383772076898
0.008284305187853593
0.009764681950077991
0.008550842237156586
0.008712020417910919
0.009501546912004548
0.008108663528995903
0.009190967849357313
0.008830102822446301
0.008344675292333787
0.008400015155177553
0.007624018836941811
0.007783845500643829
0.008887721465806075
0.007488871909430043
0.007910897385567627
0.008161899579707007
0.007890035699201834
0.008091844403365925
0.00778485580290673
0.00823721199051645
0.007680980579292649
0.008740398192175251
0.007613679772248745
0.007330225164116674
0.008383951351211935
0.008354045862943724
0.007146962988439267
0.007867877845061743
0.0069321984514307666
0.008415479358541816
0.008270432163684342
0.007012638463220357
0.0069639114019002255
0.008251870391880911
0.007755546994606187
0.007380995657650604
0.0073873250087508
0.007255565241718086
0.0077940617440232975
0.0064997291791841355
0.007619795007187278
0.007014854145593088
0.006546965445408788
0.0066392737115840645
0.007088975165942095
0.006765313312136597
0.007264135093025203
0.006276419099022627
0.006075131054686429
0.006393777463822295
0.006002464388225712
0.006447795733157623
0.006637654356023895
0.006166184600867714
0.006181112336587689
0.007192112999273418
0.006009232366159119
0.006817241873057497
0.0072256494087884595
0.006615093742026546
0.0057685484685148945
0.006308951867335177
0.006293604784632963
0.005911063343503216
0.006654896727918502
0.007037927955813453
0.006305443213473163
0.005981907357052255
0.005779084953585666
0.006905200731161245
0.006238386134319553
0.0055935615605650964
0.005540937814781591
0.005476282000468122
0.005693102517449687
0.006722853123291125
0.005600308945246053
0.005273185327265398
0.006472054433774556
0.006558750058122945
0.005995893130552021
0.006544802830190513
0.00514545634068666
0.005959310323274832
0.0052924153924644056
0.006111452735389165
0.005484577513908615
0.0053654485374230315
0.00610944399495405
0.005196543864165907
0.005006221444667591
0.006134725978574043
0.0046778114764196655
0.005852622781046366
0.005622010323687007
0.006164065898227555
0.005057679890310593
0.005769563808382502
0.0050746957420129005
0.005603511259382778
0.004461788812389115
0.005973316148834123
0.005130918744959653
0.005830997442853688
0.00444531038922535
0.005621678624119864
0.004947849404601333
0.005775801243555927
0.0041753236596309825
0.004260717234509402
0.0052557830322524065
0.0052712074376013475
0.0043881547877008265
0.0051466168945850516
0.004590148043675902
0.004720972859538737
0.003991752971541354
0.004438463536237921
0.005479411997242761
0.004649980470904668
0.004560513046220195
0.005422891238218355
0.0036563563615597326
0.005166406591146436
0.004534074232412648
0.005026608316238707
0.004213795379044898
0.005265424424920943
0.004270011413745612
0.004893331490827369
0.004908901255398411
0.0049104397584220135
0.004001803004068561
0.005060950409181091
0.004447740562873317
0.004604858184094313
0.004040121836090293
0.0048201374661900505
0.0035908138605710927
0.00464068095280406
0.004013074571230823
0.0032787390858133097
0.0038400896983658162
0.004755424054147987
0.00453990984348544
0.0047812898617540026
0.004259044278206281
0.00327376320600055
0.004552204953465373
0.004145225454207664
0.004033510613375078
0.004163197911690039
0.0030098526554689035
0.0034197454946437306
0.004077980342676758
0.003786210667749448
0.004280648565952643
0.004014364860342435
0.003564074397884015
0.0040630221546635115
0.0030136968439296035
0.0035739898308997935
0.004296598139179814
0.0035816256295528545
0.003746260952179276
0.004055114920183322
0.0027666925711777586
0.002780483180370787
0.0028535687684942243
0.0036506008417025687
0.004103714977177449
0.002859548895300522
0.002840939898021669
0.004061351709216011
0.002828572398009876
0.003939424657088131
0.0034955360697371224
0.0035861175577097614
0.0031108258696371893
0.003550361986721572
0.002893001622938468
0.0032235601060268907
0.002894676382624314
0.0024283461794237056
0.003948535420842132
0.0024223670853416686
0.0031656651079451535
0.0037276185280667247
0.002499257341465564
0.0026946924657522903
0.0027135361995318606
0.003465880456986642
0.0029478653143880738
0.002501369096186413
0.0032806093295656784
0.0025488663341384134
0.002415852905522904
0.0036416787591612987
0.0027734750377577137
0.0030214657684554183
0.0020425953257827583
0.0034508081065877283
0.0029597961352210685
0.003292961150783011
0.0019774167081840284
0.0019915045346399637
0.003206564851681064
0.003369617548403195
0.003093742110327031
0.0035747043288048975
0.003161282244191755
0.0028264263099039583
0.003222329994778355
0.0027742882388282855
0.0020600865102487014
0.0035436857234710625
0.0023415418669909425
0.003102627022007963
0.0018509118337610788
0.0026024340831178375
0.0025288705900762434
0.00196899479388611
0.0029463022382329638
0.003073496077891402
0.002714346773218906
0.0019418612872157707
0.002432314603399413
0.0030185266873760377
0.001877209308966162
0.003024892767537267
0.002746732520620475
0.0015897161979569227
0.0020010702718583017
0.002550506326572432
0.0029962383814363096
0.0029667536995154065
0.0017312713233179047
0.0028562184036615406
0.0027324811603458544
0.0016491094986904784
0.0022451288789078283
0.0017138418128251761
0.003179120144576978
0.002135096491318448
0.002735760131208894
0.0018291451676984989
0.001405850361420415
0.002532825962719061
0.0019342698255278888
0.002226154742700162
0.0028355460492093198
0.0014333495115691674
0.001989011270507167
0.0029907027054099727
0.002557283401466861
0.003055945340090465
0.0024854450957384274
0.0026500303181556544
0.0028310312171128706
0.002054622229626728
0.0023243002633615627
0.002095855347728334
0.0013213877669509973
0.0012831701275312908
0.0020892465190909476
0.0028282963002910725
0.0022732400594970515
0.0028011342595988756
0.002444416642178543
0.0028711604736869093
0.0022471689369265202
0.0020353453677142987
0.0020778428208757397
0.0021903052217621347
0.0020359749807127986
0.001575274094371691
0.0012276527372625536
0.0012321930663094247
0.0018541629554044395
0.001154959636253941
0.0017456516366501473
0.002724680996502252
0.002531564976929939
0.0022896620801591194
0.002532425532743964
0.0021707043534724764
0.0018178324711723437
0.001755358388054903
0.002630047182711562
0.0009992707397615728
0.001568402569035026
0.0014900686754072909
0.0016659031071895396
0.0011887970621385765
0.00159016685494022
0.001459716438673143
0.0017649326400383718
0.0013690233793498977
0.0025974309849598
0.002037827804366903
0.00175413597877831
0.001367069045757438
0.0015927377682498835
0.0021607997651137715
0.002357584791566966
0.0011624351473776425
0.0021520157629184413
0.0017406218547932242
0.002453125674961839
0.0021910406602412328
0.0021069742264203353
0.0014828489848706372
0.0020106417121549458
0.002338859679988075
0.002474730811188894
0.0023475770297054187
0.0019475072081564157
0.0020484613553622593
0.001254764266803192
0.0024181782657974825
0.0019105070740568111
0.0016217451770883509
0.0013749738044769614
0.0016582816718160183
0.0010257646036571397
0.0009180427259227503
0.0021593925120457023
0.0017573874282650213
0.0009448004124941336
0.002124498423625909
0.001974614754560931
0.0010796599182219542
0.001388908335628808
0.0011057223198552384
0.0014998383867278276
0.002234790675003453
0.0007226186545500904
0.002336373927124863
0.0008243313426890051
0.002098632294831423
0.0018600725132685634
0.0009617312224356396
0.0008118567200315673
0.00173369662589531
0.001708657907516841
0.0013482662691736327
0.0005723759117952377
0.0018980273168258085
0.0008853572953210399
0.0015061692529031408
0.0018119318566789764
0.0009842970327211666
