0.0012830053711899844
0.001915424233092314
0.0011469911502082026
0.0017447093184758808
0.0006056019021401545
0.0009952592471490177
0.002222351849580976
0.0009591903055325296
0.0013538040794459458
0.0016163980727886523
0.0014791821345247098
0.0006337077971737025
0.0007393118301789017
0.001999256860110578
0.0018775134131735552
0.0012962750014766488
0.0011550994467843915
0.0006776629742580483
0.001302352352562371
0.0023606851621878456
0.0023859187511959283
0.001331138828608776
0.0007537191862567438
0.0022114140356745532
0.002099012894060031
0.0011264528971719925
0.0009906110289194705
0.001764886311315743
0.0012007915831618505
0.001061670881715838
0.0019936878355590344
0.0020958619089007677
0.001279025945818852
0.00154878099495426
0.002187524019742909
0.0025023001550319723
0.0021338292317307794
0.0014122515835324901
0.002523306230639914
0.0018843867013276347
0.0018493370319838441
0.0023715708507992387
0.00213013143062205
0.0018831702686058166
0.0015736767328674113
0.001446852873319397
0.0015552944958335427
0.0012136368847852133
0.001660606554260161
0.0019754517795383193
0.0015465966675188441
0.0014910475626006465
0.0012645053527978176
0.0026370467332826955
0.0009782687431984332
0.0017492000226439466
0.0015811758037661148
0.0016256152933778313
0.0013308880671956975
0.0012732185921626223
0.0026333295563365612
0.0026198538807116014
0.00119461775661734
0.002579980399231049
0.0019491594008235033
0.0018393139174351844
0.0021411845845394346
0.002092175822062015
0.0015493109709136033
0.002001312732860953
0.0022123832401672863
0.0016125270490327949
0.0012421349756183934
0.0017855641463185605
0.002543786732932301
0.0017075143101010896
0.0018951835145250783
0.002029295674092156
0.0028380107819305344
0.0013884968392765963
0.002007348726088559
0.0015745986108468913
0.001655828324853426
0.0026312841995201146
0.0011882744242143674
0.0019045842130680402
0.0014578795489298033
0.0024933182405769442
0.0017852504129447961
0.002118783465989959
0.001642065306197258
0.0023070341397389946
0.002450201599140892
0.001368075642543086
0.0028730294289716287
0.001989371212590384
0.0015614834624002119
0.0013942146993902325
0.0025168879448648905
0.0014267958540688155
0.0027084425146927825
0.0031093026901099527
0.0014834986847640454
0.002942803091110241
0.0021049606980405693
0.0015616422205372382
0.0020213947007038553
0.002530588607520527
0.003013018263543855
0.0025852687989396128
0.0016910429266618842
0.0024088215724431903
0.002194353179507931
0.0015822597929283555
0.0023704006204308993
0.002584386109202852
0.002801779455483811
0.002985381395783307
0.002869574677761366
0.0017154365272392842
0.0031168483085964194
0.0025097934527944267
0.0018560972107196205
0.0018768987781428684
0.002254831202751123
0.002732595448082356
0.002912321198054326
0.0025642863061699325
0.003126598528116522
0.0026373786956615016
0.0031456247986666494
0.0034721330808452503
0.0028886502755572107
0.002132157009405542
0.0025275257624888282
0.003508462861096827
0.0020928918085846965
0.0029249623873298975
0.0024960198384222834
0.002939090770851495
0.0025797835222294225
0.0026396110611097098
0.002723960722193396
0.0034776990674338206
0.00213826304513179
0.0032985544023781546
0.003155494096952721
0.003638045901377299
0.0022291010922902187
0.0030944799496625736
0.003172625833223057
0.00205863231270632
0.003764097703605984
0.0032038906009210864
0.0021598986264154785
0.0036770465659619342
0.002273331256764452
0.003778594206473198
0.003593066296239443
0.002350917078891299
0.002608617016183848
0.0030250998750758814
0.002622163142438257
0.002892137526098122
0.003730339128840278
0.003178842158299025
0.002545195750396164
0.0036667258752482875
0.002358150732404166
0.0028557604741339285
0.0036698129596928314
0.00275967290143927
0.003069078423304536
0.003024112621013014
0.002790525402308235
0.0032165774557679355
0.002998095021405664
0.003249773577070863
0.0035240818234835033
0.004164034136655691
0.0026531788278624804
0.003907041368688612
0.0042641789935560555
0.003702481520025749
0.003198420264082208
0.0042267158544400905
0.0036083857589033126
0.00399861967151459
0.004302253785096294
0.0033155307792590606
0.0039393415744712005
0.0034394891995965975
0.003673516623938122
0.004265012651430126
0.003935954158421718
0.003742202914290792
0.0038115738508740886
0.003149452407479372
0.0035215210336754844
0.0045610627898248135
0.004683262002628838
0.004063540155932115
0.004697137424563877
0.003067579018288534
0.003935519372198104
0.004081877452160855
0.004457564597529184
0.00423274750584423
0.0035822764537912976
0.003454248886292498
0.0036729538702572197
0.0034076503673614645
0.004195285051106587
0.003887946397989623
0.004437605934290177
0.004443065284227954
0.003898205309423414
0.004810375128961353
0.004464429153845152
0.003975408586003994
0.005183312317759959
0.0049964180456098595
0.005168012729304993
0.0036287789195104288
0.0048350915867373025
0.004950224817322679
0.003682998519246605
0.004975412933714441
0.004169067364904157
0.004340414022051548
0.005436424233835096
0.0050420121816366304
0.0047826710810071095
0.005473483602451632
0.004437675101418843
0.004984334137226852
0.005401294787459329
0.004870958404052105
0.004173467588126426
0.005204276077996223
0.005315574373941161
0.005087070008048164
0.005733591471773119
0.004742212701471951
0.005669197569885854
0.004236003193134324
0.0055663284994104025
0.0052632463705708215
0.004635303751056238
0.00581945897303996
0.005539632170974367
0.005096066210493767
0.0046241021916077485
0.005856133644497657
0.005478939697192702
0.005027670003359217
0.005866315503782835
0.004572682269226908
0.005503741351936899
0.005581270411075475
0.006243755820307586
0.004963894278450419
0.005375873356777658
0.005427902886756052
0.0049986844278451514
0.004853065356146144
0.005557791149682485
0.006304093512062354
0.004883535659598646
0.006017451799972043
0.00659391306801427
0.005311893298590911
0.006031174510559869
0.005979178654073888
0.005679286100318812
0.006404585395117873
0.006086741585819876
0.006808139852566325
0.0068434656780798344
0.006112889859068561
0.005376686253065503
0.006612788269635868
0.0068875547441154565
0.005807835114062699
0.0065817553304738634
0.005849560883248458
0.006600277581054453
0.006744001964916653
0.005672519252956492
0.0063138200709614714
0.007002665521085888
0.006518298520962225
0.005947597318941881
0.0059908513309352
0.007216680840775657
0.006676458197697804
0.007438148410896075
0.006646551976630995
0.00651660704230454
0.006667211200201387
0.007584964283330082
0.006297458267427273
0.007261785534209908
0.006263125733997832
0.00758711847235418
0.007039980215404899
0.0074701274158790335
0.006202151790893891
0.0073177017213321574
0.0072035571623457586
0.007474399242852295
0.007648824127813467
0.007926796422069966
0.006446810170814472
0.006698431844046651
0.00795350640795069
0.0072766011790253845
0.007898247441749835
0.007908703587735062
0.006659949588244945
0.008062956114195198
0.008002271363980943
0.0075995100808604575
0.006921171357437768
0.0074453087509877705
0.008234707249266938
0.007399969588380027
0.007640241801061709
0.008421619923971502
0.007242047192875517
0.008176951112938768
0.008764437368071998
0.008035662926794675
0.008778837353929295
0.007375633486965496
0.007600521513392849
0.00748377725424042
0.007932281646922473
0.008288881681382105
0.008025558297745969
0.007634116459939641
0.008227544293915671
0.0077806557372086475
0.008392980528119036
0.00909036068547229
0.00858315979000732
0.008251231959053043
0.008356104272187116
0.008817019531604854
0.008216654131734584
0.008855221902650355
0.00901210023277395
0.009408397201839476
0.00870794739918601
0.008802382689713532
0.008907952145951269
0.00993044434675578
0.008446273673675913
0.008798787585217944
0.010140667946647888
0.009322793153667184
0.009581356542434704
0.010241292396722924
0.009788663839347463
0.009991743092196196
0.009812389543752726
0.009119207217374145
0.010501892811275686
0.009680395050671376
0.009022937111655586
0.009508470221691245
0.009744344268950485
0.009973980273365535
0.010813846506536759
0.009865968943018406
0.010750249294465811
0.010124197176970683
0.010084914482802897
0.010446387338773646
0.010976688416772643
0.010513488289007613
0.010753722497853693
0.009763211587636265
0.010673800964710383
0.010388441676170763
0.011008910444655899
0.011495611755362449
0.01105436059246289
0.011536960362510677
0.010541522068942957
0.010199011896472576
0.011608974219822786
0.011129506172335182
0.011646420378340539
0.010672707460980296
0.012017606850848909
0.0115615916320364
0.011219848819005625
0.011809622109516256
0.010539803622578368
0.011279460005992224
0.011994710327261543
0.01126834393986029
0.011045863855127663
0.01219930142171217
0.011070618123649335
0.011419658588316388
0.011643120019670487
0.011231514005603288
0.011109165265499897
0.011512598790562397
0.01241917387655475
0.011875764498739462
0.012595772799539768
0.013127584475023851
0.0120266998552709
0.01279956790032564
0.012731825686087992
0.012142844467095291
0.011859846521500602
0.012222649777888065
0.012872963030068813
0.012241717009267778
0.012126678791347675
0.013660436389859755
0.013666907443860272
0.01222731097587105
0.0138721198191115
0.013940701231396102
0.012501352170932012
0.013177895580567823
0.012944936542323834
0.014046609393110716
0.014040532847537169
0.012996870459915648
0.01332960396296012
0.014116001793477908
0.01386216906422982
0.012954734552934756
0.013296311461753387
0.014162355484889387
0.01392963174461191
0.01369538497741387
0.013523160642239823
0.014801399776797135
0.014231144824015165
0.014505921524661231
0.014971707410451505
0.013682593959052376
0.01456063501807916
0.013816636160703126
0.014063231389436817
0.0148253725621858
0.014412227947415163
0.014186606532314947
0.01440209388313822
0.015626807883470782
0.014187985254303984
0.01576046484130053
0.01513799015884674
0.014971195475845252
0.01492166841854845
0.016086795284912137
0.01522526336094423
0.01542494603556434
0.0159429615074002
0.01501780044839218
0.015888907268771617
0.01625632584830186
0.01562579037480293
0.01669651632227705
0.016816957313203623
0.016833831145935542
0.016214708435660804
0.01696126005385206
0.01576387997799709
0.015493512976085652
0.01614520627946427
0.016058644203233177
0.015818892774131673
0.016730433105040677
0.017227233959114307
0.017155881290190324
0.016443205615658363
0.016816332848351198
0.017766765944888043
0.017152936964277575
0.017200543273217257
0.017677192090558486
0.016819252485746564
0.0164341679986966
0.01717975531766697
0.016886585572861358
0.018370250102631432
0.017003395403896997
0.01739189742368406
0.017373109937556273
0.01839648699246852
0.01778851717141695
0.018427693830393454
0.01865130348995142
0.018197472171208262
0.01898382042865321
0.018844418342614976
0.0181064765654838
0.018708550940112142
0.018999577132280246
0.018614470468289332
0.01937396663031888
0.01924175720527024
0.019442152063954894
0.019422416966282278
0.0186563451476717
0.019683828134529416
0.019393072605345108
0.01925318702375742
0.01838827322112293
0.019806371597885005
0.019292448288966077
0.020297839736070186
0.019351588902745066
0.01896031031731846
0.019827912409488464
0.019171127579931987
0.01967691518672365
0.019029904427396434
0.020083931990903844
0.02002990512257875
0.020479801275347376
0.020951809425258434
0.01979329006834782
0.02014435028400448
0.020335572364435204
0.02043378210703383
0.02008282342152553
0.021464103044956762
0.02032143658413329
0.020716981288061785
0.02166735496782856
0.021195776720999104
0.021611625503412085
0.02038445282887924
0.02137685846819512
0.02143386504452173
0.021988794732327514
0.021652324395383876
0.020749437997346465
0.02133774312586281
0.021475522261722273
0.022219993068287733
0.02134895134648268
0.02275521424228224
0.021434835688901678
0.022020243998036298
0.022530795834325153
0.02226236664993754
0.021640935030495956
0.02305317373046553
0.022836312009888726
0.022414036798257157
0.02247337757039251
0.02351803680978502
0.022119856595378806
0.023307640740871098
0.02207612363063686
0.02223688568312545
0.023656212202132834
0.023954625234682538
0.023181257610215684
0.023087240903739453
0.0237720369289163
0.024206710968338284
0.023177807949357452
0.023240702067378362
0.023507674436845014
0.024385088904384285
0.024341985944935574
0.02424836891994035
0.023334557580876086
0.02384962399971849
0.02437747440835254
0.02382830940723929
0.024444407202767214
0.024573922669307646
0.024170644579235203
0.024165482245086276
0.0253403590859202
0.025340234864849542
0.02452618105122721
0.025462911721458356
0.02491583360556628
0.02490816178731105
0.025267617256489426
0.026027896060828115
0.02455245350665512
0.02461145794482609
0.025979988202512988
0.025727924801494304
0.02642350651188006
0.024998849355262566
0.026435332527518694
0.02649186370793227
0.02630911330324866
0.025919234384440586
0.026561363821617057
0.026527936903303812
0.026648899748361786
0.02677771249176446
0.025639708165695687
0.02573299665108162
0.02627048745291529
0.026309080499300724
0.026173156993290963
0.0265478185401541
0.027326211626388555
0.027660114519851245
0.026455161621745646
0.02728512119589825
0.027365404428516062
0.02693338364998772
0.027840925995656587
0.027947712370929856
0.028392724131445897
0.027642476752825516
0.028445077307209254
0.02727482829315532
0.028197091593968368
0.028591974928214664
0.029009085937205897
0.028685185737074608
0.028370895500597536
0.028073759495839703
0.02877692761058341
0.029059934541142186
0.028355795601330974
0.028068417448239368
0.028694792245170155
0.02902624836107631
0.029251916835169794
0.029181247460177983
0.02973876056021774
0.028811252309119968
0.028925878188130492
0.029802923348386988
0.029821472935100034
0.03015215548644603
0.029685315980776956
0.028934571633435328
0.0303645602333997
0.029017845261679706
0.02920849351435916
0.029383937618628966
0.030382274782683103
0.03084936257238028
0.03081451454837008
0.03042961891484423
0.03046836301686443
0.030152914297817246
0.03010846904049769
0.03054611770990027
0.031214691106609883
0.03031988017481008
0.03144733124945111
0.03017294071843833
0.030673539624058402
0.031092232435786273
0.03132530993899796
0.030451046080244362
0.03128683431126078
0.030885570677118557
0.030601616763834404
0.032202225258312935
0.03147653164030294
0.03208093632026705
0.03142693921109902
0.03224986861491524
0.032777778787112216
0.031689648668091354
0.032779615226516824
0.032120550904350884
0.03186148714850953
0.03288884639209389
0.032751853195603434
0.03186529860252078
0.03211431593306437
0.032545581013031386
0.03341320229608816
0.031941688260018856
0.033028047859156834
0.033499027799318876
0.03330244191855914
0.03382867497665426
0.03309359411102754
0.033189485410227065
0.03264552247853094
0.033655833783065386
0.03358363602057284
0.03392690309536841
0.03399275704930485
0.03449607716847977
0.03385999442899237
0.03319005313768051
0.03345954887104555
0.034179433602135434
0.034568344564938965
0.03419006784541649
0.03376022468938814
0.03346479619963446
0.034939475351458624
0.03373043082704698
0.033795149383540286
0.03473200589379764
0.035124548650645626
0.03519766401115285
0.03412448428014381
0.035258025015985746
0.03399740946837584
0.03467506855599399
0.03494514825499826
0.03463309213200171
0.03576751178234982
0.03585825987311097
0.034725467605314385
0.03466670670874815
0.0347837558405487
0.035472369226331145
0.03489509171776459
0.035355868338816474
0.036074210728466914
0.036534893624406
0.035831674002146534
0.035486511070078094
0.036757146542488066
0.03510244549581791
0.03671616263523854
0.03540742614227636
0.03659936972631253
0.03556802377693566
0.035683041432420105
0.035693256654927424
0.03647391132308268
0.03702380393049001
0.03718745152726556
0.03685056295612303
0.03622142737908014
0.03603801203885098
0.03628926344912538
0.03744734325636135
0.03658156801377075
0.03739047344101838
0.03723700404076728
0.03681972876930547
0.03721730214233649
0.03701119766150588
0.037637864536290956
0.03741769896533288
0.0381905660536731
0.03755022406707861
0.03759584610597101
0.03710127852803029
0.0380166537554546
0.03720730514061516
0.03814317656731198
0.037890133553738686
0.037772639030282586
0.038098501885547045
0.03846820375182947
0.038919877509079166
0.03763837157824146
0.037391163829402906
0.03801011574195495
0.037664176493407926
0.03836500052305315
0.038356586762799474
0.03864042673007933
0.038553693200887425
0.038298319512305314
0.038506039379025365
0.039420220401045744
0.038910187973442305
0.03932956391987249
0.039399964742996896
0.03942050804897446
0.03884068004434846
0.039679907623438045
0.03831550947990608
0.03979830809287957
0.03830291163196791
0.03930339522171784
0.03973126658905923
0.038780945766690465
0.0388207602786519
0.038768651928915106
0.03991671088765995
0.04031077289084242
0.03947553197421337
0.039409920191915464
0.039258555396222965
0.03948332027569228
0.039474641920745214
0.040221193338127605
0.040056563652480164
0.0397324284082021
0.04072562596825931
0.04027572998250605
0.03995983080097188
0.039620965072741494
0.04060469770670996
0.03965310209130586
0.03927517529423151
0.039912818237289226
0.040189596399102454
0.039959636758658164
0.04061874049805195
0.03977528728390945
0.0404363142444812
0.03961941107573823
0.04115363114567902
0.04119549263277841
0.04012422757835399
0.04055860957417244
0.03987580147649124
0.040839812592115346
0.04026736677029152
0.04043551255837476
0.04140605770952046
0.04076914872876788
0.04008730487863396
0.041483133102732966
0.040624304312063673
0.040500575658383615
0.0410247490071835
0.041168944187131296
0.04184095085184944
0.04097677625860292
0.04140128962582471
0.040398266274995494
0.04032161495114537
0.04199555601636615
0.04117808520704888
0.04208845044516155
0.040377873094852655
0.04105033841039063
0.0408869102746346
0.040858356244816485
0.04160265720623895
0.040596554922607817
0.04165277245029475
0.042104477447843
0.04061439066698552
0.04156900973743192
0.04136439699080312
0.04169517233462194
0.04122738383049292
0.04080507262591808
0.04093990390922866
0.04179473468617269
0.041923409732196194
0.042289926174760184
0.042095602696978804
0.042344466632802016
0.04211657485036277
0.04112602945028438
0.04176974155779151
0.04165390309056371
0.04229558717224399
0.041980219309562486
0.04123164865917462
0.04255158645860335
0.041743462941989114
0.04249498067637839
0.04256316040451899
0.04234718809234001
0.041840631444302175
0.041342670821921355
0.04272759778534613
0.04124365143351342
0.04260326834151296
0.04136433137044262
0.04146388466269329
0.04255973051372928
0.04157819261135827
0.042768077219951024
0.042917271304958704
0.042994125283125496
0.04132899840474337
0.041442242573595335
0.04174049470284374
0.042411294485585414
0.04149464081281481
0.04226638802481866
0.04213195127039552
0.041924273356635386
0.04159051783780834
0.042907304517285666
0.042308902239566626
0.04189844165895113
0.0416792559364869
0.042913961309437164
0.04265127199932358
0.04235797181032708
0.04303577459050642
0.04274818089179051
0.04179723941750224
0.04251358646853518
0.04266050447932719
0.041890525292274064
0.04167650891103863
0.04244474138194221
0.043008200928185095
0.04173868287175327
0.042992466569676244
0.04150803789278211
0.0423146441013087
0.04274977101105985
0.043114577423983357
0.04239029090796196
0.0422598997237265
0.04150138913899897
0.0419837603165841
0.041772803226339764
0.04217562174557565
0.04202809121070987
0.042674445316237125
0.042440224632104145
0.042142824482240195
0.041750249303733146
0.042505537372926304
0.04200873674625952
0.043108820396259066
0.04185072325881079
0.041427356600075196
0.04221075941063597
0.04301977617925135
0.04174246233831588
0.042325363996919364
0.04221540808252239
0.042160620559061855
0.04226938293755672
0.04155341320591252
0.041641577126943004
0.04225852922664612
0.04281144171619433
0.04287459848681379
0.04123306776709465
0.04230054574801714
0.042362907411185244
0.04195507234294787
0.04132798563422461
0.04249136656200198
0.04165355455375983
0.04253953613063317
0.04130799181974874
0.0415250750614655
0.04153382085344637
0.041328691430053584
0.041338799548087383
0.04259837639888199
0.04178708164853994
0.04184590651411919
0.04171668762752982
0.04257239093557287
0.042641100473193964
0.04189535382911131
0.041324801333329234
0.040848716053973506
0.04179223977353922
0.04096325113388704
0.041866312909626814
0.04120114459886082
0.04096449141202378
0.04191277828927141
0.041910247949775
0.041734444947853486
0.04182093719474776
0.04059823631877992
0.041921685157841775
0.04149308355548674
0.04063703793707583
0.04064186525864476
0.041410105715655884
0.042037758034269616
0.04083977235938885
0.04090183697891809
0.04187328882002015
0.04107712136190637
0.04170574675758146
0.040749129972566855
0.04070859558169801
0.04107008332048739
0.04104741002468056
0.04125085514268344
0.041508884283152386
0.04174193914271655
0.04014483390229757
0.040286206393084625
0.04065326475087105
0.040501861485015216
0.04066346165894057
0.039935721507527534
0.040427453033426944
0.04146431201012347
0.04006787510680386
0.03979508912112231
0.03974535076710107
0.04102343664177331
0.04096286732174489
0.040003555856073805
0.040744681331264576
0.04024405306820965
0.03945132787461193
0.0397880007765764
0.039675518502492554
0.040285617058990156
0.039457264661957196
0.040818330800655125
0.04052447618518501
0.040271884385628245
0.03928577067658013
0.039526920225012634
0.03986989207334838
0.04033516496914591
0.039977621447038
0.03989012103063013
0.039035003038026726
0.03991601114682447
0.040277262103743494
0.039117541101028795
0.039875344873647106
0.04012636940606319
0.039618903190202406
0.040217326863965674
0.0388554059317098
0.038437330144047835
0.038551833921140165
0.03965911160287011
0.038718378725821644
0.03846541806760974
0.039778349644222465
0.03917998177013704
0.03974403243341039
0.03943891125288719
0.03874838123720675
0.03876768954192142
0.03838869927172296
0.0389071885097229
0.037917249289652975
0.03799143262616448
0.038341601604068645
0.03902961255045062
0.038969881338972
0.03884703965396512
0.03903027757335154
0.03733267689638507
0.03790298881673203
0.037835827463317366
0.038914029878073415
0.038337692114762775
0.03778166861910506
0.03773648821811704
0.037038608812545705
0.037046104039089596
0.03692219896938298
0.03796409765457491
0.037448192676328505
0.037802229126672214
0.03831806254647271
0.038129976462245724
0.03687135304813925
0.036711254953780255
0.03643909431143991
0.03694024680912937
0.036254578108213156
0.037266171096145495
0.03629883176582365
0.036063244807496474
0.037466685794445474
0.03630578369020463
0.036118513044509526
0.037309139733812544
0.036084597459784686
0.03652060152143909
0.036135819691989375
0.03681291098778551
0.037153027545915714
0.035461803804140615
0.036341445282939484
0.0365753344760612
0.0354346922650319
0.03603172364320654
0.036781415509425146
0.03529359491217101
0.03602085420814065
0.03629188039599824
0.035454408306003
0.03608171494968626
0.03474614966410941
0.03569927109114641
0.03567159149773874
0.03464818321014053
0.035428926018291514
0.03564878580957162
0.03602179764482976
0.035185065765562115
0.03522426039135336
0.03477660522689595
0.035381154420315634
0.03453934827080406
0.03485891122112963
0.03446581631468814
0.035266843799070434
0.033845607414144496
0.034928871964737936
0.03420513905075964
0.03476012035778735
0.034365080755960856
0.03385120863602592
0.0348718001874996
0.03440193597836988
0.03404701292703128
0.033893372088940305
0.03313600479745592
0.03302868766841831
0.03292881426032313
0.03367030157054928
0.03392289274403892
0.03308422837719951
0.03368570654451078
0.03415639886388378
0.032506360370449856
0.03333000187009698
0.0322727394590839
0.03310695060201062
0.03318436783408579
0.03322362367983141
0.03336275668892209
0.03305367841366356
0.032242434897882956
0.032332824541209046
0.03261578999419364
0.03316911461097314
0.032734765481969436
0.03262802369940163
0.03250333834857836
0.03267907613195965
0.03151297016861708
0.03246506709626707
0.03114678984619716
0.032333356661976176
0.03128561370586527
0.03103886186837361
0.031206134840154616
0.030996626119251816
0.03179383926324365
0.031411380199243784
0.031350356523405794
0.031897010461172444
0.03059997953918889
0.030913757641901466
0.030105368767846336
0.031186772532570833
0.03133491798095679
0.0298951792385729
0.03066634498156504
0.03105618231484845
0.031151311172506115
0.029857471998210667
0.030126161206300277
0.031090103214744823
0.02937866921926218
0.02984888944944086
0.02974864952641014
0.029789891081267717
0.02998703121617165
0.03068261680640164
0.02970965478906044
0.03006670192579819
0.029991299802283076
0.02979752441302598
0.02996556386180962
0.028732682903560527
0.02961496822439693
0.030015497201042914
0.028635738889735026
0.029122818082313227
0.029695434402487106
0.0281703120203122
0.02943612238436049
0.028043846916246947
0.02803807265492999
0.029151949500779335
0.029151762874466167
0.027678992600958414
0.027588976389604034
0.02855430854835364
0.028859530288483745
0.028854151774768976
0.027236782161216104
0.02790042111709288
0.027426345689536218
0.028551480493225923
0.027024454006192238
0.028261854722188243
0.026617435253952833
0.026827646750247396
0.027390562417293412
0.02663213448432831
0.027777844357371462
0.026309556568629808
0.027664566584477888
0.027292169506622638
0.027103623453846072
0.027111188692673916
0.026452615320948152
0.027117677780128264
0.026573459531168162
0.026058048058826777
0.026952293363244097
0.025642225765088324
0.02681443239669113
0.02651920364918243
0.025930723735329963
0.02590128906530691
0.02619843965056454
0.025718072034381888
0.0260633957091159
0.02547943820133987
0.025459769188020145
0.025105171019860578
0.02477086771912909
0.024800939691537002
0.02599581208084761
0.025902346516006043
0.025302200042066562
0.024212729848289816
0.025763775357744274
0.025502215732439375
0.02494698456448822
0.02483561373035498
0.023957863909487658
0.02386685115177788
0.025256546290372515
0.023909957412401442
0.023740771357928632
0.025028500366605567
0.02344340255890232
0.023395059750421773
0.02370609145034085
0.023593356696055483
0.022985859515302017
0.023059169791784948
0.023586914241374875
0.02355051892924394
0.023625269471671654
0.022925644099225196
0.023359105034806746
0.023602684259945633
0.023174857363061817
0.023223617998992786
0.02333759875254602
0.022136356922918283
0.02341559921370788
0.022255035134502988
0.02191071092274529
0.02250951190490821
0.02163979006746502
0.02288509450799611
0.021760522023395287
0.02173252231840768
0.021461927910669327
0.022820065907869523
0.02181563752655968
0.022430472337969125
0.021386479954283104
0.020977883921770586
0.021347710945714967
0.021093686598782704
0.022250553415260763
0.021710143042878643
0.021205673701578526
0.021319027875617264
0.020668575816997072
0.021813863569527366
0.021354154219295984
0.020366464023361334
0.020079305851900462
0.02069493687714668
0.02107923268165767
0.02038489198150743
0.02010856393236094
0.02032961500861022
0.021042644853729333
0.02055757567241835
0.02019004251811606
0.020421327962072123
0.020233981765372593
0.01983512186775226
0.019486747958049774
0.019184943709337907
0.019274308161376954
0.01942145420616769
0.019540376009837334
0.019422680894330125
0.019456872894724392
0.018606828508473082
0.018954570573083335
0.018949248120356525
0.018335643894003183
0.01848352789823621
0.019035799919509436
0.018819770291809777
0.01846619694807107
0.018776678605610664
0.018105015556754422
0.01835085218236586
0.0188609786715245
0.01827865983283775
0.018367300118770254
0.01777000798248588
0.018758715929830628
0.018130965282287897
0.017620688601850804
0.017402238161673664
0.0185830839021839
0.018107429535364667
0.01709508284609568
0.01778003622891982
0.01789456012142669
0.016978664131549286
0.017179612746409126
0.01723547354688586
0.01732145461118029
0.016641796745959996
0.017173144021754263
0.01736690192677439
0.017724396908882598
0.017018501037879396
0.016796467330248206
0.01773577378860047
0.01693997531862139
0.01594777435225135
0.017224829550002582
0.0158764113076343
0.01697987237532747
0.016378567113375153
0.016098797288293932
0.015524049894629998
0.015946994457425208
0.016839540859442448
0.016432137620735227
0.015661106675570198
0.015333683895004105
0.01665920885499188
0.015783748583139096
0.015740437525643913
0.01565801207221375
0.015650284039335244
0.01544683766081152
0.01487455083148908
0.015588005302190617
0.016125865453933786
0.014894052109359115
0.014616568929578062
0.015209022974355486
0.014590103186874925
0.014837327882592177
0.015804458719168194
0.014609642561557645
0.01464793376797357
0.01479710676394628
0.015122268243458404
0.01443490781728322
0.014209539816746303
0.014089821187249555
0.014905956384024662
0.014691797841226624
0.015189794520540855
0.014947993208258957
0.013901338872866603
0.013944871661745618
0.014173409474767957
0.01436318653693018
0.01309041972149915
0.013044669281180588
0.01377607171898003
0.013382397300161225
0.014560292820507623
0.013602088400772703
0.013586978915665127
0.014334459569584417
0.013161616234564933
0.012987759717420382
0.013570853513657215
0.012574451863817488
0.013054892833670156
0.012669685165680712
0.012915285767394554
0.01227276721505276
0.012095456406313041
0.012890336800758998
0.01204419839466092
0.013193169883005458
0.013333332353757369
0.013112861749073623
0.012282899988435613
0.012602629028288466
0.01219184751331103
0.012534205429162
0.012901899967855145
0.01172598060536605
0.012299335928956769
0.012063623474462385
0.01155696515574565
0.012439874690108611
0.011511921692792174
0.0121500025780697
0.011339021030851925
0.011524888211325019
0.012315980096490046
0.012416111872177955
0.011017502949905148
0.011261587145953933
0.011950407500977157
0.011140946432270179
0.012269623135611816
0.011567269432256767
0.011628594811269618
0.01085404956681116
0.011028782628531578
0.01152132714081641
0.01130515998862265
0.010744031845432501
0.011526744391667289
0.010400965563726557
0.010385276145981394
0.011485517945156872
0.011145491059016575
0.009911519002888048
0.009976900344760831
0.010349184630058414
0.011345404184603535
0.010131653725767504
0.010914744380908937
0.010210081746468877
0.010544820919752151
0.010984264236970865
0.009835755324718382
0.00993999316138626
0.010765806609383909
0.010295086478003292
0.010051517567095207
0.010011134991718353
0.009447286583577845
0.009649112384804596
0.009054251633450187
0.009345877981364839
0.009002479962829778
0.009829506936435304
0.010426808350902487
0.009355751961733496
0.01022156912468369
0.009612408287427215
0.008708004140826758
0.00885828761941778
0.00981272235984212
0.008515473994963397
0.009681047279021865
0.009756165765392608
0.008903778470883998
0.00861387161437261
0.008502590574403618
0.009650846397561998
0.008388100597455005
0.008407888255211503
0.008519535740227565
0.007920922180470979
0.008696280600058255
0.008984083867483698
0.009310810663705581
0.008628475745654207
0.008600176085397919
0.00908428434504062
0.008884241433752016
0.00912836384033486
0.009013635321360403
0.008636884700959465
0.007587230114895927
0.007667980735863325
0.00880437244120923
0.007887670346247681
0.008978970308644254
0.00858832877247964
0.008582746390089163
0.008213276400505284
0.007471407397873762
0.008632517925157587
0.008659094423371544
0.008592285479497041
0.0071487498703919836
0.007935191517591299
0.007676161958596381
0.007927225990033206
0.007889698152111274
0.007816713228838024
0.007715521661239014
0.006763377570239312
0.0068819083512500654
0.007142250135079187
0.007959671594804632
0.006700546413587661
0.006617181279392002
0.00743429013008114
0.006596535674120328
0.006484080741146863
0.006354445705579795
0.007097139116736553
0.007375642852321959
0.007371762233388771
0.006785201858128035
0.006980960270736563
0.006523599331463697
0.006049651448205682
0.006026227075404927
0.0064121969471118605
0.007188807791884032
0.007354306890678118
0.005825943522979778
0.006390413659222248
0.006800151780400348
0.007073398953218864
0.006141480535724628
0.006768001723022747
0.006144387130988932
0.005538441781280833
0.0069115724004149195
0.006011581754995869
0.0059708033193213265
0.005631431598050664
0.00568825935418867
0.0054063463364194125
0.005498834435905668
0.005701744268128904
0.006177848969480518
0.005703211806078758
0.005637783647350591
0.006002689221438962
0.005970180753576119
0.006490035500619795
0.0066268484668448304
0.005601115405731217
0.005213601614902702
0.006552450846937588
0.006606664896282018
0.005118228054009479
0.005216806803574387
0.006010035379584056
0.006103028069838263
0.004791736627801266
0.005820042457647326
0.006357070109077103
0.005548265900770076
0.005587158128802562
0.004994785206275353
0.004707036609515088
0.005187387278367566
0.006171679663887066
0.005774866914698984
0.004987658893276494
0.006000081385063384
0.005243589956833786
0.005463524931702138
0.004929768839376272
0.005295265773707252
0.005409001888290564
0.004329561190501014
0.0049846163883512954
0.005048954242401074
0.005342639109144139
0.004737826345458366
0.0057273375211322275
0.004759051147058885
0.0047798710668497954
0.004824492391610553
0.005157737512108543
0.003923936259320572
0.004443191733609443
0.004752663780116832
0.005288024465122665
0.004171980365507172
0.004319481273428917
0.003903955590097543
0.004731858907279834
0.0049390298379794004
0.0053267181060411214
0.004148131594359198
0.003922961109815886
0.004311082766661523
0.0038835848936797173
0.004480890530461057
0.0037661705261936925
0.005130687625576412
0.004119708747263565
0.003697680473274153
0.0038464493548362247
0.00394743932030719
0.003522541017781537
0.0037720728455269163
0.003774393888913015
0.004185121982156293
0.0042526079184367176
0.003299750580085048
0.004637324549934963
0.003866027246334374
0.004013654072219165
0.003813271924342358
0.0042289466376665905
0.003403233928720539
0.0033837594761831373
0.004724450828720644
0.004536909123534725
0.004506427658018562
0.004125441571382487
0.003747656345909084
0.003945861639548224
0.004385764910395664
0.0038346544797572663
0.003925081383848756
0.003413955561894943
0.004092999589413564
0.003956850915084798
0.003305275307051464
0.00385377635428387
0.004215118933045963
0.0029755413327465273
0.004180044855682814
0.0032250930201821065
0.003823773799191107
0.0036254400323033984
0.0032270386810949567
0.0038498747002368825
0.003114978987844274
0.0036086745262409185
0.00358982609931034
0.0029594520477407085
0.00331533774320367
0.003054468590181973
0.0025552739267166785
0.003770264254177729
0.00366076685769839
0.0038681155774405863
0.0029505286359467267
0.0037427797327772567
0.0028738937051707935
0.002839682283852716
0.0034171983811980204
0.0026520737282377817
0.0040341314045445505
0.0037027204233376037
0.003937571211993631
0.0022726552437522013
0.0023981643134659736
0.002694421710251094
0.0032312851620643302
0.0034938707896137395
0.0025599063850112835
0.003144882913919161
0.0037696369155069674
0.003416848548101336
0.002555339734735672
0.0020891813606175344
0.002394899853660623
0.0031880600118875755
0.0023905409821161614
0.002503648996715116
0.0027458076994477656
0.0030219885794217074
0.0031664509989739785
0.002479496527038519
0.0033052895350549204
0.0023937092632240454
0.003105127159620342
0.001990638679477221
0.0029974379536515184
0.0035809609992648395
0.0024541657926194335
0.002871103923789068
0.001888136619701004
0.0028191462409035135
0.0028132202154041077
0.0020704880786602165
0.0021758239500755993
0.0017598046564256604
0.001730098354712925
0.00225604654827373
0.0017747956897649537
0.0019463882506826251
0.0023179487329498256
0.0017768894425645285
0.0019873173555972298
0.0031788321498154738
0.002373837137803199
0.0021114499569246563
0.001998741225973891
0.0018232035399861476
0.0021723524707485202
0.0029732923112717725
0.0026966219123700634
0.002107647298379227
0.001802202557412978
0.0028706421608638497
0.002840188775067366
0.002371031849527007
0.001591688783685444
0.002060520811986695
0.0030782335545913434
0.001985265472259003
0.0028764649483830115
0.002204663639127334
0.0026413295717479185
0.0016545017228756808
0.001406796609061191
0.0026989886858672313
0.0017015516999228492
0.002889406671891159
0.0014340112713230764
0.0018293989801244142
0.0018146557898370214
0.0022541028399561923
0.002026833014334555
0.0020582251550153685
0.001602809962745801
0.0018437850620881212
0.0017224015217013622
0.0018171903688122806
0.0016821438965231848
0.0022702748662282134
0.002304595148365955
0.001773237346125992
0.0022046072631662084
0.0020099562964405924
0.0012170533417406864
0.002314337575162367
0.0024164072517682917
0.0012136484072192636
0.0027250997484032364
0.001914658895593399
0.001379488430031189
0.001438709924964427
0.001932520517744959
0.0015996977893224424
0.002151577199939573
0.001575804033926652
0.0024707294900718924
0.0027058915116869365
0.002452720794686659
0.0017352895396246157
0.0010741937060311996
0.0015970156114115627
0.001791450603885599
0.0013246055775828838
0.002386625415054256
0.0019751936308309392
0.00199029757261769
0.0025601691064451168
0.0018614877242694558
0.0012707242452077083
0.0024114251136599413
0.002386555900740429
0.0017934666340226357
0.002641072429409936
0.001112899725256316
0.00223386511634467
0.002089468117967065
0.0008713543207972945
0.002515458495231807
0.00121108754190135
0.0017780492220989869
0.0023003041507849683
0.0013446220156563147
0.0017683845389771808
0.002014525189628704
0.001255149662317697
0.0023569686448688
0.0009281533219719627
0.001418591462883615
0.0024498298476729463
0.0011465978807816434
0.0017356205725607386
0.0024931164191195417
0.0020353419477464286
0.001972254711304824
0.0020016208050017466
0.0021971650764501215
0.0016503122555719964
0.0010503626153444549
0.002130402395716098
0.0009425341061638862
0.0020250330622653356
0.0019941447797810524
0.0023738980442638527
0.0020365031783357067
0.001607963042717495
0.0006664099755419939
0.0020252829626681906
0.0022565736951262383
0.0008888193541671926
0.0015522446270585528
0.0015355838574556103
0.0015800815484389896
0.0009368203004447426
0.0011833683489556868
0.0008962499167235152
0.0023485764306832592
0.0008585407757201188
0.0014857006064091828
0.0012198520700278646
0.0022488852538756904
0.0008450098308793794
0.0014120774847376685
0.0019122262117006502
0.0010854477452510464
0.0007409880260444592
0.0013103437805884028
0.0019660338629652707
