0.0014962663764923581
0.0012409525144167605
0.0019123995361996825
0.0013796628211158915
0.0010387454570923362
0.0018363989787999438
0.000655369065757825
0.002230631161184539
0.0018492541817747821
0.001847441965752136
0.0010919341317547015
0.0015230993258084334
0.0015885128601756133
0.0006250654971112913
0.0021381844336531264
0.0007512966625278557
0.00151447402022732
0.000831229503217484
0.00213665677085288
0.0013533187581689066
0.0024081519045524046
0.00084607961931358
0.0019463525388620458
0.0021060178300652287
0.0010458207163941758
0.0012502114050255422
0.0023185820181366753
0.0015736302018461918
0.0009081394688461669
0.0023666800140056082
0.0011879975608620667
0.0018570199625536975
0.0012655063925904393
0.0021816554457009503
0.001616552752815239
0.0022545024709622156
0.0013539104331903003
0.0013416180511117797
0.0011899073299564498
0.0020661260331374057
0.001190146672357084
0.0009754152578817526
0.001851066878001658
0.0017876749784783528
0.0025733524487786333
0.0016109057998932614
0.002012179961428098
0.0021811584173127164
0.0015516435403559313
0.0011678432167254575
0.0012746059573205443
0.0023821977377392932
0.0019458783878552866
0.0018265378690581703
0.0016904556202912882
0.0012504114417813564
0.0021991398446119677
0.0021864624933296745
0.0025323079566172504
0.0015699396662472473
0.0019225765074020872
0.002351344799876067
0.0026272051575416014
0.0021825626153208215
0.001626138222090979
0.0015353828624396365
0.002008402610568836
0.0019460476989198523
0.0015601638857778441
0.0021525361661047055
0.002098266083317305
0.00182967669695227
0.002304164889249761
0.002669627164825379
0.002087276249251152
0.0016787475656443805
0.001360112850601111
0.001313451049441382
0.0012551502482210538
0.002282812647183721
0.0017862956821673387
0.0025890303976851266
0.0020746084082562187
0.0025403386841631173
0.0024302067988887536
0.0022956765001636357
0.002717706632929594
0.0029353213688559417
0.0020293649563618743
0.0027194518058288658
0.002818267199247508
0.0014453256115990886
0.0019608185097937884
0.0021063840660309704
0.0014634888553578368
0.001547759524641404
0.0022717336371880508
0.0014853241673863022
0.0020065652146265957
0.0020775899070593685
0.0029066472974501128
0.0024935101183964758
0.0013663518809187
0.0020641485906626195
0.002869774017182253
0.00255613762527461
0.0015362309855447287
0.0017781017205741893
0.002300810840100736
0.002115493289107098
0.002887217737967614
0.002601137169816118
0.0030285020494855135
0.0018584047926925263
0.0022098838750552767
0.002069781013879596
0.0031963074458036074
0.0032232750025673737
0.0023538347965207838
0.0029992687861086624
0.001614544182313027
0.0033360844707451837
0.002085488810120401
0.002554834337511699
0.002766869813131545
0.0028611583358465905
0.002425502226189637
0.002160734790712474
0.0032775310725152123
0.0033992897513289446
0.002826748790789142
0.00332775815301855
0.0023055118323267653
0.0023426078406233314
0.003429404156424173
0.0026308208822386466
0.001993806549583871
0.0033417867398781555
0.0018987025534100545
0.002606456635795388
0.00344980134119741
0.003605139436799694
0.003346449300897518
0.002783235047490933
0.002414365149387894
0.0031715605130395934
0.002786433561802637
0.0032627137511531167
0.0031825457562635936
0.003560017460263528
0.003729481364835275
0.002409287923392952
0.0027558979375039584
0.0022536126717541773
0.003365777129011949
0.003088941482840476
0.0037966595995320702
0.0036185808780697768
0.0038951151426788065
0.003181813539825648
0.0036286437894848403
0.0029113417794539766
0.00259560629614674
0.0039925703267820216
0.0023871046712542845
0.002553353693383123
0.002764193498139646
0.0033547811475498866
0.0030100264751320043
0.0037298278337457133
0.003019980152795959
0.003040659905520794
0.0038770349112484115
0.003905512636517406
0.004175700753201181
0.0037085676638493503
0.0038198214259090616
0.0026362508263173944
0.004128887191796702
0.003008497450606366
0.004055133804738484
0.003224623837920485
0.003934177371038235
0.002839856198284893
0.0029842538682628536
0.002786682372821364
0.00342883427733831
0.0042635107540154316
0.004381174927849075
0.004137451138639059
0.003805505827645189
0.0029360318902480536
0.003855510507972081
0.0034591481041099767
0.0031261482589484513
0.004023743809594582
0.0034048220872671757
0.0029094511688487756
0.003554263008737217
0.003108994014728514
0.003958109610089485
0.004060086025239492
0.0038250833334200476
0.003057327376355671
0.003983963125774709
0.004798962528011466
0.0031050007127663088
0.004239431132219945
0.004669958538338165
0.004171394229588738
0.004218915392523574
0.0036455146005825705
0.004177252423363489
0.004787563899433902
0.0048217521357969625
0.004184895669497099
0.0038091318994627377
0.0040903814247712856
0.0042610731709451025
0.003923713490924282
0.003630678511140963
0.004128511784160711
0.0045882495974435165
0.004113588531080875
0.0040394993019586475
0.0052296378654434865
0.004479842476898633
0.0048694165570614765
0.004098156275455943
0.005158691733675578
0.004889537881285264
0.003785568113169641
0.005472128200268732
0.005254563432334819
0.004663970448319293
0.004614029251644474
0.004610571060594305
0.004671684143823286
0.005257531395432632
0.004126725801308358
0.004563654617797435
0.004914360748298953
0.004279664532994657
0.005771478424991324
0.00479839909360562
0.004919312619638431
0.0050881203778055965
0.005488858346421521
0.005235564223186921
0.005045404886579727
0.004302227220222439
0.005448652904426613
0.005558611636137111
0.005020079353463052
0.005530781749569148
0.004517601148600889
0.00478072270582975
0.004741538224297561
0.0060563796631713795
0.005890440455451123
0.005411816189930922
0.004637216150274871
0.005515190921451934
0.00619518325726888
0.005255841375552596
0.00532470912199546
0.005723237121523378
0.005523300269803986
0.00519615797069148
0.005590046590120629
0.006206496903429426
0.005506672264729563
0.005499153767494752
0.005623045881084039
0.005143772907985347
0.005044117269959306
0.006625711677278393
0.005234190472182677
0.005368501297768756
0.005710229225238299
0.006359186316119323
0.00674895020701165
0.006604799291516698
0.006832189375688598
0.006837694544532452
0.006545034477647981
0.006620405802332112
0.005753719591879863
0.005640270352560644
0.006378406208818568
0.006204230212670687
0.0066694819621900756
0.006958938742418136
0.006262990101489657
0.005744444885527717
0.006539263335064941
0.007399829352684994
0.006067690526601608
0.007121304931179037
0.00743717124373827
0.0075975838489730375
0.0062057570797620755
0.006408174043936386
0.0070692420769141754
0.007785833795376935
0.007040171795367882
0.006776573910950335
0.007558539613274695
0.006520792743727103
0.007459673203674919
0.007109432717760101
0.0064335513431136
0.007919741112817461
0.006965475141169573
0.007095043561063021
0.00697535781665692
0.007240328101063208
0.007177101466074536
0.0072248178488545835
0.007350399879744408
0.007046623974742428
0.0072866773349031504
0.00829464995508352
0.008523264090062127
0.007667537268046641
0.008088409157378738
0.007035168515353037
0.0075801094551336745
0.008179609698488561
0.007120844404292392
0.008574366092302041
0.008834558494462904
0.007737644176358975
0.008753621368228298
0.007573428518082374
0.009040774325370357
0.008642676274657164
0.008696241432033486
0.00920922400763484
0.00917883717721733
0.007774498531220894
0.007649870483991715
0.009130342532929195
0.009304271313057031
0.008492792241396346
0.009076088241125197
0.00951468609121784
0.008641526591776423
0.009433718366527198
0.0080681292199156
0.00853935418675009
0.009794267845057993
0.008480020784087211
0.009105566942013537
0.008551065150041285
0.008256963837249158
0.00953728731569934
0.009597609918929759
0.008969050957731596
0.009157216277492303
0.009378150080601293
0.009202962588721447
0.010043832438793388
0.00992943996208112
0.008887296305814781
0.010343832437275756
0.009777201229739439
0.009291266074070128
0.009952953045494034
0.009441493423361026
0.009713656203464798
0.010655612065930685
0.009532322939274857
0.00928683197228597
0.009325825358742462
0.009359903057551834
0.009727324647180452
0.010433961170894322
0.010822051714776645
0.009706809342370877
0.0110863551284138
0.010482257893996703
0.010098959719628228
0.010693030538668262
0.00975401995662446
0.010968331486420117
0.010269989662936236
0.010199175102515124
0.010752268980490004
0.011227925210512956
0.010102791739376817
0.010671207934314083
0.0104731895531251
0.011295744944230936
0.010786088106832894
0.011779289803518014
0.011987203342188637
0.010980362513183867
0.010598175279217937
0.012077978763522842
0.012330206120403893
0.011806201892335468
0.012273781860927917
0.011342744034490848
0.01218227386169177
0.011718718204348217
0.011858279109958772
0.011185275135055541
0.01143782232909611
0.012452459329426234
0.011264197614100548
0.01287730232671328
0.01274415193659213
0.012097648791739099
0.011708833084571832
0.012139409879740645
0.011609163401812457
0.012384235033568579
0.013264277666210869
0.012321898364602471
0.012340288566929872
0.012927135074087959
0.013341322591426915
0.012527674642110301
0.012706237767381699
0.013547361107750287
0.013418006568430788
0.012541051150618293
0.012519629591700651
0.012604823863469287
0.013674672981338506
0.013651435796967622
0.01262649051549162
0.013265121312217245
0.01277578749577276
0.012688552604133839
0.014281975533141861
0.01371819126856417
0.01375606123793047
0.013231888892701688
0.013829152235597287
0.013740787237630106
0.014028138594097345
0.01330311234892679
0.014402431747553863
0.014690250915624856
0.014119167879280102
0.013738876836382393
0.01470129668352278
0.0143496134455679
0.013645117462976811
0.014949128138293117
0.014387582709865666
0.014079872407079568
0.014803722213675765
0.015265961749999658
0.015240779342710634
0.014697555394146673
0.01496823665642701
0.014627216457603532
0.014316827422668394
0.015870762808585064
0.014496125843727689
0.015376555678003787
0.015051033163264537
0.01591903174278737
0.01629698207558614
0.016257591450128766
0.016059702531816725
0.015661322564426063
0.01525450755902476
0.01582674594114558
0.016545997347198773
0.016394056393762624
0.01677112006596899
0.0166745860610422
0.016665557513671787
0.016283484852125357
0.01600251711344118
0.015798568352221848
0.017060367878995418
0.016873445891713645
0.017323850078473663
0.017384845253703835
0.016497025792386148
0.01641230340202012
0.017301170263765448
0.017815373447362025
0.016725200590858247
0.017081631584632304
0.01766603673380053
0.01658114702739118
0.016608921901644095
0.017793918987365518
0.01671064416816405
0.018207412190777823
0.018560944855465677
0.0178318812976557
0.018042280565565623
0.01779499310773482
0.018284107997766308
0.017424241557536965
0.01786838825905447
0.017899009475717823
0.017852732177679968
0.017952858789183474
0.019195063262729694
0.0182075226331735
0.01886662472720782
0.018032375857170272
0.0179454214735603
0.019178430585437823
0.01904872530816015
0.019583730510017012
0.018496721090368453
0.01978874390047483
0.019023566709463934
0.018613460990483638
0.01889746838301714
0.019244747514891487
0.019627634078458658
0.019013104014955366
0.020142171755362356
0.019640737954689156
0.020247124408264244
0.019085263315826065
0.020524657396285128
0.020765824067652133
0.02009085884688028
0.01961210372201802
0.01972159150232006
0.0202017905266188
0.0201130737544835
0.020440081317641853
0.02112502683019908
0.020585395152050743
0.02003544224506201
0.02108332897707171
0.020983292812948737
0.02119577111513198
0.021046212558314837
0.020284703256238497
0.022032796749426032
0.021108943600541753
0.0221490408285569
0.02073707911115857
0.02072107278339146
0.02191089921454369
0.021736680770197622
0.021904642451884067
0.022468461045428136
0.02232335741089056
0.02193483914327459
0.022847961091040345
0.022809265432682104
0.021820805804962876
0.023022806262766177
0.02279084445772747
0.02269345700405264
0.022649524346524355
0.022706126892787757
0.022958452386506695
0.023409281384100956
0.022984687390817854
0.023340487721554348
0.02350410021216389
0.023163461871187587
0.02384736770713956
0.023499731685940488
0.022722613763702656
0.022614849681689444
0.024217509790789668
0.024142207042073455
0.023678646418404684
0.023286958686602185
0.024617370117875962
0.024709661583752675
0.024655059493906385
0.0238195911048692
0.02331829845618025
0.023703227387570473
0.023986897998900705
0.024228611563806356
0.02413492177508063
0.023715337256765747
0.025283136716841088
0.023971554079773794
0.025267925941303653
0.025143414544721927
0.025030572978883947
0.025756303777958876
0.02562722988126665
0.02469551823788601
0.024629322562510943
0.02619929687971699
0.02530364049472345
0.025023114571997487
0.02621369225446332
0.025513062433152173
0.026137084124197373
0.025055960154754642
0.025255935366475343
0.025714092980492136
0.025556402506430813
0.02639560511843635
0.025479110449326863
0.02560802138469633
0.025595040927059675
0.025996353564144238
0.026538094851242318
0.027336652570142343
0.02653275539140725
0.026091552684773495
0.026807307830028028
0.027760698393602706
0.026299070012468624
0.027812361590150363
0.026898077152811124
0.02804143004555228
0.02693643484773751
0.027964473410183398
0.026952698516021577
0.02815240057571242
0.02735345498824442
0.027503222340670652
0.02754544322676157
0.028134760804699992
0.027778433219365663
0.02874864610523321
0.02859244512612698
0.028439447515443337
0.027710625109389375
0.028452756241312202
0.02805363324779842
0.02856613030656802
0.0289803302976857
0.028743402330391174
0.028994680408782062
0.029277100905598468
0.029208178808962218
0.029950957298009857
0.02876348637098672
0.029628011118564616
0.02907089620323263
0.03017255819523606
0.029129623111096122
0.030215322350741744
0.030081812800726124
0.029484785916762336
0.030065314019291675
0.030356605130886824
0.029349091420083014
0.02930897959051632
0.029828571385987733
0.029406690752540262
0.029719913295283732
0.02967586011454612
0.03064647482997335
0.02984457041515006
0.030093797146902995
0.030724533000758003
0.031511949356340496
0.03103753754084874
0.031216156342281153
0.03125977367895185
0.030275080523313368
0.03141040764295234
0.030359372404520274
0.03114582074408955
0.032120458564888564
0.030622062435893785
0.03123892071577363
0.030714794330834114
0.03142011169190076
0.031218730805281383
0.032645356926562494
0.03184871942460476
0.03192224582908517
0.032088172235227565
0.03178470957958381
0.03267864229816732
0.03143550099987509
0.03305488052298355
0.032225858341587345
0.03301593865891173
0.03191099678369386
0.03339377243409974
0.03185633289351355
0.03330692036397778
0.03304637835945849
0.03301222682368273
0.03351224596482066
0.03369925943432741
0.03294246039404941
0.03305445322860529
0.033160851097999315
0.03290145720931024
0.032845096640726226
0.033515112518044274
0.03412113311534933
0.034355483939225225
0.0335770236153572
0.03403198299312539
0.03346322681092752
0.03309736962622076
0.03388242703962754
0.034741676345778245
0.03475562213734007
0.033936334607840644
0.03505554344410974
0.033688864963991504
0.03420864187112149
0.03390888823019036
0.03468269326035908
0.034614227545773146
0.03396153824208944
0.03418454593335854
0.03453970294698556
0.03523236320347414
0.03559988814164883
0.034586906175808445
0.034458030549371625
0.03575900494574922
0.03466703377943974
0.035676167390816325
0.034989141143982966
0.035681615974054524
0.0347796255822909
0.03576415007072391
0.03653505830448026
0.03517836180509251
0.035607317973719355
0.03676969378119713
0.036326173768973055
0.035264734501838216
0.036087757004725045
0.03698068694534091
0.03593870523344673
0.03672549295009999
0.03635659221530486
0.03602540362401274
0.03726627060299701
0.037135558522912046
0.03726265744059474
0.036074033828576
0.03696698239503701
0.03685960428960359
0.036723795248051735
0.036033824055658095
0.03631025096545145
0.0369708175633959
0.037367608058002426
0.036690241394272995
0.03729050419040906
0.036886171452736684
0.03715891249194312
0.03811987352489165
0.03801440265019212
0.03721844983791745
0.03726882566951768
0.037878772847923556
0.03714809638878558
0.03851353930583964
0.03799963204200986
0.03751911363828233
0.03855279024573887
0.03732415192052641
0.03855549430075252
0.03779982585926033
0.0376790609678847
0.037637467580384415
0.03898914897500385
0.037485473519991465
0.03798333952534983
0.03872491035051478
0.03836652424495242
0.038378274335693664
0.03906932234407008
0.03804781029472401
0.03949328823445557
0.03906026130376759
0.03946440369051524
0.038914969517066966
0.03866215347685988
0.03970389537703372
0.039413034796209806
0.038947479424913105
0.03918672273506625
0.03924810391240068
0.03896616706783173
0.03918874251063137
0.03996602768525686
0.040101189982972144
0.03865244657466376
0.039516477735275925
0.03860638495336681
0.04001782460979279
0.03920440910930243
0.0387767191232369
0.03962316500635413
0.03935802597001394
0.039000077717705785
0.0394562154571013
0.03963025640764588
0.03999610122346999
0.04048776898991203
0.039136973286664455
0.03974346438378411
0.03951054139334395
0.03996393031194462
0.040214587451506884
0.04008209573903971
0.03998025946455395
0.03992552391387269
0.040696632740155655
0.04117586377943704
0.040109437986805045
0.03994687165451161
0.03989881290546608
0.04100437176334074
0.040083937496757226
0.04014317345507472
0.039846519400122356
0.041471033616629634
0.04073701776918795
0.04130621665591331
0.04033528158169118
0.04105923091846738
0.04096563702463176
0.040335584969212725
0.04066000168841025
0.04170492605695656
0.04049413521943228
0.04073371556019219
0.040252120486934
0.04059592849409409
0.041733898881493446
0.04070480136319056
0.041760287669970184
0.041594145033643594
0.04078983642692647
0.0415072030189074
0.040583643991962515
0.04141168297858923
0.04095121154908965
0.041532080394384684
0.04218697201633734
0.04194410948912286
0.0415804174794596
0.041429378069329684
0.04072453162335969
0.042008825877640904
0.04094329890609469
0.04211587980967714
0.041222330999840386
0.04162100815713189
0.04238409271375117
0.041564862160513895
0.04208109187774926
0.041911807034929624
0.04206748200900296
0.040929322870947436
0.04105272857772226
0.042213218183244056
0.04166446456558355
0.041615341960688
0.04197340113792096
0.04100319285148819
0.04246699288662767
0.04141327070125724
0.04118661729864793
0.04228818306408544
0.04238228946877802
0.042049222137219164
0.04111719435573522
0.04225948034196187
0.04260657293601182
0.0428649181133821
0.0426685037303501
0.041527093990209867
0.042718517455918766
0.04247918817837467
0.0413637642144997
0.04279069463765378
0.04151626361971256
0.04195226676704899
0.04154049207613344
0.04139009627677699
0.04238698455711118
0.04267588472295297
0.04291409723839843
0.04262154561369154
0.041937058132449904
0.04176839970104173
0.041733377078599025
0.042619159726883266
0.04209049122613194
0.04258796636396335
0.042746925625119024
0.04250783581987305
0.04303480156588902
0.043027316008886506
0.042609393616417746
0.04286959960788524
0.04217582185915792
0.04206166921600532
0.04255329079466621
0.04250880791027213
0.04154218110766273
0.04215921781523206
0.0418767219610447
0.04277908382244127
0.0427588672443775
0.043137602978846036
0.041570735447896474
0.0429156316829565
0.042377079537497114
0.04146194535118747
0.041663575984441925
0.04263347209386866
0.043037945177156714
0.04164060688063583
0.04224277141929696
0.0426558766103727
0.041419811430374896
0.04205625925778867
0.04311786026480839
0.04285971457139025
0.04195925365964406
0.04166561874755426
0.04222546570882338
0.042027926467576485
0.042545294558304296
0.04243904725655156
0.042768053140190734
0.04222638406866791
0.04172245918787958
0.04141800080524764
0.04162198389003238
0.04282476869050405
0.042183418843791086
0.04142945365828563
0.041694411001002726
0.041641857960152004
0.04274912785229843
0.04203711834558857
0.042488402709115775
0.041679905106392114
0.04181510216005836
0.04244384886905527
0.041969974184194576
0.041247357328517434
0.04172848867623901
0.04191037797957755
0.04279398614253272
0.04238789864022296
0.042456997122297994
0.041913485405935993
0.0421288162440111
0.04202017361177489
0.04221038580732096
0.041959049961056566
0.04189874626755761
0.04181238158708101
0.041275956648793265
0.041144922523239424
0.042430239476949363
0.041835038365097686
0.04076134194964213
0.04233007216095566
0.04184558043954608
0.04080646710236528
0.04087555747131414
0.042133262894948786
0.04223334739120886
0.041025649606084534
0.04123698528244304
0.041699756321203936
0.04139599962516571
0.04184022018801209
0.040492928724752325
0.041308181176183324
0.04096037270437229
0.041712462996243864
0.04078273668719349
0.04075325179148316
0.040695188288382526
0.0408406543733028
0.04075566361661387
0.04078680958095492
0.04184043540677265
0.040584342136309896
0.04012773397600076
0.04175041791362085
0.040037547613528256
0.041284922712198385
0.04127643736193763
0.0399815699923117
0.04072528685633637
0.04134916028211738
0.04015035592488167
0.041464320110831114
0.04043380409809456
0.039995766773829364
0.04135612234773137
0.04035915581987104
0.040218951007019554
0.039571402073377476
0.04062496472985702
0.04005706964006767
0.04024186695735524
0.040024532080141936
0.039663743737551695
0.04007620409096897
0.03968281090833543
0.03933921353294618
0.04050871877313682
0.03983417504267851
0.03978753816215714
0.03916791590015687
0.04010744139335382
0.039624141287942935
0.04043421987326192
0.039351648660823954
0.040416654198491477
0.03980934625656492
0.03889629838625123
0.03968965175471327
0.039568129042536926
0.04015843620710748
0.03934718588438236
0.03921381952799134
0.038981576291439626
0.0399432543352601
0.03926096415026774
0.03839750983082473
0.039881484206389956
0.03934538163662181
0.03983800560391241
0.03909502145409154
0.03879272015057905
0.038179140546569235
0.038643027403257396
0.0382959514738849
0.03873047455982659
0.039273343739485204
0.038033784841712305
0.03764796359266916
0.03894554933107636
0.03832330710085753
0.038512128793339394
0.03852655106673699
0.03898230995684623
0.037527437824099265
0.03832062305290814
0.03842343788775409
0.03798586055308791
0.03782525434482079
0.03746605356106981
0.03801081460202819
0.03777038012038526
0.038365463866741986
0.038305596688852216
0.03684640482132574
0.03761939957122427
0.038158471894179
0.03764026678405172
0.03724376173840811
0.03655906988983551
0.03719127703488011
0.03644025679023646
0.037500738005723074
0.03768122304022648
0.03739218780577432
0.03682432461272441
0.03607606826247604
0.03645502851031159
0.03598785905349196
0.037522715579892785
0.03675867451239256
0.037088828149119256
0.03695799740474647
0.03605200309184054
0.03574233200497989
0.037199075734849214
0.0368124011055376
0.03562011586297192
0.03540095566980132
0.036259893006134976
0.03657218613924118
0.035924466457999044
0.03516570743795039
0.034968127850396796
0.03569479070397169
0.035396889052526595
0.03648530270117783
0.0360140474678996
0.03591215718053702
0.036155212147834105
0.03603019370462456
0.03610960944744199
0.03509576871884822
0.03519764440850891
0.035398171370051114
0.0353036862684104
0.03464414121824876
0.035662386222555416
0.03562683365134517
0.033994392341604965
0.0350602081953632
0.03546846339339329
0.035141956598350475
0.03504282600944044
0.03496722646339433
0.03364588626956041
0.033869571855523
0.03341646269807249
0.033337161918317884
0.03393014682860243
0.03361563588030257
0.03364796705043768
0.033246876230376164
0.03395892984982086
0.03332049669312733
0.03424593875993068
0.034332106427383505
0.032669210606604174
0.033605110030333556
0.034153401936447815
0.03331637481562946
0.033156682880395104
0.033183683979640534
0.03304674976051376
0.0325170414439067
0.03254744424976801
0.03344694463767528
0.03355477816966401
0.03303089431876486
0.03308005040676188
0.03286929318479442
0.03297323774987639
0.03199407280288043
0.03210584064692329
0.03267552037028631
0.03246071648464856
0.031815517047272396
0.0317709398695856
0.03138942940442266
0.031640071311926074
0.031955010383719805
0.031066496915255624
0.03118785096458409
0.0320655633458218
0.030742591758196554
0.031531857278591466
0.032159915402131055
0.03135224980042242
0.031589287468428075
0.03109749589127613
0.03125767859121679
0.03134073986848413
0.030869088414449793
0.030755730795583344
0.03053122020576275
0.030340662913443207
0.02979108017956171
0.03111893077151547
0.02972925762871111
0.029607106807084525
0.03043265218321402
0.030428249287178733
0.030834371656715483
0.03028666596740293
0.030637561915370738
0.029713082537871475
0.029002488111600774
0.030014261886008222
0.03002441391088046
0.029649594394825462
0.02973112957192928
0.029310078063581334
0.02991017507596323
0.029021897944204237
0.029487117870577038
0.02856704612591565
0.02879581449508591
0.02904758535798731
0.02916215032956602
0.02862818883566223
0.029297306245942144
0.027667976789359547
0.028773806114897497
0.028552882027784682
0.028854780645450197
0.02795770576593496
0.027371970595147264
0.02781604289694125
0.027590850920143545
0.02857625820936106
0.02785077240575859
0.02702668289182404
0.028039705495110725
0.026739261577347302
0.027569855630677226
0.02741765622588431
0.026915217661584556
0.027532544727887687
0.027247562100080884
0.027222965432333115
0.026108558738357275
0.026216506843690993
0.026102614692016954
0.02659855124535165
0.0261613093280746
0.026888667119977696
0.025886717326373196
0.026046247351570177
0.026309185162558247
0.02580154104973716
0.026189894946814656
0.02558442535065267
0.02564043477179925
0.026791850247551076
0.026359489486900388
0.02634370354612306
0.025374958572343332
0.025276178831266618
0.02634977909012753
0.025423259443152033
0.02606185946197841
0.025287388695289903
0.02584734374468083
0.024656907060969187
0.025348199124853102
0.02427506487483237
0.024422405412868248
0.024904193526832347
0.024854780231121136
0.023892944423445684
0.023759874327729566
0.024993016795337653
0.024736894742525595
0.023855642998116138
0.024739520482420445
0.024062204479930755
0.02330196773863115
0.024348192606312557
0.024639679044596005
0.023160537826917935
0.02296933189870929
0.02355542351328357
0.02404795940538761
0.022951726656872756
0.023714021897473053
0.023999830978362887
0.022620197070998705
0.02271108240918732
0.023799062100487312
0.022403034781112604
0.023564860365529145
0.02281481360249338
0.023103401852649606
0.022628305250986646
0.023262557825677266
0.02284002952267367
0.022456652108290984
0.0220288007256798
0.021495667786721528
0.022737083529536285
0.022064087381846724
0.02126345648593699
0.021951550956586775
0.022371850486191665
0.021989116768310866
0.021392359567151575
0.022036425148426544
0.02187174617386115
0.020872396009287298
0.020569302530495416
0.021339342699289072
0.020859240085926448
0.021549868290113097
0.020258164181346093
0.02110418523171389
0.02011796535130441
0.021292417742387798
0.02095283523599089
0.021003778620749182
0.019784145993562624
0.020052216208571238
0.02102106453048684
0.02103299202567446
0.02072497356573698
0.020791573125321178
0.01955795100218795
0.020969065361462726
0.01996980387926801
0.02083614315984435
0.019659001312651463
0.020678002709713567
0.01946925309897156
0.019499998031706177
0.02000889163186367
0.019595645179790466
0.019042821414003316
0.019882622438108434
0.01843829135825639
0.019125455916130678
0.019455527760491875
0.01920213057309211
0.018195669323785205
0.019090905616647724
0.017972582783964085
0.017871141917438514
0.018003497279307633
0.019029917703113856
0.018024382926760014
0.018486580512166964
0.018432567247927877
0.01890550746156042
0.017685905000560755
0.018228206882100414
0.01862541948994695
0.017798820182178234
0.017779891180883464
0.017687866265551036
0.017702219281530825
0.01810159105876058
0.018285182384684004
0.01733804675605875
0.017826363882128146
0.017018180310677675
0.01773585608154154
0.016865259848273688
0.01755200579189683
0.01799296826417889
0.016947417299961184
0.017431302880252887
0.01694177101731604
0.01663342429911512
0.01608450001125189
0.015849766048236777
0.016195472992090926
0.015995907983375874
0.017151858549518034
0.01653528558159359
0.01603873952557731
0.016633805019267714
0.015424653213384184
0.01617486024514173
0.015738436377736045
0.01538974100199768
0.015601966249721233
0.01572785924160187
0.01643357353413582
0.015904282672213284
0.01600460698617375
0.01621350727238427
0.015564641085934267
0.015033612032114653
0.016162077982986977
0.014861033447815886
0.014386376172088851
0.015513242862284626
0.014335314030556922
0.014675824479102994
0.014918175283091752
0.015141384639627798
0.01469466583892307
0.014284290119380576
0.015291898000820094
0.014662836205662033
0.014333352270345885
0.014079925273070887
0.014469064746227748
0.013549074941755116
0.014959364328536773
0.014222010095954793
0.014931108160173378
0.013414567827809011
0.01397373508036299
0.014711773084114853
0.014799524700644261
0.014597042043627164
0.0132775139318167
0.01367274368906682
0.013752744521356544
0.012884277832773997
0.014417493582569047
0.012936986663275113
0.013710468425754609
0.013314910946500363
0.012752199130895599
0.013877818222871022
0.01369513895000731
0.012746278792451805
0.013820386311224408
0.013447644715605134
0.012705102637595432
0.012264539813333232
0.013509159043254828
0.012379329114961968
0.011889695238024342
0.013145435832706595
0.012194755338498382
0.012652637763978866
0.013033861985388896
0.012439633514435427
0.01212631679207255
0.012871728443055543
0.013052839806030439
0.011726381059621762
0.012028127535442459
0.01223681902064518
0.012136632228957993
0.012225542654140274
0.011742730589893979
0.011533849350533285
0.012102476350611176
0.012240341292435834
0.012190034778402985
0.012346503734009065
0.012102626542923227
0.01214277211723942
0.010598357832099831
0.01198395186159783
0.011006800307243917
0.010614434821838457
0.011850315224707076
0.010853263147745016
0.011499541575049663
0.011220946070692742
0.011839079027224577
0.01098682128062805
0.011484084265554714
0.01111661233009082
0.0102738458425356
0.010929603180472489
0.010719335395744926
0.011385003284868215
0.011142859114832258
0.01119577665895387
0.009641968753348803
0.01041728230996289
0.010819215084734098
0.010592797956001371
0.010990687160576607
0.009853272719799506
0.01062867447729557
0.009959722323467975
0.010890588751825508
0.01066869311011541
0.010058328548208458
0.009344109361075076
0.01011717697937212
0.009123145601908099
0.009558176128129326
0.009311322370557087
0.00984022288110259
0.009879407412617627
0.009872596986185058
0.009574766388866049
0.00870915828140811
0.009332199985356107
0.009858505365224325
0.009618571318462084
0.008375079316586822
0.009668895245388205
0.009694547422165595
0.008342821952059926
0.009213124150358033
0.009824584457819597
0.009195730600065514
0.009171299000022674
0.008728382036536567
0.00840737470992655
0.009478686484381027
0.008134389601370168
0.009495312308319367
0.00878768822967152
0.007914449784993952
0.008597062652204612
0.007893846552874053
0.00833767930731952
0.008616119819321142
0.008533698146468257
0.008828718500786297
0.007975438356577777
0.008770836808304193
0.0078739977345865
0.00773570606212842
0.007795301420780314
0.007568184352881245
0.008843504716798192
0.008520866368761286
0.008488388769707356
0.00709120450326917
0.0077446792452932935
0.0077984313570088355
0.00770956313347436
0.008536458353538532
0.007223096663109814
0.007460013797965204
0.007379202244406294
0.007778556401227752
0.00749425034162465
0.006663216204508019
0.006697286405168067
0.007577977037815311
0.006889315913506177
0.007721234709563615
0.006447225911784114
0.007513104315119691
0.0076211176628299985
0.006664860682844345
0.006390406443976936
0.006878913383081312
0.007503969623200653
0.007353805050240853
0.006698517201634474
0.006940694135043111
0.007494767992424063
0.00762497560743685
0.007586265480612778
0.006100660729834893
0.007056234582985889
0.006917825038081756
0.00642060255134852
0.0069237609303321925
0.006604485574804263
0.0062341094584835765
0.006722211340309148
0.00639644547797725
0.0070219931522091696
0.006585098201195971
0.006400280245407026
0.005970550186230912
0.005502492893288293
0.006677240120087112
0.0065111635778858905
0.006867720118710307
0.006681373752611659
0.00564339574808936
0.005283060165993615
0.006519778683913391
0.005126581893734002
0.00525883280313587
0.006151692114703497
0.006425449964114693
0.005185149216009758
0.005093674892373426
0.006301431812318665
0.006454125293937304
0.006606859766206804
0.005395882904318332
0.0063961314729960115
0.005231442839912987
0.006016542850142519
0.004703140553746889
0.00627705253791906
0.005514564952790826
0.0047226289469234385
0.004836925723609298
0.004897350176560052
0.0057825962960106995
0.005228609035440701
0.004532105114031537
0.005950711746682834
0.005498570226219377
0.005431751428793553
0.005696042115162577
0.004370467813867857
0.006011532309374368
0.0042491662620443025
0.004500591806521578
0.005189746192366223
0.004790225991021748
0.004364553512832419
0.005526709762731847
0.004639336060943451
0.004117045422540355
0.005008124587409378
0.004008589267469355
0.00484077991735805
0.0046654461389315826
0.004938305987945728
0.003949283691256765
0.00530388623931874
0.004730280874548987
0.0038283616435082586
0.005363957655866232
0.004307876718353837
0.004773650236678976
0.004813696648635533
0.003742636312437114
0.004698377748992561
0.004209867223742747
0.00522309275690727
0.004525566213839165
0.004330856581322311
0.004203409761332912
0.004879411415881915
0.004540720314766903
0.003826958813779484
0.003430579827305451
0.005043774216456613
0.004654900478302998
0.003540300413378406
0.0039251591828207075
0.0040356683999750705
0.004998619408852206
0.004871804084066677
0.004202867325170998
0.004401846028414464
0.0037806232186055797
0.004369007503535239
0.004149158426278599
0.004445142172200278
0.004100906953056988
0.004319159487444086
0.004242285725685887
0.003513406853329557
0.0044079021754515006
0.004079722640172346
0.004489171360110753
0.003074155761365388
0.0034728172448896728
0.0035987492273257225
0.0037877875612075886
0.004454881113128384
0.0034739852171802536
0.0042943657144905775
0.003851993961734601
0.004412775335812673
0.0032515034725005163
0.004400235486318228
0.004207553572381096
0.002713414941979518
0.0042486681570619664
0.004040424037870656
0.002859421552296679
0.0038162011552618654
0.004157875632632638
0.003333559190749641
0.003640857530533176
0.004176781392896703
0.0026091609187544676
0.0029399887293411198
0.0037500418137899026
0.004100942258615963
0.0026659969443300997
0.0027065927212385544
0.0025320987109340967
0.003507169920653753
0.00394071494508425
0.003698985574995216
0.0023799265386406482
0.0034934755153800635
0.003315780242502838
0.002619311502314065
0.003405485408736726
0.002906165784156982
0.0036438514304041637
0.00246765358266242
0.003562180292685444
0.0026194555964165764
0.0022577373630529884
0.0022947514890974668
0.0026649938308464785
0.0031997462906519594
0.0034984995139738843
0.003649466033733265
0.0023524535707826707
0.0026581340604469724
0.0035942518335905383
0.002627409017641212
0.0034534872100579176
0.0026013757311945727
0.002557142875062256
0.002911354994507646
0.002560217920245597
0.0035202445656866707
0.0033673869617860445
0.0036019959836128147
0.0020048847769370583
0.0034928063577745966
0.0035241439946262706
0.0022450416207954035
0.0029341778365331596
0.002509217080997225
0.0020516664838968134
0.001984136867026671
0.0017352428731404496
0.0034173379300636887
0.003011571606392313
0.0029363683531694277
0.0019726569384365335
0.0017109318383472505
0.002098346366473586
0.001965125474194364
0.0018227482552012934
0.0033653735795088845
0.0030907030257996656
0.0025770796803894214
0.0026731713270192565
0.003233950078745027
0.002163042746703971
0.0023549904282280203
0.0029224350022783257
0.0024935354809174004
0.0027838328693129254
0.0017582053189976387
0.0023309874650349794
0.0027366013521814146
0.00185723411709647
0.002443107146203894
0.001923351255186497
0.002320831757398612
0.0016313203609530944
0.0015597120605963012
0.0021861884227340933
0.0016018715604937484
0.003031273118476537
0.002739774774808741
0.0029911569924701313
0.002036575859412586
0.0023988876566215997
0.0019853490837624652
0.0026477795372536403
0.0013488340313656602
0.0017201069660843986
0.0028947677223219886
0.0023332348476568085
0.002025539397084759
0.0024659172700252784
0.002005424749267252
0.0026732805998517335
0.0025129620573524363
0.0027230155160682143
0.0027327471864916075
0.002287133131215004
0.0027943017509696015
0.0021936977056758694
0.0026012995803522797
0.0020472042447933964
0.0024978493217284016
0.001911012661366489
0.0023107782874262407
0.002346406751987755
0.002106942424148299
0.0013218567595873587
0.0027276803499385505
0.0026197610420732897
0.0020022081578817603
0.0023555326132168888
0.0021791132944779463
0.0015258828575001066
0.0013702648226335049
0.001278736146437424
0.0024932452037356987
0.0017060438373220532
0.001076910675182968
0.0024177821023583087
0.002534423132659589
0.0021801611942482767
0.0017218820578599394
0.0015279307617661105
0.0021192491028923077
0.0010545828221026113
0.002423311702885348
0.002166584032036442
0.002630189531414618
0.0017079913739480859
0.0017157986009061006
0.0025606630763091083
0.0008491029541880016
0.001677417898755334
0.0017026364392516786
0.0012693033066414183
0.0020029748809519687
0.0018869489782409586
0.0022360019288315915
0.002239767596243413
0.0023565441753376527
0.0022956823275096902
0.0018719864124416466
0.0018232007185085208
0.002486139964750755
0.0007620484703885535
0.001658976340721746
0.0015614095155218391
0.0022663874235207687
0.001624252125514177
0.0009395298663190609
0.0013054658086318737
0.0018161803805270475
0.0014912448210289925
0.0010532026494367351
0.002277732264406342
0.0013532249166257754
0.0022205047064580334
0.0013206919983446926
0.0007907178229497512
0.0016754943808665072
0.0006980365859892106
0.0009024559701387173
0.0012607944025857082
0.001088027696620772
0.001079127747206344
0.0007226516531647812
0.000754839997380179
0.0014958605953141423
0.0009530238528306768
0.0014349069604354557
0.0015183521008832169
0.0009545698041402164
0.0013653673175469624
0.0021104680692153517
0.0010466289910252369
0.0017150386263832121
0.0008620518608912745
0.0007581838224039725
0.0006173554993641612
0.0017003963157899485
