0.0021071977204603362
0.001216880354554901
0.0017713982484290928
0.001510192172924823
0.0006101961674031107
0.0014392118366319514
0.0012513490747331876
0.002290191565907673
0.0009247510162163617
0.001415145963140456
0.0009498006010656204
0.001664417910483701
0.0014944848937315336
0.0009729948021958223
0.0011253646533781747
0.001269024887136876
0.002095745534390037
0.0023317207283552717
0.0012488738548956347
0.0007320688841970638
0.0007467360014559528
0.001128885175261022
0.0018415176099692572
0.0016452853565867862
0.002124345147818992
0.0011386693931350915
0.0009246242024908027
0.0009531866410880655
0.0016491725649403542
0.0015201608010910969
0.0016302905139058733
0.000864922853688626
0.0007615977276438628
0.0023966042419158763
0.002051612261123957
0.0012123956535318584
0.0009383498733607281
0.002218750855106461
0.0021992197855854934
0.0021729658015831248
0.0009102083183613516
0.0013952737517006401
0.0019335608660154822
0.0018762264304792828
0.0019241844745090122
0.002225597309698041
0.002256191777936019
0.0013278745894109195
0.0010529371631587394
0.0011104782370943143
0.0017448626994212106
0.0021869001469245653
0.0021484839835724497
0.0022882798379725068
0.0017182535809402788
0.0010944078458709665
0.001813270690840975
0.0016150180466850425
0.0020640705382668507
0.0017051442694970996
0.0011377253604435969
0.000992811561544939
0.0014798014487501041
0.0015338989981096703
0.0013526778225502894
0.0013174649748648904
0.002211691210741466
0.001820945119672693
0.0024993384906224097
0.0012698291221863252
0.002579036413329749
0.001473690228535466
0.0027036173615479914
0.00278748856956552
0.0017141599301288292
0.001676221499523799
0.0020977420855536368
0.002089179897575146
0.0014067367274609316
0.002539676266142455
0.00196649486110897
0.0011845468266816082
0.00230956200587058
0.0023790526068566066
0.0012118116306174998
0.0022424376975908726
0.0029319047522280662
0.0025015486805994476
0.0014083921992294151
0.0028158929700274255
0.002297783224504379
0.0029287539928305522
0.002912547491155507
0.002893743238062923
0.0027099807572483077
0.0016187084504086938
0.0019971951260813973
0.001378174239410038
0.002863442523564775
0.002068502902198618
0.0026265263484394575
0.0030126473212581393
0.0017403030139933248
0.002574534313115742
0.0023663163956959238
0.002079702088842934
0.00236044424366751
0.002202724745029071
0.0018854582735124636
0.002666975021689873
0.00232918294325314
0.002050475649260477
0.0021105773324053213
0.0016580272452309999
0.0021626089379866323
0.0019766972652933714
0.002972443162059001
0.002542304926798356
0.0028372903579783285
0.0028609792127335626
0.002509937921538445
0.0016621796811985953
0.0028618498967047045
0.0027008123143880884
0.0031107459757620504
0.001834991458654114
0.001966757584518151
0.0019402206989702613
0.003147008117554009
0.0027606520733123264
0.002299100478517687
0.0034007136443140818
0.0027920457731790364
0.00334178141680957
0.003330221142666049
0.0017991136619921358
0.0034053523033973424
0.0022302387575078523
0.0026996760723315937
0.003432962138123322
0.002239655598192811
0.002864444488540067
0.002237098409840194
0.00307744246559883
0.002258774925519802
0.0026579981598188604
0.0033114366643372836
0.003576511328652534
0.0027863953439226986
0.0026389879436808923
0.002086074391897252
0.0022576943709822724
0.0026466202051105433
0.0029717993034442656
0.0028195363526320005
0.0026701443891143125
0.002388805960017457
0.003145197569512143
0.002571861334838223
0.003126531343080623
0.0031037367246941417
0.0032670297467117535
0.0022467218233998888
0.0032099908740230846
0.002907890224892154
0.002497569015578465
0.003653699291833432
0.00381052642895455
0.0037316619508163634
0.0025548312132042876
0.003637230993556665
0.002747451396129833
0.0027012841065497998
0.0028491314443850504
0.0030761759419453425
0.0028028454137777508
0.0036415747507385497
0.002621870115993873
0.0032414847173165328
0.0036078736346069487
0.003998485395761937
0.003446032202974892
0.003961184760942018
0.0031241599266912164
0.0039765659605488545
0.003520803480970384
0.003320921759372159
0.003293993308937959
0.0035266538565628144
0.0032346649937556133
0.003358062452275751
0.003472796735066298
0.004284367108196256
0.0043656522824687925
0.002830469480511677
0.0030272163172978804
0.004053938681390819
0.003341054780900116
0.004614207090995
0.0037276129564392663
0.0029961975576560888
0.0036830031373593186
0.004083056850446384
0.004272605192730942
0.0035537792299992488
0.004811001530452755
0.004649931154395837
0.003941038547789714
0.004846631010277645
0.003909635200354426
0.004714450051011893
0.004833261154160999
0.004330062385461069
0.0047320310464590305
0.0039594252688424664
0.0039048270480852485
0.003722967661820878
0.0038807537938626993
0.004869887599119857
0.0034653623526660305
0.004978682083982922
0.003677461686357168
0.004952520241255255
0.004003971851312964
0.0037320854444193156
0.004237042344902608
0.0035993476393846153
0.004225320225958302
0.005013269176496667
0.004055005606258766
0.004813169045510066
0.0038814346399111232
0.004651422591422808
0.005026356683417025
0.004522589430670149
0.0046882043052987495
0.003852578582735368
0.005107329622860143
0.004010748235921232
0.0050057183595820795
0.005000275272420707
0.005627190436883428
0.005367030166142069
0.005182390068929708
0.004790034067851999
0.004191041963266305
0.005034249586764406
0.004446558007720457
0.005669328278415268
0.0052281829195678226
0.0054914984558562625
0.005394142226592738
0.005830513701375693
0.005195027862257201
0.00493459172881956
0.004732473574102724
0.004951391446375404
0.005446960043058342
0.005577998571449882
0.005072569929631022
0.004840389462197181
0.005132986479084978
0.006072034894562364
0.005806917066202679
0.005458715757155266
0.006072921640635892
0.006139196098526204
0.005772209227458976
0.004816622526740942
0.005007592617321721
0.005084660831804326
0.005670156745506263
0.006175359009609947
0.0062398768470607715
0.006299591660884267
0.0062119822631540094
0.005545458926035124
0.006387344838898827
0.006211948814227333
0.006277728601921564
0.006401594896502227
0.005883183058485248
0.006959925126081884
0.005824874478561364
0.005819176824301934
0.006342122169564043
0.005865513266431558
0.006944286717986669
0.00640462886604579
0.006731111301810349
0.006923014873728217
0.0064333895234932595
0.007138605030955127
0.006487197218820888
0.005846265904757984
0.005814956918642158
0.007125924148883498
0.00705444649754525
0.006887280767084587
0.006785195880819579
0.006330178901526828
0.006996386320272208
0.006675751821507101
0.00692684164410861
0.0065388282210604425
0.00702888845898483
0.0064358077819005105
0.006241815145217017
0.007065850952556687
0.007723464678621215
0.007527490569880859
0.007774824419219039
0.006854107806472123
0.007898989744685902
0.0070166976299117206
0.006902314792581196
0.00686132497636492
0.008056134485715469
0.006703267282616018
0.00727991720520976
0.007987398459489708
0.008161065517513853
0.007832234915732534
0.007652868607087846
0.008167427581498769
0.0076247069153729235
0.008533151301020805
0.007849381480830087
0.007895009661458825
0.007549064692535919
0.00881699682362769
0.007601653431996331
0.00884241670795364
0.00747710307050824
0.0076995618915989055
0.008053564444544092
0.008241581316923048
0.008525896726034404
0.008778153225267277
0.007729280731488549
0.0085895243710101
0.008660913251625008
0.008069395639297441
0.007859382797503135
0.00900749045241199
0.007777441510029043
0.00878085107354782
0.008990932003527002
0.008885211586094876
0.008260445741895868
0.008937815449099612
0.00935017925215662
0.008963735818084743
0.008334298232949806
0.009497858153279238
0.009235259788979574
0.009998524828951777
0.00840644047754586
0.009058048875917477
0.009790569736670526
0.009153704381250617
0.009046695729728325
0.009724056046264924
0.00876717804464537
0.01040406893599524
0.008939629270890528
0.009934421423848833
0.01027074415684455
0.010026186400842775
0.009553374836480995
0.010286573382454861
0.010056023011015902
0.010130294560097739
0.010387807780711763
0.00946188629546173
0.009583520275510418
0.010191923024610602
0.010753214736083002
0.011086760243544262
0.011006548224404514
0.010641455583819657
0.010673077782541724
0.011192399321080975
0.011204697775297538
0.01111247925464574
0.010131765946880408
0.011377561477319229
0.011547610004707762
0.010735279211271495
0.01036040408229765
0.011428201207511045
0.011030048898713068
0.011057717126364242
0.011602965031479376
0.011801965967360302
0.011340797261172222
0.010526214784133325
0.010633596495065576
0.011581218680018683
0.011139750583174202
0.01232473585653047
0.011781701606951118
0.012238534417376695
0.012478456405987891
0.012068907855849869
0.011332132717135549
0.012260123619174808
0.01186366325502618
0.01212112959949975
0.011566233694988175
0.011795414118343452
0.012433013657931518
0.01277953551748396
0.012366299753163055
0.012070331316963378
0.012968606488670292
0.013257365412833937
0.01202420456282072
0.013124091195777544
0.013332357883694343
0.011960414276207545
0.013087184785475723
0.013109452420060477
0.012081611781089033
0.012531504069459349
0.013277527236823055
0.012126588885039372
0.013797587337723403
0.012936812944635065
0.01305890309726797
0.013772425654676934
0.01409814005138897
0.013372195148334324
0.014175021746824862
0.013914346585290178
0.013267735752452204
0.014076123226983664
0.01290400174783889
0.013044195835472795
0.01448962731200299
0.01448972866855739
0.013908115790347534
0.014856634731899142
0.014341105009000592
0.014955925949337314
0.014069611011689952
0.01428333507176718
0.014340043801283023
0.014628008071163864
0.014313956502867679
0.01477726881972774
0.014937380490869592
0.015332782873260425
0.014338004225940977
0.01449676242192756
0.014829148690176744
0.014517549405342644
0.01535499000161435
0.015108470424802073
0.015966504397735018
0.015141802255637713
0.015243622907824956
0.014647760764467676
0.01480342291192471
0.015768741205625752
0.015335325917710745
0.016422274026251276
0.015419904603745425
0.015202767860807665
0.01615166140712789
0.016182070458201296
0.01585065289384314
0.0160744704252721
0.0160360802675803
0.015542151471226671
0.016343495875846773
0.015595405328237655
0.017232715959649765
0.016824517937681763
0.015768464256202368
0.016222047912369014
0.016968691139468327
0.016206884357211272
0.016758730715483647
0.017007520041984782
0.016621187318676137
0.0169575721637759
0.017692162313538734
0.01673870194611439
0.017409490031298533
0.01750454441028581
0.017670688141974665
0.01814623840919546
0.01705384071778729
0.017697548748360055
0.017113828746527997
0.017635888578559824
0.017583736885175467
0.0170291406541647
0.018298742800625517
0.01753617501107179
0.018089854469202128
0.019014089214091253
0.0180162383557452
0.01878054130621068
0.0191594136703844
0.019227725887322026
0.01886436672868504
0.01775482966166269
0.019332617157873915
0.018676248585279935
0.019179729568971668
0.019345229024584753
0.018966632563657652
0.019416133846270688
0.019938939855093787
0.019305749975932353
0.01918941260684556
0.01916152518295142
0.019002059321595703
0.01958424762853125
0.019008732546990842
0.0194894471224415
0.01958880357473332
0.019068365892983493
0.020078997318742894
0.01917087564366635
0.02028069180289949
0.01986084880419744
0.02094889011760833
0.019664643823579006
0.02030183659212967
0.021042131801101472
0.021101460372889805
0.020157842177646594
0.020419137051529104
0.020529813310244383
0.021474799333521154
0.021735138760817646
0.020753398550636307
0.021893632396139208
0.0203305475026224
0.02147443033591872
0.021654318107701603
0.021414005426604283
0.021078165603209763
0.020788693574227315
0.021072424825521626
0.02181749322607704
0.022420084503149872
0.022281810722858373
0.021573463222401588
0.022564519596873348
0.022885046566136383
0.02149012643172959
0.022411171239859588
0.022650914835447455
0.022443557954278492
0.022054801502346826
0.02194438846962245
0.021925303679069558
0.022515592759696227
0.022828354065676418
0.023592272965678413
0.022997712579978808
0.022971075219964148
0.023290759526002396
0.02393793155950176
0.022718585757381587
0.023466957680288718
0.024113489699671205
0.023536358427980852
0.023463157118423332
0.023889306125261505
0.02334687185207515
0.0232199113357646
0.023120462081456204
0.02329925041856714
0.024074766319060397
0.02355718375539058
0.02492373480394229
0.024194072798566998
0.024815776056620647
0.02490086604588544
0.024374056860058158
0.024920625378225713
0.024906896287680825
0.025228131788454396
0.02541031943520524
0.025320702336041955
0.024630811028323055
0.025518981726874806
0.02498455371279617
0.025592878570004203
0.02534039593250867
0.025775502119094743
0.025844754992727908
0.025878999429642197
0.02543910160382539
0.026632287478935365
0.026418060999772838
0.02680438361141724
0.02630572849147369
0.026164391958412844
0.025910209308161992
0.026948998309070812
0.02641764454451454
0.02704831417299164
0.026943579339046616
0.026081143942814362
0.026505193953084528
0.02652982096130678
0.026488174126564592
0.027511758046603652
0.027259409984672512
0.027231909157313088
0.026484832678375456
0.027601370713392047
0.02689347246736054
0.026595389362240315
0.0280673801482592
0.028282106210261393
0.028152851339195494
0.02687604887261291
0.02761559849216898
0.028668247722683348
0.02824175893223184
0.028880612350946487
0.0272531538931271
0.027348118262396724
0.029047427429961394
0.02884713636169714
0.029079772181753866
0.029194883010170737
0.02777721374449775
0.02877280700516117
0.028556894539283253
0.028323004216474233
0.02873514713075957
0.029674645822936153
0.02913982542676563
0.029478858458796067
0.029838009724324144
0.02897324620069653
0.028920771037354593
0.02867286862388108
0.029059871050249184
0.02993936227848499
0.030204296520292363
0.028973855283303113
0.029257975117652484
0.0302547741931985
0.030831363270921574
0.030327338813136758
0.030777259367886545
0.031015842676300445
0.030940224744478148
0.030910304020937068
0.029841862412996554
0.03003943839576025
0.030512208442139824
0.03156121844624766
0.03141774076024722
0.030451310167330537
0.031217084340118526
0.031049599441212355
0.0305957268130511
0.030526358395907793
0.03169261532878278
0.03105324939467873
0.031045182509291218
0.03074620412892412
0.031233106098628567
0.032020795714266984
0.03196751556493152
0.03227069489320307
0.032457011928786667
0.032060606930227796
0.032334373571719324
0.032507855663664195
0.03213067968558494
0.031427844500461787
0.03273232173446911
0.03156301229794538
0.03280881712684581
0.031968749987705276
0.03232272453320174
0.03198844216429534
0.033140099933080217
0.03277341367210644
0.03367938349942863
0.032657235691382534
0.032307058737429444
0.03369113260030615
0.033096675391744705
0.033136972000889546
0.03332771375904332
0.03362097617564708
0.03319495300248817
0.034015648124083565
0.03405430625253059
0.03295988443975417
0.03439620625952664
0.03391101069360778
0.03326874011657085
0.03320022952087451
0.03474991211233844
0.034276387272321275
0.03442476369009623
0.03451812184177034
0.03415038830447067
0.03503494858936623
0.03422003727621243
0.0343646007639116
0.03466799806142741
0.035220726838965204
0.03538874663048136
0.03492744154141578
0.034818095430612934
0.03470728007077735
0.03544008489462184
0.03560108291958641
0.03465580841564657
0.034913514986502685
0.036240104893811104
0.0347848513579507
0.03638470976276766
0.03511172571500647
0.035790283857812674
0.03550071582722647
0.03566667914566278
0.035435529121000016
0.03570177305018011
0.035918057670386604
0.035682279766895024
0.03555696791934831
0.036847203389597745
0.03633647102215434
0.03661539450935769
0.036082503989130425
0.03580543138329481
0.03659399205750909
0.03683075229064674
0.037017227183159467
0.037330907444898996
0.036960728964230374
0.03664528660113438
0.03754205826652368
0.03648855500007981
0.03775707796525453
0.03742059899885896
0.03679160623227513
0.03762867236580172
0.03740068394359884
0.037945915430560494
0.037218347880412714
0.037158278292324
0.03672925032094146
0.037464085602465586
0.03703884874991015
0.038203592414005644
0.03703496557840567
0.038609411468384286
0.038106294380704564
0.038005265602298444
0.03713919370243697
0.037903065638050376
0.03813119622814076
0.03775511463120749
0.03891589287718405
0.03822038605576293
0.038910461092195564
0.03767258446646939
0.03897155419237889
0.03912422069170611
0.03830197833533238
0.0390929706956198
0.03905697584984241
0.03829087976962378
0.039237768914004004
0.03881382054218924
0.03948918932719498
0.03897949831197085
0.03845351856591335
0.038408191472083936
0.03925673647393722
0.038636081426717726
0.039900140796203576
0.03831414313446358
0.03871191350128062
0.038550308447361605
0.0399382503125833
0.038526990294850114
0.04014663940071644
0.0394342495117404
0.03913657677207565
0.040097255965721994
0.03873281317659915
0.03948917958436454
0.04018304104982919
0.04049474677202921
0.04014235601235569
0.03955385349554336
0.04008333115617129
0.03997011310544896
0.039784771885699836
0.039247596296000435
0.04045107940715484
0.03960831312785628
0.03947773729520123
0.03956893564892472
0.04038545317471529
0.04005747455896317
0.041042585228897095
0.04053250928992901
0.040640337803649486
0.04067885157288174
0.04044866433415435
0.040604660263935145
0.039907171713835475
0.04140228714248688
0.041137273429718624
0.03989650838345903
0.03985931564155854
0.03984581456554091
0.04021377680081654
0.039926057782518364
0.041520618566435956
0.04136853877274008
0.040094054628996026
0.04145003690833022
0.04007475147753272
0.04024900236917343
0.04134563687503085
0.040297570961139006
0.04142867577305576
0.04198551027164908
0.041048548115420025
0.041894973007171966
0.04032110733444803
0.04104447872565012
0.04066647728560071
0.04121413194231848
0.04216775923340588
0.040926506486873966
0.041029476339098474
0.04195333705571384
0.04130249610386602
0.041290719942593535
0.04163137337372139
0.04091529852553702
0.04157610298100284
0.041287675377207685
0.0411255621174662
0.040782724080232306
0.041544343317599756
0.0423973194944197
0.04161625806416271
0.041004696838986436
0.04169948499575212
0.042462183776485724
0.04098038803721107
0.04194438783815842
0.04257934811169255
0.04203277150119436
0.042281916241761384
0.04161561281178359
0.04156816420260291
0.0415306155512274
0.041733884411287975
0.041863429749015524
0.04190051145369786
0.04261967661967503
0.04178842231085271
0.04274208914584668
0.0422908840987841
0.04234222569781273
0.04154911515768265
0.04182727414499488
0.04257119150781464
0.04229947669621436
0.04128234086725772
0.042564974871003414
0.04286065735462959
0.04142955870577138
0.041327463622541985
0.04194073257405869
0.041453018248224886
0.04162232148786675
0.04251084109543817
0.04278191061020209
0.04232730204656196
0.04291906875624419
0.041788636233516537
0.04295973315123591
0.04280026580951971
0.042249432570477606
0.04254798260074102
0.04154247385046883
0.04200702765885374
0.04204902280248012
0.04301131475563667
0.041783026499850016
0.041816225991270495
0.042966055484288834
0.042554053269994105
0.042292490543962113
0.041533237906238335
0.042032226696147174
0.042687912089006456
0.042981813299019164
0.041812020050681895
0.042125013745148765
0.041997168537060425
0.04264980812686818
0.04246717186351833
0.042403265111904315
0.04185619046442682
0.042916451814442744
0.04318111541362711
0.042752764417434516
0.04302649492095046
0.042351226010217596
0.0429637991681167
0.04225578159871182
0.04302550629497122
0.04209204590983638
0.042895946350789936
0.043090827408270034
0.04248860310895754
0.0414602569216397
0.04203349673090606
0.0423406680896161
0.0416024896272204
0.041404945494368704
0.041562689265974354
0.04169526072163987
0.04145811177164578
0.042782720335677565
0.04275755062782516
0.04133230090798568
0.041385366405659985
0.04190501377944726
0.0419818641963472
0.04177438977100297
0.041666536883469975
0.041865608584188786
0.041463438928921945
0.04141664236812547
0.04143727830040902
0.041119778215497504
0.042479087329775775
0.041200244652425215
0.04208269353972224
0.04165231523772166
0.04154527000674876
0.04109376822271251
0.04205916474363023
0.041712663242029574
0.04243135262867108
0.04104621688915292
0.041148672827193235
0.04259774218334208
0.041386696376786394
0.04258911762418775
0.04198836998683351
0.042410193163956986
0.04208236334764194
0.040998027813479485
0.04171727159582465
0.04168659934020479
0.04239819089886726
0.041078366856349635
0.04087113668473323
0.04171218514106455
0.041787144563980486
0.04131980550393641
0.04206659167369734
0.041257000125149816
0.041142158837694294
0.041987635460007756
0.04078311531467534
0.04071378797286063
0.040673525559338876
0.04119617257982759
0.04175139009335259
0.040450264663818174
0.04173483935117625
0.040441862778811705
0.04188057956518497
0.04119842699860382
0.04012642574608273
0.04179603740605989
0.04021488666935228
0.041585462095952146
0.040702265376781455
0.0408625991729886
0.03993083609030387
0.04139452330384164
0.0409157095269643
0.040012212880562247
0.04139569186058009
0.04112215281563214
0.039671095023443466
0.04085660315534715
0.03983016759441871
0.03963913496618996
0.03979032608928534
0.03958108816608889
0.03997165421688446
0.03959384286917584
0.04109190818254251
0.03939647843421345
0.03951300149734313
0.03970683928672067
0.03947897691827453
0.040771725254785736
0.04019165081351467
0.04046833136111536
0.040755261470441485
0.03960363698518351
0.03980966128796835
0.039332699085346694
0.03892907450136226
0.03908317668525962
0.04043196049858489
0.03971489317087105
0.03929555667111677
0.04015927154459184
0.039742779371837
0.03869245864794715
0.039007933067530406
0.03877819558301025
0.03867865831513661
0.03868064958050752
0.03889385595630306
0.03869492647299512
0.03825521314690747
0.03871080971423942
0.03913017862296629
0.038766823563149776
0.038762580289092866
0.03793478701492674
0.039231413764101976
0.03801684011549643
0.03926201953128025
0.038527149825542874
0.03777586922100587
0.03891036973028752
0.03826031527316454
0.037931066014686064
0.03777087178442103
0.03858923397316799
0.03742738376911183
0.03780481987567267
0.037224180758972096
0.037634106394296186
0.0387026238391417
0.03795774414764826
0.03812055430469709
0.03858238769012073
0.03711052590752038
0.03836636481854167
0.036791000564880716
0.037664278631463134
0.037398667655013096
0.036975448284715474
0.036641713138816576
0.03696880661329213
0.03666707719108672
0.037663220168581486
0.036807842760199404
0.03636343466848348
0.03677718532748077
0.03782622909140083
0.036507409446933876
0.037321025154736384
0.036564695088670295
0.0375821048420212
0.03643647441442767
0.03586349640717983
0.03640032283560419
0.036318924727907646
0.03688330382725837
0.0357626329446566
0.0370882214446328
0.036525104354374005
0.03556087332461003
0.03622564422676787
0.03608497489319931
0.035587465325700854
0.03530412978536292
0.03555058567574895
0.03584074170656665
0.03517463731326954
0.03485221559897158
0.036169333960760046
0.03506718508939707
0.035692329157574115
0.035736489791600025
0.03538432747011788
0.03464703405979497
0.03467675609238107
0.03540216264877613
0.035174889181695965
0.03451432487355776
0.035037905655824306
0.03555141303643573
0.0353867064377013
0.034206969039605094
0.0338639515603932
0.03426081656279998
0.03534371431316149
0.035263841937710545
0.03435858539853579
0.03415475122967643
0.0343488318298029
0.03458710348075473
0.03424828853777225
0.03362499229778976
0.03455827828933168
0.033157700959796886
0.033772980647889486
0.034548227801514876
0.03392142518250273
0.03348804663548884
0.03272090098298218
0.03300875508414046
0.034192345911372594
0.03306906182693581
0.03323222823626115
0.03305767437821152
0.03327995941720123
0.03276619508729524
0.03334658675129256
0.03337031000605999
0.03200102535808088
0.031986024900173465
0.03320112809712666
0.033345246466596694
0.03306725246533663
0.03216573454352886
0.03314930342724333
0.03204965662669478
0.03252891661267718
0.03219084343143638
0.03173589405396634
0.031912871470536196
0.03199526828390335
0.031257061698818554
0.03137572792595046
0.03151910476455331
0.03131958292400248
0.030594986341030302
0.03184071983034944
0.03180498697109999
0.030716985226064673
0.031113738371270742
0.0315366570300242
0.031407685402159255
0.030448613685580866
0.03171089047258412
0.030877677273867987
0.030011003735615233
0.030472165338072472
0.029982948666325455
0.03036421709065918
0.030296414185163746
0.0305415658228167
0.029580488885154427
0.03093011787296791
0.030060204542634812
0.03038880740485122
0.03008126958439218
0.028953706168656064
0.03033775453691155
0.030442292735836023
0.030247425484068027
0.02920639028149574
0.028805352667922796
0.029481953652757333
0.028555805332850088
0.029558979826457353
0.029831636737049756
0.02817683943212244
0.028066130460797614
0.02858794799198493
0.02934089386986316
0.02820448676845959
0.028094968365638014
0.028920920584698022
0.027647861072443488
0.029141010144980332
0.028726671688432272
0.028655111078264853
0.027668145697928255
0.028253671043070847
0.02773989378128615
0.027119943535385462
0.027448113048978574
0.02783257442581335
0.028218741763716915
0.027706889464652353
0.02677365875372728
0.027936105230622357
0.027757335887119643
0.027197414830526064
0.02761392127165442
0.02775396322472444
0.02675564240483949
0.026383754306836125
0.026575216659326856
0.02666822120089633
0.026940691933439266
0.02722240330682791
0.02593346588761498
0.02580146165767452
0.026222959534340954
0.025950538830391764
0.0256469250363322
0.02675422814905778
0.025399832771732998
0.025482424349086662
0.026353901771868225
0.025938676359352347
0.02512575671847814
0.02509172042002306
0.026188532790754348
0.025555748113098475
0.02548336780186395
0.024667731539935157
0.024376114364735142
0.024456782332130438
0.02461189992403852
0.025457557639095664
0.025513780433486077
0.025231057729437276
0.025033626182568092
0.024202983318795453
0.024058361418786138
0.024153869948416253
0.024076981511982228
0.024394982914357308
0.02448083916894948
0.02440107242857756
0.024479957662462005
0.023974106269927117
0.024741903610942466
0.024090645634630214
0.023459917614627807
0.023350733994828964
0.023781587084340815
0.022932403477344477
0.02342710675836392
0.0241099670467199
0.02322878958076875
0.023208193114761633
0.022768381924915673
0.023120317963369195
0.022323873751567316
0.023213400574947612
0.021959073542747263
0.022401668476701803
0.0227535663983931
0.023372287522809395
0.021871079417955984
0.022915577373891747
0.022920904243706318
0.02217572308441518
0.02303485746826795
0.022269562376213387
0.022191647819992246
0.021270471886029086
0.021493075001446905
0.021579502439717495
0.02208147498366813
0.02112049559299165
0.022189806631252047
0.02116094856693742
0.021050100002266283
0.020936333133455696
0.02063220053813437
0.021963912758395484
0.02092084147928478
0.020219682267300802
0.020382503811871386
0.020052996731716143
0.02092771347402689
0.021232311740346514
0.020487292255460112
0.020575242753226686
0.020060977291906864
0.019939236428942558
0.020580688451543323
0.02090501819425988
0.02080224144489221
0.019974811056243116
0.019797991524731537
0.019974898180961927
0.019331543424778653
0.02042594605892455
0.019250457595519955
0.020309549994611004
0.020034536026939935
0.019000928401092326
0.019292159635176463
0.01954489923626689
0.01911681261253936
0.01940954743587448
0.019387932427283715
0.019516875845283624
0.0189243416386387
0.018293908123485938
0.01888923914066083
0.018120073998429128
0.01867162011720263
0.017947742445119343
0.01924170771037479
0.01885840156162834
0.01829230905034951
0.017722206171540918
0.017357689339858314
0.01852439386424366
0.017394272820481633
0.018577927098685245
0.017179147208161775
0.0182674859892564
0.017395668544367113
0.01743707470807449
0.017956099210016674
0.016996154124719772
0.017776540868325783
0.01752092532811526
0.0178436971824073
0.018054459617111534
0.016999209211791055
0.01697173984079172
0.017454115464559383
0.01615493989072525
0.01616993449800824
0.015945092834623982
0.01676296160482495
0.017060836271216885
0.01736997307062971
0.016594970796868353
0.017119186399771252
0.016763278052751955
0.0170958719987176
0.016876111501189082
0.0161707514376439
0.016837714336859155
0.01551075808407129
0.01633032779199208
0.016606111748573925
0.015330140114724116
0.01598731500286671
0.016434128345056684
0.015002001033047952
0.01633018182540526
0.015054944906583908
0.014672496487773325
0.014463146987614589
0.014432518939550287
0.015046528772625816
0.014745268540441043
0.015910621992060264
0.0154044863684004
0.01579499892926596
0.014897900600727631
0.014971082115525426
0.013848796168181854
0.015288296431759949
0.013862901706905247
0.015216356753051604
0.014883503122671829
0.014187898564223821
0.014870864807602064
0.015108547708886304
0.014983126412239473
0.014173137507904957
0.014490596021267654
0.014139517208619704
0.013654419507867893
0.013736707593866302
0.013213083673866676
0.014221355523853568
0.013959498103647014
0.013985455443316204
0.014189295383922527
0.01290825150033159
0.013898710418180518
0.013269347781249517
0.012923874074010216
0.01249071691129297
0.0138456369300165
0.012316746891459503
0.01347634853453374
0.013398734929270453
0.012737698992888792
0.013324061722178124
0.012970905587592304
0.01350347611207304
0.013415485765243132
0.013132004429785168
0.012528911816581273
0.011640220777692797
0.011705542925251135
0.013088634154331421
0.012575141846426696
0.012447973800655196
0.012870106457727131
0.01247366656156844
0.011671835670468417
0.012919614881349285
0.012786155728202827
0.01149322596778473
0.011089573440746358
0.011782357163737342
0.012406497201290475
0.011491216327519737
0.012354418068483104
0.012139025162178494
0.011433613883273012
0.011764993454564894
0.01101962504508656
0.011649090279802805
0.010682382701256208
0.011418013571686769
0.010608310030614467
0.011597257916934757
0.011783710436336399
0.010253694978996548
0.010371603235244393
0.010606441565224388
0.010651242872634763
0.011639702170865057
0.011417405747957106
0.010961170982721254
0.011490645512368074
0.010262758596837316
0.010152875136718776
0.010906681414549493
0.010086451959847717
0.010810398209534318
0.009701752690439618
0.010425202979795002
0.00965899952522034
0.011032011684441671
0.009850501206464711
0.010006407691923921
0.009153857857391322
0.010204016261739536
0.010171492673479016
0.010728163636693783
0.009047380823479554
0.009205219547277831
0.009755322635745736
0.010198173935365169
0.010351074658423585
0.009678409547355027
0.009072240791652492
0.009810982228375429
0.008961441718515605
0.008997292477076466
0.009575896304331167
0.009598159996565214
0.008451373580637396
0.008632662624026682
0.008760725425901929
0.008413744698140338
0.008398942920096573
0.008110118506520457
0.008214329139100125
0.008952285215437545
0.008112733042075382
0.008574162966014912
0.009035966065464853
0.00941257981187864
0.008863492958938499
0.009454764961445782
0.009160181750960325
0.008013373092441291
0.007864730735157498
0.00915312154178935
0.0076634680254926025
0.007459321432334812
0.007867440700568527
0.007705714430901705
0.008035561917538393
0.008508323845684895
0.007546930661032739
0.0078364972768857
0.007665071921679799
0.007981591346881978
0.007592881192429731
0.008284628480047938
0.007030231198629459
0.007629049121676428
0.007690905548738325
0.007669208752515223
0.00825577883832102
0.00830496025306264
0.008097716114015304
0.008205217279540012
0.007086618372419201
0.007001637024062688
0.0066600883441294
0.007236205820639521
0.006865839809924132
0.006831534977198754
0.0073660399379667126
0.007747619640594291
0.007873262575929098
0.007488356428572948
0.007825067942037016
0.0066566837636385
0.007424671800279662
0.007586584851621306
0.00623503361812034
0.00743069116423527
0.006305877934922763
0.00773325179886052
0.007624237114281914
0.007354122013010814
0.00649059431115075
0.006449940624330866
0.006691280688394046
0.005891192451263679
0.006765533441534966
0.006375128876559808
0.0068848888419327185
0.006017286382513908
0.006848280671668428
0.006181224696780038
0.006935754656225543
0.006946830034633377
0.005437477349730809
0.00573165454380694
0.00702522707995426
0.005645903542723101
0.005551793211428066
0.0054940199030246795
0.006937474227939188
0.006910780290119647
0.006447287279107728
0.006278459886550706
0.005878253715570208
0.006283541372786248
0.00535510966195536
0.005229585286675574
0.006412543760727502
0.005761217476915437
0.005929413724529803
0.005249557251315002
0.006144823670517361
0.006472865121978981
0.005702605465837999
0.0048939084403252075
0.0063680070855806565
0.004908754923003547
0.0058447347289962495
0.005226019220090194
0.0046667226212941506
0.00618035117562394
0.006144530506918281
0.005230943256945669
0.005510026286773913
0.004778508904427729
0.004747453391982319
0.005665826005206179
0.00439589119374056
0.005326080845127675
0.005907504677131506
0.004470989953443641
0.005045175247013652
0.00435756835176437
0.005741509569201339
0.005120783842918458
0.004589713066503743
0.005758726825325447
0.005328469592304431
0.00441284887496225
0.005722559123207847
0.005170412488841433
0.005271629346903509
0.005090261119993246
0.005362305724810117
0.005306044631927465
0.005281073783587676
0.00500273320291599
0.0048341298661926215
0.004357466393710267
0.004728794421523657
0.005191502140257433
0.0043213853199376585
0.004980659957215552
0.0043641278267817695
0.004031596171787319
0.004934817673034494
0.0037774688687097053
0.0035808592544259205
0.0039795692248716435
0.00403968167909198
0.003438802320589214
0.0050518111711462515
0.0037241107892055404
0.00405053843545912
0.003994252069779225
0.004010990998493687
0.0040161357670466915
0.0038599271861691864
0.00393123450638821
0.004664906286862091
0.003494381349878617
0.003249411662055687
0.0033493014934474446
0.003339781589129795
0.003826594590927775
0.0034912130530245075
0.0034708348359257604
0.0032758458365997737
0.004644193296064235
0.0037362699132597317
0.003817584037299837
0.0029968992131151136
0.004137307936016143
0.004153573996025176
0.00449868073667948
0.0030551981639522488
0.0029976037455737114
0.0037673468097671596
0.0032395823014129345
0.0031417184670924146
0.004471149727689443
0.0033590057151360276
0.0034833795525304467
0.0033551926439472635
0.003449834649154158
0.003510181346396787
0.0039784867305741834
0.003442791144049222
0.002745055986239588
0.004269792105881147
0.003631068505800512
0.0025497464792967623
0.00287322381415917
0.002695834134921942
0.003224734431461555
0.0031996460238174736
0.0033393871367323517
0.003397951950428561
0.0024717682843314465
0.003466493944406637
0.0029404499023836296
0.0024362897461840194
0.002666774779840921
0.002347541223783442
0.003240168748028718
0.0035122216633867403
0.0023494127079746654
0.0031353992329463142
0.0031464258964677594
0.0031870559294164542
0.0029150159916531393
0.002366928477245032
0.0028287544551958022
0.0033269024820814573
0.003145188228398889
0.003769133032810569
0.0022047242433193915
0.002805771312790217
0.002806570860182774
0.002876051300033049
0.0028059446488950352
0.0031117623260497307
0.00345546096827668
0.0024857231734276572
0.0030047211434843764
0.002187445331429242
0.0025086077101986104
0.002212808188289484
0.002336991055927633
0.0024529979452620433
0.0028165517852993837
0.0033162489800072285
0.001830692598011578
0.0030291713654608727
0.003371885625686321
0.0032185112617407296
0.001998711963657241
0.0022511739564078726
0.0033247604359439346
0.0032327871015907887
0.0027722337997280193
0.0033731927766875638
0.002105783169537532
0.0024144041966296303
0.0017078141167928265
0.0030466573382209694
0.002060359617188458
0.001644293841559991
0.002145353220863381
0.002055955896785987
0.002285369527880607
0.0028421877156070193
0.0018527892583380557
0.0021167512440035505
0.002874235923257633
0.002324650686228978
0.0027177313278936043
0.0019865320404837536
0.0022935246895156116
0.002429342096839939
0.0019210997006839105
0.0015326270432011858
0.003157014975444898
0.00268467723647651
0.0020617576853571742
0.002548919516029151
0.0019565466114597812
0.0016169352308802753
0.0029807035004170254
0.0017272581824807984
0.0023532772438571376
0.0024864170809849183
0.0027222334243734328
0.001452841545973257
0.00242400070827734
0.0016739921966000791
0.0017225558874427102
0.0026184312183271407
0.0028179479376366054
0.0012508866213559074
0.0027745058371910743
0.0018067050753163498
0.0018807153213351415
0.0014916931479519177
0.002481213846900541
0.0023680311420927625
0.0022049985538942544
0.001293368401852697
0.0017184540118665877
0.0019310018020194748
0.0014488846597217999
0.0015764347377827447
0.001941531572590162
0.00282648946371647
0.0017802947897229001
0.0011708716516286562
0.0013986554093110455
0.0016961432738232492
0.0011928165358731306
0.002387467125018668
0.0022099332202235758
0.0015613303676990918
0.0013673332001213206
0.002137444353136894
0.0017381807696167746
0.0027300599626599626
0.001381001350252731
0.0012146189229108465
0.0013430292996620867
0.0021495836512949377
0.001612100274744458
0.0026167130287130086
0.0010485795387208956
0.0013256931478995103
0.0020906512585514045
0.0017923666587228604
0.0019182028881053908
0.0011906742388954803
0.002464764315326262
0.001142738736853035
0.002136375092253549
0.001470858458253673
0.001436363716542968
0.001046001059899285
0.002164533357331675
0.0023840034321625115
0.0025445539342132065
0.0014419930811493922
0.002088947378909125
0.0018303243644050384
0.0016518351832152385
0.002536617539048202
0.001134534744896224
0.0022475907193289543
0.0019721161652207705
0.0013754589339315425
0.0017091128380620042
0.002104396073099817
0.002442062896661613
0.0022113717301219644
0.0020131033401597095
0.0016636036570445477
0.0013873562577262656
0.001222314825423053
0.002343102315784307
0.0009164545582272699
0.002091672606946706
0.0009494334941978375
0.001475717493346046
0.0020686784216263554
0.0007944765367059779
0.002358302495486095
0.0012511973978689222
0.0009210302617454468
0.0017277652918924339
0.0022349607636778274
0.000789100534810751
0.0008648624459482225
0.0017281055495334005
0.001991425830053654
0.002050314822106237
0.0015207926010494426
0.0007757477816524853
0.0006000182524502159
0.000676088585271356
0.0019289102381957173
0.0015683087908478473
0.0021717361522675146
0.000958104067813672
0.0010195869223305972
0.0018284223364680619
