0.002166206016908574
0.0007272621295647836
0.0015603704531006945
0.0022249065675193406
0.0010307806737761631
0.0018991333055779767
0.002082740559031839
0.0014331734594902916
0.0009310607115836838
0.0014689152954959499
0.0018198052230696596
0.0010942569588785931
0.001804884965597754
0.0011616710228023045
0.0008724281996571092
0.0007363926256612201
0.0009762927733796599
0.0021488889036285403
0.0014631001672022286
0.00109950466115693
0.001473393935643172
0.0016527790773978122
0.0011896045711272435
0.0014329341641498045
0.0012295197884759897
0.0023835511742025346
0.001218504693366938
0.002316347220015125
0.0022973391443873825
0.0018654593859185515
0.001866627722295872
0.0009570746954312383
0.0012680506723189698
0.0011939582426301954
0.002327691026050705
0.0009505544273480358
0.002417315413167608
0.001800185435604314
0.0007767526690633807
0.0009935393086161677
0.0011018497720520608
0.0009525145422698283
0.0012232809919406245
0.002267624008873651
0.0012949428817664403
0.00131220213147322
0.0012351039616999731
0.0019063883337580353
0.002359086179699533
0.0021118776528186896
0.0017250924605302013
0.0017731198543342308
0.0025770405000852007
0.0022224023571409497
0.002358254362804635
0.0017807748591191334
0.001156241888036505
0.001364983738835901
0.001626750309341502
0.0009514169042946637
0.0017001260616464613
0.002643998132153268
0.0023011394947109937
0.002481331114256511
0.002131870433414377
0.0011945752342294941
0.0012101756182272875
0.002657453421897477
0.001243441175199286
0.0026978136247342013
0.0021507004401058864
0.001463898713332135
0.0014076695344193968
0.002055890017605197
0.0028001951685104067
0.002581278550274552
0.001953943390767667
0.0018441217673399045
0.002489518132841253
0.0027462872810995183
0.0011848017502945095
0.0024532300445831174
0.0026325066033828825
0.002055277679400134
0.002770281625536702
0.0025919178097882412
0.0024112534889749867
0.0028057206407213465
0.0016744432653925732
0.0013541262423524558
0.0022944653763363005
0.0024531725664804385
0.002963869782402314
0.0013722831656554709
0.0026465344245663286
0.001966149235746907
0.0030244602218599858
0.002280565199150771
0.0022007735918818613
0.0026111362384531106
0.002880435882493806
0.002143211785225813
0.002359842459610553
0.001963383575805886
0.002860760509327828
0.0023923001122683036
0.0027238912849717263
0.0031027244649078425
0.0024504554168447382
0.002614663327772501
0.0027689727236566986
0.002207251324716699
0.0025109226679967847
0.0023746138448056185
0.0023895458516203583
0.0026484201193008755
0.001870375178862324
0.0027158091235227207
0.002457358891282115
0.002048825162828271
0.0029802607724470657
0.0023537225316258084
0.002749006212836269
0.0024626457436204164
0.0031717673533037936
0.0018437815863170872
0.0021349112890819374
0.002354112832744962
0.0032146673897419636
0.0017280472565455163
0.0030055599592745683
0.0032800439437253117
0.0028934373919721804
0.0027601032866246666
0.0030390978371975233
0.0023826672984513285
0.003324384488519111
0.0019413893819150141
0.0033715111410735094
0.002393581104965881
0.0020494268636125895
0.002035518162893613
0.0035649435329910464
0.0031546850419234924
0.002140131582900035
0.0036128574375225335
0.0033181402596586394
0.002147041906034111
0.002564264543584417
0.0027147818206256715
0.0024148256567829963
0.0025741590034079414
0.003267929589859987
0.0033569402762053313
0.0024090086302927883
0.002180077932973902
0.003507069161784255
0.0026341783477463786
0.0024851274767346836
0.0030080326936456217
0.002812616664090761
0.002545278960971252
0.0029858623371015925
0.0025731228083322255
0.0024945310683544297
0.003533033317834859
0.0031672389004975187
0.003986104568119693
0.0035464642449461957
0.0024376572261754358
0.0036063402419274663
0.003199522840482722
0.0029353896318915886
0.0030663097620104167
0.004194787244479624
0.002951548280298379
0.002653092979284446
0.0027579361040939365
0.0031621550323963376
0.002774377893545435
0.00423592306192602
0.0028374197992198247
0.003083765159393743
0.004243585843170864
0.0043508766811369715
0.0032950275072274283
0.0039921407248869325
0.0029361951025543495
0.0031499034465949064
0.003756089026420462
0.0033733910565227846
0.0031018832451199132
0.004226884354131816
0.004463075455431215
0.004201142265692875
0.004593385320780472
0.0030249291406717685
0.003441136361715964
0.004547690873940508
0.002953266048088344
0.004388205020076819
0.00472330982393125
0.00393209554751933
0.004181240679334932
0.0031239798125960957
0.004804314251771742
0.0038773756425046686
0.0040280579134869855
0.004072682924828251
0.0048798392024064574
0.004041559062745885
0.0033065789948909063
0.0034014281644024692
0.004755341296372697
0.0039040652552605718
0.0038155844714805637
0.004731391712165663
0.003806001179342612
0.005140478740189355
0.004715543548229513
0.0051028887843109555
0.0034897733760253743
0.0044466414170025665
0.004893927211212121
0.00391968508904351
0.004378460869893965
0.004193725310369389
0.0038858996285100677
0.005066902176240069
0.005104986513721358
0.004102054171173202
0.005386038713501474
0.004767805219107026
0.0051509678415041105
0.005279649619955558
0.005445422884396817
0.005506290966109732
0.004641640511964038
0.0052211739475775485
0.005017402522229348
0.004313316963578982
0.005727416907998687
0.004774519714251948
0.00472354184398648
0.005100157594694178
0.005850493417932382
0.0046622687837963115
0.004341600959194439
0.004280227051110575
0.005452784869369063
0.005802337579245836
0.00534459456113145
0.004905468981130207
0.004708416381971395
0.005173433356603641
0.005094989212889821
0.005051583367220917
0.0045341873547347575
0.004911710794265138
0.004658207766134273
0.004935767673691676
0.004618819617166429
0.0060544188811276255
0.005052648512990851
0.0063410998933437724
0.005360165433875757
0.005491575720931221
0.005589257486746781
0.005836990816003178
0.005238130974860881
0.005448108232349653
0.0057128306981854655
0.005647697495939185
0.005219258160633982
0.005673272882519676
0.006519087422343513
0.005464503915970516
0.005586730911580976
0.006686739858820185
0.0059883137489350315
0.006650845438926961
0.006708643187507452
0.005329351107560557
0.005532115091373226
0.00620294933529295
0.005766626385819987
0.006629666236766458
0.0060692314220737705
0.00650249488096907
0.006293433200385714
0.007052623751668319
0.007010028036419993
0.006471069184159801
0.006980739302610914
0.00641945474017281
0.006347389901949515
0.006767674905959646
0.006244716877091033
0.006799511885020922
0.006054363774818463
0.006482961326634381
0.0070029536878173605
0.006567221318657845
0.007044312834207061
0.0072242635714768405
0.007803139195329365
0.007616686009541635
0.006980027481485589
0.0075678684485169945
0.007599566696862428
0.007415087074906268
0.007262386521137211
0.00649933536991408
0.006583123442407325
0.007864301508561202
0.006970950431266324
0.007298313035342971
0.006623703481085534
0.007191726713465444
0.00834153269428549
0.006794805629101366
0.008000735552214215
0.007057365582459614
0.008435278312934556
0.0074919316099449655
0.00799351578770028
0.006969093364858373
0.007322636522160968
0.007147821906764538
0.008707038463769025
0.008217089496783035
0.008203946572541693
0.00754609701550946
0.008803288226160536
0.007304875450007249
0.007866069206473088
0.007700081789616095
0.008889802781573863
0.008640329265174981
0.009251081512585682
0.007974151819268105
0.008648936278306622
0.008684558892366143
0.008769601158200281
0.009013260106916056
0.00952574488922198
0.00949329865114627
0.008772983980145371
0.008778075633820732
0.008251598913536466
0.008412979364641379
0.009304873670384415
0.009310477489933465
0.00938434937229105
0.008472519660625467
0.00981788243463339
0.009599064131165416
0.009602068076418235
0.009562882474547169
0.008780048206171315
0.009918740698009725
0.009472499302859733
0.009521892249874547
0.009408933338064248
0.009031892221920397
0.008947669564346183
0.009002767214236604
0.010214208847054639
0.009765806429329277
0.009344666120658218
0.009441908303332587
0.010644992680420177
0.01059692238740339
0.01004327217471051
0.010715964665264947
0.010960712170919424
0.010450531995986606
0.0101490617742571
0.00984822244968526
0.01052633204844295
0.009879746229295366
0.011139644514152688
0.011024258268801216
0.010577007888629343
0.01148157590250107
0.011348830761974345
0.010809013291867432
0.010587268085602952
0.011355982133421079
0.010569771618937893
0.01107945946911505
0.01117407987691599
0.011578079952515098
0.010852982711404457
0.010391533493986024
0.010678057032395707
0.010529625152016381
0.011913158109396315
0.011334963863169388
0.010967796429896032
0.011314242851344296
0.011590889712436716
0.01189821871467926
0.010881036677444986
0.011208391566048264
0.01130158726676494
0.012372749081915478
0.01190523650397641
0.01168494086503674
0.011332838581483408
0.01158621465094481
0.011804796129175704
0.012009739296577743
0.0120071259774556
0.012883774647193466
0.011736490347322133
0.012964579296265537
0.01204439252040691
0.011690833177205753
0.011750940184971794
0.013133951719046041
0.01280035476465801
0.01324613380064344
0.012009735098108145
0.012042315559119438
0.01353228060978134
0.012828509378554297
0.013725298268367471
0.013080000264742746
0.013374447313422057
0.012604771747492851
0.013351766378382328
0.013481839564366951
0.013847826493100743
0.01375958608012971
0.013603973673438812
0.014204947007232118
0.014072621045000962
0.013060736200151999
0.013889659278987266
0.014723762455230016
0.014139339509244243
0.01421981327187617
0.014038113473879957
0.013659083057853917
0.01506057152086693
0.013936754799000686
0.014145153735324724
0.015027098691023885
0.014041222544204656
0.015226591351106666
0.014154735826118035
0.014338522842719552
0.014206515179342238
0.01458516610210186
0.014498518541930669
0.014088705868359745
0.015712523176304588
0.014286719862997658
0.0146519374842772
0.01472568333153858
0.01482278533428032
0.015133503058619699
0.016122816833344236
0.01595381421745487
0.015535937977515438
0.01525196359881942
0.015223612932890861
0.01597330685803698
0.01569074961766205
0.015155114420672548
0.01668299338458416
0.015455676492299831
0.015238649610789304
0.015786114908470844
0.015870159437735315
0.015984551932739698
0.017057283185903858
0.016513924250708797
0.017155977363118913
0.016288717627534786
0.01725334446920199
0.016917189037670182
0.017254571667444086
0.016181093136842736
0.017037559382088827
0.017072762937990642
0.017452770670468614
0.016596533247835176
0.017973262382617466
0.018001678921479365
0.018214465744707285
0.016953413596720163
0.017655871587861978
0.017652875564735142
0.018454097954970095
0.017521371649575578
0.018306037477996258
0.01714944308684973
0.01724200774322565
0.018509115724710055
0.01776992933648798
0.01797337190351836
0.018794160695926453
0.018032433963158907
0.018698064423077317
0.018651653048456358
0.018087331133049087
0.01912774997469974
0.018006513929623238
0.019158161050241384
0.019507249133585335
0.018217839933212174
0.018454464721486645
0.01967973734772257
0.018354181818464585
0.018920032898330566
0.019309695930219372
0.018742780302843005
0.01981612716419163
0.019910353586254873
0.019358250914338265
0.019457913853880786
0.019982682730624174
0.020258680891045655
0.020116365136552444
0.019261578847607114
0.01919428726034297
0.02023226813734605
0.019647110454271904
0.019898052331731083
0.020408797963749545
0.021275144558914688
0.02125271621447061
0.021046268728459452
0.020419217675962848
0.020990918290751257
0.021707636241786857
0.021223492953386887
0.02022665986556269
0.021500360248441673
0.020412968037281213
0.02102828864323397
0.0212892390429876
0.02191331033063883
0.021012187822186196
0.021278661321742276
0.02146064640391172
0.02105691170518433
0.02229613464438124
0.021244698641719816
0.02232484356823548
0.02130043297413392
0.02178624641912416
0.022331165005315238
0.022416017970449453
0.02321560828743439
0.02203948240633873
0.022042026389674087
0.021826041245938652
0.022545618729986273
0.023593592586759995
0.022648696027728326
0.022581786873711655
0.023267143771213583
0.023922906337109553
0.022694761410662026
0.022654476594527677
0.024091834179732454
0.023811284255822966
0.02301464568159972
0.02289430817014147
0.022833897720848678
0.02360023135445265
0.023515692041285587
0.02456776658315541
0.023938315491774186
0.023509450006758442
0.023626346504548493
0.024846889581835067
0.024573920842925517
0.02432294284564574
0.024914081804337834
0.025319004047227894
0.02541970236373965
0.024106291885761015
0.02449196715361134
0.02438557729556504
0.024342104463510143
0.025688151015495406
0.025795811781690128
0.02479668125282501
0.025774823745510923
0.025036018153160217
0.02473791569806817
0.02628252191183343
0.026283359993731523
0.02570824140807015
0.02559908833028113
0.025026623778851537
0.02616944927097522
0.025705309391353338
0.025225807918958582
0.0267827701284723
0.025408675649206625
0.026887355046044222
0.0270788192823725
0.02591904589867801
0.026975620837126162
0.02577664323120424
0.026075761464997335
0.026553948419373818
0.026563093497090396
0.02762599620713531
0.02735798027979426
0.026457250959981377
0.026362513638216636
0.027899794074440924
0.026523870760397215
0.027534953735037056
0.028389491721401566
0.02774998565249536
0.027499299789636437
0.028282966260256684
0.028159826357464172
0.027671635771595388
0.02834780951802667
0.028923421053347644
0.027405046798609608
0.028802082589325942
0.027922951987042602
0.028582255095009477
0.027776852784612498
0.02816831782167704
0.028640478656053982
0.02854580418472501
0.029166744519294893
0.028176575974653603
0.028290752114077767
0.028912867834357533
0.028275911981751754
0.02960284059850686
0.029848384102420293
0.02935490835697038
0.028909121182261455
0.02880372999760356
0.03002432387871823
0.03005507643949573
0.0301324304337497
0.030579948223083558
0.030403610586660617
0.02998349935352556
0.02999849164452504
0.030045419727265384
0.029883826995485658
0.029488182042529884
0.030157422080212777
0.030453439073156164
0.03102842580099196
0.030894136803005363
0.03157849607948508
0.030405011030103977
0.0305219695771294
0.03063230403692344
0.03093410946890734
0.0307006671195738
0.03058264720669445
0.031208392279252307
0.03164324745426208
0.032227128890549156
0.031627064832384824
0.03129588921747483
0.031061681507403224
0.031727144229275334
0.03158202404646222
0.031123707951422566
0.03257712474568548
0.032394010454601184
0.032539869238912146
0.032105276103584546
0.032973422790828696
0.03148218406362341
0.032312361478301695
0.03264501276236327
0.03321745705835636
0.03211381717993319
0.03219922060511212
0.03347273138159289
0.03363864245802937
0.03256717701270075
0.03319369818632331
0.033010233537788244
0.03278810239063597
0.034007164106452915
0.03295789154039178
0.0325865207896463
0.03295840610691618
0.03296324100268153
0.033972750040046115
0.03278988602748013
0.033526598233078894
0.03361325070287809
0.033285108030445335
0.034552767653572715
0.03324853703182402
0.03327065723785656
0.0340453780279181
0.034678381253659095
0.0338882914037144
0.03431428906257613
0.03370899932407156
0.034654605065646764
0.03533463957427377
0.03505570443087001
0.03457779626950489
0.03453118520650398
0.034344862411534734
0.03503755281669367
0.034833916606132914
0.03480234347050164
0.035536778447536964
0.03527210425378212
0.03503759426323038
0.03504754880488341
0.035548938010676
0.034713459377918005
0.03618852013651294
0.034874710338469436
0.03638359331945412
0.03645845157320566
0.035759495620592746
0.035069440189424
0.03570643932952366
0.03673097958247693
0.03694449311086932
0.03567170223114087
0.03650015700919226
0.03611239937078082
0.03587788285913534
0.03615421738866194
0.035825127652464886
0.03604957135278489
0.036560546165977446
0.036597311179728594
0.03592896116041778
0.036178022549724076
0.036823313895141985
0.03643977243178767
0.036942305238307875
0.0376396755918205
0.03677223780691852
0.03758459792747581
0.03749765564102733
0.036789298384776764
0.03726661226312379
0.037530986161435166
0.03756826729842309
0.037405262073521205
0.03758866128338329
0.03721896392453678
0.038217380785436
0.038146911947531115
0.037009647564822126
0.037412803895366456
0.037906960877078524
0.037433310451298274
0.037449564962318424
0.03754545071134939
0.03843885987673679
0.03766364792829929
0.03838467721159646
0.03872494949279848
0.03840109672704596
0.03805443486908216
0.038577789793191035
0.038734215173088254
0.038650771304253796
0.03909585257953327
0.03888653669095067
0.03892406053853975
0.03915818299827016
0.039025962028812304
0.038903215476222844
0.03896763217730792
0.03915817160801424
0.038537397759498264
0.03948995362479739
0.03828859313525354
0.03995339051610441
0.03856010052409037
0.03966917917417879
0.03952645115326708
0.03890636031493655
0.03982432789465507
0.03898815132394915
0.0402603547860801
0.03973643856153462
0.03921043592068955
0.039178286802516074
0.0390523368229287
0.03998864575395595
0.03922262697557953
0.03926801806730079
0.039817661832532165
0.03921439581617845
0.04064821610249493
0.040447458838096084
0.03985406590175216
0.04076822779061362
0.039915175999607456
0.039399278998199616
0.040696014502515095
0.04021077002574281
0.040695825786278735
0.040885302865574076
0.040349766967963566
0.04018549653431127
0.04046998483278311
0.03976350619877673
0.04014399516882278
0.04124591336111431
0.040606621599597874
0.040236690772143695
0.04074406964205028
0.04116963755769807
0.040992114207392
0.040035565771316936
0.041375656911622184
0.04176590677056911
0.04122957121134479
0.04108156938359335
0.04019435036034003
0.04168848448619201
0.04028221999673991
0.040317658267627454
0.04119353939624644
0.04080321605605728
0.040312223301768334
0.040793181098591515
0.04048490648997407
0.04202986111016739
0.04053137847750863
0.04062307578073534
0.04193034817525992
0.041064975334134404
0.04065847155995368
0.041869160041146124
0.0416241019259147
0.041226838075735815
0.041689730996710306
0.0415041063058895
0.04182920441982953
0.0413338257057158
0.041271776758091724
0.04153877008627167
0.042080877705046794
0.04157838088850021
0.04104387043831516
0.041039105894402524
0.04135893020247769
0.04116202230136297
0.042172690986673346
0.04250282022962178
0.04120401808675678
0.04134853533603125
0.04133340618843495
0.04167022764244544
0.04173832272691083
0.041297723462050635
0.04234346589226571
0.041655648326998605
0.04189328178076739
0.041337468053632434
0.04293257959234924
0.04130397314049329
0.04226010974471202
0.04188343828911083
0.04149895811080835
0.041844374476990985
0.04151981543316911
0.042823002102361216
0.0427433244938729
0.041755563113647406
0.04278349545921042
0.04302740987392489
0.041776617220454094
0.042928395627078814
0.04193800925909554
0.042242658307527305
0.04313940443144212
0.04278426421010467
0.04201525906853014
0.041661797742716423
0.04232417401105371
0.0428011452643738
0.04244822612630745
0.041563390962103916
0.04268395095342258
0.04261360586578824
0.04262646259240446
0.04183969946617967
0.04195289812885658
0.04164092733773272
0.04305151012377526
0.041741335693128934
0.04228444214033665
0.04214928647543234
0.04179193709344223
0.04190084329453464
0.04179660207258936
0.04205010068349089
0.04253995978531923
0.04259332320367128
0.04298356244715069
0.041663344165210205
0.041787742436545004
0.04205513427439121
0.042624327568800975
0.042686296804362235
0.04239322484436417
0.04215626264000872
0.042259010125414324
0.04159267953043566
0.0427846819071646
0.042057241846941325
0.04162215123718522
0.042156366241906294
0.0419582580119093
0.0417842451777873
0.04189241145139519
0.04155496571691934
0.041710114176251666
0.041847662420093454
0.04152731454031147
0.0420959304358312
0.042726904424183504
0.042460875459236824
0.04310627483872407
0.041466327143016894
0.04168784670066102
0.041866658193860234
0.04190029865709627
0.04274238075208665
0.04201401025803278
0.04130393346175838
0.0425971129191414
0.042751619606242276
0.042250695548998234
0.04276072549704542
0.04144041219354029
0.0420828460008192
0.04196055486607192
0.042613253402562445
0.042258490587733455
0.042448225474491896
0.04222806933480338
0.042533969847471896
0.04113724149598807
0.041688412555904476
0.041320512415963545
0.04171565950670409
0.04142593170379689
0.04107527552320711
0.040934413755111476
0.041100749585135245
0.041664423116061076
0.04196902775575815
0.04141718967024874
0.041436143582282356
0.04156254362888662
0.04225349816219702
0.041120398829652585
0.04081952439499857
0.0415763227129145
0.04199236188489446
0.041056609469308815
0.04200108223486029
0.04083802415106589
0.04126177157797699
0.04227237488489782
0.0412892670249035
0.04109514400504821
0.04184208823130049
0.0418199365261479
0.041789213896195956
0.04188907639306055
0.04152438569401933
0.04184986678730021
0.041771334503283054
0.041361885558037645
0.04096450082297612
0.04130505784633339
0.04063709146829069
0.04129968382592089
0.04070629038287326
0.0408705967714129
0.04005099143055775
0.04048970194037251
0.040057632776293116
0.04069599013228419
0.04017130975791449
0.04023826685602694
0.040632350556288326
0.04047217719745395
0.040185529513746425
0.03980701243334297
0.04018625619117106
0.0409104043442199
0.03972746959716371
0.040614157517274804
0.039597526635240785
0.040251255142321946
0.040971075407558816
0.039728747007029774
0.04078402888907793
0.03947821919289175
0.040410054484786774
0.040059652025548585
0.04079113277824961
0.04024326403659697
0.03997338636168571
0.039989789010111146
0.03976230965654485
0.040443180282249844
0.03993779546130512
0.03977176395611421
0.039992258676311926
0.039684648697081944
0.038828348492070855
0.039837034438005764
0.03972113812938677
0.04027268247600042
0.038805825139663644
0.0395193131660087
0.038667905922115685
0.038357905373228314
0.038716974107653054
0.0396002058406496
0.03940011541523085
0.039126208170550236
0.03824201786505155
0.03931515847759572
0.03857714361705466
0.03796117218308235
0.03825501307408902
0.039500969259575316
0.03851817653318315
0.038220143530390924
0.03878054429104304
0.03922739053075173
0.03814995076905002
0.0381942395019884
0.038264191907026984
0.0375738655186912
0.03816772324091421
0.038250043834979354
0.038633378450513914
0.037992683568275315
0.03736983756231083
0.037190041534996
0.03852448530397053
0.03747392953301359
0.03835417713892933
0.03787153964650274
0.037101864778534735
0.037504128383663383
0.03822749502011562
0.036885551297729226
0.03689725983401249
0.037725868238086775
0.03640544153135836
0.03770489439381969
0.03726545112538241
0.03744493852999204
0.03751876532839501
0.03784127743983464
0.03658289239523866
0.03663784611569033
0.03766816981855583
0.03672239265451682
0.03583580801969098
0.03687598667103119
0.03569317450343427
0.03560892470886994
0.036331937595342846
0.03617904300683787
0.036620317192214424
0.03581357343146001
0.03697265767306719
0.035691403810435424
0.03617289033862387
0.035093139663977015
0.036527654303814654
0.036607278137773085
0.03518708213933797
0.0362589564331299
0.03489692424750028
0.035001180103383864
0.03510111307024604
0.035071807368830844
0.0345915076859719
0.035462725479096645
0.034753283502966366
0.03513850491769457
0.034959751439075405
0.0350501443875786
0.034070413988096106
0.035066972909887924
0.03524418075913024
0.034070617934861935
0.03408339604808562
0.03376323291946595
0.03499622566712381
0.03398607253771391
0.033599930148882115
0.03447443980989775
0.03424080809653992
0.03427294752990045
0.03482099252217716
0.034665308493179024
0.03483099924838127
0.033538362689276305
0.03368998150326953
0.034145416374996504
0.033097606134011505
0.033314815148916876
0.034023090014692864
0.034082376133380554
0.033853427376253444
0.03349787967555198
0.032606790788827514
0.03293883363497685
0.03336224195432932
0.03317353763004283
0.0331456653738477
0.03208093946876353
0.03223163294148709
0.033233046163734487
0.03216378694683996
0.0330854517620137
0.03215243316781277
0.031709325574668865
0.03209050486414042
0.0317910326429487
0.032068908704802446
0.03180117832423657
0.03214190139848007
0.032748018493672704
0.032528965994652874
0.03215039347518663
0.03127091781008799
0.03150387805748387
0.03180532995581506
0.030888333320010914
0.03185486799297629
0.0318840521347701
0.031485019402321505
0.03110827156805898
0.03187891761745579
0.030782971532352287
0.03144989681557177
0.031505655028679004
0.03139485579056731
0.031083198729385243
0.03131337386368787
0.031278950292061826
0.02966877431989876
0.030481102745532798
0.02996534828305264
0.02965061563822252
0.03044448053560867
0.030313935144456277
0.029717201398252707
0.029833977251662612
0.02994336785757511
0.029894446212311562
0.028971422331497222
0.029692975710051042
0.029757675519380397
0.02873505002748713
0.029185634182497998
0.03014750202088466
0.028510029497034763
0.02860447419970196
0.02878495996603861
0.02892220311621407
0.028849821064468838
0.028139751833736387
0.029315452709628962
0.028904240662626438
0.028423124569325133
0.027915831687757485
0.027793465934849212
0.02851624416014856
0.027430239426280558
0.028852180287989852
0.02724498684405308
0.027899414405884188
0.02706023058044594
0.027434252116766852
0.02860659923117933
0.027410618654907227
0.02768657622496177
0.02740411997925147
0.02701311572212102
0.028061628101481332
0.027082770924557843
0.027885817875522603
0.026307911160178412
0.02752711711893865
0.026143320824816782
0.02652768912898785
0.026768243581044675
0.026805207392085546
0.026619257758411955
0.025851035203130413
0.026899325365840127
0.025970466568544005
0.02624456657430671
0.026967318807557386
0.025375331712140754
0.0252110895106029
0.025329369666804304
0.025903319163139378
0.02576018072935746
0.0248914463857875
0.025753923610603795
0.02547189555523228
0.02564874384718259
0.02619086372051665
0.025477227743230392
0.024755376775115568
0.025379585086125093
0.024589613068917198
0.02484006311919115
0.025480160127952532
0.024538670193158696
0.02439960327519923
0.023890034789294568
0.024573613768202142
0.025388106002411658
0.02368512343428805
0.023964513444278572
0.024295863287189235
0.02465489985575966
0.02435572300088218
0.023380579948360666
0.024457688074437774
0.023404445120795776
0.02383514714181819
0.0234786596068842
0.02415154858379485
0.023232912911681943
0.023606585764370636
0.023119293195919332
0.022647178129774796
0.02235427904269774
0.02370785497001477
0.022863623374226802
0.022496669063711547
0.022309414267929532
0.023550355488141935
0.02352556318293516
0.022955950813062752
0.02342820145508758
0.022024650568427243
0.02265669632955425
0.02296746404810598
0.021790992776001168
0.022288680273962278
0.022405616311221514
0.02255734287744809
0.022597604828489295
0.02179266779316453
0.022633857516051
0.02184626894129711
0.02096634645457398
0.0222232496210876
0.02116646485035568
0.021758654826965443
0.020557983046166912
0.021221072814556423
0.020316380183923188
0.02020463912795737
0.02174035287216215
0.02096889609540923
0.02020752817845092
0.021586758351811022
0.020965546365876706
0.02119102202912529
0.02029187446640792
0.02124603979897964
0.01989653712066918
0.02083679463656323
0.02035425658407155
0.020841127241386294
0.020691688043231973
0.019130671096231098
0.019168583337691412
0.019415707601616122
0.01964194453486446
0.019378278567548313
0.020315704633900034
0.019103873763143202
0.01865459609213561
0.01871880770553815
0.019810598040113155
0.02005709786965485
0.018501803358384663
0.01891020116457709
0.01977659818039389
0.018367549211593084
0.019515850971923175
0.018637188768829253
0.01867880679237086
0.01924695918679575
0.017853079796273888
0.017838806201783977
0.019196451766720198
0.018400251435706075
0.018612262354500093
0.017554887169599576
0.017335658096537043
0.017883932524510003
0.017247171610489928
0.017438154662842084
0.018638284835352997
0.017440922763896787
0.017745416576337755
0.01785738981806564
0.018084066835084206
0.018103666400940827
0.016698984068674642
0.017588773307946923
0.01674549459542854
0.017543824525320297
0.017777924490063903
0.016653834753394926
0.016721919775579283
0.01720908781644875
0.016550863265559466
0.01597070484097207
0.016163537706712243
0.016932741477656065
0.01704311233211597
0.016686087390635446
0.017253952465010405
0.015747027865726383
0.015582413571845706
0.016554206672686537
0.015265574674376997
0.016228431857892637
0.015947860142004368
0.015650380717319032
0.016012257170043766
0.016091319449441387
0.015907472774157785
0.014910098285451163
0.015536255044690635
0.015469196782210662
0.016070003086056633
0.014564640177038023
0.016041344496069917
0.014702510544974045
0.015029564949341895
0.015696405984655177
0.01454256280435122
0.01503332312170373
0.01564469282189513
0.015047842782367673
0.014011582368191743
0.014708512088202211
0.01454957896759691
0.014860889413245594
0.015133926648443406
0.015256954157063992
0.013537238258747596
0.01431159179078286
0.013783745691047511
0.013448664758199282
0.013571525280238066
0.01382631350152869
0.013915817599981261
0.01468736183761419
0.014234269449902748
0.014438424383657498
0.013540233213719851
0.013076732991330501
0.014338632565188645
0.013741423155275363
0.013028656789103242
0.012897919094336179
0.013627809274621086
0.012887315612281321
0.013169663116780734
0.013630541764348036
0.012701101594852025
0.013484592092837488
0.012311830486024244
0.013245166346716006
0.012938676866666323
0.013317516902861426
0.013388010834496438
0.012431456439700611
0.0120935762220399
0.013136662437608016
0.011748026037464165
0.012632608653061634
0.011637292631864636
0.011596668051070845
0.012805445695303537
0.0116144558398817
0.011303981892544824
0.011294872125678425
0.01271457163234367
0.011177913734403843
0.011564090630284041
0.010956577005185552
0.012384948716005914
0.011729597029784905
0.01152020814340844
0.011186614506396433
0.011454920098245202
0.011835168784298418
0.012046039672136707
0.011229252173297294
0.011636265115866878
0.011048593320935347
0.01095064666713294
0.011365070480093853
0.010997154238627412
0.010943032949360653
0.01071658273362879
0.01096544438587031
0.011223724843252791
0.011153598191288831
0.009925235586755343
0.011024162799395986
0.010901900265093785
0.01126133418692717
0.011154391706085029
0.01036701359042086
0.009898343609730489
0.01022645257904184
0.01037482267707109
0.01015111139644565
0.010591874876188534
0.009991325651863704
0.009972769049864862
0.0106021117785765
0.010878714346640898
0.009893683723736375
0.010568690358004685
0.009186680024674546
0.009125607023589563
0.00973755148652214
0.008871298339496953
0.008997682320247235
0.009061441982300376
0.010368925866035465
0.008690645442145754
0.009480343134601084
0.009931767997982847
0.009153895566148497
0.009037829873474498
0.0097513210738996
0.009131336630351698
0.008664387272394632
0.00889879332555676
0.008481689555210817
0.009792928331925244
0.008532023095726336
0.008269255160702121
0.0092390298966756
0.008671265846865086
0.009164546893933555
0.008785301655686691
0.00895483124978111
0.008609885349820661
0.007833628299272753
0.007774666220117264
0.0079226337895092
0.008913896941259993
0.009042216518903882
0.008134642573808745
0.008991820438291196
0.008267766579767818
0.008155784961296231
0.00756238493376217
0.007332245500789442
0.00845463855409453
0.008693319496567955
0.00872165270031359
0.007218171850374831
0.008716034872054947
0.007267155003224072
0.007957878460740885
0.007091508821966516
0.008501886751167566
0.008424085547548385
0.007450289623064001
0.008254016108739753
0.0077165275303141025
0.007843796360875654
0.007567483697495721
0.007471849612463827
0.006897814739614824
0.0069241724834332285
0.008112926952151286
0.007562730253086308
0.0069513424574259115
0.007300883103894473
0.006637204239447255
0.0068010841215071305
0.007311525379357013
0.00725159032206486
0.0077908385151073
0.00761119386663037
0.007209260804438145
0.007182779494286553
0.007346711264205774
0.007057354461981647
0.006261946208569008
0.0060885611518827045
0.0060007657745828995
0.007000467565973013
0.006108395370459225
0.00587235432178321
0.006704905498071179
0.0062371010267857335
0.00598857310059656
0.007206712958235503
0.006124531506788439
0.006675116093455909
0.005803862332058886
0.007159155778433703
0.006319949494034609
0.0063814928481823446
0.005831617023858777
0.006972565220005133
0.005336971799599009
0.006083528005403503
0.005497011664564559
0.006523546576095957
0.0064913285182765885
0.006848066723894365
0.006557792455494851
0.006560356203599669
0.005421350494722902
0.00578740705614695
0.005599434203547977
0.006400400474080082
0.006478531213095608
0.0055016082730563395
0.005314814307449922
0.005590137712159764
0.005632753488977761
0.006225749400550325
0.005979129777326349
0.0056119579085640425
0.005382125245124161
0.0054302100900087726
0.005686518304711002
0.006115020127101455
0.005116055063842646
0.0054928575761613654
0.00506300262920867
0.0053673851389526754
0.005466809956655135
0.004676947533961591
0.005287760157569206
0.00552864289852175
0.004812334500663739
0.004271469717184558
0.005348341161888684
0.005332568031178586
0.005257435383298185
0.0045343346921544805
0.00494787248657279
0.005128183804252348
0.005021734206592671
0.004947521604300186
0.004743450213776673
0.004677751983149921
0.004692865990579132
0.005593429160579774
0.005398322045659464
0.004905088194273215
0.004516139954129371
0.00531912214859062
0.004511622692022308
0.004506162164605461
0.004668074908081291
0.005421048829864844
0.004241278898927798
0.005004119131391818
0.005058817828785944
0.005285236099786245
0.004780855586362243
0.004518079980066925
0.005076091892850921
0.004273323528466986
0.00347924396813255
0.0039605926208807615
0.005060655564929726
0.00373949351118595
0.003797672161932084
0.004167444383659302
0.004202888134362009
0.003482488799352928
0.004068668971609189
0.00368722695766073
0.0035744529441294327
0.004294933024679254
0.004491121804570926
0.0042144220419106145
0.0034343179628714185
0.0044980570279113796
0.003985006200540127
0.0038281439203867737
0.0046495025453227035
0.003809734694625422
0.0045471142683576465
0.004547174495178946
0.0042755731340440245
0.00372609992023351
0.004535400922321758
0.004116018003962512
0.004501225553343482
0.0035505354631995664
0.0029296668820479573
0.003103212842908075
0.0029129640226524286
0.0030147419430348126
0.0028084366232574987
0.004262599036274566
0.004060358194784189
0.0035015554095050604
0.004181976666057718
0.002673587747437304
0.002708422258111951
0.003926331186109224
0.004126179860165662
0.0025823207844442217
0.003673880516301283
0.002910018212341481
0.003624208811494811
0.003093801903655813
0.0029111697072570493
0.002780957173811194
0.003013173660546578
0.003067463118035617
0.002465943535152101
0.0040569339626787505
0.003530169264738092
0.003741795261731381
0.0035740606117848064
0.0038882603755340675
0.003576131881076168
0.002334973165211952
0.0033269499651465773
0.0027232367906799577
0.003829175573048947
0.003908702225250504
0.0032340330860188052
0.002571561202382194
0.002569654771133426
0.0030618442210802645
0.002802223030952068
0.00326879533801789
0.003340035639540842
0.0037857220422102193
0.0027137785962536693
0.0037675681845877346
0.003509840455496613
0.0034630823367304037
0.0029339273971910333
0.0034511185320052784
0.0032189900146861695
0.0030895541170136253
0.002752892929310792
0.00294095150553498
0.0030619770241063424
0.002966803259827164
0.003600710646329989
0.003041271097599693
0.00224783381212382
0.002436992291699998
0.001801443650988359
0.002881649128201625
0.0032469720684515434
0.0032789654977910345
0.002480424179867163
0.0022802330835647562
0.0017325972921836872
0.0024207279420519244
0.0027619227993624013
0.0026779858150352614
0.0024456320585544093
0.001680359510793622
0.002851312741012752
0.001998344575868675
0.00196301386728732
0.003189518962430873
0.002386080974847643
0.002052606343376457
0.0015965596747162902
0.0015545670519763906
0.0020211313168933473
0.0021840144329714943
0.0024229098229764127
0.002724023729614791
0.0021611391357140818
0.003074514759578566
0.0031917073013179934
0.0016739050773456475
0.002449711815920935
0.0018613671240955629
0.00245302283687688
0.0013939310619237465
0.00235600375932207
0.0029078869768278492
0.002275224103976059
0.0014728891100571364
0.00278893490820504
0.0025182523570601942
0.002910035530527469
0.0015224232782446172
0.0023977538451674485
0.0018800104280946553
0.0013027600848209283
0.003006218004011184
0.002784058538751818
0.0012321388946021738
0.0013179228849087084
0.0016588285280838588
0.00275421378369519
0.002018527141324708
0.002561145195792663
0.0012902801453338196
0.0015265605498332097
0.0022242682070415954
0.0013892336273938224
0.0018616391179014
0.001754658735838265
0.0016788241814850034
0.0028630244604470442
0.002538636439038625
0.0018271633475488063
0.002552707446014047
0.001872429348354457
0.0016783534163956255
0.001465617288737644
0.001203155789743595
0.0020376671246514063
0.0024489633289644336
0.001494119738684645
0.00169264744514626
0.0016001077428519025
0.0015319011309344237
0.0025623888235580174
0.0027214013840431823
0.002444441502230515
0.0012861301692695113
0.002216940222287336
0.0018751131225313489
0.002105584511456943
0.0014787528534647954
0.002630882625710791
0.001592612484750555
0.0017115802087275716
0.002609155817659013
0.002027245987011605
0.0026053432580985724
0.0010944503940161514
0.000944702428973451
0.0012898917288805983
0.0018658671835787395
0.0016903540620246144
0.0017968650930887948
0.0016468064050547768
0.0014191391083965073
0.001114362063336484
0.0009132024952412842
0.0020074483659703983
0.0016007081550222118
0.0014632733584840367
0.002014150814978306
0.0024771438741159643
0.0018420924692530603
0.0015969093502182633
0.0010440029225150485
0.002057763458773753
0.0019700711439730803
0.0023346171842276945
0.00095126885332578
0.0012950671131840802
0.0022102415529573543
0.0008262160264836185
0.002430771316859288
0.0019194556263418283
0.0011190737805028374
0.0020011263450500473
0.001672972031020437
0.0010996171328696814
0.0017091776589937516
0.001361037951852047
0.0017709834942826797
0.0022397519981377095
0.0006848671686450008
0.0014060417005901983
0.001634513241481837
0.0006526772137740952
0.001155754145012591
0.001154723897206583
0.0010303588308218804
0.0009863350984117252
0.0018498213692408826
0.0015416488662494253
0.0020197041513087843
0.001398324134656705
0.0017344183596523074
0.0006384797185733457
0.002106362860736452
