0.0006156390371213507
0.0022960399257706803
0.0017312006725442477
0.001899780586184382
0.002046941199856144
0.002163156424749569
0.002050333465400868
0.001359532706259879
0.0021335303278729556
0.002223728024444269
0.0010057955091001582
0.002007714584526559
0.0012507366401307415
0.0019007396556073581
0.001167613764833306
0.0011384831962070012
0.0009592674378493391
0.0012068474374392999
0.0018559578291059708
0.00201981804810159
0.0007038369198704762
0.0012046988929202429
0.0007387529886796956
0.001756370218390788
0.0024246412515498356
0.0010088766918916288
0.00135317557179785
0.002226359063112587
0.0007714420295269618
0.0019194648191208814
0.001020669875467168
0.0017330159957998695
0.0024932095549207406
0.000980749473425975
0.0015370985058598048
0.001773236425036816
0.0019700664377644457
0.0022726173460133575
0.0021824981984880647
0.0009054735740768179
0.0018135544804993922
0.001180755982462528
0.0009750473540973909
0.001829394965039208
0.0015903640071028157
0.0009681571871322111
0.002212323264190544
0.0017683648256854151
0.0016141552832022617
0.0013328116794392505
0.001340155175963076
0.0015506545919956012
0.001299040425749811
0.0012098981142415403
0.0012780094559258662
0.0018621156308545191
0.0016631813438777278
0.001548203810029008
0.0015677002215195074
0.001610632170929615
0.002595311547213837
0.0021923377341537824
0.0016966882657657235
0.0019862024764139238
0.0009815746859267096
0.0010134954561789925
0.00106754385447034
0.0025860338231142306
0.0017415498962644535
0.0021051572858721834
0.0015716176789559871
0.0022238687201347794
0.002394587205029928
0.001239173766980254
0.0022237149630235796
0.0022222815260401784
0.0021277594181960133
0.002694507725249812
0.0011578647030572992
0.001189417704222337
0.0017905565043591972
0.0026823141945947573
0.001409082199509171
0.0028422414079608896
0.0026219535027093284
0.0028058508774362794
0.0023914889327390785
0.0012389071752197166
0.0014773261495086866
0.0012599259252343926
0.0027129711902332053
0.0018792642970101251
0.0020928062309488226
0.0018969376809268293
0.0016457052894039222
0.0025651259851876625
0.0027917504278491337
0.0018017194556784377
0.001323367416596287
0.002276099331137982
0.002880312369153471
0.0020847435438239117
0.0021413769910624786
0.0022797771584422894
0.0022638164169746645
0.002006290961263378
0.002282627110371016
0.0028509312260715475
0.002326108962435428
0.0025288367951751883
0.001993675203910504
0.0026910167447725913
0.002041535219601935
0.0023442946361822317
0.0025738873842641313
0.002901206057793484
0.002769955483422704
0.003242143540878759
0.0016213941609703963
0.002691429620501326
0.002445491927774094
0.0028941796502136036
0.0027746895753495105
0.0017564554054360167
0.0027898558960196065
0.0030113046913953774
0.0033044072060592743
0.0028897320208632477
0.0033033409166199445
0.002235582917077908
0.0024609731546432066
0.003421285481225375
0.0019705041255413196
0.003436868015319993
0.0033754099232433344
0.001965147220942802
0.0021816654316335602
0.003183366603840622
0.002220390488831322
0.0022230124961285192
0.0026415730379670314
0.0023139535000742083
0.0024856170115734964
0.00328193528519025
0.002470986070163077
0.0023979782432182223
0.0030296768638059433
0.0030517937133045857
0.002453478550252254
0.0020183973196766535
0.0033508256306091734
0.0033377349719606736
0.003430849513581746
0.0037255183240032293
0.0022275354723929265
0.0037792184075018595
0.003222766239868372
0.0035062608933519026
0.00378622428534996
0.0029253087748904996
0.0026647914037910155
0.002999633885421295
0.0028707128651015257
0.0029525510499626246
0.003595135588714298
0.0034004729514682044
0.0034898138600100324
0.003253057314245718
0.0025861142446551976
0.003424570998980737
0.003277320989746959
0.0038596968074464614
0.003873493191593353
0.0024622880458513045
0.004192823625139897
0.00397171392246546
0.0037876534628997196
0.0025310149385611718
0.00336199656866018
0.0028443902440366178
0.0034983707373194375
0.003782403206884966
0.0029217350443866297
0.003377965697192236
0.0035368577550763175
0.003774521593219733
0.0032219808987081658
0.004264690945136248
0.0031508106593099066
0.0037422535237648987
0.003993194400053598
0.0033565370106054654
0.003373869025964147
0.0036716882832179107
0.0035836383595208026
0.003694821172238204
0.0033558024800634215
0.00414562966932338
0.0046528223396249
0.00440314104181212
0.004475081910883341
0.00393660152652176
0.0032224191852266485
0.004274787969144617
0.004609163629564195
0.004410552761424346
0.0038626345598253113
0.0036980752518721376
0.0035969257049747825
0.00434544861654673
0.004003278932895624
0.0037315690473219117
0.0040806035841655245
0.004211630742612748
0.004341036455380517
0.004434105308539562
0.005078753530606515
0.003412102884624386
0.0039781877025194985
0.003539821569301117
0.004276810794131886
0.003453590487051785
0.0051051723249162
0.004212654113602224
0.0044521665036675075
0.005181666858572652
0.0048408986735492005
0.005210974314342812
0.00526543731008325
0.004811852828130448
0.004807634223206841
0.004013139370721641
0.005305158999267451
0.004919836904904113
0.0043639926035789174
0.004380526628870525
0.005279015980211673
0.005322776061046129
0.004667190765267442
0.003983237790091429
0.0047523218057653124
0.004765622152057568
0.00529936563382714
0.005788501943780167
0.004233879734838506
0.004435301410605679
0.0055462730272028945
0.004491802676772451
0.0057917160626930414
0.004235303639086344
0.004563710684628442
0.005058351771765318
0.004531374574970313
0.0051062231570585875
0.0044495102907508195
0.005216356535100925
0.006026901093434878
0.0050169652010850115
0.0056234789798228985
0.006217560304434575
0.0047478262102389505
0.005809798436453412
0.0058164901874295655
0.00587656161232398
0.0048906257100975745
0.006164782626808438
0.0064662694400693535
0.004861014786567123
0.00604678763315314
0.005315458931211912
0.006065474797157193
0.005081989017144327
0.005678197318536647
0.006030058159105802
0.006189876597646116
0.006316999173205564
0.006108363588300201
0.005987778458631328
0.005118336268541318
0.0068197567804699506
0.006778340595413667
0.005367382512365872
0.006942854626448262
0.006543580671352978
0.006340971967484661
0.006326657645174973
0.0056072197072406516
0.006560455623653599
0.006719007196632349
0.006055287898562291
0.005987047308168508
0.0067413187620199615
0.00634474537627412
0.006648772119876964
0.006440205828742419
0.006389974919523711
0.006172858087735702
0.0065148886778712825
0.006521624167179794
0.007062874990038971
0.00670897201539878
0.006699901092603794
0.0074591695599200035
0.006565552628597473
0.007145975374257478
0.007162929583077219
0.0066322547898238285
0.007763071669837578
0.007802175010510678
0.007264084451271453
0.007234337371210384
0.00759438816504406
0.006938850648684975
0.006452471812925002
0.008113919423706732
0.006964249035846602
0.007332501120735411
0.00785966357177359
0.006661845825987985
0.006715053610856495
0.0067597171678290555
0.007910939189884478
0.007005452026173685
0.00823701813480123
0.007598132454840691
0.008410945513856228
0.007371297679781141
0.0072526461604947474
0.0076944938442432866
0.008542323006952943
0.007600864900936387
0.0073884884846043926
0.008251901779506897
0.007639789575540407
0.007583002515315716
0.009003127943828848
0.008252886469636605
0.009045563041944513
0.007913689175841503
0.00867107252251751
0.007953291068442215
0.007694282082049398
0.008803834556296127
0.008298205881449998
0.007838527233511984
0.008698850164627845
0.00913353245981795
0.00888110893157094
0.008511715637849629
0.008382183631329294
0.009210875863824125
0.008852670343274789
0.008436799705041055
0.009396377031979453
0.009684759975944725
0.00936932145721232
0.009740855337503107
0.009136870231761279
0.008549159799702506
0.00932827840029718
0.009476309735806645
0.009272153250047028
0.009224864535547635
0.009689979848745736
0.00873772903377406
0.009460932215114707
0.010435850668549311
0.010460702649690398
0.01055760517570432
0.008986168008492246
0.009993398144953557
0.009402084462306707
0.010663011714023308
0.009903939070648599
0.010895007324583282
0.010313090886152542
0.009924277609369788
0.01047771165892864
0.010473626398499608
0.009639029818446937
0.011203299746111766
0.010627121473346095
0.009860037983120958
0.010636787757487208
0.00978370981704723
0.011484727750257237
0.011514226481506691
0.01119508267234735
0.010526871393478864
0.010065447366839331
0.010192446631097234
0.011786586850857653
0.011583848973466513
0.010616582053088424
0.010555528341695536
0.011225428686836746
0.012051945570783307
0.01098478702218704
0.010977585653606828
0.012127230176691178
0.01186248880193959
0.011681224785449201
0.012004619082527205
0.011672754156257662
0.01151802794489758
0.011008005213959181
0.011664188755297948
0.011767874208259208
0.0126613491219273
0.01159126861593618
0.01167657410663384
0.01166619799675795
0.011814975131561451
0.01156674870004648
0.011789731429027757
0.011730841409901277
0.012012531670883621
0.012810848248741973
0.01270384747223255
0.012493919943036962
0.012130801044240998
0.012962706146957867
0.011998403732034089
0.013273825926398353
0.012289082773904397
0.012901829367165525
0.013109084831988315
0.013197494223565441
0.013498619424735164
0.01400470483857849
0.01263484723213021
0.012538394176117297
0.013826744430435889
0.013775898811472367
0.012657783315100854
0.014339184273041717
0.012804222035854145
0.014041746587245297
0.014535719719944721
0.013851249352086233
0.014393244302202622
0.014353295851924417
0.01447283671029588
0.013719839763930281
0.014022378104497406
0.014848608801486095
0.014438708126523524
0.015172850226722255
0.014511858972625599
0.014861988807658159
0.014890927913233674
0.014725389540851199
0.0152919936932194
0.014541975234893555
0.014633220547294186
0.015519071352811553
0.01408978519309592
0.015680014674350116
0.014932230316506657
0.015984197886640877
0.014733817056200851
0.01480033524224026
0.016000470198022122
0.015738148406626656
0.015452950113184429
0.01578980433834552
0.016173322927135737
0.016392314328326954
0.014992899556058393
0.015891572146403177
0.015157627655424675
0.015573647226262729
0.015640501034291127
0.015702732241765077
0.015996316677771193
0.016104306906178256
0.016026405633644495
0.01614272870917618
0.0160136049141061
0.016354236304581448
0.016711702676256136
0.016610538205112567
0.016023783122281747
0.016563229765676663
0.01673135026230501
0.01609100182004396
0.016448494885184288
0.017166119974416406
0.016420721340511136
0.017769426548447667
0.016956820923041956
0.017931149018186245
0.017891781874848037
0.017342750805587857
0.017080415503404757
0.017389464802199057
0.018510557444875404
0.017773050436945895
0.017610922594680417
0.017276444486684344
0.018448387829763477
0.018646034467121816
0.018199324970887585
0.018618315949067994
0.018238346784021905
0.018979505529277935
0.018549216404824664
0.01791173795180819
0.017975071891125845
0.0190559885576286
0.018696048226315463
0.01918503912485193
0.018062244379080473
0.01967137591778692
0.01951130043544746
0.01961072592966956
0.01870813095023649
0.018565418692168635
0.019713237156822962
0.01997749847884771
0.019823844888921492
0.018954190885324247
0.019278854896429352
0.019787276971077367
0.02020763093455552
0.019216602501293655
0.019184816518008598
0.019934055003103284
0.019931405602079198
0.021033773027866715
0.019690176174797226
0.019960326008423873
0.02074678107346054
0.019654749751548992
0.02072309110257161
0.02060575738635915
0.021110808531605373
0.02022011172627612
0.02155876837746622
0.02138942304807733
0.020732806490195353
0.020662225827574182
0.021957214604979822
0.02162216941008722
0.020913452549341918
0.021351668384108558
0.0206985460465565
0.022400349605022872
0.021827029125184257
0.021598968112573485
0.022485845940151496
0.02274032422565799
0.022812368925822786
0.022492060004942988
0.022548899619303026
0.022494650633508185
0.023018235652149655
0.023136886939016277
0.023238646473570424
0.022894718343113657
0.02240354366610038
0.02318222810409703
0.022834920275859528
0.02322463468962719
0.022262881976362076
0.022243023976494844
0.022374699208017632
0.023172376030177466
0.023777833278657703
0.023811981727419353
0.023641845456230503
0.02382367399153782
0.024432639172882294
0.024227542006984605
0.02301108147371838
0.024481222547481748
0.02429430620850204
0.02371227344560232
0.02415689196917248
0.023584743790165816
0.02427781654139437
0.02432442330566822
0.023608311502975876
0.023963278663413544
0.024281910563266902
0.024835066200946238
0.02408214805561246
0.02472078409663995
0.024421216320829862
0.024373921388234628
0.024570335305007313
0.02479383806312057
0.024766370756349607
0.02482348392632553
0.026036262280217937
0.026144803184107723
0.025163967336993824
0.025801832449738174
0.02614231966810506
0.02654250690285172
0.026700519861860256
0.026439443349185354
0.026357648655725364
0.025829738734852628
0.026942885321411456
0.02604763602914381
0.027014681469356202
0.026814084070802827
0.025707132697038355
0.026661121095680116
0.02617462679915178
0.026843309728228747
0.027312483815474596
0.02771352582193685
0.02659587851726238
0.02779119962567665
0.026615641807562797
0.02716353399364455
0.027530360057127282
0.02749154330281085
0.027052300558637297
0.0270628509053645
0.027696041128207553
0.02856225287990648
0.026926735428865787
0.02856693932647307
0.028173871364394757
0.028923975272479086
0.027431292367649573
0.028827824212050497
0.028596994423619966
0.02909083519411077
0.02837584701715016
0.02782078510282948
0.028170405378933318
0.02791735592642459
0.029196743346686573
0.02824312145066588
0.02895251309831998
0.02933768846520436
0.029521234194601655
0.028651376175406904
0.02921053405017119
0.029505073319549956
0.029484357445435826
0.030154965647544874
0.02987680361909507
0.029605639988185505
0.029450947771582393
0.030578079932685413
0.029419978962837805
0.02938259021964919
0.03070357925886319
0.029618635259940882
0.029506293865624634
0.029464214560551295
0.030541289417469464
0.030974129736665208
0.030837503749285927
0.030768902249989686
0.030774891270057527
0.03161617227078248
0.0314524820906858
0.03058680573816201
0.03071959201067221
0.03071122872060813
0.03162199932307243
0.03134711291405059
0.030588144116334096
0.0320641201935314
0.030800634148142266
0.032084496400614254
0.03153801615536793
0.0310095181793383
0.03256079540604405
0.03171685285630994
0.03129735063912504
0.03237821751614432
0.03237405428287703
0.03247857686250447
0.032120257980898466
0.031764205734225
0.032347945616053475
0.03167590017946948
0.03321737823853387
0.031963761907547836
0.032413709870747355
0.03248674999260837
0.03345764929172738
0.03233350739783356
0.032885142691310446
0.03241098848834011
0.03280560169341337
0.032550125423082596
0.03387382807646369
0.03399277884268265
0.03367874585908697
0.0333715296003729
0.033072600798429067
0.03322017629582494
0.03385666724861474
0.03460997738667405
0.03379115360950515
0.0340225151918582
0.03341797567869367
0.03460677791680855
0.034254076119935306
0.034520980646958445
0.035043287984777245
0.034543975455501114
0.03451818537695725
0.03399881780094218
0.03536076930200113
0.0342666063968547
0.03536048011776622
0.03442156896940051
0.035039568857015174
0.03554453823214185
0.03544941670008762
0.03493617745182625
0.03513723518460548
0.034325236472549425
0.03457404372765451
0.03450152949930225
0.035806762627815826
0.03498928938563275
0.03577207629846268
0.035955946118969156
0.03510524793891887
0.036152737276918916
0.03541089942940984
0.035753596704107785
0.036374142843899705
0.03577484483660882
0.035478945123875914
0.03676718997333913
0.03701151607702265
0.035873884853378016
0.03544291938223211
0.03695268850647465
0.036253642226221974
0.03575266799633525
0.03664115898412053
0.03701086268713364
0.0367484289451393
0.03689968470015843
0.03708811939848321
0.03640693758521691
0.036448839142025985
0.03724457037031162
0.03619562015068869
0.037324996379661954
0.03701939974764386
0.03638005825884879
0.0369683720340071
0.03649354769207173
0.037324540577580924
0.037349518941254024
0.037538185878692634
0.036893769787193414
0.0371644885193816
0.03735377419869753
0.037185733592941334
0.03856456527632109
0.037114502331304054
0.03780373843980392
0.03711401797776379
0.03867165139803637
0.038396123718876164
0.03787901160140303
0.03802543473145719
0.03849938135407815
0.03917185779204297
0.038626227879187305
0.03897392071619043
0.03920418420101311
0.038195140750966076
0.038270681793046546
0.03880461167698293
0.03820471145837691
0.03840834394542082
0.03901542632405123
0.03858184118023693
0.03934326013874806
0.03918779141547108
0.03842426973295539
0.03940146042575931
0.03945795672159399
0.03890841486250023
0.03969677707815563
0.03998487938496185
0.03886299287423811
0.03974549997726399
0.03999558020547179
0.03977485917000524
0.03862641979580328
0.039145531810158105
0.039003304840631386
0.03928002542933259
0.03939444979617756
0.03960250273348906
0.03892797367241315
0.038939183874642014
0.03924175051511775
0.03909460231938395
0.04077512513389319
0.04051207380954249
0.03975350224785428
0.0401543529426923
0.04042091974209636
0.04060213607126951
0.03980659490726927
0.04045165658562175
0.04006624857238982
0.04080336693832703
0.04090799009916431
0.040549127945478144
0.04024624181464381
0.04035026924712692
0.040554729911075116
0.041341512975930673
0.04061822189580077
0.04043326723336944
0.0402935662305877
0.04050058292310394
0.041525593769525825
0.04049985084309451
0.04055939733187015
0.04153031463982236
0.0405563475705566
0.04085230358445639
0.0414133511346896
0.040331458387246964
0.04081342378645484
0.0406558469639879
0.040822858429186086
0.04192331839015399
0.04134258585685435
0.04153812373482255
0.041149457093083625
0.04052123257395085
0.040774266137887774
0.04161437620883602
0.041981696532308765
0.042020905560438304
0.04163581727980026
0.04151882078025453
0.04209495317256338
0.04069334284594548
0.040684683459359224
0.04089165961550392
0.04224746999718412
0.04236731999720281
0.04216787536545798
0.04195466621083147
0.042228581762512346
0.04079659262547346
0.041697487853762163
0.04198728404379458
0.04156188409743319
0.04219494349396421
0.041429743340601864
0.041401935449359425
0.040927999530287064
0.04201678099252991
0.041016013134334915
0.04222289314193403
0.04243638902483279
0.04211468088991328
0.04153092836305506
0.041117067980504136
0.04170950755222411
0.0412291658621477
0.041384545444172895
0.04182992372527484
0.04143995725232778
0.0418025215481383
0.04162208242207666
0.04134056777505007
0.0428511401685087
0.041422326562213584
0.04168229728449471
0.04250434736019865
0.04292266367688169
0.042863864711955406
0.042019003292479366
0.0419801164637934
0.04250852359981593
0.04231052872373607
0.0426205504755962
0.04139433606740945
0.04195363283499482
0.04163071334236551
0.04246350635031879
0.042571865101135406
0.0425242384206319
0.04274884997383186
0.043115937647986
0.04158798559720683
0.04218323316413309
0.04173865659446766
0.04165269433268073
0.04149671089371708
0.041731645682066186
0.04303056831204338
0.0423830485824863
0.042888770242553505
0.04168227186280189
0.04298436983567347
0.04186765528946909
0.04311755465934046
0.04172777544433509
0.042350052235089274
0.04172136173332889
0.04172863034564628
0.04264859733136044
0.041925250537179846
0.041912094030566636
0.04246005387258041
0.04193225892957038
0.04206394265094383
0.041858258769381276
0.04287818024879949
0.042327585346068286
0.04304449997147361
0.04239623224471722
0.04261553703146842
0.042478130476943786
0.04188853658601548
0.04148610360349233
0.042618514548777305
0.04251033858148066
0.042699545294816885
0.04195859394115148
0.042306523765476084
0.042448607638166165
0.04144250280203039
0.042108321944524484
0.04139240975967529
0.04160197041673784
0.04164895186440974
0.042713544002527616
0.04225772253024646
0.04287998230605853
0.04253685883123799
0.04183595918581897
0.041341107819051856
0.04187306694218821
0.04279971343705226
0.04142483576368821
0.04275053220285788
0.042116075443266635
0.042358971132076845
0.04131141897248136
0.041856682198021536
0.04213753903877896
0.04111820543246039
0.041262709229538015
0.0423462268281076
0.04168407038497535
0.04127440490761766
0.04233637161752136
0.0409801435392565
0.04204645706888537
0.04191279069626582
0.040892080188432246
0.04191660271622123
0.04190521299932469
0.04146821067285851
0.041238333901558615
0.04144371292432011
0.04134785921495129
0.04177640157906897
0.041817450415728964
0.04219153114753512
0.04067159664126748
0.04212355587906456
0.04101247694378498
0.042047555675354994
0.04059930469624869
0.041062943374073936
0.04126995295181054
0.04142520774746953
0.041595976682180416
0.04190104794182443
0.040922664259464496
0.04042441220128092
0.041565057369281164
0.04076140008190039
0.04034270634807524
0.04021531495000132
0.04040962392288533
0.04085771688810902
0.04023804011263359
0.040672486910738374
0.04170884687882639
0.04092648800666621
0.040183927748697966
0.040582418344598
0.041030870488340525
0.04039878462153496
0.04021926549302012
0.04086481178307536
0.04127068098999285
0.040219196865233994
0.039705949676377715
0.03988259732812381
0.041151141897039216
0.03965003261037644
0.04006725460326013
0.04030665487897211
0.03963662236031747
0.040782420097404674
0.041000423003043726
0.040587270804073684
0.0409121615776898
0.04059872795668885
0.039806579300606444
0.039811215713486475
0.03929564043767401
0.03931746240213154
0.039054111351402646
0.04039937628858537
0.039011921156587435
0.04007438409552088
0.0402145894760429
0.04016536735638395
0.039282356324970395
0.03866193678891827
0.03976999578203101
0.03974090978372747
0.039288069257374575
0.03976421289556748
0.040060543381571403
0.03858461882433936
0.03842001705705025
0.03898332138722873
0.03820330592431522
0.038505946376803664
0.03856385201937649
0.03949944830625578
0.03806878330251491
0.03793971414086469
0.039317360279093716
0.038868777238038166
0.03785295209796617
0.039162815014980874
0.03892784739204757
0.0379743009518081
0.038477622581332104
0.03764118683737491
0.03818428910338904
0.03847652353444321
0.03876652697362289
0.038773727947547625
0.038127810750284555
0.038731469271297767
0.03716411341599305
0.03865008453032493
0.03761702639938044
0.03788891354246206
0.037323369906874966
0.037854993783267316
0.038434601118675506
0.037735636799729466
0.0367683611557359
0.03771043381389522
0.03685756341419757
0.036779488742354
0.03723121227004565
0.037724074392729165
0.036636129128343145
0.036403069777463784
0.036912481869734455
0.03709889803494706
0.03628538631842153
0.036170084396525644
0.036354815530157354
0.037546146582863135
0.03715744477926907
0.03596489102974394
0.03589785842238
0.03722393930887836
0.03647991730652399
0.03664892983484962
0.03669601033786895
0.03645799964414592
0.036681351983996184
0.03538854509387634
0.036628345443689134
0.03605932160128467
0.03667151321811902
0.03609013189554947
0.0352059510315363
0.036353274393529714
0.036183208123495604
0.035258564116387864
0.03546140229853381
0.03458706204514086
0.036109815895896645
0.03465469178011832
0.034917048821511844
0.03570082232959948
0.035163334669509064
0.03482137671721277
0.03422104501094113
0.03420754649864821
0.035664222445212515
0.034031798959318786
0.03494843176359586
0.03542234274097755
0.034594471443164534
0.03519827000255544
0.03388515713900157
0.03386120411833699
0.035065032846524326
0.03497993761519461
0.034947998032622093
0.034755966186162106
0.033418491033502466
0.0344309060436001
0.03370802896230952
0.03412263098115092
0.03377290358068675
0.03417699534502017
0.03316738043121954
0.033171968802464376
0.03383017375195945
0.034151755437216574
0.03249494866849925
0.03347190631524406
0.03392976189971266
0.03235300000683631
0.03354007810136737
0.033648588497305724
0.03267436378537097
0.03279151210971394
0.03318827610147048
0.03242309016640692
0.031795380013831344
0.03196667624012025
0.03292073375862999
0.0324941139482736
0.03233851212983303
0.03201970128232442
0.0318804379423842
0.0323316674820494
0.032086967550863196
0.0312527981098906
0.03150621230521868
0.03236760789016433
0.03165075776712764
0.030705727510762327
0.030567747034039652
0.03198812894063391
0.031052801207950318
0.030442349533008416
0.03201197117255157
0.0313786721733356
0.03043842820955022
0.030926753492658065
0.03035984295016004
0.030312788495788473
0.03122307714744601
0.030299559901130053
0.0303996467008951
0.029639213326420045
0.029554046286741412
0.029739269241710862
0.030797486231006744
0.03099100287013022
0.03006657550175364
0.02920209098076506
0.02956384817395582
0.02910272657465227
0.029061994827004715
0.030265809155311723
0.030273228150902755
0.029881622078316947
0.030085415620966307
0.029629859720731566
0.029044490882944043
0.029440327935533774
0.029896256710849643
0.029415144095593454
0.02932412663030097
0.029625035402773937
0.028369989598682938
0.028094722987238682
0.02857551168695462
0.02866667612735524
0.027738747579601902
0.028763212863377845
0.028798693148474743
0.02777691652948342
0.027808101673340475
0.027339846859082365
0.02811148936431172
0.027262949309899878
0.02693632637815536
0.028522980165436737
0.027562319558608783
0.026691834662351057
0.026894710380126072
0.02686911670740037
0.02784490617505033
0.02716144531492714
0.027605810506392423
0.026669386383430804
0.02656511993028426
0.027530504540466558
0.0271606996488261
0.02627226271081587
0.027237022219452223
0.026719872076096822
0.02621993099493857
0.025757767621315358
0.02708658095725251
0.025581328206252807
0.026617394898279936
0.026237850798339523
0.02603009563268174
0.02668662449421812
0.02528699134100111
0.026022638065053765
0.026203390326351758
0.02496817105464986
0.0246640129946734
0.0246594891869431
0.025571603228113277
0.025755388029511838
0.02585024410426565
0.024777284748806
0.024249500369761316
0.025510893821790358
0.024362291537302683
0.02450022323497856
0.024627524660917846
0.024356240421886444
0.025080834769649143
0.024372077737972255
0.024511144311820908
0.024822924247404142
0.024193335714906214
0.023412269339840627
0.023778971539134976
0.02426737851201202
0.024407436299184012
0.024462807580790273
0.024109637923933887
0.023207389711981653
0.022810837154467828
0.023981429060227037
0.023143771893251893
0.023083916921445544
0.022745653664760418
0.022558014789004873
0.023951555957214505
0.022510653165018463
0.022781180708911823
0.023513376885478998
0.023370308877689504
0.022642458629474383
0.022753149693989935
0.02260925399087363
0.022311372936016965
0.023104758397507717
0.021802436455788027
0.021885253592821643
0.021783752061359123
0.02154952808988823
0.02128033456960355
0.02263386510320941
0.02122072508168971
0.02213112587519048
0.021796517030957002
0.020869934489212174
0.021840100075570714
0.022065498036708573
0.0212459667258575
0.021655326338614576
0.020965785055822937
0.021527033572243913
0.021738703507610736
0.02034424756237879
0.02034834287473773
0.020648153146832278
0.01991325782947299
0.020801427025273718
0.019957378618242164
0.020647927756471653
0.021263640566587968
0.019891873868990346
0.021025088247850553
0.020975956181572965
0.019706417134418307
0.0197224149212476
0.019265075001162153
0.02048591816154702
0.019874390909086638
0.02042528189503174
0.019567473943826477
0.018939153539124554
0.01975678409574543
0.01940627026049902
0.019421929230207167
0.018467742109764314
0.019300224712541482
0.019968789088397287
0.019146118295395306
0.01890238228784354
0.01904397690981204
0.019427583137186236
0.018220297315829966
0.01861272656318178
0.018645965770367163
0.018629553918028265
0.017872206137312992
0.01810692354349228
0.018539053321283142
0.018369991808988507
0.018303067592497814
0.018652092724711945
0.018843057166099252
0.017910808235238305
0.018586429337063885
0.018500682622651143
0.016845515128426167
0.017254777198582396
0.017294964736524216
0.017285944398210424
0.01698050122576181
0.01728935625508043
0.017896945203784865
0.017633087955805787
0.0173776583908154
0.01793288243725956
0.016409892405564123
0.016818350922563705
0.017453297307154298
0.016255960362097418
0.016230520650668795
0.016853265452039107
0.015844204394778964
0.016590032279519714
0.016856448117033
0.016801196797211804
0.015623249739813308
0.01665384553057761
0.016843451604237846
0.015397587135331372
0.01676773081989379
0.015553869968867701
0.01667611390672246
0.01595595002558643
0.015035348287629226
0.015964709990493996
0.015089132307278185
0.01596771623435726
0.015334155946403515
0.014995003164368062
0.01592229844826857
0.015341711789823777
0.015195903330992041
0.01565136461028156
0.01494126418956119
0.015841372278438164
0.015498744974902024
0.015641896256764057
0.015219554330398491
0.014201315458375293
0.014752795599107365
0.01391764039587564
0.015073953764213865
0.014538506742370255
0.014697885180427216
0.014714895911679815
0.014110468648597189
0.014761913826770934
0.014993119247091515
0.013888831988280536
0.014248026202043683
0.014064993917344304
0.013725149492368327
0.014655865655084343
0.013101086686604344
0.013337778011619363
0.013046952614636231
0.013052815543561734
0.013029478175177836
0.014116661509386721
0.01355114878373065
0.013845218486536777
0.012502886975611091
0.013095499720605737
0.013966855199908963
0.01286242054911483
0.013417520615861905
0.013309844008694418
0.012670329816724545
0.012900078431228876
0.013180449873640218
0.013438496451508259
0.0118947663775865
0.012269250109927356
0.011726027342259963
0.01217273490602191
0.012908029493443319
0.012092147400507071
0.013149459544528232
0.012029964696467966
0.011964164828285117
0.012900929211953157
0.011205532420624385
0.01136301151161506
0.012648046095621401
0.011613557785417256
0.012426275552899052
0.011397429677593099
0.011637838898471382
0.011953397333450032
0.011898048075927628
0.01112851992029599
0.011676335040403604
0.011294686521390323
0.011258986416552829
0.012125735619113827
0.011067110803402981
0.01171659279792365
0.011851285997419626
0.011785501047846661
0.010225008316453298
0.010473931522632728
0.010870964322543005
0.010493298020720023
0.010816173684002008
0.01115110065117359
0.010169917982753341
0.010475851483850036
0.01145045841646817
0.011300501783693203
0.010800180181320708
0.010554090579747462
0.010678909315074326
0.010506893309561893
0.010730251563818932
0.01107608554103041
0.009556487718728607
0.010021393037062953
0.009888190396141576
0.010772709646567973
0.009937484655625828
0.009617416215954801
0.00923640708035578
0.01031599898885213
0.010084485026475168
0.009258784937130832
0.009841240532832923
0.008927053085084057
0.008898232203272812
0.008736999242395852
0.009537480126592363
0.009475664200056418
0.009316080415567753
0.00875434160763623
0.00849698751248144
0.00976414067866284
0.009386063332040524
0.009501868392372347
0.009694765824234466
0.008613873888671963
0.009127039577389705
0.009800132291968888
0.009526618483935649
0.009699797152795285
0.009089802367869423
0.009564748813979736
0.007895387819868501
0.009459014417989095
0.009419013465311418
0.008079680262188577
0.007972216816677945
0.008695136960878204
0.008602441649803923
0.007974775296693555
0.009018639790056685
0.009001560139711566
0.007619999616233267
0.007576910714929701
0.008683252245366431
0.008072267124698974
0.0074294289945251125
0.008566210354809008
0.008215994266753299
0.008246306030328106
0.007936984122157952
0.0076678872718811564
0.008533462258871667
0.008616568034940396
0.007296287651659898
0.008389170162801893
0.008236798966440965
0.006815423836767868
0.007054128986509037
0.006720336811148269
0.007248408117174591
0.0076878111347296035
0.008103585232460398
0.00798989202005731
0.0068763477040769145
0.007804845978022817
0.0075531722318530415
0.006675648722619794
0.006910809393290171
0.007768892559512394
0.006675727351719816
0.006271464727475832
0.007803087125428382
0.006781061880513218
0.006510627442682022
0.006264415582547813
0.0065234278418695515
0.006243129697251375
0.006008494434982206
0.006797679314608962
0.007102999733608643
0.0066741959322149545
0.006331434950325535
0.006539616219651354
0.006345259100064448
0.006481107516934355
0.0062504464224514165
0.006128203506288658
0.006812675620707466
0.007233168272899068
0.00671797831590338
0.00598497933959549
0.006027934793337027
0.0055249524417693915
0.006199696668582042
0.006126647322706306
0.006173874549505716
0.006926804850317475
0.006834531552492748
0.0058679274566700145
0.005334342079828072
0.0056986552763902435
0.006800443763287741
0.0053359739790365054
0.005471092423934838
0.005006674825455132
0.00634091230274132
0.0050257363959298005
0.005110860270991783
0.006483151136502427
0.006257075578064617
0.004957408706071874
0.005180988258184508
0.005712309203186623
0.0056290001011728
0.005869072614722464
0.004654518751860709
0.005335917412570631
0.005538942871452661
0.004942921990542708
0.005964047513213954
0.004590972774294106
0.004637328884702443
0.006073656018747586
0.004398657123002686
0.004876803860686769
0.004298946166539744
0.004478319767018418
0.005029813625544093
0.0054746244670746905
0.004537929287803626
0.004875035365413954
0.005345927576481592
0.005158450888499953
0.005147309366076383
0.0057539306425337874
0.004343747542688908
0.005459553039512616
0.004776062485162621
0.0042300922479696365
0.00486015635839747
0.005394763905164055
0.0040346573680112305
0.003815315931757771
0.005022992177871577
0.004010510475477446
0.004653665944000609
0.00523780096824155
0.0037094332618449128
0.0037259233123073062
0.00386650975871236
0.003660438401407029
0.0040217025494340445
0.003672170523615715
0.0045397472581197775
0.005016228561280469
0.0041996221564321555
0.004839306319631325
0.004108615445900766
0.0034485491909668317
0.004999059560082349
0.004300268417543902
0.003665042776248647
0.003790870159186097
0.004664217110035864
0.0033524163456461076
0.004348403134723795
0.00397033092098196
0.00489051228931418
0.00410620298267631
0.004732946651678507
0.003550747971788991
0.004170097739655285
0.0033527919104911212
0.004023561283923742
0.004363446728951614
0.0034235065924459987
0.00327011135954619
0.003375123078364526
0.004201567692248609
0.004433185811911377
0.0039463673511377995
0.003240068780222131
0.0031681769955583623
0.003500764012067026
0.003353161151129486
0.003745541256203586
0.003332050834431987
0.003910080189980777
0.0035004775639125916
0.003420425880700625
0.00370948403564063
0.003077161859623393
0.004343024657487903
0.0032512559186484162
0.0033502248207464454
0.004244586743277258
0.0035606127120943382
0.003541441686261445
0.0035383514891972117
0.0037080348126440846
0.0030662840746876418
0.002847328696028568
0.0031968437565484133
0.002917732517666916
0.002952072745994544
0.0038439710581131543
0.002490328058232916
0.003297152154751164
0.003591905836831791
0.0026038399760400194
0.003544821176020582
0.0025079351348655425
0.0025572073989371456
0.0036623343179042083
0.00245473624577228
0.0031384994814022136
0.003458905006273603
0.0035672486914495203
0.003477829477963543
0.0027044649953725524
0.002245227448752068
0.003322751570910682
0.0020991909602841897
0.0031153160267071165
0.0030688032546075813
0.003453630042931306
0.0037316230448846675
0.0030236132685495538
0.002461715991182115
0.003168318948218819
0.0029264467770603237
0.003323964675515428
0.0026565431088703146
0.0036440208775862072
0.0022090121107200414
0.002770914591164891
0.0024002522640385318
0.002850745463633151
0.002845482370344791
0.0020586310672883437
0.0021723408948685612
0.0034454817519041442
0.0033216539636797575
0.0034555577758671476
0.002071522754370332
0.0033055921490154332
0.0022009128874665583
0.0021576115560255874
0.002604252173072829
0.0020160447939255926
0.0019983765403273645
0.0018644701735763794
0.0034092621879222673
0.0021852408925291714
0.002409365869878321
0.0017809561537498245
0.0022189100582747897
0.0016151465120298723
0.0027652353384256586
0.003238386246946018
0.002889247002473375
0.0028604836911075788
0.002286208556824955
0.001926708133824306
0.0031488957245511874
0.0015423137725319401
0.002111359852040803
0.0025539767107140674
0.0026052069819616215
0.002836289053895894
0.0016076405171656764
0.002906534524137777
0.0019818516103841427
0.0022326233265796006
0.002587283617868973
0.002671154717168924
0.003069258429668124
0.002216456402817788
0.003002484976047268
0.0016651891546878008
0.001770813219286548
0.0020429739533604787
0.0028555564348050843
0.0023581098759694265
0.0016505665464401093
0.00276239230691314
0.00168950655024479
0.0023924303817082775
0.0013737369779525227
0.0018518161686010485
0.0026988951045501487
0.0016671132693884966
0.002146011031226292
0.0028218700121536485
0.0019778631875278906
0.0022269749578468657
0.0011477822299772763
0.0022928639627776202
0.0028625671874181985
0.0026844722187271287
0.001695196761345683
0.002237456931845836
0.0015530302061287577
0.002392960017201186
0.0018928187683815668
0.001216517010801506
0.002517621030618106
0.0013804603447933968
0.0010226995142760377
0.0018256508994514407
0.0011979935151728788
0.0018409435186974123
0.0016600121108488884
0.0011062988691192906
0.0017625266919716446
0.0014498397211901361
0.0022429617287785994
0.0018014122337978902
0.002688149554741228
0.001497808921550071
0.0010571332404355558
0.000941959107779617
0.001862885766519361
0.0022556847181348
0.0020161742129022574
0.0011336008721144276
0.0021534380605718
0.0020530399486652358
0.0014535071089049026
0.001988999576377339
0.002414879477660488
0.0013400491638910985
0.0023050780049252858
0.0009389931171031626
0.001734392188387041
0.0013080284811036822
0.0019720044706940387
0.0019990095341546376
0.002065509214057101
0.0015844835185810735
0.0014690818348516964
0.0012522408910628016
0.0020305210257477975
0.0020310250118580776
0.0011589633481564347
0.0014504769765806092
0.0020984537698171585
0.0009654432855888687
0.0011850849349107845
0.002233615021584952
0.0009467614522241238
0.0019066409332886556
0.0008636504602789809
0.0006819656733498256
0.0023398593227226005
0.0020105518578565035
0.0010655531918050754
0.002243717023688056
0.0018542010646209147
0.0021692607573301726
0.0019451022350478145
0.0007935889666504303
0.0007062528050443301
0.0013513705283144254
0.0009058821958975625
0.001232882693371015
0.0017021900466983018
0.0022626513012320164
0.0023533956235842245
0.0006381556251088355
0.0007275066928207707
0.0007692687976659729
0.0019162930250996627
0.0008537466429416805
0.0011121691197505165
0.0011397076670795659
0.0013692378765985055
0.0011679939907921748
