0
0.9884941271257818
0.821192447401196
0.8440275871396371
0.9673370520877211
0.9872451437625556
0.9092495654464718
0.9977019997189385
0.8654420207625718
1.0300196585854362
0.8456120555926053
0.8653518265877279
0.9840122070770142
0.9885223556579483
1.0001149626400603
1.060428801760908
0.9949778637109807
0.9746765870038021
0.9997235570056003
0.9855065184354683
1.0430245530344155
0.9398733245104365
0.9482473389549108
0.9893756678547948
1.105576317949222
1.026028571763511
0.958554581535536
1.018156299415713
1.0891975089034895
0.942809725707174
1.0482856613590212
1.0125937629326252
0.9702392004855608
1.0773586935983592
1.0976682531834725
1.0021096986323061
1.0121011310154033
1.132219447365411
1.096421609360337
1.091855823893339
1.110235663274829
1.1559852908788213
1.1336510488001819
1.0431211255830872
1.197628292772459
1.1457032191232266
1.068453499807858
1.214124491597572
1.0977033329893726
1.20656317169216
1.070057163994416
1.114993703703104
1.2125078342729732
1.2132765918909838
1.1660270929948362
1.0999229865876672
1.2107254825572835
1.2251523849030763
1.1110341995889967
1.2723422324257163
1.2158320303394574
1.234675788970226
1.2126021983593342
1.3060089054316226
1.3200910361935905
1.2642164986425444
1.1771697124420857
1.2068215140293186
1.2049593643541534
1.261574333580848
1.2783301023607878
1.2770038232678662
1.3160102507589249
1.1814261730710345
1.318543399088828
1.2537586728308074
1.2941602164381405
1.2688611617934011
1.315774370808535
1.38563734243054
1.39925868987934
1.412027895572579
1.3661168676866613
1.254423971551819
1.2683354213406004
1.2599280418093897
1.3160788126717782
1.3351992542575501
1.4352773163014145
1.3670519219488855
1.437359929209952
1.4154310462198794
1.3468887049910319
1.375194158729775
1.4394510411998072
1.3507055220605548
1.4122815790063163
1.407752316140551
1.4951416193353182
1.4215005310019517
1.424820378610695
1.35676129724302
1.3773700736634544
1.4159615555217693
1.4506067025138802
1.543433608488191
1.4439428098294649
1.401364607581876
1.4921778132885162
1.437645845829626
1.4254450470331463
1.6121427959131356
1.6264620349702072
1.6093027572349903
1.5551767280605586
1.5405438374352185
1.5030537992936006
1.662281025699467
1.5524942934797255
1.6199688411992264
1.6019091544833042
1.6661395686323215
1.6850164821117806
1.584566220698118
1.711381583812999
1.5984915700835984
1.5748790022725976
1.5972497584265588
1.5843126597873431
1.6211805110971933
1.705772921516593
1.7088756421691507
1.6007459843162901
1.7327359741857324
1.620706114072394
1.7593202149334242
1.6417866722396293
1.7868543783246242
1.6536315970273663
1.817392327678939
1.643685091746071
1.7057757916550402
1.8040928823779783
1.749358247051081
1.6887796999439748
1.851752382854842
1.8874939703554032
1.8528503328365147
1.8619898175524587
1.7368135486206868
1.781639511109214
1.9176075103337773
1.8886877182692632
1.816528473600233
1.8169930504120098
1.7960177608646963
1.9675905701129817
1.7934887229674445
1.868567494906802
1.9394845394166942
1.8744665255803645
1.872502816552021
1.949892228113126
1.9376616866127907
2.024269831831529
1.9228727930079523
1.8983460678873092
1.9104746536767387
2.0129270810564424
2.0583835671952544
1.9388526127769405
2.042236844603292
2.035923532338063
1.9948822913052706
1.9245409649953493
2.0825898056000036
2.015477259731701
2.100803500097856
2.1381279311589467
2.0907885661802195
2.1692356380475992
2.0295520771835833
2.115809784909455
2.0094938859324003
2.1862123416419355
2.184394073774057
2.0288638389414047
2.233151767835558
2.2358341229747154
2.2187850527300754
2.0702770760905307
2.2036079132876254
2.193298129290546
2.153424091980876
2.2584096704578176
2.2833432385170784
2.272912426739351
2.1903982011364507
2.2122684699682447
2.3285627700299165
2.190514071061074
2.1706431935154247
2.184802918127802
2.2973529312451078
2.347383019645947
2.2305135030147687
2.3578038928125262
2.406568242239988
2.326984302503611
2.335301113532624
2.436780407793223
2.2871038371288464
2.4305696411681033
2.4559891624820915
2.4152781746040977
2.3066705204055316
2.4593381095999702
2.331547489299834
2.528144683199918
2.40444401227921
2.4056043274300616
2.5001826695619065
2.5581411694894305
2.5533476192716305
2.4477268721200334
2.5658606498513636
2.423891006873711
2.5687217086268808
2.446800773658372
2.5858899530511206
2.5411275045687853
2.646586747641416
2.4853113570471805
2.6210171976313856
2.6849138586958063
2.6327257465379668
2.6800261618409866
2.6799925070805686
2.583741681786917
2.602717467786041
2.630851352116662
2.6305358093733995
2.7363222932649305
2.6957007289697468
2.700453796787235
2.7160278699313594
2.7661643570883845
2.644686063706005
2.7595997534583785
2.6752388677753824
2.740450491422352
2.7366781832292206
2.699121040922424
2.822281919298857
2.8784071858033746
2.8455038057615227
2.748741918471186
2.7877081030875206
2.7734189672679426
2.899499407369391
2.969083655143058
2.896713242768694
2.986711813734665
2.865978339804534
2.874998610137928
2.8638361329538524
2.8756402780434294
2.859858969228097
3.020198596616219
3.036577969173606
2.908272358455554
2.922992322448583
3.0419452814078847
2.9926686072837136
3.024899572884654
3.0565153402149092
3.1497147264116254
3.027734806649647
3.165331459863308
3.118988311698235
3.1481375032270194
3.064124096888815
3.185970346873764
3.0628335541197362
3.0534088967502044
3.2472971854622843
3.1160918328024048
3.280539528897002
3.2758164201335984
3.27835631560081
3.2348804338353734
3.186639721157913
3.2670517499312854
3.234653895240731
3.327044218692322
3.2368677824512915
3.237258429822827
3.3895585711199905
3.325364147952806
3.398410001557118
3.2522866109313835
3.3961099119870233
3.2708468414618066
3.471504375591347
3.447211306640425
3.3856959641164885
3.4573665925580865
3.4036752491266133
3.479303956938613
3.377989645601848
3.4767495298841964
3.4854705404255846
3.4904245862689645
3.4492299931972954
3.5771221411367735
3.5141991658103926
3.5677176214717377
3.5198996733607024
3.4963747440352497
3.5158097112954887
3.6775856280270207
3.665966164345445
3.5429988899975267
3.6559674341418797
3.641896224032787
3.6344127838732434
3.76033652533817
3.6249123919535347
3.7473875510872436
3.6785559523205875
3.658307501837813
3.785296800191859
3.7681985609083695
3.795999146316461
3.7067920290745766
3.822468525885754
3.7730007293679666
3.825874426435626
3.7896725626105847
3.8091254207649747
3.874438093262732
3.849249435404387
3.8625964160796267
3.8782325733548393
3.9092562052006636
3.953630636153901
3.8330610689313667
3.967738497344881
4.046058598485133
3.8952939261991495
3.9663072607415666
4.030251923015499
4.0349589705218
4.098516980783677
4.102726882434151
4.10620993536442
4.083160457336101
4.12133488686344
4.1535378354745625
4.024911361222754
4.065318109011196
4.103613428996793
4.07157080925313
4.193495169137475
4.16770213781984
4.107929645842929
4.2901255433218495
4.156099142175153
4.168088701519386
4.193060901500805
4.235049639165925
4.227021032044514
4.184038202112927
4.192290525911107
4.220508614105456
4.382523252853967
4.236678217765904
4.287216423368973
4.33728275492014
4.4549927520469454
4.403088412656322
4.3942261807912
4.347812235472135
4.375908174557648
4.400036033558748
4.4238248161624085
4.390631586068183
4.5164180663648095
4.438826390430081
4.591934581746255
4.4582174917508
4.637294941480761
4.590093922256692
4.475173858516509
4.525253647291234
4.540599049677266
4.613903215474682
4.5554926897685455
4.554477284279564
4.565566255644431
4.5816321366421935
4.762975576896014
4.7366606494323475
4.7873107438761515
4.803589062527832
4.695733050071447
4.768491370709974
4.694146065214623
4.722700705770083
4.77434087405761
4.820496071723443
4.742162179494328
4.815669569627734
4.787964339912499
4.95333960393993
4.834736722995163
4.8090145874517995
4.8342681641627285
4.895322394073252
4.88549102968053
4.9472251478893545
4.914894957252387
4.951151763493707
4.9068086843511916
4.986561878866991
4.954803817033089
4.976374876916478
5.017894108541511
5.091759903329532
5.067389988250951
5.01450161858298
5.114284529129878
5.15673617204651
5.216024859234008
5.228240765777982
5.135933498608629
5.196595278951172
5.22331493880478
5.149012960290855
5.248661904966612
5.163597644551614
5.254367953746154
5.288556766503136
5.3054272633901585
5.26987909660008
5.319873061257282
5.4275540421669035
5.330763234620558
5.2680162955901135
5.2858924608144084
5.437753671216112
5.448704532870205
5.525806158193196
5.357906357112793
5.5365167111649765
5.418576967513036
5.3914297874838395
5.5308581767001055
5.56827473414299
5.567830058402484
5.608042406646302
5.490960134986563
5.507702602167903
5.5143745623574
5.675147049814957
5.700709979513414
5.5758930837033125
5.625205657007418
5.62725454584302
5.6762098105842105
5.772090553489632
5.720846160352444
5.709390488430152
5.657949988087681
5.741353910436007
5.820157672640439
5.857870815491696
5.772954895432888
5.720017222598623
5.767502967813472
5.847657471701039
5.884215063981361
5.7855519083572675
5.961639853305453
5.953699565264143
5.972435590342789
6.0122175188989395
5.9698524426757045
6.046827994179858
5.915985402290815
5.99337025719052
5.999186267643797
5.977233654031966
6.069415773179167
6.123902096441596
6.045791377682749
6.181642131631456
6.171576408103753
6.075077429147937
6.145979919355752
6.2133387534762505
6.202810656459136
6.211655283706223
6.252802705216212
6.221595169410992
6.245493357197502
6.21170580712892
6.177851695880304
6.276292363435758
6.255494688631112
6.357666158227408
6.296813683185022
6.410157807578619
6.428497692974349
6.306326900301535
6.37536263132223
6.306024403487999
6.369588173819535
6.463989817736824
6.397710082480451
6.46688709919941
6.541907269053928
6.525031148490099
6.577107228687344
6.445632903372411
6.59636311191278
6.58986441275972
6.624814630473104
6.556653851147943
6.6582320300190485
6.53805866000531
6.542060163473567
6.674104025631087
6.658812106079939
6.656613967889946
6.634867823435554
6.776155308766751
6.8066711935776585
6.808898235937007
6.663659369521845
6.846829445099651
6.805266048388919
6.7399741882826
6.862996232021836
6.738203379161834
6.877229795556858
6.921848457072354
6.835210497838628
6.840521970945717
6.822627433242494
6.922752439503867
7.000809516541166
6.971051204417112
7.0048959299828955
6.894941196354216
6.952195081226186
6.905963718608588
7.045632298263073
7.014037377158131
7.019723174294326
6.973659692940045
7.1092016775504305
6.99745958757789
7.142879365819341
7.129665564384221
7.059493696108611
7.051714084948025
7.246201592897973
7.100293846247329
7.250559538264556
7.253612340838545
7.206713367857669
7.251011837994521
7.315279421634022
7.26017763211775
7.369040232039557
7.2388893381952375
7.249266051113074
7.243058079020622
7.274608815724111
7.402513780671089
7.320364041863882
7.4707281459058095
7.36194103541766
7.491720457106203
7.323941850359596
7.4966444921459345
7.472302185364873
7.49680924760933
7.391416203282033
7.398153108325811
7.433520545361291
7.5732329156870755
7.597647030080122
7.631066526257623
7.627535796705786
7.582041403050129
7.625604293295113
7.562094821496546
7.618255693471178
7.609432122085472
7.7133193094517205
7.60089206686007
7.689433619819924
7.65304052991869
7.7830316025908575
7.681968424264343
7.717706168555756
7.689589879410493
7.667647067536232
7.860445481112937
7.774772629304829
7.763924326124435
7.72542071950885
7.758995795874326
7.867275343298577
7.82705233337854
7.897067857304262
7.948409388548324
7.902994099289779
7.902799534123533
7.971689976935744
7.99705332054207
7.941952407625831
7.906324567568533
7.943387198676821
8.073237321423033
8.055438768283064
8.01691065436738
7.9964539482055255
8.115651159546116
8.043182997492792
8.03324683936843
8.178077294707554
8.077061675107997
8.147849476108957
8.083994493390087
8.118232085837006
8.059224845269405
8.121561248398859
8.26833481683585
8.183582172690045
8.27037357101898
8.133350582503702
8.221934086665087
8.144686001953563
8.319277678914155
8.365395881140344
8.210932271639294
8.378479305184696
8.231201387784482
8.328259070940812
8.411525263773516
8.286098875118133
8.27812811558927
8.40374491146686
8.414503070875742
8.293285516616141
8.322499947237347
8.5119962255926
8.374010508938882
8.457528339507022
8.406625748005423
8.492815680546439
8.571615217670512
8.525590938120182
8.499351279510943
8.575060040997405
8.623843683930106
8.524047924247132
8.479088852459654
8.614525586297924
8.64246386939176
8.553413417149835
8.542777597265784
8.643165573204858
8.555788660081497
8.659642709789415
8.71610842506371
8.661012562404466
8.68102202954745
8.686429349427572
8.655995947988133
8.713547524998063
8.649180579408661
8.829281681816155
8.805076364652871
8.699415783055917
8.788237466087152
8.821878798261947
8.703684770222926
8.781227782208887
8.747543555897503
8.784298136008065
8.780544161089201
8.911218805716464
8.87476700826352
8.81568694233089
8.83726884222782
8.910153810545681
8.962705134415263
8.873503925517086
8.944269241244482
8.93326381181542
8.989995755766763
8.917181652238279
9.010201752882617
8.971316806027394
9.06215374580387
9.087903415473292
9.080646097334549
8.957477035407642
9.02719229171064
8.970145829897426
9.058107624818524
9.057171027101472
9.029622723114617
9.050385111265985
9.02533019801155
9.034357658979273
9.162927541175911
9.186518407126119
9.231355779726446
9.096453848216443
9.156313368380824
9.15610725127213
9.135668836223317
9.226121081604818
9.23135050140716
9.14918854763582
9.197434925992091
9.28955467702743
9.282551254129283
9.315979913906286
9.29240383007388
9.221669363699231
9.2831670201674
9.20919338516498
9.344682666327548
9.349578151686627
9.356464344261765
9.320943397056006
9.333419769128305
9.271808997480246
9.341889045230737
9.307119457155057
9.30640238161434
9.318009740656429
9.281370161620544
9.4073044579705
9.406696532771202
9.4467550597288
9.384294815948257
9.442489655788936
9.527203225800339
9.492869736888046
9.454028975508153
9.45436161150578
9.53793894982449
9.457116103682498
9.441089404997074
9.5512323190245
9.399036547824277
9.538582668782976
9.516583530091571
9.499032325192065
9.547458253091577
9.59800387609358
9.492966542806972
9.601368114419921
9.540261380735481
9.49296428333369
9.479112887751285
9.616372344856655
9.66914988276785
9.51549812146675
9.56466452911403
9.662302515413876
9.636370865213639
9.705768268548178
9.64126646324952
9.591907812011884
9.551158205054438
9.580977563892768
9.582152025689512
9.730586897000332
9.579994839335933
9.704387897170514
9.621094082210318
9.59735941675334
9.686988111724911
9.725954691085592
9.633239044176023
9.739839219602986
9.797932354980164
9.711713137338622
9.79159568865264
9.780091702402142
9.798031666034888
9.820642598992038
9.727984938408504
9.764467210666588
9.842207793851246
9.74224184982432
9.7197619310183
9.870348164323431
9.817725943003513
9.751342120901164
9.74812782975494
9.76000307681805
9.766634251906337
9.927285623830118
9.820729713793542
9.93681754511431
9.837831739969124
9.92556372357006
9.90471071571564
9.873028876915429
9.772826496460755
9.811590795151925
9.904356208231558
9.821036299733942
9.979959135318582
9.9837094971974
9.858605462668852
9.830516146875055
9.922720541051328
9.966633996051398
9.924040735539844
9.998250210324118
9.845814049444472
9.827333489832615
9.906177138933232
9.853421893916522
9.978833744722628
9.942209236413875
9.95907365802175
9.924403743554102
9.91801205471431
9.87707696800416
10.042540426520839
10.049263904173255
10.01975885839429
9.891215530436947
9.914157691869383
10.068562124168924
10.074534326498242
9.976661510009016
9.942613672665113
10.044254995290665
10.07681846015144
10.061852517654517
9.916582495603969
10.001984827600449
10.07793101300958
10.016113325165247
9.938147906394983
10.034104345342378
10.009411901372761
9.959667027244913
10.053590217328608
10.109505301272335
10.065398039876609
10.03313900295151
10.108700128070723
9.936464684758045
10.114545438537515
10.094579857087295
10.116176123934178
10.012290440742545
10.020853857484555
9.966679784465992
10.00382195121897
10.126644931015214
10.035111530910475
10.063365546455822
9.97024187952327
9.970022490113527
10.070744847765539
10.105876419954576
10.039265194650781
10.123278524903714
10.127784668044935
9.985674065702973
10.141957905981478
10.139513870228672
10.065340688606874
10.006128060859742
10.166222759381757
10.136558128944397
9.97280930967586
9.98387728749618
10.003822658011613
10.009821173021674
10.034476171612141
10.1512367973055
10.005009160531248
10.052929325935365
10.012422758263057
10.077911582322143
10.018038290621977
10.041692969852319
10.125995738587049
9.991064599666934
10.085145898926333
9.976069528677463
9.996998921872747
10.045296758511515
10.066060079292313
10.144726031252919
10.057442446046991
10.034033778322293
9.975433722651013
10.0586746487513
10.157511707687542
10.006672506710073
10.14736973872469
10.124991825117688
9.990280405093694
10.024639439748551
10.13837561773068
10.09474656149441
10.040633027694543
10.019848473016252
10.044373180372688
10.137216604035975
10.04935124868829
10.075706637185506
10.048374447684997
10.056743862447526
10.141882050933907
9.999789427062746
9.974571208956363
10.01696316170044
10.121750864347147
10.01670315043283
10.125393616084878
10.018478131696558
10.11660407900038
10.074543361069523
10.016027953946978
10.030562535848592
10.113624496766358
9.9190261571761
10.044788094028313
10.073276509989606
10.058502154706835
10.103902760214709
10.023115431146639
10.060883660703633
9.963834313944261
9.95701472417932
10.05368535076438
9.945619165438512
9.912218943379282
10.034588143771584
9.944492932499848
10.070206799040777
9.91229975978193
9.950718842620937
9.944129168000812
9.951282689253851
9.996504051037464
10.020728051448076
9.971781158574213
9.861167513356136
9.915735412879489
9.99245114044964
9.925303779857016
9.926664051882668
9.943259566842434
10.013521945307222
9.892517379611744
9.856700353381745
9.901896966940637
9.907384894768432
9.877072628536098
9.891194728314677
9.948602527524931
9.78808564682083
9.800180859214409
9.914417948268005
9.952809699833498
9.802443652306538
9.828360991541123
9.816372622829194
9.867771894990483
9.808954110535518
9.763039463126082
9.904098958498745
9.781684779276352
9.76840384344283
9.839469855896423
9.82110471014462
9.75094456121469
9.851336608263061
9.808621816520576
9.747949029664703
9.746442570029073
9.823597065370937
9.741943491149895
9.782350894364832
9.699437389809539
9.833389640968239
9.643221146416813
9.648391021873195
9.704267553184287
9.767605023558442
9.70330565964543
9.63936427175406
9.771853545950842
9.601822273208281
9.599757387056457
9.618073086712137
9.647840203503451
9.60218514092864
9.742946836710278
9.721740372210292
9.6149081589886
9.70346205437949
9.694474343680525
9.552388306598244
9.60975218585155
9.609645621944285
9.670448548990302
9.516461414791742
9.589932778124894
9.64437648901042
9.66419151435303
9.624012808958541
9.63170455912476
9.569606146497478
9.608315321771409
9.58407605813612
9.533110805692495
9.55925118336564
9.60847300660505
9.481523863634388
9.590475976216489
9.553753905151702
9.43452135555129
9.37990555334223
9.534723377875588
9.463135201618885
9.412990969649659
9.362598445085352
9.517735021409198
9.510277202040818
9.319098659787729
9.306918458705502
9.417867265438737
9.476883145555549
9.291326910004688
9.281211951074567
9.406156016723962
9.274994075959167
9.359308208452866
9.251445354577921
9.23938468358247
9.259630752087888
9.308103583938726
9.37179919151065
9.301248130305357
9.321346716873762
9.320011573713568
9.210594732190023
9.276858222182437
9.289198427248142
9.239844035918974
9.31166844396491
9.2011900221575
9.150951251562898
9.173789676408843
9.149411836572444
9.093257095758846
9.100543509784819
9.153822377081353
9.168653071057257
9.129722628937127
9.053080933429923
9.077195180278052
9.199872634901078
9.179535527053597
9.182394606573457
9.065696452777138
9.102762399798934
9.07077697697975
9.113020366303042
8.939121918213642
8.922114447035634
9.019486990749302
8.915628989661235
8.928138973638756
9.02349237673712
8.981544692597744
8.87086931109742
8.960733533176956
8.918828105475791
9.004373215583175
8.938755908792402
8.990408712054341
8.852215041509861
8.888863821459868
8.802150161848262
8.789084622442036
8.882992667244327
8.738047823370842
8.893073694185228
8.836105131295529
8.83999554235094
8.871261791675497
8.829132266443766
8.741101740881813
8.754990224050522
8.691150031353896
8.661454816274107
8.753819474647182
8.666890275665468
8.644562446766695
8.671877262900784
8.669900670994071
8.708610128727944
8.565684843485352
8.67797667927257
8.578338149376687
8.685594688267695
8.701919936211498
8.593386083321972
8.610881560961435
8.513758373985354
8.504677853119412
8.547602145477716
8.620466527882447
8.573348223935751
8.538154965382828
8.491153692293837
8.402211431232034
8.539536981337076
8.44154705858235
8.385360925461129
8.358152288964886
8.420543212900474
8.488198010248391
8.438056767386431
8.479624258541184
8.421738582832273
8.27322441894155
8.29111382136196
8.332565571517717
8.343433267739961
8.38154202953247
8.2534666137577
8.238213435200652
8.278084352204996
8.309178699446603
8.291924881691132
8.266234668033864
8.186388169926497
8.271731772389055
8.181270821670292
8.262878441505794
8.250288339281884
8.116412661716435
8.072928322903202
8.057555280246909
8.01542354187016
8.187924178088693
8.060942712800598
8.138114811867966
8.059127608186186
7.967053723947217
8.122438594170424
7.953743925408418
8.079965099159754
7.969854549720417
7.8815645139482315
7.923623640868698
7.989954596681125
7.876837747231067
7.869451785835852
7.9760729902725105
7.837992559474365
7.787633633591796
7.94727844345386
7.911249690973644
7.816205368616413
7.887714158158811
7.715665219300881
7.843707716733923
7.77914706395842
7.672918809304624
7.669205187699234
7.676829209658215
7.636019981835505
7.672371833306301
7.671859968289684
7.7115878931810515
7.626589966813836
7.684292540458138
7.655443489271328
7.579015011119459
7.685196646591389
7.53339279191263
7.6064815457545505
7.669425772265281
7.4663853673690275
7.51336673002901
7.504880645776318
7.493972051929295
7.534025008109179
7.572196533559916
7.503959477285224
7.47869140382873
7.373346974589275
7.467320787782317
7.4501248366699855
7.445571712215919
7.315817312134433
7.309977644596156
7.377600243206212
7.245861517488159
7.239597374106694
7.218343879314956
7.361413301023339
7.269984714093692
7.180300729065223
7.3293757344384804
7.200055113739739
7.309007744489822
7.162335241057442
7.181914872324836
7.084875153854195
7.158325582901512
7.207289557668833
7.0845577315406185
7.20051567153377
7.15691685031633
7.03050478897546
7.010663295482945
7.131004086135535
7.0446433121568335
6.945215955838814
6.924676844068972
7.092854791900141
6.941863265124567
7.042927377155781
6.928683434134942
6.862390622776162
6.897551460477182
6.87187216896673
6.925885404545735
6.8889410914024145
6.970584977381601
6.929534054787959
6.7731885243745795
6.900618959947122
6.899948809713684
6.805972018960443
6.7668410068583835
6.681964720540088
6.7409039518769704
6.834816876464135
6.656286636182828
6.798730082475491
6.676710020017232
6.636322314658973
6.5881917061768265
6.622899555700272
6.634495721576732
6.623689559311186
6.588634345970674
6.685567219680129
6.519649188914135
6.555698495199583
6.522760141596135
6.463596289651399
6.478009097060429
6.575504247355801
6.459283745663446
6.547777737311143
6.397948473351366
6.384444300689646
6.334564162239753
6.417166227739355
6.379330180138254
6.28905578901271
6.353009691191144
6.381713794007862
6.378750226474923
6.276644099963361
6.364150151490981
6.250983169670461
6.326860204158096
6.160252425127268
6.248941565742864
6.301864461258678
6.1940593539959465
6.235316918901943
6.159340066518579
6.077777459520733
6.207500982090934
6.1309254413359335
6.115668560866531
6.176471157162237
6.118517892337506
5.992573158149131
6.008014317240715
6.048129555298913
6.120643186570808
5.940310823159583
6.094158904414782
6.0283160791760535
5.941485186750823
6.024224289313594
5.96141677201386
5.9871497998831495
5.851530348213694
5.8343885209641675
5.8046338158201145
5.765824724304884
5.768182795841367
5.8026312185959945
5.8089590353358025
5.825289160405608
5.837413355856012
5.712457568224163
5.793905775223287
5.761872868893443
5.695903247957005
5.620819894163295
5.775245297687375
5.7050810591088155
5.580257386663046
5.630646291793114
5.572766267499195
5.678535558466477
5.692849639767069
5.565727880751755
5.486602879819826
5.470244536963826
5.4563505238661865
5.51734892386605
5.565080964707328
5.544339598058928
5.448027591366636
5.420529985627233
5.54656365727448
5.507270305025222
5.448484703193694
5.455217027189798
5.4645253619267065
5.4795283722771915
5.434657416911283
5.274894053517008
5.357359818808566
5.332069601521662
5.342723368254247
5.205263864164319
5.31956120841681
5.222413282926552
5.321845094845712
5.249670149852599
5.2829524808239885
5.220587227186984
5.250257648257271
5.103478363517525
5.158021173278369
5.1799810195622005
5.204776064287796
5.164151854923167
5.176794344275746
5.047407602987965
4.991085094854345
4.958680419382172
4.981944990004041
5.091311318864012
4.996070164856567
4.942218214963889
4.916289906245759
4.978531923352243
4.855046699481505
4.951816862767972
4.8555105127754175
4.833088447612101
4.801095539615636
4.933919871597601
4.932198044836902
4.779291993275396
4.739069247726935
4.782394971378043
4.85141624936528
4.78928740340939
4.759229956687214
4.86189856958076
4.686224405184272
4.729580850044524
4.770573939175768
4.732895785057801
4.682382527112457
4.594851744416431
4.626671406095939
4.643312682778407
4.601479564167682
4.6504614504978194
4.543576324767192
4.558126484832504
4.547521594995179
4.662249043080803
4.567395639225511
4.460718225844424
4.531731399985227
4.456463196023309
4.594822067667352
4.568264219287571
4.5611388055315905
4.379854953623433
4.499189319739589
4.35370236747267
4.378696580476454
4.4672758190039135
4.38028977879541
4.396273549691287
4.443681527585351
4.357093227097744
4.284915299497517
4.343642205935723
4.310378195534078
4.259067085008759
4.189192626737573
4.342582781700063
4.1528671375878865
4.1856996061762555
4.294529134648056
4.217252104956688
4.1923303922480155
4.243567035043993
4.068101545312967
4.057501224676527
4.1282964390768715
4.131435302570995
4.0254673639815035
4.12825377838622
4.134801731483368
4.142654308490319
3.9739864947458066
3.946687779423606
4.008460959135107
3.9479911457706405
4.0951243980386804
3.9209018643527678
4.067687194215094
3.8942712888059994
4.017691294297527
3.886715480140944
3.91767906507508
3.9218177107058434
3.836477907643445
3.811098985575477
3.770982414021442
3.797256999427548
3.8880821699201324
3.894184666974516
3.759677681270209
3.821640521074175
3.8780608190265005
3.7638995392313612
3.7509861919972325
3.712345873858631
3.6594138561692824
3.7501397007201818
3.643009014837032
3.697226771165398
3.7177404252650095
3.699156297790282
3.5926799267464262
3.7215754592711834
3.561935859824483
3.6867907518426333
3.6558912803421824
3.6978913251490986
3.5215736344062956
3.583212477579156
3.5013735815406997
3.641731916569329
3.4620716709204937
3.464308950145846
3.462673193853524
3.575402450144372
3.4310621465032853
3.507077349282237
3.435278308422121
3.5200257680588862
3.4428206051128676
3.3414924704902944
3.3118663639378054
3.33997752179918
3.2969313938574434
3.3011466785433212
3.3420982788561
3.4389072900170694
3.2743673362365273
3.3961304848352563
3.412225078179431
3.3892238481451202
3.235320746819869
3.354898556812113
3.3432498618305693
3.24124506330406
3.2147694154527295
3.2590089245083584
3.164826131059536
3.2865610383265627
3.096864749759161
3.1870396152742293
3.1091366123835438
3.1837856145921157
3.062901288670616
3.1964428567517507
3.071030099534871
3.1148832672661517
3.010449409866598
3.13069460112535
3.066516151415415
3.1588546442571204
3.0324460966660394
3.057088980996199
3.122157717320697
3.0379021901722556
2.967931592622603
3.02144498944312
3.0494217799480494
3.0409463736006392
3.0370048427833427
2.8983978879856194
2.9649189745777558
2.8725778584834902
2.8756069576122547
2.9969113674458807
2.825077089364616
2.932748145199253
2.8478295539076783
2.8519806603966176
2.8503386681422023
2.7425723804605844
2.802100222868047
2.8809300996556146
2.8467974192041527
2.7170034306329254
2.815673110523346
2.7108881517783003
2.730108848465298
2.7598551174230015
2.674714218316291
2.7524249819598956
2.7458809083654527
2.8025662299278653
2.618111777948017
2.785014124510824
2.6421048708370503
2.7505486844514744
2.662990645356099
2.5827220157628306
2.7234170940382527
2.690885753917721
2.6128055875450618
2.5602882491455508
2.595419067327212
2.681438105696491
2.5317796192673496
2.5126088907819577
2.522041508682433
2.5026008261511525
2.5461633991379546
2.430808818933496
2.5175929022864834
2.485791390362392
2.399590836158035
2.4687759792826203
2.493181889409045
2.426124596780089
2.4911420346467725
2.533572903962525
2.3638377943179387
2.5063531934030463
2.338467152767181
2.3242681195379444
2.362121959103488
2.462170862611453
2.302584132278817
2.4474738511710785
2.3488446584872262
2.318201910613671
2.4241740775783525
2.2878425012937122
2.222782924925883
2.395417791686107
2.348124244295803
2.2597561439662615
2.272863681728615
2.2623084559912154
2.1830294529246337
2.1723891323333926
2.161531034965086
2.184917214056911
2.195375350382494
2.280417647688467
2.11882788017123
2.214016602056028
2.163340701203717
2.2003444032036916
2.1909368396300075
2.1009329609222807
2.166636337555893
2.1586304880586535
2.1443879803338666
2.1154145551190737
2.073184994809763
2.106255922898397
2.0015095604752755
2.1172007659978127
2.014685168745034
2.0113138427801363
2.047553061853871
2.1108040666763097
1.951278761989823
2.0492754441758443
2.0490262694857604
2.0923577453519098
2.049532762021102
2.0036695989428637
2.077887505951436
2.017863264714719
1.986944772858895
1.9846113989409768
2.018154215025586
1.9755774051726376
1.9880556143065742
1.897023439035985
1.9182167432818427
1.9795578475033908
1.8882540846228844
1.875272026371112
1.836685758186553
1.907937991216987
1.8098098492484707
1.8849953238391686
1.8041594844998605
1.7901079892640188
1.842102006586449
1.7396550623050806
1.7329836294573948
1.7753904948089547
1.7504182628161964
1.847173523889442
1.731566836284572
1.7296641492505853
1.7399414219279052
1.7634374227623446
1.7295509249179593
1.7941817162804459
1.6642048593529581
1.6773506606262762
1.7690256920221685
1.7455828195401502
1.7271986732998104
1.6426113064372785
1.69170683856541
1.5905723433112042
1.5911954764446037
1.5992066817364552
1.5834977499706984
1.6850483160432561
1.5929371742668856
1.5722447579925938
1.574257697606722
1.608366178164514
1.6655233859895557
1.6268312530526057
1.58370345395927
1.65178508185357
1.55345806212132
1.5926748006964595
1.637076618642598
1.6048361440873797
1.5736115227203444
1.5051005044366765
1.4557729667691635
1.5094626344626454
1.488169091402956
1.5608554341729708
1.5310369068826635
1.5951324722162141
1.591413847646798
1.5828147512559871
1.4972144694658576
1.5831616924503924
1.440136038098678
1.4152077985722997
1.4031431321762404
1.3932383534698896
1.4885693099859778
1.4367438622745867
1.4974972822287786
1.3741650698009371
1.5131781083656173
1.3776923291758534
1.4221772912166082
1.3743876855975417
1.4702883918508642
1.3307106300519025
1.4013096391593707
1.3166981752092681
1.3747437586155677
1.3923179991772907
1.2922410592988962
1.3826637847157164
1.4385151651786134
1.3387702496951248
1.3240216810669803
1.23743591373901
1.2578320966070349
1.3531792931361686
1.3889654460887193
1.215200508985991
1.3586094132414475
1.2680706821519556
1.1945578424455003
1.2677793904522316
1.2325775638109293
1.36185109950338
1.1910314270181255
1.2447656047994966
1.2379198966130496
1.1855508100225283
1.200073754035607
1.2306833218955533
1.1253877557498395
1.1952882876069069
1.1406251095061126
1.1829389493208855
1.2479944845426973
1.1284062734414069
1.2514267234307361
1.2344028659667265
1.1967338518747643
1.0721594928508547
1.2069200363654458
1.0968281824063806
1.0733239757140707
1.237710391672504
1.0579092815229854
1.1525625406250388
1.1705181572497394
1.1501111907716877
1.0731473517847099
1.0655053099669458
1.143678031664413
1.101960710720662
1.0186949938403074
1.0479123207290912
1.03081953507709
1.162437416492241
1.0978887960371815
1.1172880287569653
1.0334541071531893
1.103534492205035
1.0424551049058748
1.1355636521854306
1.0701179499305935
1.079046949692545
1.0255856657653015
1.0221816087718798
1.1066481182639565
1.0418423076837215
1.070562810116866
1.0491006545810557
0.9237464976343227
0.9452399518959589
0.9750827589968432
0.9016702936468666
1.0124143823632457
1.0354762346850017
0.8943789907199502
1.015051553154454
0.9954759381015438
0.9180125271948674
0.8890223246607954
0.8947677979963073
0.9854496221852067
0.9239700897405985
0.9229968865158182
0.9477319645651768
0.9835572240637186
1.0120764079251778
0.909154800838575
0.9294152909393332
0.9237255342929896
1.001126530067093
0.9488411794319239
0.8215554299490025
0.9596904558083388
0.8742503024823203
0.9785622470164741
0.8544031672166505
0.802263803482514
0.8485322749193686
0.7744938589282248
0.9138654658019506
0.8427042822756936
0.9124451470758712
0.7823013425481242
0.7910339739990179
0.8769937129247829
0.8198108424547816
0.7674829588224242
0.7598254998145867
0.9196316422200665
0.7709160517412572
0.7282236247108504
0.766356365001593
0.8412716188182152
0.8483265574123346
0.8723189328423757
0.827161647949832
0.8537126767438371
