0.0007594365615388121
0.0017675118705630767
0.0009527889364288906
0.0022787381086080472
0.00213871752778017
0.0010602268072547232
0.0021148294765528392
0.0020938676998744597
0.0009536542125824904
0.0007897653191575957
0.0022759409358776364
0.001945103851146694
0.0020217706878463398
0.0010998034709651377
0.001090994647289258
0.0006403067434986939
0.0009638808721753613
0.0011600850495218527
0.0008019539209582218
0.0010675542500188063
0.001734076387868589
0.0011159382458244321
0.001414117603617314
0.0023070051275006715
0.0007940059268390262
0.002253467899060369
0.0019076330988896596
0.00079206046085537
0.0018879073211382801
0.0010067781654388623
0.0012630254242361248
0.0020398239597357744
0.0021940233772807533
0.001355407193499189
0.0014595410099736436
0.002003152369094051
0.0016107045959925085
0.001385926015471419
0.001532809455813703
0.001577877642185664
0.001682757996770176
0.0013375415986421934
0.0015513277233953644
0.0008230818738266694
0.0019116902003075116
0.001668611018679215
0.0022526339534779116
0.0015701589463686682
0.0012749543564250334
0.0017835697332219465
0.002400127588897316
0.0015375174822167695
0.0014026062154223616
0.001186111001252051
0.002215235175076114
0.0022639589118072664
0.0013806034670605111
0.001437067581111969
0.0021312910080096698
0.001325696611531714
0.0011958740328080425
0.002360203996426698
0.001450907222948773
0.0009778772887743643
0.0017030016855260433
0.0015305931589025563
0.002365359973776971
0.0019398871530861641
0.002129410952065784
0.0024126269947091225
0.0026931844853200575
0.002575531766031851
0.0016481955632817044
0.002310898517243364
0.002579868977817318
0.0019762372739696027
0.0017218531676175713
0.002852731466749654
0.0021666941920173593
0.002084763919325681
0.002607981278996641
0.0014728845050788835
0.0023098445054137015
0.0028790510805075825
0.0019055342302492693
0.002145483041893916
0.0021194482073636912
0.0017130894761826344
0.002871524193731488
0.00127896962291722
0.001460701306695227
0.002897815145586751
0.0027763207218742692
0.0025854573152931898
0.0019426259757163878
0.0017473861749732892
0.0018085675424285227
0.0020801003329220286
0.0025816409199040324
0.0029250045549764755
0.0029131440507153077
0.0024203279369883588
0.0022155359846618926
0.0029721524102855846
0.0030085688081956754
0.002342330182933461
0.0029884435099611227
0.0018089514864950953
0.0017982204021814868
0.0017040425955184295
0.002617955088812026
0.0031955569774399797
0.0015420114257381746
0.0029279537201485927
0.003127956384645698
0.0025657243512513628
0.0018325850554025583
0.003166236852736331
0.0022616513817972916
0.003174401588575493
0.0019868629091134627
0.0026373213675814273
0.00237949762008043
0.0024464736912486714
0.0029443723394176995
0.0019918510356710297
0.0027074350277836758
0.001943816011757164
0.0025980906400005833
0.002289699972014851
0.0025818011490906672
0.0020241226560111588
0.002976023375798301
0.0030017094370151614
0.003434516452600509
0.0031412983535808957
0.0022675217514753327
0.0028289399962644632
0.0029939276947718372
0.002529943849378034
0.002590368785484772
0.0018744552869606344
0.002137434181758147
0.002498674012992124
0.002208999895511098
0.0031769013994027546
0.0022710401219845737
0.003297739074268115
0.0034046696233868876
0.0031134431263508135
0.003280581808031692
0.002633663799251148
0.0030008203508202257
0.0023328236329817975
0.0035158475414908985
0.0027116769915344276
0.0024392059364394926
0.0026828253781913673
0.0027831452139006493
0.0032430662000870174
0.0028622744160662628
0.0035748085281774454
0.002794318141027629
0.0035887383865662254
0.002528968392966451
0.003981860816846336
0.0030853013970162575
0.0028194040403783428
0.002770382240581951
0.002505744044225338
0.0028022930878571456
0.003635670350765802
0.0034406819580887846
0.002582796313593224
0.0034369568102553976
0.003379417112866919
0.00294621657967531
0.002821763471636424
0.003903582081881632
0.0035952321620792314
0.0034501690222878754
0.0034847092737568023
0.0038936953224348505
0.0034364446925901895
0.00413405065372983
0.0040923188653504
0.0030471969478002387
0.004109849358933589
0.0035587286934585316
0.0027362504722143297
0.004184245611325375
0.0028587914412492037
0.003877459917646315
0.003972101212449151
0.0034300973421406843
0.003548537004707221
0.004476337004769374
0.0033809956374372583
0.003217225649926356
0.003701752853747753
0.004075221768613658
0.0037545547449853453
0.003453033297497875
0.0038582006263784157
0.0037092206785495174
0.0034713856787061295
0.004730540466958658
0.004819826044253978
0.003350207425356241
0.0031797614700974914
0.00362457355704507
0.004691053097223769
0.004932711178669554
0.0033234344919608858
0.0034863450653418882
0.0038820812614248816
0.004994113504364044
0.004058401110238109
0.0039051177610206233
0.003586264555958294
0.00427981529017286
0.00401669504906947
0.0045862277678250995
0.005187594900736965
0.004261788275145439
0.0038419730063605807
0.0036108726347972644
0.00407672099258205
0.0045420849397076034
0.0043468936900512385
0.004969294589728075
0.00517713578574194
0.004859237098379708
0.0040486275600501165
0.0046245297029580985
0.0047422501101810986
0.004095044478915087
0.004746293485046205
0.005612605025265185
0.0056604868713669735
0.004888458313468181
0.004488847597816381
0.004682730119372557
0.0045396270808509475
0.004157960914003389
0.0048752747560578905
0.005320277265337664
0.004243277656942756
0.005366332943441408
0.005398099527038612
0.00533257328341068
0.0049826908764859755
0.00574364768925222
0.0050633200852124305
0.005489890162447674
0.005163493676230996
0.005632303777669269
0.005142506037887645
0.004859089460414786
0.004940568197659587
0.005376632079934995
0.0047887722915936825
0.004889260851981697
0.0060343809608886965
0.005562428427657465
0.004838917495954418
0.004940598145788391
0.0052044524948247455
0.005821209792270957
0.004992019320943159
0.005276219885203287
0.005494275440166808
0.005729528512799332
0.006370929667554515
0.006302429592814423
0.006515995065208859
0.005848781347978946
0.005827590850473308
0.006687844729879121
0.006410717578852505
0.006032418361724767
0.005876360941897895
0.006594776942582957
0.0065817748386980506
0.00617034862285864
0.007023068615344963
0.006797239370050625
0.006134150586901859
0.005938973967239276
0.007123416372404501
0.007249535191301011
0.006713704860514
0.006432140353184169
0.006576320856191942
0.00585008682152147
0.005712347537840232
0.006310201439553429
0.007192152546734366
0.005913417149895893
0.0063649813367854585
0.0073173240157469455
0.006835719695674998
0.006604817915772016
0.0066138684837645095
0.007040952982171346
0.006487521840933248
0.007616878312544811
0.0076083643244575835
0.0068914699191455365
0.006901775385214505
0.0065216629571203085
0.007749774844667702
0.00801389676087297
0.0064794995148440004
0.007093777300539448
0.006530771367423915
0.00808954708283906
0.008145153537587322
0.008076259575491448
0.008131562302179747
0.00784032507135247
0.007029907735834287
0.007298325736124957
0.007861528403209661
0.008322034997486582
0.007840662574617616
0.008540462550813905
0.007291438049841452
0.008704742404668337
0.008020212079807396
0.007210691901167969
0.008579096901677564
0.008909807363298486
0.007564606935002593
0.008397507639895847
0.007383083010842456
0.007619665098565893
0.008044311952193963
0.008408583631913621
0.00755681721085259
0.008827670668669605
0.008645040792933392
0.008324844539294607
0.009369958702309524
0.008134984563626296
0.009383273560080632
0.008244070908447155
0.007934328680889613
0.00809245431839663
0.009120954767831762
0.009064455123682282
0.008343520396835086
0.009395425947611226
0.00881604503793648
0.008296300419832174
0.009537473627839048
0.009219783864107297
0.010036483188665324
0.00903633324940572
0.009843123161227625
0.010037215959325305
0.00972737681683568
0.009000801957403
0.008779468700601317
0.009915321387520147
0.00950223408927033
0.010029941365802259
0.008835773928527857
0.009871515485688709
0.009547686837914614
0.009153956525285167
0.00950134784019349
0.00912140960782369
0.010503905572233019
0.010636549790632771
0.010701199571470811
0.009442953765898161
0.00963579986866362
0.009749200451071274
0.009622921893462389
0.00964992127965687
0.010015216937117193
0.01080088826184605
0.0101300977193431
0.009908331072169197
0.011419097206221642
0.009951090204496329
0.010812477571703274
0.011669507882504187
0.010971027574067427
0.01080720240097023
0.010535498737322398
0.010146542757777585
0.010884050151126111
0.011494521737844368
0.011764591139587326
0.011006609612437403
0.011232685637254982
0.011717592706648464
0.011783511563115683
0.011789602355841774
0.010773420090258922
0.012274640095990226
0.010865456549034194
0.011056845791089115
0.011053930371378085
0.011569667467683955
0.011533357248833318
0.012732205508677966
0.011107486924201474
0.012524580902698179
0.012858658356214558
0.012143301531705807
0.012956862523401936
0.01270019270514062
0.011984885481032527
0.01255301758310943
0.012269157892057824
0.012116654985574286
0.012545895598400244
0.012210338718574618
0.013406643497247189
0.013063542989165122
0.012174422827658375
0.012109003735721456
0.012615356497810329
0.01230284048502308
0.013187342490289834
0.012763306493310688
0.013109890764985824
0.012650637087241517
0.013397270474202996
0.013846132130415885
0.012560511808610637
0.01277395010017909
0.014314268092669684
0.014020244701420853
0.013384931207562387
0.01442339564014568
0.014220631374144657
0.014230769953765047
0.014534467873115318
0.013622257404360074
0.014171920272171894
0.014200107736770419
0.014322460537192034
0.013387469019052599
0.013454754924824956
0.014864040796354719
0.014665759300746475
0.015382806725291843
0.0154629151459843
0.01540307008965842
0.014252281342728384
0.014692485300685055
0.01483094030056613
0.015450922473037474
0.014682565311388049
0.014773515496049158
0.014980524081565768
0.015951898314679823
0.01568218413882034
0.015649155683539518
0.015235003424178363
0.014909733024200003
0.01467363418376082
0.01618514334211186
0.01601876514512921
0.016266865546767154
0.01585429593949339
0.015843279927480927
0.016040615307939907
0.016293337534323115
0.016832941667909662
0.01545977800079255
0.017068788379028185
0.016497432934233308
0.01557141437113769
0.015657069080913306
0.01649726878820523
0.01617319296449089
0.015779961308648265
0.016509748190702393
0.016012871326166567
0.016076546621122706
0.01731991298247284
0.016649231630687388
0.016535901217056122
0.01634186240087554
0.017882810168826514
0.016593815627828513
0.016846921311360657
0.018216653544253284
0.016715503414304618
0.017385443598106187
0.017901248491701854
0.017432116216301762
0.016994243596131352
0.018148478250089087
0.018118333036716908
0.01861917559706795
0.017771731533635766
0.018637393181907595
0.01773186368341547
0.019185932514648462
0.017718762045639234
0.019329400127460112
0.017893585346815996
0.01791173725471155
0.0193699326659654
0.018062518205306077
0.01863294291209284
0.019640331309822366
0.018944975993531923
0.01866001336314754
0.019784434286937293
0.018437857634272692
0.01871936228154398
0.01949790575377653
0.019436913712160924
0.01941031547359054
0.020407333560762225
0.019615375258218166
0.01904578490189125
0.020408066881833286
0.019679084671467
0.020227205518474636
0.01988971502041448
0.019309579667625372
0.02081166968200165
0.019933938684569507
0.019608503492075637
0.019793751394471513
0.021079277010054277
0.020501592771440532
0.02088029431465493
0.02118366620904685
0.021629638713807724
0.020964491527725292
0.021137244187406576
0.02039814750145628
0.020528289902516726
0.021480082119772023
0.020794898599967245
0.020974290716553406
0.02200076945000017
0.021906019079500526
0.021314922814575074
0.02098943538030614
0.020921823722591937
0.02235213767205866
0.021970188608232875
0.021897876535822664
0.02241580426606085
0.022517886343782663
0.021849280342201873
0.022162214334712445
0.022841842219134125
0.021874863265093594
0.022830826934468505
0.022962011346404472
0.02343086808687113
0.022793092307851683
0.022078770766141877
0.022411068065183382
0.022944606678163202
0.02366111898255807
0.022399477776994248
0.02367896720427787
0.023140513774145107
0.02313815602461826
0.0241629195869178
0.02397444148119543
0.024438757674109513
0.02379641397453453
0.024198745514716683
0.02323833511685148
0.02390116687630208
0.02403771673278535
0.023835929414987373
0.023533267252939527
0.02430006378671334
0.023918994792234645
0.02404984252758153
0.0242469557833246
0.025307522704921245
0.025504591429597795
0.024977059241766728
0.024085508899356387
0.025754939384230235
0.025791587751376032
0.02561641133932186
0.02453795752906107
0.02551626139391177
0.025833241346205064
0.025826245883667415
0.025366167383790807
0.025259719167022097
0.026073693118952575
0.025774675667729608
0.025970340943673485
0.02578732598806947
0.02629402007335749
0.026092119342722007
0.026657582469033516
0.026483765730610367
0.02605149847150079
0.026005560895229946
0.026976976678523456
0.026658682952099985
0.02661414922194829
0.027071466601394884
0.02725035080321514
0.02672344482270048
0.02729046648148836
0.027370581812502053
0.027200583968810175
0.027474486158583694
0.02746192125633355
0.02700607528989633
0.02753898483974688
0.026685240601956536
0.027611760681553583
0.02820404680684783
0.027680478896792246
0.028176477609046686
0.02810427706543256
0.028029026285373584
0.028640768041565984
0.028193027274643737
0.028520877720262374
0.02822981247509067
0.027710868547095542
0.028150882780572473
0.02809829135468142
0.02888976824457174
0.028741731445957618
0.0295309118296695
0.029069662372697057
0.029455023226913554
0.029362179087403146
0.028543133188898225
0.029642576414286775
0.02912003597882402
0.02858436462470355
0.029925196240810952
0.029739988213190845
0.029309198654746866
0.02991954804430605
0.030522955690194326
0.029505324733123735
0.029724142035631958
0.029288537837651285
0.02974866973393397
0.03064216480397367
0.030430734417468245
0.029831501739033053
0.03052356271810747
0.030584358099640083
0.030891107280499177
0.03106869000394444
0.030315676933914217
0.03001755342510651
0.03141057944547205
0.031168723007821298
0.03151188695506631
0.03039913131989652
0.031505528395928885
0.03089235014379419
0.03193491213107418
0.03070850955507202
0.03198686838586288
0.03114707527074351
0.03224646276980839
0.03183051562259563
0.03256534617823285
0.03226019956234505
0.0323550983831292
0.03135593418604434
0.03251432204767939
0.03146494453126921
0.0314763617638093
0.03304901184778239
0.03312575632922523
0.03304454010052783
0.03205298369298924
0.032448374280098106
0.03357384663951036
0.0335328374013002
0.03242205397614317
0.03310300349603284
0.03277487088745525
0.033000743926921476
0.03318822146046371
0.033076666485170665
0.03406912382107225
0.03317502643308585
0.03288435444641925
0.03338163519611415
0.03305284111259985
0.03406911837040149
0.034448038512302215
0.03379232777334109
0.034005737563791084
0.03358493615786195
0.03490064624457195
0.03351806103630453
0.034763911091762176
0.03378365226711827
0.03478237178591683
0.03521663412966973
0.03461321123180439
0.03512722612369644
0.03510862722811682
0.03418711168329821
0.034516192177521464
0.034967840783053726
0.034024184595594496
0.034584024215754794
0.03427998098350684
0.03499302537310663
0.03464145428650858
0.03434816946010763
0.034923799205984755
0.03614102245598045
0.03551289443560108
0.035702225648469504
0.03469462169398773
0.03569938839189781
0.035788383487798565
0.03596547798920713
0.03666915620135246
0.036313891038964305
0.035153541381101654
0.03559515175022377
0.036389189926727954
0.0363068884993954
0.036640588697354357
0.0370055650314012
0.03655394199502513
0.03565670365763404
0.0363611513194224
0.03633844996504693
0.03621454929333778
0.037157607299113465
0.03623360723566524
0.03612004843505377
0.03719852085000057
0.03741405266404858
0.036260066542322965
0.037322962760048255
0.037744380017354286
0.03794514994167345
0.03775284253252567
0.0379963846535345
0.03653475298199076
0.03758611755059794
0.037476671394005796
0.036816609507146734
0.03811086180398268
0.037752852406954036
0.03806866167169712
0.03793136031888084
0.03816144373886812
0.038220115885780684
0.0376858484336547
0.0371436152135313
0.0375586280658994
0.03888922121741965
0.037579814337884404
0.037999334188888165
0.0389520538358094
0.03906831492279883
0.03755820151492973
0.03862161634385867
0.03793966315457835
0.038644331759345535
0.03887666044138089
0.038062746825250696
0.03944857993520443
0.03907126319656471
0.037927235358196795
0.03892127135529487
0.03931464987674602
0.03814193048322091
0.03957199746570476
0.03935587853737854
0.03859120784414694
0.039508844166578086
0.03938417934053831
0.039231109374957704
0.03850985286417783
0.03955496000037817
0.03860439841547287
0.03917167900189339
0.039531291890287854
0.03901998359557277
0.04035281146519407
0.039359393515334136
0.03906344004454508
0.04002739213807605
0.039044410917975926
0.039042994577234084
0.039924965057573876
0.03966770096514219
0.040512731245807246
0.040697100593707514
0.04068308007463974
0.0393960538025103
0.04046136340273681
0.040019486555514114
0.03981330872112482
0.04022209271690948
0.04015431268639774
0.03965252605186897
0.04014771340083059
0.03960847468644829
0.04013888077488601
0.04078358856250498
0.04029813097261239
0.04129683292773871
0.041289305373328734
0.0407210454375723
0.04030737898137961
0.041514929773246424
0.040980038535609636
0.03997858541656352
0.040093988167739784
0.03996184259545287
0.04167968850571508
0.040846913172254806
0.04025279243487662
0.04070105273450041
0.041446646760845585
0.04170143833936811
0.040755182277963424
0.04024314255330364
0.04100433626728819
0.04031776194923152
0.04173092556851014
0.04060700887517672
0.04151511201575769
0.04093564678875615
0.0421300306362964
0.04158266439551663
0.042073395531940554
0.04193816571896035
0.04206442303406975
0.04149578469956473
0.041757064616115495
0.040855030623801254
0.0422152667673829
0.040906896645396304
0.041216154263391765
0.041919534917607026
0.04198150622683389
0.04212031214974768
0.041034161098994756
0.041043937279299274
0.04229864708256112
0.04238653288791776
0.042630182853878144
0.0423543505065839
0.04232943049211643
0.0425448314481839
0.042533280460836785
0.042422232020499745
0.041266102714083715
0.04191180212231032
0.04169116132342468
0.04273724196931677
0.0417110072012326
0.04137176566027226
0.04228460306221121
0.04280965261762937
0.041766944576461594
0.041393110619423044
0.04280265141951968
0.041452447125516136
0.04175851513009281
0.0425626113202215
0.041318429108394485
0.042251661251465004
0.04125283898212539
0.04135138612632475
0.042818538037136186
0.04255096735971815
0.04270468209707799
0.04256797469365126
0.04134842369585612
0.04293653671191863
0.04256008490503761
0.04191343355327251
0.04291007058508062
0.04206732262390087
0.04208967857749848
0.04172746972718168
0.0426842034457753
0.04211299517261329
0.04180963178475971
0.04291637697898926
0.041729693471006135
0.043095994236034336
0.04284114630644123
0.043112028225729106
0.04279773197644722
0.041550861040612626
0.04250669234960354
0.04315144789052021
0.042999509913115755
0.04216322880288279
0.04175322560753255
0.04154681330904439
0.04156531166931484
0.04246813303454125
0.04180258202390222
0.042768591333440374
0.04190008744565008
0.04243350238965206
0.04310943271561046
0.041735070325972935
0.04236132942578033
0.04191518053278694
0.042669014000770514
0.04296997491155507
0.04245514805564004
0.04286858677718588
0.04292383815462651
0.043035612890801024
0.04199882312373449
0.042108349417322
0.04197357144284734
0.042683955839503615
0.042199619601915955
0.042153212977516966
0.041458176135419834
0.04182113357896195
0.04237399601120593
0.04232555134021774
0.041767770359509765
0.04148629995502998
0.04215278396475381
0.04275199045936499
0.04215832067354301
0.04122686537268056
0.04172234900366913
0.04243421500844904
0.0425600415365701
0.0415286477112718
0.041627231885529095
0.042802873278042095
0.04194842361208604
0.04140933409190891
0.041114239475025315
0.041511126842808485
0.04117359777100107
0.04226169107951751
0.04174802647110049
0.04140993281175988
0.0424987403752113
0.04247045563814494
0.04121659653920413
0.04139622961088187
0.04147939059404312
0.040932592439420795
0.04131617545088145
0.042387427373564074
0.04197376116817023
0.04212384835105327
0.04205548379716193
0.042322734111241225
0.04077535945956604
0.04202964473438627
0.04103693981828985
0.042219248465401024
0.04185987386162212
0.04188715127486108
0.04203580411138673
0.04062304001173035
0.04063424469175947
0.04091384664549857
0.04186987738762656
0.041614499426974705
0.04190978636444737
0.04089781465169831
0.04156201912278488
0.040467392095285826
0.04117175744941447
0.04166849771158395
0.041455957486345354
0.04013290155715601
0.04084138166086477
0.040929166495257976
0.041442705550199015
0.04018237731363604
0.04122965508263588
0.04084064583495071
0.04143331730711933
0.04034798842778847
0.04033995113544873
0.04132444927410715
0.04014568743354418
0.039933088531617755
0.03966167007580022
0.04059635191100527
0.0411200953514118
0.0408441060616615
0.04119506602702536
0.040290746005509796
0.040326583458531705
0.0403693976479668
0.03997939956956191
0.03996911422320205
0.04043233311667975
0.04074546085030639
0.0397162253332474
0.04075739750394794
0.0395920498133196
0.03965028790507356
0.039013146036693806
0.039504198993486506
0.040461630963493755
0.04007646356263488
0.03975770687757379
0.039087625486526785
0.03966501230827251
0.039362271780782054
0.039512573859828336
0.03969082218974791
0.04008944836929559
0.04023219426891603
0.04017829264783167
0.03956678376411121
0.038539775616426436
0.038835014221556684
0.038970357324273425
0.039591870679557856
0.03880925477860534
0.03959875697540974
0.03913300340456776
0.03899040564430146
0.03917322857162018
0.03877820086605985
0.03801404017438408
0.03791160106455791
0.03921686147260906
0.03867388941359341
0.03880895908655538
0.03764528822738267
0.03889787176293842
0.038603424170972865
0.03798857359572954
0.03801304474753273
0.03897107691384926
0.03733043187720884
0.03723216334791617
0.03886214273553364
0.037880581591230374
0.03794734523638378
0.03747777510589482
0.03698462685974519
0.03832829316181359
0.03720033195449914
0.037364352999395944
0.03702173933975609
0.03737429128882687
0.038312941810050266
0.03729102159256689
0.037451566965394374
0.037029986764401224
0.03718838320077491
0.03668666126756983
0.03752096346189788
0.03755849295586585
0.036480631947559905
0.03619734977574488
0.03756735990917373
0.036594665650846334
0.036959121361357615
0.03596489313967118
0.037261179174165396
0.03589743610856383
0.03662655739869808
0.0368940518859453
0.036048909897569266
0.0357007713578974
0.03537448880079653
0.03554156856125856
0.036423364546966513
0.035822293277391976
0.036158934393480606
0.0361860761735334
0.03513437149162525
0.03518333423579191
0.03576204154970389
0.03493736444099269
0.0349748317718932
0.03583304651142504
0.035039456607780475
0.03516289876148656
0.035328052316514896
0.03479826244663966
0.036035808240910565
0.03559411685586639
0.03554446159066143
0.03546131851838674
0.03539354028674072
0.03448397319669019
0.03457681816747795
0.034156547477333654
0.03405613363386544
0.03393354992606797
0.035091267075459114
0.0349206710778711
0.033504624840409024
0.03434367383919577
0.03385349746034724
0.03494288851654044
0.03427253513504205
0.03332408734383486
0.03399172739573327
0.03331464992062548
0.033150326992747406
0.03440335552487971
0.03295949605560812
0.03374354013587656
0.033649175562532836
0.03401700696496098
0.03392188823690045
0.03251770141039411
0.03353472768276739
0.03250714678265794
0.0328801240729757
0.03306774830898754
0.03273670034227548
0.032529705031340665
0.032361175176210885
0.0321403247625658
0.03246080760946721
0.03233184891147488
0.032249099481540235
0.03149679270256151
0.032534630689403286
0.03156929985234533
0.03299554741718658
0.03199822483210837
0.032166156898737315
0.03203505561490056
0.03164045479227871
0.03178907862715012
0.03177891428066625
0.032003569494552936
0.03095444883974829
0.031002167272504714
0.0306599089802862
0.03133921402953665
0.031206641632005063
0.03148253768427602
0.03173774771408993
0.031074850170531965
0.030235081122196986
0.031539779324214666
0.031406978371839755
0.030744422856453717
0.030855413375215426
0.02973171905579486
0.030159105730447156
0.0311658173872712
0.029610382916537656
0.029394260438410983
0.029419941955353888
0.03088130448006161
0.03016349914825576
0.030202037437498216
0.02940935988506982
0.030216334198801476
0.0291702950639353
0.03031657563381109
0.03016083348422864
0.029121485019445847
0.02891565262421426
0.030097734331582568
0.028525039053790464
0.029411968816771553
0.02934660894883648
0.02854720151334755
0.028535596552485755
0.028217083701292514
0.02846015726403795
0.02875896846833319
0.027756535508958846
0.028700139527199197
0.028240640496522022
0.028255655021448885
0.027916070644554026
0.028727679678900324
0.028757656279880837
0.028643107348719676
0.02758328423013525
0.028074940971040154
0.02738817231619393
0.026810470305617513
0.02797506905382499
0.026815076405401667
0.027998842819506813
0.026726319219064373
0.02651540331309565
0.02704885890108653
0.02672664874092307
0.02654486914088851
0.026034686892329892
0.026531544911314216
0.027449303825010984
0.027387431480379146
0.026760470865456475
0.026749837507732497
0.027108350373581554
0.02641279964427045
0.02628686523032294
0.025596880235549953
0.025344497075168903
0.025805383123117993
0.026627338794517365
0.02671577800409164
0.02511960473884521
0.026041843396589964
0.026311585376643725
0.02606061048009972
0.025964145894565957
0.02573802143013305
0.02547764982935199
0.02450990162322118
0.02435986884837457
0.02532310034724212
0.024972948994893038
0.02456505261174411
0.024060707568784086
0.024321392599420934
0.02551563907348328
0.025331934664743212
0.023598411756618577
0.024293835212361045
0.02450245999010635
0.024125584511500583
0.024648637200086525
0.02477637934029209
0.023938621389430936
0.02354875773386678
0.022950167412168467
0.023688880688700908
0.023409030636740186
0.024006746860862887
0.023898412616370105
0.0225486803972421
0.02302817041438867
0.02340987554508154
0.022676071160635344
0.023406719062987844
0.022310589665946522
0.022077310967462304
0.023517693595236516
0.02223496968683543
0.022151312498230793
0.022969802312379592
0.02269197605674413
0.0231173582983929
0.021649705147111356
0.021799191244496155
0.022101802982094996
0.02148633193258258
0.021325950706702634
0.02222037395926499
0.022648186393570663
0.022041549588286906
0.021029128339092665
0.022289174973453455
0.021291596551468787
0.020818175842925987
0.020649319118281634
0.020644868714295436
0.022050893769888738
0.021707711395284608
0.02162760247953582
0.02056493544496009
0.021651723413043986
0.021131803968307616
0.020643562202190793
0.02040352525178792
0.02084999364222406
0.020687466334111733
0.019777776246950207
0.020921330642403417
0.02050814664888449
0.01976538438263777
0.020709435764223353
0.0193954716572582
0.019227237331717596
0.020172120404657663
0.0206090116701087
0.019013154266204712
0.02022905763987615
0.019344065323858926
0.020009115038005093
0.01866155486459983
0.01889535739012936
0.019900682337579828
0.01937640121104101
0.01917050715089574
0.01851218950936056
0.018287747689988507
0.019497131380187223
0.019076199805711104
0.01887537873686968
0.018611207358891626
0.018340843193303223
0.018975682553163307
0.018875433721288918
0.018781939568381454
0.018277337845117154
0.018172621237162227
0.018543231710823168
0.017835864175276706
0.018223400971899884
0.01860535186026198
0.017220786659528538
0.017621956620555167
0.017774304787216477
0.017569959833437402
0.017397304836866256
0.018360343079269217
0.018325606636158932
0.018200671441569
0.016908260405875817
0.01694619531687424
0.016690036874478783
0.016568164502489255
0.017556628984082546
0.016963560342663254
0.016427901870397468
0.017481210982969973
0.016534749933711918
0.01663355083306564
0.015778362070430024
0.017354765354884626
0.015738655284405444
0.01705540665290345
0.016125310753835182
0.01626647087758366
0.01636843230201918
0.016194096896337308
0.016345146441643095
0.015584181735883032
0.01621291113278952
0.016284566375520074
0.015018927025767646
0.015408873962882574
0.015111611592354593
0.016285582178586756
0.01488688555734434
0.015892569529906017
0.015261071655184602
0.016123591879241363
0.01599528558590831
0.015182862513577457
0.014810488496533485
0.015288343372411268
0.015492875651348667
0.014417086168733727
0.015342283646565088
0.014928314748907432
0.015478345771911912
0.015019348698200093
0.015290763642925328
0.015170926251672755
0.014909451226687166
0.014606953003684106
0.014059084607207903
0.013544861417000469
0.01414312992177179
0.014099315927103962
0.014023680594916267
0.013996482551903994
0.014458501879764057
0.013114217328366568
0.01458674557310265
0.014108724550044947
0.01309890864863368
0.014063341436903541
0.013130401874508238
0.013390768170092713
0.013475791457436364
0.013160593037469033
0.012930343026530207
0.012507019563430284
0.013026774997861352
0.013476480256164703
0.013883693603240545
0.013764472813080674
0.012254718874392183
0.013101025374088077
0.012026866778183622
0.012939787122068582
0.011847888372942126
0.013031540320335737
0.011927445137479968
0.012241298065308201
0.012567343391721218
0.01166502649110125
0.012797932588810628
0.012160555675335803
0.01181502084472804
0.011659092491473644
0.01250104095900952
0.012176980582191913
0.012700539453313757
0.011085190158098095
0.011578749682657263
0.012281280403781838
0.012058109638506875
0.01148576455440344
0.01178182106341749
0.011529974267143979
0.010892498068470133
0.01160319459885099
0.011902423499945903
0.011445216287802523
0.011886659244431682
0.011106611689657148
0.011852994047271418
0.011426334466622176
0.010600290198284304
0.011390800447035951
0.010610050748813752
0.010340362206606979
0.010173397027883944
0.011278848337800509
0.01077743045057262
0.011050116510072145
0.011146382350993408
0.010530493033664292
0.010854787901773097
0.010141136013037334
0.010169584842125119
0.010784308443350649
0.010525315131546706
0.010002933976460533
0.01063081194359423
0.010202895060404647
0.0095642017778147
0.010271625157750972
0.010704282638106011
0.009144002070190557
0.010345128298755597
0.009485133863292182
0.010320109513848022
0.010010881513055792
0.009484245425908972
0.00911348209463651
0.009114621946457483
0.009385095353909424
0.009911108750764562
0.009943919130137646
0.009969007380087123
0.008819377666884771
0.00934214969197111
0.008965517364355366
0.009962704176751566
0.008530541605264931
0.008342916065875358
0.00852887593835019
0.008268271559450098
0.009686984417964357
0.008357908177776157
0.008977893879989434
0.008070863741133324
0.008743337452069958
0.008509541916661343
0.00805029763022564
0.009305870053572586
0.009327890115238012
0.008503943589017439
0.007808104461945463
0.008840679960830536
0.007606711731809047
0.007653100809132782
0.008627467750895578
0.008698498340386038
0.008746080299347205
0.00831352976980501
0.008655596772573222
0.007676184618911512
0.007486627678294189
0.008198240271029018
0.00753592992731975
0.007303755634437372
0.007355986061056446
0.00704206931383757
0.008292672242407954
0.007446697373886471
0.00716947628825455
0.007503821203523439
0.008288755182966592
0.007764777650478163
0.00782435788002217
0.007197120673571522
0.008077571120566602
0.006843092057110589
0.006590345203268827
0.007602549281371198
0.007909499511741355
0.008099337436341619
0.007608352459301366
0.007266476525262953
0.007163073693116903
0.0068231377107416625
0.007765389984000779
0.007052328502391084
0.006693373287892078
0.006246442088368565
0.006647173455611493
0.007117100426963405
0.006897178433656279
0.0075458592948864965
0.006681098520657208
0.006430848615253975
0.007488157387662558
0.0068270366827802775
0.006401040658150121
0.007101801657739699
0.007289513063633259
0.007206712979600815
0.005853947218989185
0.005709627293281476
0.007185261001517841
0.005493793422270594
0.006594029773015556
0.007029598994592199
0.0064957408305489185
0.006959724048230751
0.00671027069111022
0.006191830146167772
0.005365071356141221
0.006955153163550613
0.005731315137271357
0.0063237161023026855
0.005989012813851153
0.0056661033603175965
0.005642242696793273
0.006318905053831775
0.006089449591369321
0.005765169266490634
0.005644588337292226
0.006003278331005908
0.005352496256118415
0.006482154860968853
0.006356100749684337
0.005084783777635963
0.005895116897075368
0.005403017071762001
0.005565984416091675
0.005813008858394404
0.004727093224314347
0.0055705591514349515
0.005213979719945907
0.005781064744321864
0.005662027456534359
0.004839428600937456
0.004905170172480416
0.0051349322718932545
0.004917434023420405
0.004837420159475473
0.005540742961243305
0.004292153399716495
0.00519160405845608
0.005936904582104414
0.005816719371939154
0.004454209365070938
0.005445289695889399
0.004324910194595065
0.005788776729583191
0.0040600995742740295
0.005641112231412354
0.004308726929471429
0.004940037657294401
0.003973516365686155
0.005354970355781667
0.005221354126413103
0.0042189643507741705
0.004067595546348159
0.004173371828515058
0.004135524461239654
0.004721841024526789
0.0039556737672035705
0.004464416143441525
0.0038379338697727477
0.0052766027361095735
0.0052361013070464845
0.005296547434974341
0.005081487576695776
0.004527672528158662
0.0042819672001746314
0.004571845518768467
0.004800693528607924
0.0041098749759051435
0.003458446336314065
0.003947766038097024
0.00450625738338588
0.003666241398978439
0.004621024201857648
0.0034485196725579878
0.003657815217658315
0.004808781985700182
0.00417016375478857
0.004233737265888921
0.00418404612658209
0.004247359702889302
0.0034900033053848634
0.004310997268074935
0.004515755218655608
0.004509643155642543
0.004420027861992002
0.0040520600136248475
0.003729572013186195
0.004215419613828306
0.00411676920198264
0.003151912246716103
0.004527699644845506
0.004230156106327424
0.003526711015192694
0.003914322464786036
0.003765837695572754
0.0039009206889413003
0.003087296240358788
0.0030667484209425753
0.0032001003776304044
0.004019076106385734
0.004140466554531237
0.004345660736798685
0.004175110797899064
0.003003336688887901
0.0037001599707552372
0.0042351281756371414
0.003305787790821743
0.003822668855901214
0.0038301634394404165
0.0031367032962042107
0.0026792841445989015
0.003994857235150493
0.0025592163205481783
0.003468351551639725
0.003000954275934891
0.003063118164847883
0.0029538874943869833
0.0032644758727898376
0.0023923580625923053
0.003522994231130091
0.0024957553954451962
0.002449177923257825
0.0038216265530497434
0.0038187830401428037
0.002274877382363065
0.002756592953160482
0.002404791210438841
0.0022394648023456613
0.003181671697054109
0.003907065797273854
0.0028299721850758063
0.003870291227026725
0.0030775039860097904
0.002291611855569667
0.0026741334631337848
0.0023064892483564037
0.003136591648556976
0.00281363791402488
0.0029601312243950034
0.0031511355440795572
0.002707086169869872
0.0026220977357981393
0.003629858826883739
0.002832657729044351
0.0026054440232215884
0.0034509989913794194
0.003031943949846522
0.0018641265539719076
0.003434596932038462
0.001896695444756248
0.002100918199861382
0.002080708984929767
0.0034204433655570733
0.0027888899010144966
0.0023440283774816863
0.002856009215907674
0.0025717868612472263
0.0032491609409202836
0.0032028325808366037
0.003235242409699514
0.0031400585845982516
0.002351564630158103
0.002497653065192528
0.0027715568273745696
0.0029596031589001555
0.003092723315391019
0.003153302224494564
0.003211962922505463
0.0029532594658262293
0.0032398299091348066
0.0025743949923782835
0.0030115968959521402
0.0023671124744782278
0.0023062782414443902
0.0023725143544747127
0.0029795884781889173
0.003071341016929165
0.002309353645920654
0.0028671841668709746
0.002045133012208749
0.0027268809996457417
0.0027009054871819167
0.0028229616563400207
0.002442169729742031
0.0021873655397509875
0.0027314396523235008
0.0023874344010859894
0.002294064337942408
0.0026340832960000393
0.0015449409661200942
0.0021212266664467076
0.0026743919201152938
0.0017568316813171975
0.0014810428519859817
0.0025781509150331347
0.0020770058890540962
0.0020287414976196986
0.002488874895019561
0.001970469133372691
0.0021922085788063576
0.0029110124565694877
0.00236757479344967
0.0027659713546749403
0.002512702491871024
0.0019286736571036487
0.0021679613882951147
0.0017229753565326442
0.0026432399153618865
0.002765739567039558
0.0017790285895208546
0.0020211997218779697
0.002438535818835209
0.0015697287945366306
0.0017149588602268723
0.0014889396045194203
0.0013591007183416872
0.002169867376697121
0.0016199724668375399
0.0020915176154461543
0.0024092711658582687
0.002650262191260457
0.0012242724375925835
0.0023591355676791078
0.002460804262018353
0.0023655487558284123
0.0022074959619373946
0.0017519028505735828
0.0014470686575378305
0.0009386859991906972
0.001874319433936079
0.0019021091557383147
0.002462221897593882
0.002425272933995269
0.0022440110409755235
0.0009459618208670325
0.0010345153647765661
0.0017012955828572354
0.0009327594233749506
0.0016172359640616975
0.0011661206108535352
0.0020903986994957133
0.002426990693221421
0.001760105583303132
0.0025103662307356827
0.0010343104577683851
0.0008700199460526225
0.002342739622731706
0.000979904573411298
0.0008947015329730311
0.0017100817618446037
0.0017917226735149258
0.0013252755088922334
0.0010161315674563215
0.002288806250025702
0.002100894710106936
0.0010775888382754564
0.002391673242525366
0.0007652680457930269
0.0011637246439885043
0.0016331477215097184
0.0014373298024100904
0.0019762520959355446
0.0020130421434263993
0.0015850850774479916
0.0022941005328949455
0.002085784795883978
0.0007157092121958818
0.0018481603559558336
0.002057247473048439
0.0011023781865572588
0.0010192953669382458
0.0008482677018497133
0.0009903710362050436
0.001213467357837804
0.0011110607160979156
0.001964969247802902
0.001525208601052997
0.002073617535173182
0.0012337689889717206
0.001700071106266228
0.0010899946847677342
0.00204827815345655
0.0010301783812039348
0.000724325211428817
0.0005928487466423569
0.002315872446707432
0.0013280425154462482
0.002253002854506701
