0.001130359654064074
0.0006478109382435073
0.0009005519449867792
0.001111622523117722
0.0010549610215877928
0.0012765161301205414
0.0009312965235747871
0.0006518071180841314
0.0015197871016248792
0.0014749152113707256
0.0008599090266480524
0.0021718331563106434
0.0022969291041219776
0.0017781427667768863
0.0014246655893026638
0.0020483939614041827
0.0018923358391638838
0.002314242551119341
0.0020003489679089235
0.0021061409774992767
0.00097363436957232
0.0015935843105130405
0.0007102935040620078
0.0017664388863392465
0.002369048849556236
0.0007446103651710369
0.0010670942816064996
0.0008413314489874223
0.0016233951822580528
0.0010654455266624146
0.0013276390704102018
0.0017700455582240397
0.0011646881029793927
0.0014940917291189333
0.0014172695039966782
0.000826817643972988
0.001506367600569266
0.0022982717139802913
0.0014570785913630808
0.0008846540345119772
0.0018642038098108608
0.0014094993395802947
0.0019032696635420646
0.0013356213671017647
0.0019063038083550292
0.0011994856600417527
0.0011601534819675168
0.002082849246609614
0.001635498238912383
0.00252000894112572
0.001303650468876445
0.0012525727280833794
0.001790764730580395
0.002160101265981926
0.0010143794370668677
0.0019989572432571575
0.001570158850647557
0.0009388596475692889
0.0018623622336579602
0.0010881171162917618
0.0010139151439175521
0.0019462215435073938
0.0013499379803545118
0.0015953769313882427
0.0019671138768597722
0.0015906499470726963
0.0024081831841217607
0.0022341111634278437
0.0023461504727215424
0.0026472396579030957
0.0018635251986874077
0.002046954104477175
0.002656462737743748
0.0024368324882310796
0.001194418727000477
0.0018163664447142522
0.0013754966917596304
0.002662403662544281
0.0014660839148275158
0.0024048491975382693
0.0028138015414935556
0.0011924945435940572
0.001887671683019883
0.0011885188272722665
0.0016235989931380806
0.0012103351786405842
0.002518065205867646
0.001830159711858255
0.001298579748455872
0.002599816136159205
0.002086350512015762
0.0021454148333276287
0.002091523863885414
0.001984566679727883
0.0023839538581003385
0.0022949325895552574
0.0014978920016770322
0.0013041423364097628
0.0015382313271081873
0.0015710766321477229
0.0029547316049442444
0.002468607951588913
0.0016194615883569547
0.0019034827835419015
0.002538424220917772
0.003035498995950559
0.002872865145273475
0.002592615042909151
0.002711634421175907
0.0022103058208797818
0.0015279950696148175
0.0020457523914170347
0.0016718806393660583
0.001548854149942082
0.0021257451195620444
0.0019155111319987049
0.0018329437200855685
0.0018648581401013312
0.0016108033333335574
0.0024005912748304146
0.0032408315790593348
0.002835952122347306
0.0017904416312110117
0.0024027109127495437
0.002792236449659758
0.003337654373797539
0.003259357236521652
0.00221033678134093
0.0020645752789733205
0.002166071082618395
0.0021116771837221835
0.00343035158369528
0.0029801901650692115
0.0018777455727083559
0.0024391333819317766
0.0027609397761027845
0.0031885817118227325
0.003268949283685769
0.001877288864011081
0.003600015219633961
0.001906059336224499
0.002455565396207045
0.0031685012924917585
0.002741097143387615
0.002170343968083969
0.002813933599577638
0.0020965437849886385
0.002796711309839897
0.0036078606818582912
0.003369981921636228
0.003069553301662468
0.0021230269006961046
0.0037735833639271706
0.002260475356101978
0.0037306481542407014
0.003693074327642721
0.0028671657124054294
0.0024832396777212653
0.0038115551430645675
0.0022465263499787756
0.002281252605336707
0.0030353193555035874
0.003940525006303298
0.003066536012717319
0.0038087467384882124
0.003240913367412256
0.0032966725813888065
0.003286551241782935
0.0029857866692502627
0.004076630499437947
0.0033779600327645894
0.003336177265021962
0.003724943061536947
0.0025725369756822024
0.0024946813062146065
0.0034603913480855055
0.004175923410750706
0.002522494015067874
0.0035236121899492275
0.004196867110282502
0.0032836210110386353
0.0038944200466586765
0.0031987344030274135
0.0034637149583053766
0.002689111093057762
0.00423647389742053
0.003404033235133931
0.0032526700164532897
0.004120581730272454
0.0034423186892440947
0.004327671606297322
0.0039148040351167515
0.003165753848266184
0.003475363249573141
0.004145110163542316
0.003348627829264647
0.0037879044697728924
0.0032339453063994915
0.004603591184333513
0.0035065072602828862
0.0040352717927684125
0.003813805054652698
0.004360793315769631
0.003085690906108435
0.003430804455524099
0.0038008643482879516
0.00396442119489533
0.0040552594159496795
0.0035269804177624157
0.00320672223543881
0.003813312808531815
0.004728293993487711
0.004837369113501602
0.004126335982073286
0.005025457535992106
0.003388768931957681
0.0033573010018166454
0.0036198021225405776
0.00381666947499707
0.004475460280794785
0.004658413800842149
0.00452607004528539
0.003633048835603692
0.0038618864391289018
0.004757124361693655
0.004505246261059425
0.004495748263281097
0.0050048199307115215
0.004802167004006137
0.004370460310428626
0.004201794643584745
0.0045976429642600935
0.004894370365610942
0.005476702558351732
0.005416523658200826
0.004492050785107161
0.005547789646082125
0.004330794953817279
0.004456056721004647
0.004763040048016776
0.004592539162572936
0.005374162735539291
0.004853702106594322
0.0044832166751838844
0.004308703500159185
0.005657034244185781
0.005855998082885248
0.0041750866534296565
0.005599147373615648
0.005541156667916165
0.004857921612266494
0.005807102752360755
0.005297942198024601
0.005121453782508583
0.005301622250760303
0.0060164193547911655
0.004963416944232847
0.004456415628112959
0.005293285329511917
0.0048865861399771445
0.006159160483293882
0.0059548655459171
0.006208964132970281
0.005051636216467947
0.005656834467736913
0.005070335944948669
0.005704722844708331
0.005351581594966967
0.005973986822985612
0.005858936445882331
0.005528211635166051
0.006096490695308019
0.006105252581457214
0.00587124364800102
0.006045297666564215
0.005729462771493417
0.005219697459366876
0.006765874415249457
0.005979637811307409
0.005414376229069907
0.006429491476921101
0.00637965321414246
0.006966863505690579
0.00633599965754224
0.006656224799389826
0.005997509829609734
0.006416291333438396
0.00707956099846832
0.0065807378380683505
0.006605860797965768
0.0058415445842753344
0.007146703100026812
0.006707286357593318
0.006463903816076246
0.005886110184787108
0.006198531317914515
0.006658268411861999
0.006957968454955552
0.006279900758482393
0.006500084087047743
0.006975210259279107
0.006355850229947095
0.006865652049466255
0.00611312353144174
0.007452893895158343
0.006083894183210997
0.006801160438238578
0.006598017223329557
0.00791790609628756
0.0077547998378438366
0.0075117771507380235
0.006884586113714136
0.0078774911500797
0.007995589275144911
0.006975522225518762
0.007030890675750939
0.007016621078575796
0.006995393001296222
0.008063354056012193
0.008320159896416202
0.0077104324049185905
0.007641128409535728
0.007620735831401904
0.006895926164359512
0.006882836651675738
0.00749158899146716
0.007272851687290791
0.007429491092688763
0.0072225704996661845
0.00744613185772946
0.008250542064590725
0.008506116968598381
0.007466680749069632
0.008647635993517156
0.008365593265747364
0.008824397637135287
0.00910423652138257
0.00832179242915707
0.008211744583452113
0.007637198843719408
0.00878601847506768
0.008463280480124723
0.009267658389566138
0.008112675428006082
0.007954133236151137
0.007996503843186122
0.008207949598518173
0.008456389513647024
0.008026266947224641
0.008629176063350058
0.009257675842979865
0.009765925664260712
0.008931974754052252
0.00937932708610835
0.009713110672204303
0.008350804900676984
0.009015545123881698
0.009038450262680046
0.009134602399138755
0.010079655563208579
0.008576857346489823
0.00995145417100646
0.009915854647017493
0.00908330352141124
0.009578394983861682
0.008874719748339118
0.00918109102152839
0.008859027989293966
0.00998046542059654
0.00991439697254429
0.010026490615965566
0.010745835581786697
0.010048958326646928
0.009865059578300675
0.009407540767068436
0.010266923849707748
0.009700726552856821
0.009463705496613522
0.009633624660879305
0.010221070641453217
0.010420610204971863
0.010292473608156537
0.01079346229655861
0.010321565549434563
0.009792997340408057
0.010531846343204013
0.010448589136465765
0.010205927956051141
0.011111224938021882
0.010895043487972655
0.01057785132453452
0.011431197371115124
0.011789642065181231
0.010940435298524393
0.010610889015261778
0.010446188885050119
0.011989674619738036
0.011019653604800169
0.011929518762846645
0.010984154979061784
0.012093367660533857
0.011815026837169949
0.012181229848935781
0.01213554154817357
0.012279220266506383
0.011646867958591914
0.011429009965496562
0.012349112770657178
0.011943297236287367
0.011647618666539565
0.011860083295338556
0.01229409332092054
0.011575727341104363
0.012673671613287843
0.012004205895242093
0.01303598619499306
0.012964500865475738
0.01328130046404756
0.01205045846687508
0.013405532298983655
0.012112154131658755
0.012662329694033452
0.012411567833459723
0.013363777934356892
0.012218751015174188
0.012388915235248613
0.01250561370581132
0.01315683186372005
0.012519576456302105
0.012361636716823313
0.014024027369098123
0.014159373096384806
0.012614930765973515
0.012800495058750859
0.012887722240000423
0.013570920556167975
0.013772701131794324
0.01436726147278302
0.013092197748522836
0.01372990116956418
0.01405015715129283
0.014346433916464486
0.014616948151628029
0.013784840019275525
0.014398510489192539
0.013308127676507943
0.01433716429553653
0.0149317472646556
0.013986657434428649
0.013653538206756228
0.014230938188364881
0.013821132271553876
0.014589803398476141
0.014577384316410213
0.014350670686054525
0.01505195001423649
0.01439526256139386
0.015614102998821452
0.01568146158514697
0.015467158553314155
0.014688207094161947
0.015796013968223572
0.014973239945474377
0.01534298337626746
0.016107715801684346
0.01584366378851613
0.015492564747398043
0.015348227284955728
0.01632298902067096
0.016122531873441363
0.015375774262477387
0.0164087040543754
0.015322784529771805
0.016549422802828843
0.01633431947378133
0.0163269196771396
0.017066745118468347
0.016096143781290904
0.016151985195437778
0.01686054218172571
0.01601837254563222
0.017420425286472224
0.016651668203932324
0.015912742870288227
0.016120057018678642
0.016759741983222408
0.017819044155312283
0.017132297592004325
0.017697223226768116
0.017632259658421336
0.01802158476252242
0.016682989352575554
0.017236962823213787
0.017869112111239215
0.017761675799217846
0.017222002225742286
0.017135536104919923
0.018361958111471243
0.018667728586581833
0.018075055632896835
0.01715845934713435
0.01770437815331667
0.018775253402162614
0.01859511853181616
0.01857185936225671
0.0191410937630918
0.018361443709900168
0.018683753635901478
0.018251397452883372
0.018142959178639645
0.019366999506512928
0.019223701262575978
0.019416080747410046
0.019300624078252233
0.019354080142332978
0.0196325956896627
0.01917249644476892
0.019707983730919337
0.01878856371992507
0.019707770765505655
0.01989009844626133
0.01973239585930625
0.019372934369095592
0.020211754895677114
0.019269721745069624
0.019476511823930433
0.020349439751727257
0.02038568065367313
0.020856945430398986
0.019372136806729515
0.019750603843277186
0.019799996371568235
0.02066681485607608
0.02012144912834751
0.02038133977456298
0.019925056027216
0.020627701910349426
0.02110179889623011
0.020009720092044585
0.020306259737390434
0.020221703968991298
0.02102535359548353
0.02130362309191963
0.02080720144757016
0.020548388812425957
0.020958473730245834
0.02189281344186912
0.021361592892870415
0.020846431314083057
0.022381748351501123
0.021474870629122015
0.021464309919359582
0.021566034139200375
0.022216355409998254
0.022557830918630662
0.02156930196871694
0.021943889523011115
0.022083841850571106
0.022683953715529608
0.0225706222601443
0.023275119169703613
0.022819909664862886
0.023168638752969893
0.02324173766140576
0.022161642889725417
0.022562132283743968
0.023291613339048882
0.02253883535878373
0.024027409446421316
0.024042970320878734
0.022906950486347222
0.023398764368646446
0.023699250262412097
0.023465118005241255
0.02422543476939176
0.024269275864877263
0.023688956879446128
0.024408917379668327
0.024656940358717953
0.024610091357223585
0.0245495812838218
0.024397615086187496
0.024713777397554197
0.023809237936222794
0.025329357453325315
0.024666996039377546
0.025515480668612766
0.024328338880532478
0.024220711857356525
0.025655470634990355
0.024843689274938824
0.02471889136112198
0.026038494196674918
0.024979760952871098
0.025679954261383343
0.02561583568600049
0.025347130218163743
0.02477562180941793
0.025771561914498812
0.02644267589295291
0.026641490630347642
0.025137570195520858
0.02633572306272537
0.026876121743710735
0.027023139046604323
0.025467653204808052
0.027038422260244367
0.027109770066977408
0.0271665344647509
0.027418984423032203
0.027438772550692176
0.02708086292436249
0.02669621399023423
0.027741913069334
0.026258472802540515
0.026236786495138387
0.026886406413614776
0.026458203491515515
0.026646909475797745
0.027816659863046114
0.027772838783270994
0.02803906794810048
0.027021092224424854
0.027483779826995687
0.027417987117349107
0.028072566948662114
0.02854786676757796
0.02765678113866823
0.027361219362300248
0.027310629590997247
0.028929187660415474
0.029130124646316206
0.028184554171129708
0.029132732450548156
0.028008538419224453
0.027856524385240666
0.028213225962748213
0.028673851820197934
0.02820876481338829
0.029064250145365577
0.02879457282888776
0.02987388330316894
0.028806777024846766
0.02858982340367285
0.029027907029561824
0.03026400520167319
0.03022235237027329
0.029151938154152738
0.029181797251497856
0.029008199239263975
0.030578817075415158
0.02906143568418392
0.029329687733325883
0.03081480975712598
0.029800288643570715
0.030127294056373745
0.030653016649315006
0.0304489244040546
0.03001205106297821
0.030188180871742742
0.029927242035817318
0.030209184300894504
0.030436088463961283
0.03042197391258628
0.03178385078877307
0.030998296923700385
0.030275982142686283
0.03169784029105184
0.03171183623061151
0.031846194142468476
0.03133187466596158
0.03229368538460742
0.032243396953863905
0.032351501449188975
0.031612846309285896
0.030996663937149834
0.031875168698835124
0.031137979545541636
0.03128736210754932
0.03151297945334925
0.0326420800437508
0.03185583645077513
0.031730026361902385
0.032992441633952097
0.03251833388072343
0.03298527388634296
0.03325393116917974
0.03211540951891602
0.0330168643460795
0.03259870033957278
0.033326725875708424
0.033463669412462725
0.033950487631789636
0.03388465788758426
0.03272576447553891
0.03356740551936955
0.03358896317726163
0.033983541070114594
0.033228818691192735
0.033832274849402426
0.0340119676228062
0.034380156023518106
0.033865613122299076
0.033870813572492546
0.03445804758659545
0.03418918770994874
0.03375766005308617
0.033529316259639126
0.03496637235686324
0.033916821607328035
0.03370935866924409
0.03413445109139917
0.03364347836051551
0.03401919036181828
0.03426800527309285
0.034993177659977955
0.03453287572596584
0.035397354631969594
0.03475627061398312
0.03580799146057513
0.035748327722849436
0.035620258144293045
0.03544158081186454
0.03603018125229987
0.035496607777460186
0.035410939195128256
0.036188520311486436
0.03484502058581601
0.035372604271691456
0.035429484456977384
0.03649916595643538
0.03662605542954049
0.03602924577131821
0.03619826079657597
0.03653728373603861
0.035718923990642824
0.036874102111847974
0.036845026728098015
0.03593628795729695
0.03665000587330078
0.03558638454114998
0.03666879541590776
0.035790325243353044
0.035706354037614255
0.03734967688785329
0.035870001167643495
0.03709192527595535
0.037439330768116834
0.03631606264602025
0.036404281118983625
0.03730059240752519
0.03715207927032846
0.03745004809233267
0.036578458600917886
0.03726290603731166
0.03753213348560937
0.036545970457159016
0.038075670540175466
0.03806435518289777
0.038284420862787806
0.03841518180038587
0.03848070336057805
0.03822127470350261
0.03797619825938043
0.037695242076966354
0.03792548861472535
0.03825509358820246
0.03855205827153463
0.03880888384476921
0.038856033030051064
0.03775948859648419
0.03846850619768797
0.03820480613102127
0.037698901986845446
0.039059806102898234
0.037666706964394996
0.03866454798922993
0.03856266993937968
0.038848046833494916
0.039329879713350835
0.03845200802363488
0.038556777314151455
0.03962144486219036
0.03821938226285285
0.038539134902775544
0.03923170912665617
0.039119891601478635
0.03955168678783199
0.039433214452684946
0.03995758819913962
0.03888121235474811
0.039058054650543454
0.039122650880555325
0.038569914389017496
0.03852567669277566
0.03869052195519726
0.039174321268571635
0.03965005474689313
0.03885072679653143
0.04026783265551053
0.03971023662852028
0.03901998327650365
0.039368908641129234
0.04068935044754666
0.04036199369592607
0.039173299922962874
0.04000498919714466
0.04080447968757367
0.040890386191364154
0.04074823509250862
0.03977818729336084
0.040137669247176926
0.0408528258439589
0.03982048803415299
0.03964132471313927
0.04114959678840263
0.03976558734759473
0.04064690354573843
0.040211004780753644
0.03970764625228015
0.03999216720086159
0.04013571865986155
0.04128888241481737
0.04142220936917634
0.04071792887034417
0.04025239976791064
0.04026512893967757
0.040216474942508545
0.041278836712017875
0.0414579521926548
0.040459578952702906
0.041416809456824064
0.04095511148513261
0.04026935132344861
0.040981462261183134
0.041009971038187244
0.04087121823592019
0.04130916942239869
0.04163298971340873
0.04040003862768366
0.04087639721638138
0.041637055304270504
0.04210983149816636
0.04189053145010734
0.04107161531382464
0.04074973057573519
0.041901848964865186
0.04119070765607913
0.042051324563726955
0.04133053989687206
0.041112033918482956
0.041595890575656644
0.04122067881321394
0.041181290656846926
0.041704263054098495
0.042010247018625345
0.04106363017663616
0.04205667898475549
0.04215559584377736
0.04138244615621596
0.04204305227113135
0.04135995711939948
0.04232655992024588
0.04153837232593387
0.04159485247386438
0.042355026063187994
0.04115395736031008
0.04158752295995544
0.04143199733817257
0.04224152519807805
0.04152025012356066
0.04211540384013453
0.041922222106876766
0.04204977383366725
0.04270867572785407
0.042782136978245594
0.04205102594580735
0.0418273451915985
0.04203500742682999
0.042922757347986354
0.042260698565123996
0.04128736437346625
0.04197803098355849
0.041678327168667414
0.04238461177557589
0.04251110541163117
0.04153629744287696
0.04234907122864568
0.04153445797595756
0.04248347772171706
0.04255018159501966
0.04234922810878461
0.042817835052247934
0.04239130809785472
0.042674362078136914
0.041889452928991516
0.042181110765282095
0.041847265258360175
0.04192773425244852
0.04264740897374853
0.0427811730499507
0.04154675875099952
0.04257480480090539
0.042976530929055734
0.04139440793588841
0.043004286110101875
0.04301114825173518
0.04247415540030809
0.04152872764817525
0.04153086324656058
0.04288769701680738
0.04268328204753111
0.04155186836230495
0.041935966037425616
0.04299028194947518
0.04185573020711862
0.04152390970550003
0.04191373301660403
0.041626165553108274
0.042203840375263105
0.04303267576037356
0.042804244508719884
0.041677554436348414
0.04182427060987942
0.04260958490422936
0.04299216357654437
0.042583440625854965
0.04188169236344752
0.04250502178445233
0.041956702025179905
0.042109162371044784
0.042364025683095115
0.04252053368210424
0.041568441082551956
0.0424856967376582
0.041319155516424205
0.041501230925079104
0.042509577582038
0.042347734737782354
0.042220999584952776
0.04297155834865146
0.04222555700146253
0.04221580384750871
0.04228511290009319
0.04278557788553006
0.042679513328429265
0.04170490998670249
0.042281718339932876
0.042630120356406107
0.04235354785009751
0.04218430423629183
0.04170488286533067
0.041368091255760686
0.041109475219336354
0.041068028433673125
0.041166558742168194
0.04216286653310025
0.041602217236367194
0.04214593836867951
0.0413607176143975
0.041929202500718396
0.04133405540274979
0.04185948225447468
0.04254379500222472
0.04113549809806459
0.04219205678494011
0.0414498234229888
0.04244270296776948
0.042146768204774795
0.041730068743522426
0.041036555816700626
0.04065160935067813
0.04109944157275826
0.04073691505284989
0.041804825521604964
0.04075466128384888
0.04076454590972408
0.0405772785845643
0.04125473033795275
0.04177474511124955
0.04045027102697521
0.04105388626396479
0.04189390999642676
0.04061958701886212
0.04125276375337107
0.041146763984761484
0.04098990555129274
0.04047749494672445
0.04165296950808502
0.040879973065689655
0.0401790506520571
0.04125508376632501
0.04101523931068491
0.0410490060400586
0.04142096037298041
0.0405580792907864
0.04139539200543526
0.040806396918513815
0.0414138963603968
0.041070135281011166
0.04054657663945858
0.040732831850838924
0.0396888731011445
0.04004548189881952
0.04067644321016677
0.039825050386489
0.04021886330666979
0.04100086646897744
0.04021960848060755
0.039555875371391346
0.03963177370443206
0.0408018953171883
0.03935486836010331
0.04032894080041098
0.04095371053361431
0.04045562890125169
0.03982034879703498
0.0399990323873145
0.04018784634554688
0.039637156233593776
0.040407543547391025
0.04013444114348575
0.03917566657514746
0.03908241274079642
0.04005821286656526
0.03986789823619268
0.039533452076333256
0.04026849341036292
0.03955466017353413
0.039290899011952304
0.038766213400015924
0.039772014611376263
0.038639484704353404
0.038714203097194526
0.03979024615903615
0.03963394965136273
0.03938096382343766
0.039531102215072174
0.039672253861403724
0.038366601644907815
0.03959995328737498
0.038322128228189534
0.039628617436097004
0.038303493951071195
0.039085069374415894
0.038360155588524444
0.03852576740226098
0.039022694775939115
0.03926523857111501
0.037704805097459056
0.03890775859671735
0.03820621634201504
0.03762972234550533
0.03844284819678627
0.03772650977014617
0.03763612396661663
0.03748711089902326
0.03780187137538467
0.03817557153551396
0.037861054687604076
0.03786290783139423
0.03731762256824116
0.03843328018210771
0.03775373607486255
0.03729460764189576
0.038149498074385634
0.03696920192138406
0.03814453253771491
0.03666210687424254
0.03810033086779125
0.037268098717925524
0.037930660117161195
0.03777547811429247
0.03759641018133183
0.0365655235316511
0.037583997199873126
0.0364930785574078
0.03682953879609219
0.037047177080626235
0.03740431316118943
0.03687683838833344
0.03579315182739263
0.03595867658011595
0.03554777446007162
0.03610190479887287
0.03612723704310327
0.03631843999842025
0.03587635972794822
0.0367127181017937
0.03571731500406276
0.03667841971079588
0.036463375738573535
0.03504835581698421
0.03589328605847406
0.03507709627822888
0.0356972893046029
0.035917844498306435
0.03563678720993257
0.035311605019933426
0.034620262195278764
0.03551087528912543
0.03453127003837368
0.035771489472065474
0.03574119147637905
0.0353467485914016
0.03455099816720329
0.03489997977575878
0.034770838608400335
0.03419533733604897
0.03419546320199773
0.035151560744960106
0.03502056099418634
0.03469772564886796
0.03410075418306636
0.03487925441147107
0.033866241208532634
0.03495639736726768
0.03467390742934437
0.03368542272452817
0.03311045290263654
0.03416812149417043
0.03337091349951673
0.03440016723088673
0.03306479222908195
0.03385021565583424
0.03334323085176049
0.03269383395248752
0.03388561176486565
0.03355394791593238
0.03373961614723393
0.03318676793335414
0.03312170112856872
0.03336376763991431
0.032892044423237246
0.033675632463335145
0.03343337120897041
0.032504995803402485
0.032024429271342685
0.03240047475683247
0.03254787370749585
0.0320572825113593
0.03271773112913968
0.03145061435159453
0.03163840938646497
0.03134972132348393
0.03165483556027594
0.03189076508682244
0.03251992372128221
0.03216660215582238
0.03179162460781569
0.03193145783228864
0.03212890490139883
0.03176470257331926
0.03200690376654328
0.03097593494934593
0.030491793881392764
0.03081625232724505
0.031097136942853664
0.03183943527372666
0.031170137254292313
0.030733378996995533
0.030620555834050923
0.030391911688931763
0.030552522352465538
0.02979899564843047
0.029813656285675148
0.030604047062256053
0.030540569358891254
0.029902963003848697
0.029792441233314336
0.029534227398414308
0.030489953492667945
0.02940660180526035
0.030480770241777262
0.0296744918009485
0.0296885469994975
0.029047210271279187
0.030367259583821703
0.02904516226358454
0.029667670565222827
0.029040024830333005
0.02876569635177638
0.02827812843088662
0.02962239352172625
0.02972773767427669
0.02922620497303663
0.02861427527291131
0.029385450230672967
0.028872173473629054
0.02907893488265384
0.02802306793537761
0.027896463223002495
0.027720696301076448
0.02822955406358648
0.028228083939386178
0.02779848333406606
0.0282689717503163
0.0283561363323186
0.02784297117234151
0.027310216871642635
0.02846964478891932
0.026760286632660044
0.027772424976814387
0.02818777528041885
0.02726861949092569
0.027537205821274627
0.026394272651784362
0.02669919735188653
0.026961618859966962
0.027609678799900866
0.0275641680503563
0.02734995969547363
0.027111882899906032
0.0272906997680398
0.026560504897485033
0.025873960637903193
0.026166799276645475
0.026647985553755547
0.026504495164052063
0.026350922592765672
0.02563672067463804
0.0267323087912401
0.026040969596531852
0.025858106958280332
0.02505462621213786
0.025069642220316254
0.02514409466591317
0.02604127031434831
0.025819111637300645
0.02560966690825457
0.025519979998202547
0.02469106557921297
0.02560215996301932
0.024262015561405233
0.024665903102254683
0.025489520130383015
0.0240260334896346
0.02399525271891681
0.02533201768577712
0.024568464929034063
0.025137341628786957
0.024336606704361805
0.02455500463388932
0.02347946652513329
0.023657023121383906
0.024084859083822418
0.023167995732234315
0.023197588265370713
0.02328303186451614
0.024245703893336242
0.023939770090763483
0.024453740610408448
0.023078525514814336
0.02275410375307002
0.022976907571612856
0.02305783805235242
0.02290961076118843
0.02323373625975857
0.02384059559732825
0.023768117029206604
0.023695383694627332
0.023303773180064418
0.02271028898289371
0.022384566140481905
0.021919140948275483
0.0220563752758948
0.022496217729478865
0.0215568713614526
0.021650998563289947
0.022777880019418155
0.022274556128213132
0.022779282382241813
0.022564198096486306
0.021877031385681037
0.02213587517097678
0.021930748675413152
0.020936607268766484
0.02128819037156413
0.0210971261483307
0.021250629204483132
0.02141581374037323
0.02083260466963435
0.021563546854000408
0.02154431088886389
0.021164852557914324
0.020788898128825305
0.021299941096708037
0.02019044966441568
0.021191408005300078
0.02078253700882321
0.021250659242772803
0.01975949980764897
0.021208719118834186
0.020305099190009442
0.019865987876912895
0.019907831988059302
0.019345763141171167
0.019116843829119514
0.019789714912566377
0.01932322991665154
0.019177843413503957
0.019410049879228227
0.020050263247326405
0.018669279908079983
0.019640353032736833
0.01972086862364669
0.018767132693941226
0.019460025781588685
0.019073558676757432
0.01866009809163402
0.01919124442094631
0.019159101613567132
0.019464521132505748
0.01935284289481845
0.01785738779507187
0.018072638803128722
0.018555834459564383
0.018831940140493508
0.018653877575917847
0.018330502346244823
0.01803665381684347
0.01872856960336599
0.018577810318762992
0.018833707719111605
0.017610640287754175
0.018055806159631527
0.017424359054858517
0.01762412927596434
0.018391853716623597
0.01774598596298822
0.018023033491117554
0.01718908177783231
0.017086443092760063
0.01814891813102945
0.017108733524157857
0.0174985523965815
0.017881356641657978
0.016132122221594904
0.017244654810466855
0.017370735639129786
0.016895715372021548
0.017387319632526953
0.017153819503629826
0.016577473310020085
0.01577008500961169
0.017158744090154672
0.015648176275349333
0.016580598964405918
0.016997195852393353
0.015978260888831013
0.016510429067308
0.01654636155864703
0.016782524545999312
0.01590363147095983
0.015714789452846174
0.016544985569592344
0.01521708996652016
0.01481899687480052
0.01614835074683382
0.01488098587915224
0.016254601236235483
0.014692680465275934
0.015204523554304109
0.014371051100949949
0.01549641861366692
0.015562706734741657
0.015309837738424
0.015534195026337084
0.014417796437180162
0.01392553041895751
0.014102644207926649
0.015274049247126146
0.013797411066500625
0.014404758289490458
0.014050869815432725
0.013772093639935142
0.013948545549174761
0.014526335424487771
0.014024285703571768
0.014031460390360224
0.014486107845170378
0.013801139326583958
0.013064476342642718
0.013205623163783417
0.01292362222088354
0.013722212332772078
0.014085071471231102
0.012856409493025885
0.01382931464955465
0.013707907582306755
0.013008103306178555
0.012804928150937141
0.013914951552973235
0.013703392973011907
0.013312805024954622
0.012963739174435824
0.013640912484367166
0.01222979712218329
0.01317876957573302
0.012180132946425264
0.012342564677788466
0.01212342955513383
0.012498393298575852
0.013505911635207464
0.013012347314275323
0.013305600073554288
0.012641038742114741
0.011508363423689556
0.011743209390412502
0.012043730721720863
0.012999802897547062
0.011744716254430543
0.012911967012325836
0.011516208468380043
0.012291131213003369
0.011509491770533483
0.011238427292101295
0.012635610039359103
0.011866721785850442
0.01093234085902267
0.012268642799273019
0.0112081600630059
0.012027761997059273
0.01175093952047388
0.011002902194185791
0.011067611976979542
0.011693625180111245
0.011193524876109926
0.0103203651896217
0.011972197453056206
0.011260210095086098
0.011498145330783405
0.01078888711278189
0.01102518167027468
0.011184484353086669
0.010402719411052612
0.010537608083667315
0.010044519011888983
0.01004056923514445
0.010425100366255135
0.010496260143291634
0.010249513199937721
0.009861910877300439
0.011164628944756333
0.009650059601318654
0.010614667323844622
0.010235082764217368
0.009667295508795899
0.009890089447742613
0.010507631891100714
0.009716449971316973
0.009095873729269462
0.009050743188270774
0.010541847210128462
0.009059615361564004
0.00946574429990102
0.009221451411393397
0.009884852853259326
0.009241795157806591
0.009380811467205753
0.01014356273985344
0.010104629522334221
0.009959778943701003
0.00922827604334274
0.01005108538121671
0.009245496134378492
0.010080912939514476
0.009408504631403764
0.008320260768768578
0.008487082251602317
0.008825277971084186
0.009381783401128125
0.009063211334109651
0.008972913622833057
0.008562186796135136
0.008318692589087864
0.009083179443803302
0.00888224243972326
0.009479736003985441
0.008484685680895708
0.009378738272804164
0.008072253517334338
0.008313010747755806
0.007877734566241966
0.00849791384077471
0.00860213355828738
0.0074723959441449035
0.008011328299033517
0.008619142366894757
0.007273613680141161
0.008247024134166865
0.008145401147902317
0.007423934786780234
0.008839510298210474
0.007738880288368701
0.007287094747337842
0.007396642947238767
0.007158786680999785
0.008614684969591545
0.0070070996013530526
0.007410318881693693
0.008216755355650949
0.007902553868444188
0.007020178183339265
0.006785476467244014
0.007050998638821535
0.008002799700743352
0.007495144466525135
0.007365403457794071
0.006907979923121059
0.007672890988977882
0.007335954030623131
0.006834537385206149
0.007147747564343328
0.007466363941710798
0.00700158848516533
0.006827817449753233
0.006911801490394037
0.0070901831064576065
0.007319535995867955
0.007688873864902999
0.006028850568915854
0.006086052100520855
0.006379895753826478
0.00626759418309265
0.007245457402443292
0.00695571841642792
0.006438413223760566
0.007167234631183668
0.0064978104595675825
0.006950471861652053
0.00590374063274978
0.0064145859374379706
0.007046356240866685
0.006791615559872221
0.006960449391719546
0.0070526085850595435
0.006830411187584116
0.006414327231927141
0.005944275196004961
0.005870280402467919
0.0055914664073590265
0.005747467512217355
0.006530100832422196
0.00569524176591065
0.005364347270262511
0.006168816693652211
0.005326177040011423
0.006567129064624375
0.006356872890239344
0.006507024986022723
0.005798415069290657
0.00538636850100689
0.005264396930152711
0.006470832526049635
0.004982640606404834
0.005770408640110517
0.006060287502844645
0.006224179811572451
0.005155215043943053
0.006310818036369448
0.005606352904782338
0.005995285620082228
0.005437838229972195
0.004969054297824574
0.005850419939076762
0.004997593062233055
0.004555610794593916
0.006042126099871465
0.005965053082679172
0.004424290502258696
0.004670474592636469
0.0055385408636413
0.004451552206350713
0.004993742842894232
0.004599374897948213
0.0046122293129617796
0.005846036589655238
0.005546451594013461
0.005024081447576007
0.004058271797383495
0.005057336890982398
0.004945880454054478
0.005565735918440608
0.004759028683436191
0.005387227460307186
0.004323382797237659
0.0048287362948918056
0.004925728342711083
0.00401680704261029
0.005461640887765882
0.005382874547331179
0.004105146460727596
0.004368273593925925
0.0037889347292533
0.004265928338542896
0.004164087814342028
0.0038795189273853033
0.00456850057361849
0.004454184738878286
0.0049466846221323316
0.0041179224986814455
0.004795542018539733
0.0037326804013726816
0.004825997499063566
0.005010802714472959
0.00337415606253895
0.005000366887390025
0.004978031072700211
0.004834299780599815
0.0032675169083045646
0.0041933944278255446
0.004647208928507631
0.003991625803560486
0.0047361152146862765
0.0036825647512811433
0.004465145700960593
0.004219698333598633
0.0031979004488916526
0.004738916140621287
0.004017805068360728
0.0035939476420989674
0.0038419224527969447
0.004561294603967032
0.0037226754513810254
0.004059702756050679
0.0031817078316588566
0.004285977443244554
0.0037356608473336317
0.0037264258152930473
0.003567853447186976
0.0028579081866897016
0.00393239667095104
0.004115012745083183
0.003981435775468646
0.0031391902825655417
0.0033611087443701534
0.002911511845927872
0.0041549875261880425
0.003464451462214867
0.0034649175900030656
0.002696472449411532
0.004300498868041151
0.002611979168669574
0.003550338838629752
0.003364850699089615
0.0035396459713097667
0.004107133985210515
0.0036721746609191795
0.003684777419866855
0.003989014249789418
0.003857680735393589
0.0032408164227304198
0.003252471793573654
0.0023870818173673198
0.003965297723393569
0.003830577822278206
0.0032209850363240015
0.003031765138162218
0.003689386179496389
0.003300916675316426
0.0031378992857248053
0.003634122966000108
0.0028164301163818447
0.002214544214248035
0.003201024469938679
0.003864284058034248
0.0026887468848832245
0.002354418117897324
0.002275102338745383
0.00375487560421573
0.0024446988637977563
0.003294533169603802
0.0020960662289144045
0.003290922441744686
0.002557959587508556
0.0023420194398370026
0.0026709840290015862
0.0026506786079372384
0.0034146033498661135
0.0022451932493776842
0.002568511011900172
0.0026884724230015907
0.002430877805674131
0.002948653830325329
0.0020541830165115233
0.0027715761126577334
0.0023402230615421527
0.0020668803159655303
0.0021398377642443804
0.0024805263629301675
0.0031992663867851556
0.0018470087855678948
0.002361073960874764
0.00294038319193582
0.002363874733630253
0.0033393859034768062
0.0025045970763745676
0.0017707280386685489
0.0026857205712664213
0.002671198436479526
0.00241703094842632
0.0019212203045056323
0.0027188813204542936
0.00249924875988287
0.0020633444898572706
0.003032908170163336
0.001765349785881053
0.0024031659227238627
0.0027985548871048383
0.003171254601597273
0.0015850155495964243
0.002006589410629463
0.00289816748778786
0.003004875795690107
0.0030976012748243293
0.0027051437693386957
0.002240484285004228
0.002444560115844528
0.002928742483010441
0.0018875699348439353
0.0021478127151886
0.0016773183064981191
0.00269812528295104
0.0013587525202039337
0.0016620227623241831
0.0020750089861005377
0.0017307181183289803
0.0014230527496970269
0.001584677117958783
0.0016680915161168491
0.0028017028786220047
0.0021986604090367652
0.0015064963367397194
0.0017263918016074333
0.0028750732156958784
0.0029163234311083653
0.001867564360786353
0.0026179897888435285
0.0017974649089739195
0.0012117274087867316
0.0018063058615889265
0.002133236497190895
0.0028644683403183774
0.001907006749884329
0.0018267917654326445
0.002747186272569945
0.002285053615450804
0.00270434084850296
0.0019313609823032457
0.0023842701411621934
0.0016497300884357568
0.0015540555955344813
0.0024048272465592145
0.002749371050393857
0.0013972643983632097
0.0027060868286324616
0.0024551600515517243
0.0018756361038304446
0.0009968707856688288
0.0022642114275866943
0.0012833655821639692
0.0022085164215878334
0.0023909383940131485
0.002455703008820087
0.001421905232610271
0.002006296270362313
0.0016519257392388679
0.0016878306949292294
0.002446528326430312
0.0023662046055904994
0.002341870675805468
0.0014099320163185002
0.0015451056500176187
0.0012356307954611693
0.0020029987397991397
0.0012901752034811646
0.0014337579538660527
0.0014414928731322858
0.0019304731946501066
0.0009554138668186589
0.001687612084426187
0.0023337490243559426
0.0018112171794309202
0.001211469483645679
0.001019437898713035
0.0023139564090647246
0.0019095995374287889
0.002261771617342562
0.0009906266632846521
0.0016783063747623315
0.0021431448655416874
0.0022280317000297973
0.0007217429988532427
0.0013896909818862425
0.0019520173531115189
0.0014328405877729838
0.001322082944105092
0.0017592300109864386
0.0020741109145207513
0.0018495777211586797
0.0021642820867951904
0.0008914030927267326
0.0009807731990661044
0.0018408983761450896
0.0010288727558899417
0.001527644523691185
0.0023712643445090945
0.0011161594664749828
0.0023618774754948085
0.0007546120662640469
0.0006206699192296782
0.0006308742283451375
0.0008104446780761563
0.0020334524525431868
0.0014372694166899925
0.0009905766099553627
0.001651823990526174
0.001184531725519649
0.0016041517931131375
0.001986650176025438
0.0006400872253203842
0.001203108812346275
0.0020697101738899326
