0.0019287281096943166
0.0019039593043854407
0.0022565250260257893
0.002152372915750939
0.0010278028079804828
0.001788348490355364
0.001494163285091875
0.001378656234946257
0.0018254061711316162
0.0011047138149838996
0.001170684323855547
0.0019267687974433097
0.0019439581311608083
0.0022893285831791723
0.0007493032732458145
0.0009453127530711531
0.0008595845091021351
0.0018452391208960866
0.001534872520365823
0.0012801063926644925
0.0014703911666442784
0.0020656651569972567
0.001618758447900211
0.0014109120288722285
0.002112772900466215
0.0014993519702885692
0.0019624843255146665
0.0021045802933807012
0.0018190960093940635
0.0016745548982421766
0.0009551150200371997
0.0009830181774572603
0.001094862832457
0.0007597776934408216
0.0012535805249975786
0.0018452921936578587
0.0008246518874751214
0.0014786487320547627
0.0010683665750061873
0.0015431102811988846
0.0013429942328542443
0.0014111041955339953
0.0021689610373830767
0.0019782100508676905
0.002543116245234443
0.0008503395680591365
0.0019171698991291672
0.0012234363618751703
0.0020749423043847307
0.0021327025187415877
0.0014689080593038731
0.0011136318702111645
0.00152281386476342
0.0011170998729748897
0.001166288197407913
0.0012598416255526375
0.0014978266063610463
0.00246561378541736
0.0017932208094802718
0.0019431875329670085
0.0022328220401255784
0.0014889255169313526
0.0010159444551138914
0.0019471340147438757
0.002566071650175815
0.0015501175718996341
0.0011055704693005415
0.002084407323603227
0.002382058272407308
0.0015666133433299778
0.002746783537032745
0.0027694211728408087
0.002415182325293388
0.0013009512783985129
0.0027102493106808023
0.0021754039352601777
0.0028508805556353065
0.002812318118100912
0.002438439663297172
0.0027506273861581565
0.0019714723183892834
0.00248765356213556
0.00238989960772345
0.0016857994479123975
0.002449926408439616
0.0022967645509503892
0.0012248801262855875
0.002514028971228391
0.0024586520895780646
0.0025302453287914762
0.001233005504747932
0.002573697538891698
0.0018400002616999784
0.0023799077421847287
0.002439861213878035
0.0021474500922323216
0.002297183734093543
0.0013062051697294665
0.002655594399862509
0.0019860385805535365
0.002479395266924375
0.0016638575341484528
0.002918482771574185
0.002852899722234244
0.001464307917892654
0.0025381318236094327
0.0027753787396329766
0.0019425439957272241
0.0029021805879909037
0.0027215704708411816
0.0015202458747835728
0.0027744651316018607
0.0029906456335092304
0.00319567881638444
0.0020623860384374184
0.0021517292069088666
0.0028205241648145596
0.003123411618970682
0.002391981379302427
0.0023812905248136273
0.002480338244932411
0.0018676264240721915
0.0023817965263615605
0.0017534636089988499
0.0024555855739624337
0.0020824621244268744
0.0025539074667875364
0.001791553621106452
0.00238344566287752
0.0017793982002493095
0.0017223352970728986
0.0020945011873169297
0.0033119633847313672
0.00315502311295734
0.0018972465444038165
0.0020400510242287555
0.0033787518672889587
0.0025942154147687675
0.0033453678840502923
0.002449548501405839
0.0026001772293792282
0.0019676011071782613
0.002488066213722381
0.0031777781596904336
0.002344534362946005
0.002468645661645389
0.0032297524602613674
0.0027077064269989295
0.0025581991551173497
0.002003257608670468
0.003603817557726613
0.0029386705728461516
0.0030048905042871507
0.0033840553651869666
0.0037052721685855152
0.002737728071306886
0.0032452691980768182
0.002636666572207787
0.0037947375455469226
0.003454604168858935
0.002521929753234648
0.0035751770437904415
0.0028232511682148224
0.002256744706338269
0.002381470758815336
0.003237434892537041
0.0037444402736025472
0.003200348012824792
0.003961545478737685
0.003121327394351778
0.003485218143086732
0.003737045059998143
0.004079169995849766
0.003178309621633459
0.0034068175986662844
0.002781712271236631
0.003573301482172815
0.003666794763867973
0.0038466496821502973
0.0035084441077513156
0.004086064067064263
0.0029597571484298382
0.0028399573372699053
0.0034070242735201083
0.0029215484136138636
0.0032016389487401977
0.0036986388636986453
0.004032195612412649
0.0032180050333862533
0.0041826545024454
0.004168219317626223
0.0029315280632603168
0.0040666773088775116
0.003050004608078671
0.0031563136677506386
0.004414251423810208
0.004577734766598076
0.0046079528615015465
0.003176296729133802
0.004647170552330544
0.0035983311026302994
0.003776037954656257
0.003912877002798176
0.003604776787916424
0.004683231817123921
0.0043080787343534165
0.003946082037129507
0.003750708835045766
0.003956620168778078
0.004645881263758218
0.004169661820087252
0.004588306056834196
0.0049190152159425205
0.004223511250810764
0.0038706240919499126
0.004710682120779007
0.003674398527305491
0.00410150963840595
0.00467653501188811
0.0048260963962656715
0.004909709816725455
0.00445061042741516
0.004986718442406228
0.005045388210589999
0.0046630797017210715
0.005197760651762856
0.0041656610518003125
0.004065706961121221
0.0049345320506279135
0.00409883445190007
0.004766845335878119
0.004568849341132779
0.003886861753404342
0.004068692273577364
0.00385424041551263
0.004632398747235345
0.005495295828677826
0.005228009635583788
0.0048392746044403166
0.004674551443790546
0.004963679539103293
0.0054083834275566005
0.005433539523771677
0.004518839111768749
0.004376306426144432
0.004674248447897494
0.0050002814163229905
0.005113450885499189
0.00466044784180951
0.004989235844340076
0.004876050203321854
0.005617233963804152
0.005866263344697016
0.005841406994312685
0.004453704153904215
0.005516041315178396
0.0059811297367859334
0.005692531295667424
0.004649939533418411
0.004562143345116677
0.0061267459949557335
0.005515060615795735
0.004914386217674697
0.006052391357648616
0.00569910568425726
0.0052402953410278525
0.006110845940655384
0.00513466840629263
0.005251089747072278
0.006038591658157328
0.005429372452456695
0.005007126980232569
0.005388361030360809
0.005068485192128686
0.006271791362785673
0.005773753303494835
0.005101933944456634
0.005731200248777238
0.006656592315712333
0.006052911286570958
0.006466361801398983
0.006320413976846234
0.0067657880282551396
0.006915186953057673
0.005921779434515182
0.005376782501477487
0.006671085903374364
0.006771681617892623
0.007177103669874058
0.0067681840654056896
0.006936550436897332
0.005567979250813461
0.006450667224775428
0.006352603171263321
0.006864005838762096
0.007426426094121117
0.006821120397912865
0.007057385263967456
0.006718829260057549
0.007537293589798848
0.006209056611499772
0.006322972080677749
0.006961483793340292
0.0065451271223479
0.006889757961327778
0.00754418207630656
0.007196061548671002
0.007460676098528737
0.006598778912269535
0.0063463112611167214
0.007533525640471381
0.006694934860173228
0.007218953394689121
0.007559486284309104
0.00703809735578875
0.007212484622536092
0.006690454442563275
0.007492617099858624
0.008278755547759717
0.006789196837149766
0.007632466424574221
0.007026130322767897
0.008198739851829001
0.0073412878043731655
0.0069281112158142075
0.006928085304105924
0.007373608574358039
0.007386667522285288
0.00841464161826836
0.007883933244320239
0.007631501600197786
0.007438826785920239
0.007891510425643757
0.0077196196009882674
0.00873325085420678
0.007753898561018297
0.008734464648286963
0.007510518233536238
0.00842612937993314
0.00763067432598292
0.009245932207295603
0.008470427041811106
0.007636626417365267
0.008648258493372285
0.008313228515198464
0.00872809560548778
0.009451968147879809
0.009154843622474025
0.009127646914593581
0.009251642523563591
0.009382007296222539
0.008526068358332873
0.009586265805541477
0.008352140448753074
0.008437175442691429
0.00897082906271417
0.010020842445535466
0.009109771816962391
0.0090827415319531
0.009619039386684819
0.008695445145651855
0.008979492340989007
0.008615418592595177
0.00899050494411601
0.010037419066079108
0.009909918723285113
0.01015002065811229
0.009992437243486085
0.010446784578919916
0.009571304567925109
0.00926414189303658
0.009199705989679223
0.010270915392217216
0.00936298168859547
0.010898912985018881
0.010265788703760279
0.00941400356943706
0.009389362435878214
0.0108373467068706
0.011101691606006698
0.011071545212477154
0.011278404566634218
0.01105441576490625
0.010210393610731856
0.009741228140232636
0.00999600537527085
0.011161631617859357
0.010895651324313601
0.011427073772064311
0.011371291524767853
0.011235332255809057
0.011110169735631458
0.0116860788283517
0.011279142780265011
0.011475438291470165
0.010441519404268379
0.011171762293489861
0.011918296295953411
0.010706842032915954
0.010842815434511256
0.010630887838322781
0.011916527576232027
0.011044347073588841
0.011085685146217333
0.011673875300328441
0.01135670109822952
0.012106477050763011
0.012516894668944208
0.012087193826476024
0.011784134773539982
0.01180332479387568
0.011837754909154325
0.01296270787848476
0.011524673624456314
0.01262150729503901
0.01255825524097363
0.011928639191293895
0.01172025828739287
0.011688512592084536
0.011819824715523428
0.013151439383941624
0.013514119853812942
0.01362345022662506
0.012894949492466392
0.013185080704368893
0.012644569008884117
0.013359698612069214
0.013174522744247229
0.013296636914342061
0.013703777720873701
0.012505649748330634
0.01329071309413279
0.012887993004271922
0.013730651802819438
0.013796966679154588
0.01271220110090324
0.013711671221853666
0.014522956343175592
0.013625569439708015
0.013653204289691008
0.013458560000470476
0.013891161948011228
0.01488532528489877
0.014059453210186139
0.013945967408552808
0.013932515065027469
0.013676178358807
0.014215920183243391
0.015265790680069922
0.014568665994211376
0.013889190388772623
0.014421985251323483
0.0140697087804309
0.014531761654587536
0.014148550702830547
0.015226077226428679
0.014454094936177888
0.014395201603266239
0.015133532515694227
0.015860166432772584
0.014378479779945682
0.015867716807151454
0.01602807295912768
0.015112190621445408
0.014660780048411433
0.015543038738865303
0.014766123907758022
0.016029601560428947
0.015034899096725098
0.01645476076507703
0.015003626149895423
0.015963087377470726
0.015559535025068898
0.015732073138939512
0.015515615168221938
0.015581370766449092
0.015699291191460248
0.017106663097772534
0.016086061646725963
0.016027057410150848
0.01703648323475062
0.0164227786566464
0.015869410864992706
0.017025264844071127
0.016282824139499857
0.01658607588650629
0.01693674377159345
0.01637465692444231
0.01636488090013494
0.016400250025020983
0.01770635842719938
0.018020722395872258
0.017225424389544126
0.017457501930262152
0.016697931528242966
0.017529151161423923
0.016962368885631726
0.017986981156584675
0.018389414643264067
0.01769483171527927
0.017321630761234587
0.018964482494632725
0.01805130535615896
0.018979434411874264
0.018095196482147996
0.018617205571375146
0.018750878145376237
0.018236036164139588
0.019394736877647496
0.01780004080670801
0.019575908337704638
0.019011769077382355
0.01934699393565956
0.018411588238235254
0.018996837339593863
0.018436467837236185
0.01933216848685826
0.01947436232243598
0.01997639208697361
0.01963757711225086
0.019795796480538756
0.01904195397032238
0.019499724784023537
0.01887120565962827
0.020450692036097975
0.020164692518076146
0.01998380544057842
0.01948826737289548
0.01991467554300724
0.02064803398403864
0.02020856644093648
0.020462153017395367
0.01994005551140547
0.020080347892850136
0.020189868796051554
0.021515983271247582
0.02061630151093167
0.020842131931218724
0.020589885903817426
0.020659547193849957
0.020256472314279846
0.02038480504756139
0.02058979337814637
0.021835101126486286
0.020632189295353924
0.021704071725237167
0.021811184757160904
0.02235198697240626
0.021162775516790883
0.022058598726480205
0.021826784304034622
0.02259738311528047
0.02170778653091336
0.02238615070083921
0.022605347725313026
0.021449351819243748
0.022705273947089974
0.02239821058624804
0.02283742498391162
0.023308307661016728
0.02290807534461911
0.023528402071364814
0.022937237448501655
0.02230760536984224
0.023047832397449196
0.023907653184504912
0.023173684891927032
0.023822898901660713
0.024133450266486313
0.024019327819805578
0.02427058857972599
0.02331433341960177
0.023407828123256133
0.023699163717095663
0.023908317355737948
0.023358893090315726
0.023088347684695386
0.02438710532565706
0.024438899023486168
0.023297884921830277
0.024602491194345776
0.0249540136762253
0.024818524877028136
0.024759781859161698
0.02534442600772213
0.025131612668831214
0.02483577894653245
0.02481419769988118
0.025172924231105478
0.024225946047610816
0.02467853337439752
0.02533422330937065
0.025449143009491464
0.026102821975670865
0.025051982692981742
0.025246188165192716
0.025183416742963222
0.02550218058293668
0.02605320635402599
0.025539041507379973
0.026573271246032804
0.025770437508688737
0.02581526092641771
0.026442662861153054
0.025898417219167805
0.025430980628163926
0.025523400678500483
0.026961721178976616
0.02626608430367644
0.025867545178999925
0.02655707962613192
0.02761157883569586
0.02601466348898008
0.027130662013610293
0.02757038573293198
0.027125563885181198
0.02731515465634365
0.02639184197609244
0.02724966816732478
0.027762680945069257
0.028215461912965114
0.027507413511499015
0.026844006185474414
0.02822806908341468
0.02810413109027778
0.028541926976128448
0.0271935702470485
0.02824106362546257
0.027705442364758706
0.028287027065637925
0.027449219197625947
0.02761768116575035
0.029220699705522463
0.028524595702257138
0.02791878864443405
0.02941313364450371
0.029306117745910625
0.02848575807003957
0.028881317759340015
0.028538646173823207
0.029660197388663215
0.029982030608450474
0.028836892116373174
0.02879882899090859
0.029209328975287035
0.030028184088050577
0.029690167917619564
0.028819623080390887
0.03054323540322534
0.02929921285806417
0.02903341212215319
0.03037424932783457
0.03054845326087299
0.03064595704041237
0.02946238305462924
0.02951658711381807
0.030948782361634952
0.029871217691046757
0.030057890366643553
0.030403865718144133
0.02984945004007772
0.03061872309876112
0.03145806898035471
0.030500107845231147
0.03155819271644048
0.031192054678082785
0.03050688754388685
0.03098231818547288
0.030812343673350076
0.031168851494309386
0.03216359768790911
0.03185645621980272
0.03144129471411836
0.03181420058453303
0.031929167314666836
0.032274630954377694
0.03137788946499838
0.03155116193467322
0.03195189174072314
0.0317360736987281
0.03194000470067439
0.032142702263035665
0.032300339424954215
0.03174174307808123
0.03280440570666563
0.03257806923656496
0.03255208141346284
0.03296848898124641
0.03291612333695231
0.03229946155669128
0.0337069914814494
0.03315593948031453
0.032358195086853815
0.03401422203097561
0.03395245710541666
0.03294660150097557
0.03415619727853461
0.033597837484624214
0.032938061683525324
0.033589656182725615
0.03304311465204955
0.033805310682500735
0.03326361114405894
0.034062940626247325
0.03431593156898786
0.034026203271456536
0.03363766704073059
0.03456080599072182
0.034205378507586044
0.03397500473885418
0.033564292502349984
0.033901805773143286
0.034131472756293114
0.0340007372218909
0.034672079859069296
0.035246853375247245
0.035524920204953576
0.03479760440474615
0.03433078250702396
0.03507142734320054
0.03523688138449396
0.03439520470776815
0.035704864410581606
0.03585120789604207
0.035357545346017726
0.03581534712849835
0.035328873133685046
0.03639333001707238
0.03576813346438142
0.036522542372009574
0.03572991285481007
0.0360398144974287
0.03525198103849235
0.03541901071200487
0.03524905052387127
0.03585960837255419
0.036374397097690865
0.03661033045221588
0.03569271134569868
0.03717787482048368
0.03722448816823849
0.03649877538646436
0.03645019664334536
0.03608880297260447
0.03634456757924048
0.03668916242114092
0.036151343999138975
0.03736246380650555
0.036366146393610584
0.03668535738056474
0.03635803696448594
0.03649477673570461
0.037181791482827464
0.03741271892083408
0.036573179844102764
0.037642327304676405
0.037166938087694154
0.037340544390168956
0.03731462733055764
0.03803281830578835
0.03689770369477811
0.03737514860439091
0.03698102364100393
0.037145061482073305
0.03723533579607459
0.037096126143945994
0.03718188525948469
0.03798698463492136
0.037877524285650395
0.03744842564252458
0.03767237933006414
0.03875969161061625
0.03787976184604139
0.03889649618987216
0.03844336334297966
0.03824872652721939
0.03904571015553486
0.039347845859928364
0.038761158117144465
0.038463514742761565
0.03939161827038892
0.03823279893808746
0.03960219835380336
0.03854904123828182
0.039384211657600685
0.0382884212907296
0.039243426246223054
0.03910718439621242
0.03876642287750984
0.038714130031108615
0.0401199993496502
0.03865537770726734
0.039421989668461645
0.03912147874349158
0.03884953512286183
0.04031009162287593
0.03882852498188234
0.0387504632748508
0.040502452093748045
0.04000696203410453
0.04057695002475128
0.040523868570251934
0.03939432773904941
0.03981304438976972
0.039959083654668444
0.040561702555525776
0.04066692257841827
0.040665311294092336
0.03979956190743515
0.039607970436334364
0.040040392121792154
0.039976734072631574
0.03940764712557045
0.04032379266568419
0.04041507856598717
0.04013774011962655
0.040697148869936285
0.04112005611694546
0.040047799742594335
0.04132390980285213
0.04025738039561457
0.04112811718675011
0.039788109965830896
0.03999546131993772
0.04141793418489025
0.04157042899958199
0.04097562270199448
0.04086045281677591
0.04024582438765487
0.0417409269241876
0.04106710057915585
0.041678224890523925
0.04113688630870638
0.04182872450016534
0.04020174719806671
0.04190106941577692
0.040940037807368906
0.040383527040788944
0.040614333900658786
0.041386963790712196
0.041685053466324166
0.04139600265399665
0.0412711412276168
0.041669293022279744
0.04167000580502485
0.04074711062059195
0.04183181486036554
0.040897250870506587
0.04118680383393108
0.0417830121688897
0.040932744544144896
0.04159589949827709
0.04217847397810132
0.04156781873370477
0.041237065462250415
0.04207060427273487
0.04118709459293144
0.04224406345370954
0.04198330128552094
0.040927442709320846
0.04146676933061641
0.042521373561902345
0.04204382919027409
0.04236128556226483
0.04227011319248161
0.04100485725089423
0.04258270422415719
0.042764300313319695
0.04232965959256379
0.04107814142226249
0.04191146182540939
0.042788051895242436
0.041609398081309625
0.04200897404931797
0.042301159144789414
0.042378504401233016
0.0426464537539954
0.04225078226955906
0.041700331150826435
0.04270300233272524
0.04287842540479163
0.04211698878018694
0.04241077112687142
0.04237547451585901
0.042316625122701707
0.042614592949530995
0.04280155854986851
0.041393089730354465
0.042830652932434314
0.04232603712700201
0.04270009393199272
0.041854366111561125
0.04144799122096832
0.042049078140582855
0.042870125013952286
0.04197580527844359
0.04313214255719638
0.04286368622716023
0.04252174378617246
0.04228899865413323
0.04208280094760212
0.04234965055304984
0.04147046762034757
0.04208608446272929
0.04224907453338301
0.042638133874656536
0.0428842486893998
0.0430770680847412
0.04249543557686038
0.04303447454480399
0.04186836717212349
0.04319111807895221
0.042184588412941315
0.04294160460136317
0.04254321343027051
0.04292417857965308
0.04210646264900531
0.04281105263030176
0.04283638859162825
0.04308344319043565
0.04147927517732344
0.04290811742546554
0.0423566122808902
0.0423926328111269
0.042358215720466434
0.04163485495429283
0.043069941504889055
0.04161031524918798
0.042215824493904666
0.04222499646369021
0.04159528394438569
0.0421125009466766
0.041869953431388
0.04172416900430292
0.04273981882016313
0.04146546412721934
0.043038662790060925
0.04165259498785257
0.04247101555108648
0.04193438513259888
0.04163207066023793
0.04212813289103514
0.041361044169665816
0.04272018471879615
0.041209013984059316
0.04186601679208953
0.041251690482482645
0.04135636878585316
0.041338107335988084
0.042832061073432307
0.04122158148550218
0.04116091519087966
0.0418006576626996
0.04255336326816402
0.04244423982227005
0.0418030189647381
0.0426616726582666
0.04183791493229077
0.04228191555182848
0.040970499432543196
0.042421405177988425
0.04193114101828702
0.04110901281793777
0.041990964637014766
0.041589954064589596
0.0413589843805774
0.04174851916833192
0.04113802693204079
0.04198898459009748
0.04104169098188336
0.04132253129882236
0.04148473361925904
0.041691831720580295
0.04118418784858686
0.04224920203762282
0.04215832749020133
0.041542917416865686
0.04211636963878539
0.04122110922280837
0.04198607031582718
0.041247036580454886
0.041930603821527246
0.04040335605814429
0.041997191422495944
0.04128741779222317
0.04101329248855157
0.04098284881325075
0.04112142158163879
0.04128344081453498
0.041108368553440605
0.040571557096197655
0.04050528454184894
0.04057694328641708
0.04122843165791373
0.041462404280536255
0.040657066213137735
0.04001996923579493
0.04080097720495838
0.04064962380355201
0.040168517862327884
0.04029702439313316
0.0411925162618313
0.04073861096308613
0.03997159226258031
0.04029225746991539
0.04004760455921424
0.04063364541779738
0.039647820688442414
0.04081651153240689
0.04085952622301541
0.03956155717867529
0.04011463932520018
0.03957507095326614
0.04019353287693674
0.04064500059030445
0.040032392975654064
0.04058080303781066
0.03983849705192278
0.0395100172457443
0.03989688784278297
0.039899177110402514
0.040518149867222054
0.04027726677482337
0.040203755195598115
0.04031546901625373
0.03961396058546704
0.039112616965753556
0.03881862013014706
0.040080446405751445
0.03907921913549825
0.03878937726780222
0.040053445846534856
0.039887156770778226
0.03856362201101856
0.03973938660668322
0.03880248556128741
0.03957143012298616
0.03971867569049221
0.03859461151847117
0.03950308602449855
0.03928802080531312
0.0396309236890181
0.03799137549607351
0.03956080547801056
0.03860595521015383
0.03878323648197972
0.03780053215229101
0.03885934833978258
0.037649254647356606
0.039009573097865145
0.03814884529023916
0.038268673742375574
0.03816154459707717
0.03883406642326313
0.03785866812744962
0.038358239729510295
0.03740828703515065
0.038456882018736246
0.03709923901583337
0.03823634266033472
0.03757432205188348
0.03813473646470368
0.03814763170227233
0.03703691167376071
0.0384177769437649
0.03822973278681266
0.03802189189100248
0.038172185659759605
0.03681138226476753
0.03706174677545248
0.036471749551119405
0.037480144162827
0.03732897865210117
0.037777048823967506
0.0376602589183049
0.03715976420043158
0.036118503804689395
0.036532315643079405
0.0368226302151452
0.037553563142811136
0.03708891024245252
0.03639628367568281
0.035923121910485835
0.035730348513126974
0.03644197949664283
0.035469859215543464
0.03620109524132903
0.036022986946029505
0.03619019034988392
0.03686894265811952
0.0355483394075249
0.03606060843958596
0.035355816365804864
0.035269060281686374
0.03485617861119786
0.034810318999884876
0.03565415685209155
0.03478359885571958
0.035594502464278636
0.035147177699648764
0.035008021929692795
0.03558388773225162
0.0345807315991559
0.0353229359329821
0.0353099377328369
0.03511610806761398
0.034012947433961
0.035387179829015576
0.03459988677028828
0.03402116001179438
0.03453037906720076
0.033962021186457345
0.03428849712468767
0.034755801941205505
0.033905996920836574
0.033668714544731755
0.03446808958728226
0.03443156169728565
0.03453586632208449
0.033721113298138115
0.03374948825564776
0.03328019855841252
0.03311206401634701
0.03355686953737197
0.03293114366360051
0.03414734027035177
0.03300969498728276
0.03404138730959619
0.03379825560128691
0.03240794568948784
0.0334500228370566
0.033689141758934664
0.03228541304263805
0.03232186184469378
0.03232720393414866
0.03285221927394097
0.033242601612387186
0.032505505061942504
0.03214714249688783
0.03286932109174442
0.032834635602086555
0.03260153944667284
0.03209474086937188
0.031772637390224075
0.032782677277560436
0.03202645591754414
0.03235165223162994
0.03179069292469226
0.03181651086565839
0.03235330277757296
0.03146479357985783
0.030805824533809905
0.03207883271831782
0.032263945189203745
0.03074321466341677
0.031501766778269526
0.031704582740844305
0.03168213863647851
0.031313051754425274
0.0314077377149035
0.030088593558583322
0.030413390810723903
0.03007204156900306
0.03138525465930848
0.030293829934938385
0.0307970724209222
0.03095218433009499
0.029821662688204215
0.030626837077112758
0.03050545226912857
0.029348590311636967
0.030363508020054046
0.02914449363667872
0.030346788059135116
0.029095605170761984
0.030390953784422012
0.029221979636809555
0.02902578708410669
0.03031468903591179
0.029078180704856734
0.029606694958173113
0.028647133241146688
0.028953819215625443
0.028575577299841226
0.02885850395361469
0.02813395494181264
0.029609903857930768
0.029343219051213447
0.02808395963014243
0.029388655870670088
0.02914736281722096
0.02778043897568484
0.028775891603073023
0.028697292222321102
0.02876789409156057
0.027846876001389072
0.02829988477116805
0.027180675380456154
0.028297814794339498
0.02758258764048145
0.027139133591457514
0.026879823812356495
0.027490563837179363
0.02787993838819142
0.027693698901697338
0.02745664272083452
0.0280391516529524
0.026561514777139097
0.02721906502520185
0.02659796760867277
0.02675660416037364
0.027172180235594066
0.026500813359900247
0.027289199692419944
0.02668510611576317
0.027375701316699867
0.025862594900661406
0.026173395781001477
0.025611406095256833
0.025871777945821257
0.02672789458581422
0.025147805569857924
0.02680467233820902
0.026303774545861195
0.02663252381663707
0.026386778294640038
0.02567611878793356
0.025022248109810137
0.025217861083901942
0.02597246145955738
0.02468504915035401
0.024742247327860553
0.025434351048061264
0.025741418023145224
0.02532671550670525
0.024073613018314274
0.02425611311313328
0.02530505261115505
0.024113696439377788
0.02424664040116569
0.025189946679737032
0.02457934807501319
0.02463967327629216
0.023732066374643833
0.02362886532781525
0.0245519746094729
0.023159553759437894
0.023700729264044373
0.023441014550088957
0.022910770997617586
0.02327928078155056
0.02366015216139346
0.023700812261432214
0.022681221951529423
0.023735252305307635
0.02272164530288434
0.022700424330459972
0.023235356556959116
0.02221854548272535
0.02281389631916754
0.023637325743381253
0.022742365101726895
0.02221805351915594
0.02325993660623189
0.02211602796773244
0.02257076793108371
0.02190618250119778
0.02260866741957112
0.021829744271530088
0.02281666613937227
0.021498849716727608
0.02173849922530654
0.02134163140972742
0.022230510689174688
0.02108670373500109
0.021873325212296877
0.021217745602908303
0.0209697401076244
0.021884857265020916
0.021914138418180695
0.021941626975690343
0.02053237709571614
0.02118773183303548
0.02040733062255441
0.02022607851166313
0.020221327180553722
0.021003119263075035
0.02068761866058127
0.02148314857013089
0.019774449959278583
0.020677267224137336
0.0208605107814648
0.020311687285592704
0.021040736366282144
0.019781154480083767
0.02019165838747195
0.020536967497636522
0.019690054207234433
0.01963394554473184
0.019355673305571693
0.019463813823241187
0.020412851716390453
0.02038734977033419
0.019033172318314008
0.018605648047914015
0.01874113487297775
0.019191873225430842
0.019695533631888872
0.01894177708487423
0.01880303303123227
0.019023986313414235
0.019140754324949553
0.018765171779050824
0.017894760827999324
0.01823535028130423
0.019393711614632263
0.017693366342484865
0.018417390971553125
0.01858873890610297
0.017570258634540696
0.017567523739954977
0.017769213304690886
0.01858711557520257
0.018756924369748875
0.018249540239917574
0.01797833611301117
0.01745696043013345
0.01764069184544131
0.016822714743198516
0.01813637135662027
0.016769773182207882
0.0177696266254912
0.01771962382180369
0.016619801405107233
0.017480007667231748
0.01708860039381458
0.01672358504943017
0.01626845039188983
0.01695460644284968
0.017361230636508195
0.01644634462984496
0.01693400800326148
0.016788710604107776
0.01650454511951933
0.016367988268795673
0.016430676347902524
0.01673618258306875
0.015515256511640426
0.01693542071544414
0.01618435315907794
0.016406239977854245
0.01581377032089739
0.015371310307295522
0.016260347109427607
0.01621417195554306
0.015082448173064929
0.01604906750078735
0.015568210895626261
0.01580382981100865
0.014655823129499063
0.015283871765736088
0.015775150523253338
0.015066891591605727
0.01532510627207288
0.014896009223202224
0.01467753268341491
0.01516219949360977
0.01547726872890624
0.015465790929074331
0.015357141004946144
0.015465169486784367
0.015098013987736782
0.015077477993132384
0.013826153636292405
0.015045900888569644
0.013869639559395677
0.014406381999169316
0.014200183140420668
0.013779313219009803
0.014769502951535878
0.013220237496748425
0.014474291648427387
0.013275642151423945
0.013670556978937435
0.012951716466548876
0.014122373976876105
0.01284674654717048
0.013072210535019835
0.0135789478539894
0.014250152615278656
0.013108145162857425
0.012550123884008973
0.013394146578147475
0.013998579344097187
0.012512330661216318
0.012554471661302368
0.013444197299957716
0.012146129775422707
0.013649557964966485
0.013023019765355533
0.013676306653904815
0.013605770623044132
0.012509905535384402
0.011996282416498964
0.013282160471203695
0.012922771667154383
0.012629319211245004
0.01234791137643347
0.013013053949514922
0.012780627006883543
0.011822688645769434
0.012234669466476287
0.011386630231882779
0.011232448296676226
0.012787100660181796
0.011417021279111064
0.012052026437381371
0.012352902632550681
0.010899808249176988
0.012105877854192214
0.011792534050856332
0.011869076249911679
0.012375937906029713
0.01068501123875949
0.01097916249396183
0.010490533646503094
0.010517681114523409
0.011564144155746468
0.011136355132542386
0.011611231742939312
0.011290409876221397
0.010856531394634668
0.010388807656565987
0.01012110007760871
0.010224940447582263
0.010735964008791047
0.011120488705493214
0.011576699583465794
0.011355953630029654
0.010686300685951456
0.01124527421484099
0.01109756408659733
0.010208483498067989
0.010597986841210053
0.011018794676064423
0.01112229187489106
0.010654075290819642
0.009560387549116145
0.009659829509015345
0.009200648449686488
0.010881637867513375
0.00989446048815388
0.009332828284138459
0.009525813838825857
0.009309232821414654
0.009722297351419525
0.009450951086645155
0.009167271987952851
0.009082199225980235
0.009817541959232677
0.01028770264009913
0.008864066004075632
0.0088466880596396
0.009342675449382734
0.00881122572396598
0.009197522435334051
0.008874787356029938
0.009313717306250573
0.008940350162920494
0.009895322298420868
0.008273788580616384
0.009282603255438546
0.008728048686724247
0.009488733829696509
0.008463629632142524
0.009407517967333913
0.009032833645814604
0.007990559671163721
0.009164458046318597
0.008588935098217529
0.008552064626957373
0.007952453684852416
0.008199523098628873
0.007655880276989869
0.00829586262878695
0.008153658045742328
0.008664328859909828
0.009076148498734891
0.008131324012235914
0.00735778702874797
0.008788554277885116
0.007647751225515688
0.008740936890641832
0.007175997180723405
0.00710493998675596
0.00834558124531897
0.00724734586218136
0.007695361338363292
0.008012508731568963
0.007288328514684155
0.008506880627378253
0.008511581885060758
0.007341288997531455
0.007614796793769217
0.00703817706196667
0.007411070850753132
0.006936830164023561
0.007968887028454575
0.007877205567953294
0.006605684504058181
0.007060129127960831
0.006796644023696135
0.006370244148056417
0.007314978347457372
0.007951445909236389
0.00629732462850246
0.007761819870953508
0.006147474205565264
0.006680812047971842
0.006527196742022864
0.006874554289213465
0.006571681284597786
0.005972266814982872
0.006727315335003546
0.006488479350524338
0.007535747531007405
0.005790642974220965
0.00720715443180294
0.0074101404134276
0.005762499665073494
0.007296570811324121
0.00703264517795048
0.006283795314934528
0.0057166813527469865
0.006419109076530883
0.0068840357125692555
0.0063342021841166826
0.007083753755987042
0.006013046757750069
0.005431850488871334
0.0063874417569396175
0.006994516085392297
0.006228455146806833
0.0066706870151516
0.006275621020580065
0.00652175802752562
0.006156528604345338
0.005747098074530208
0.0054119143958075615
0.0058717174029965106
0.005839181345667662
0.006011818897251913
0.005242448065767965
0.0055111918769144
0.006507021001938257
0.0050259456885965795
0.0052252775117655375
0.006059372569230472
0.005332948001017194
0.005696040384573352
0.005686022894038633
0.005085645380523409
0.006225841218092818
0.005823770338266147
0.005992898576576736
0.004533019826733563
0.005668896143852014
0.004434521625925997
0.005898310356001473
0.005311048643717012
0.004871985146013479
0.005021822073300864
0.004640801305503099
0.005403351011919045
0.004315572077770613
0.004274161660045049
0.005011601118079266
0.005140103627788757
0.0054914993675494695
0.005537269360671939
0.005246152442800735
0.005032849299463135
0.005033897552070436
0.0055362499587700955
0.005330831992357388
0.0048932906725790756
0.004157075979081085
0.0049924241056365035
0.004354159868833849
0.0055141388887675145
0.003876567325290161
0.005240247754568557
0.004969921955698773
0.004920182511571599
0.00466742146285314
0.004091194819707455
0.00503093056069462
0.004605695277533443
0.004138484690380023
0.003683900492053679
0.004295720624530022
0.004781139591541248
0.0034950337081985096
0.005130121469450918
0.003399311833130481
0.0037381151464334784
0.003609257157395397
0.003630892757556695
0.003577479146113634
0.003897667875374364
0.004383435274734485
0.004963544986819146
0.004051830586172899
0.003824151730019983
0.003510216677408903
0.0045306916526878455
0.004248647998122855
0.0035908402333147084
0.004692689380684448
0.004434618099325491
0.0031878974974674534
0.003914153654675002
0.0047263635463986094
0.004638114182749706
0.0030350324818838653
0.003351118888991486
0.004606519140853677
0.0034415390104196243
0.004235246283830306
0.004547921156423697
0.0031305307655075908
0.00352674399983468
0.0028941116709231976
0.003107289582311524
0.0036634017129348892
0.003921435979264517
0.0035792295755994524
0.0032602209737821624
0.004362227493074556
0.0027943621358165294
0.0030201336189220464
0.003339887394019236
0.0031791317046107217
0.0037777265637831407
0.002785941929918841
0.004104324517388858
0.003758639919240908
0.004051657259831515
0.003896117200439944
0.0041031239875606905
0.003959646056509712
0.0037582271314485784
0.0037592049708127864
0.0032885635950401846
0.003083855523631228
0.003767694972508167
0.0033213839130097535
0.003696483083316126
0.0034303587868691455
0.003386508587441922
0.0036558805537620902
0.0024629667938229007
0.002401777406746544
0.0032146128957651833
0.0030077527201474875
0.002425099789353719
0.0023293830488067976
0.002535543440737105
0.00266742099321944
0.0027275437414583455
0.0029722509453712687
0.003355196789196191
0.003511346017321764
0.0033828088896703155
0.0029346738719161158
0.0031054127976932445
0.0031287701127993154
0.0031274466021281463
0.0025671287827446596
0.0034650822604778055
0.0021469402552068842
0.0019857590093100654
0.0032769497287742574
0.0027217747916011017
0.002544791524463951
0.003060406395370363
0.0033687375689554285
0.003163208934427237
0.0029888803433462197
0.0034130810271755935
0.003373194456640861
0.0030632874597169408
0.0029906676610747503
0.0018575696584151359
0.003454966677248286
0.0021821326088048887
0.0027038015890955276
0.002266438449218647
0.0024577850100747966
0.0020120696559052216
0.0033817211119999352
0.002836874873281764
0.002105620172317696
0.003151209725277034
0.002109877958967126
0.0019339750192630286
0.0032647034772811064
0.0028936158139132883
0.0019051123027517892
0.0029192869192577187
0.0016910482897518457
0.003032711020461019
0.002049116078061514
0.0024652076493906806
0.002168206313829524
0.002254888487177957
0.001952754048120739
0.002363963802428414
0.0016120163838369602
0.0019039664601316136
0.0019176457728777236
0.002625424202373965
0.0030405724259947964
0.001785750328343893
0.0018040324202738894
0.001350956636549924
0.0020757095781985284
0.002642845889940706
0.0020213481150421968
0.002369053179136264
0.002282600170390723
0.001461587497473671
0.0019119458951397381
0.0013936549881158175
0.0024474752775998578
0.0014170720252594197
0.0024735314749545867
0.0027928826583330647
0.002294421903950616
0.0019745764300984937
0.0012428091220496272
0.0025810153141795837
0.0025822032491445387
0.002832334407672353
0.002445281186788027
0.0027398555325310213
0.001806805223441234
0.002219118780065525
0.0022791476589581567
0.001783799865833846
0.001975138500031064
0.002335628181861911
0.0025297144567556903
0.0021974982713534965
0.0017813914678834629
0.0022990245721758447
0.0012538399207934132
0.002649738675285795
0.001236644890687505
0.0012432126897293995
0.0017762533160568398
0.002593328494476288
0.0010594137468876105
0.0014256207335485156
0.0023160408508058894
0.0025145917485259596
0.001809622900327222
0.0026527207970846716
0.001656002116600251
0.002447411885251488
0.000995114301634418
0.0020522859526075723
0.0011006870277692651
0.0009336160728523102
0.001580191499315357
0.0014691880057710624
0.0009074336603893367
0.0017803456412096796
0.0015137578106552165
0.001983001645117111
0.0013758301367459474
0.0017872360359400864
0.0016544712469477164
0.0011359114663933895
0.0011699932858420209
0.0020189349030735834
0.0016468427265393132
0.002475977821715835
0.0024877118260103934
0.0009370728513351529
0.002466272570764971
0.0010886519717780807
0.0022300317769134172
0.0009220416681247165
0.0022597812743420658
0.0017607553388890617
0.002424133160459317
0.001695439609247872
0.0008138292833533082
0.0008282346732568555
0.001111540708409972
0.0020442761388927296
0.001324059011804917
0.0015323783470001977
0.001190367698190654
0.0023488179081370187
0.0023329281629104835
0.00203304652542409
0.001428831845924317
0.0019044340223047448
0.0009342442187638334
0.0015222041705071012
0.0015464609901139714
0.0008732448345260275
0.0018178002299189973
0.0006510767418178106
0.0020684269808850173
0.0013887209197614284
0.00115122261299655
0.0020090784967793564
0.0009286538135879461
0.0019058908092122932
0.0007719743826780028
0.0009278414889814343
