0.0016522474573779531
0.000878640594129165
0.0014867071051313419
0.002099239763910701
0.0006429921716614064
0.001957847073239314
0.0015781357166323303
0.0006525405807639821
0.000683491266637554
0.0017744509662974087
0.0007366712370197967
0.001836542918419382
0.0022312907747897947
0.0014839671233635322
0.001442196947510077
0.002070462094826531
0.0013637703870450688
0.0023085015860091216
0.0016966353567637777
0.0008058165436280564
0.0016637643893395006
0.002177815655270659
0.0014347790119946338
0.0017886814341290759
0.0023748471771443767
0.001570300115729305
0.0016941465067462148
0.002092799080815535
0.0020121047534505153
0.0010496375040056167
0.002047529016997363
0.001148343552311772
0.0023708185972117946
0.0011639519894136323
0.0019656084076460044
0.0018187665597947727
0.002021539471597609
0.0008868662957283926
0.0010832328837720989
0.000793183370159736
0.0024052755869502906
0.001484948353359978
0.001121604669424079
0.0021970866236228175
0.00122250724817809
0.0024238346221507035
0.0010103446294249434
0.0021578833430356374
0.002212747565044479
0.0017248434443357847
0.0019460216381165703
0.0017020989732878457
0.0012104783784985373
0.0018242344776208928
0.0016723115854619841
0.001647801465186645
0.0024089594497762492
0.0017527648020431589
0.002596328653679152
0.001401736316785719
0.00200293568153582
0.0010267517825169419
0.0013511386068121303
0.0017701360043640177
0.0026617648123145473
0.0014860062741986163
0.0012312593196935355
0.002042340921755201
0.0019355305365712457
0.002593786232993675
0.0015882027292170554
0.0011150449128512563
0.0012257017728459765
0.0023258737423180287
0.001971796935951073
0.002177202380187207
0.0019815338969369728
0.0018354369101149632
0.0012474637749586791
0.00230592845915129
0.002112006811031786
0.0013566189649420201
0.0021971895576678373
0.002632523694627833
0.0018632442584090307
0.0013195605786255975
0.0023676992495758427
0.0019013465404551053
0.001531526312597728
0.002814757717184509
0.0020787335520117143
0.0021775796470729965
0.0023531387463852594
0.0024319057844768804
0.0025798175711582733
0.0017627620104912135
0.0023266759321506816
0.0023185054553119923
0.001982012251936463
0.0015395285581320643
0.0022462288977556913
0.00246934184208704
0.0022911594704540473
0.0030326480867197687
0.0023260447392868776
0.003021565730835728
0.0031405269863611614
0.0028894577550650307
0.0015171216737320762
0.00260321365568153
0.001953624222559446
0.0017043855767053422
0.00148193723646014
0.002903426816512046
0.0017469665019463367
0.0027836519610801294
0.0030290382914721905
0.002620820246697193
0.0030307447474797983
0.0032780533787636905
0.0032769076351594185
0.0022839741067323623
0.0016980484136778437
0.002956835697911138
0.002397112163300116
0.0033155226101776957
0.001774796163981351
0.001910905477357981
0.002206124516261459
0.0027616415842028437
0.003346989683079883
0.0019495688348789475
0.0020196986395685547
0.003332977805266697
0.002642198186105959
0.0029785107364490044
0.0024300402511516195
0.0026210098740378223
0.0023010789276635933
0.003520592164725909
0.0035315501334064895
0.0027888616986466745
0.002279906849451707
0.0033841032653552107
0.0019955915433012856
0.0022745894307360437
0.0022425350411128045
0.0026276891299467434
0.0025211354228535676
0.002985270713167562
0.0032240881474381636
0.0022188100484893886
0.0027345399043484713
0.0023311180631474227
0.0037557558299504824
0.002417713103591505
0.003543714923788598
0.0024566955202044625
0.002900192367267222
0.0033617128987780526
0.0030119445736056768
0.0028931192727235768
0.0026942274142980186
0.0035296014399282018
0.0034130242627436083
0.0024223962151208134
0.0034103038060118705
0.0033168447662715716
0.0037961009850246744
0.003221063089582451
0.0024140950929325143
0.00327229200495463
0.0035660423655215294
0.0034407113104833187
0.0037846672603229358
0.003684866496814585
0.0032642108778071556
0.003184682395813263
0.0038991722804507752
0.003087532557247686
0.0030585987360200587
0.004129265846571678
0.0041624362830147
0.003539281072668251
0.00388616604339569
0.0029660106902903486
0.0032605921533035106
0.00424862085141458
0.003715373723810848
0.0028730637447104534
0.004263838671777214
0.0043370467066021065
0.004538735605578989
0.00392749277770391
0.0035898366203631223
0.00307786348700627
0.0031170174286306996
0.004558203025126426
0.0034113746779252654
0.004461028901062941
0.004269641086676182
0.004165255035897434
0.0035957153500967326
0.003868073120287914
0.004735157102137063
0.0033637647183182864
0.003107394606490617
0.004733450919896557
0.003653859294380382
0.003256208803685219
0.0032547619462536164
0.004676199873066493
0.0036089638976980073
0.003370807218546041
0.003754244639492237
0.004545666136592894
0.00393288231875435
0.004207649103035317
0.004890382891871423
0.004805431109744313
0.004402121672611411
0.004154961087447897
0.0042872328732492665
0.004967867456923059
0.004474605404063473
0.0038367585901447026
0.004500721429612902
0.004497426285907691
0.0037676574707211303
0.004894655509015616
0.005319260196602805
0.004888803923543164
0.005218862815659929
0.004686139698865493
0.004792296506723181
0.004909149136563595
0.005526262740647027
0.005585710878076982
0.004410862574352302
0.004494512691730993
0.004662615620997614
0.004673295772070127
0.0054868515794424845
0.004374940802096493
0.004669737517392519
0.004171484946455547
0.005128446059746561
0.0048676835860460834
0.004908094318386718
0.004522147129698882
0.005742995920644568
0.004962259988774744
0.005873080790303774
0.005568895251121986
0.004677038709080628
0.004524956536317575
0.005045248620099629
0.004703306070227198
0.005544580762364798
0.004995168709371294
0.005443056929881527
0.006172646580905535
0.005779882546291715
0.005207436420813745
0.005873710476130786
0.004883809608672873
0.0062480858386458095
0.006097050722587861
0.005017868797152603
0.005485463232425808
0.004847443708522537
0.00556014605429221
0.006284619185721937
0.006326376938858695
0.005531222141828243
0.005486649295613675
0.005938979503887145
0.005562363864758245
0.00674239591242303
0.005400046039004966
0.0063912608147162035
0.006427506171651518
0.005517592051547691
0.006978455674048831
0.006481381901292987
0.006704184869784569
0.006801994638205439
0.00552207466334838
0.005668238454284185
0.007221932074816579
0.007145549799322348
0.006538890072952363
0.007102980833948994
0.0057272934352235565
0.007267972782096518
0.005892448860598202
0.006598499255579442
0.007302762026171148
0.0073408512361542
0.006770693576493777
0.006532024899752395
0.0062258722234512015
0.0062294619305315255
0.0074233832790254655
0.00766527551849966
0.006512286364567137
0.007404551390696382
0.006882212088908642
0.007578852587588546
0.006940108968225907
0.007463311541548573
0.006698855650373572
0.006552234308333101
0.007256837546982732
0.007359217216481395
0.008232684013450045
0.006917472289145191
0.008127533089817104
0.007804561166632697
0.00805207449772978
0.0072791278920778
0.0067635664626259995
0.007343700485048908
0.007234780725844245
0.0076253855227464955
0.006977222285500605
0.00818330574731771
0.007605828671837735
0.007350113122293737
0.008646743867495534
0.007694373962552973
0.008224597413938235
0.008692185843731553
0.007352487501806088
0.0074674383435009645
0.007516814296407185
0.008966865854198145
0.008937605361763636
0.008666353712714566
0.007979520653917375
0.009204867556949358
0.007718897924597985
0.009305225159164175
0.00815312513833069
0.008648804754155512
0.007851347398612974
0.008378002413920888
0.008509192383938146
0.008556534321244109
0.009126301044081868
0.009695039643556395
0.009599713812597964
0.009579375891871503
0.009226274912786983
0.00899627781422057
0.008333126971982909
0.008445775949847509
0.009379027043898265
0.00966797132330071
0.009873160026888142
0.009859175485655005
0.009344712948751941
0.010188591808955247
0.00919359478982119
0.009560172994472621
0.009191639625910047
0.010043695116467043
0.009573078476617102
0.009703571662089561
0.009155824736390468
0.009800928662111212
0.010553870796961408
0.010560801398270413
0.010787169226771193
0.010901665301596971
0.010943620965205562
0.009958658086188213
0.010878759332178965
0.00962884989835485
0.010577015227671904
0.009749300442154074
0.010172354113412656
0.009791972863420447
0.00974493619931968
0.011037909644668371
0.010192722657817802
0.010479952316727121
0.011103183862812902
0.010861985958446393
0.011063718434938485
0.011784489442768569
0.011354648362388772
0.010631559600169744
0.011799466653603168
0.011999225629848688
0.010636347037169987
0.010445546893622155
0.011490950400446408
0.011381225072486281
0.011468825566274122
0.01096315582046647
0.010905120821521739
0.012367466875827265
0.011680479396363224
0.010959820529952778
0.010897319654454419
0.011542996808230847
0.01268002497316093
0.011630668111131061
0.011683374274959366
0.011592499883565236
0.011330750431786319
0.01194827417937467
0.012889301419770465
0.01247189261525649
0.01252932685930974
0.011566977449944586
0.012879037277655431
0.01268374260304431
0.01207005719079404
0.012668215034283227
0.01354181219029424
0.012786770974144912
0.012896684302784235
0.013211418764830453
0.012313785866664982
0.01258145931744691
0.013207418052702983
0.01344511054748919
0.01245625713562148
0.012625272509516403
0.0130013916630375
0.013262487065337373
0.013094593016136786
0.012842976235556988
0.013304768877766958
0.013561740076139412
0.013066096486229575
0.014170317352556201
0.014110132222481349
0.014594331630110756
0.014055330659966524
0.013202179068898387
0.01380805204494498
0.014593822472196443
0.0138479678047987
0.015126981089986453
0.014827201091155637
0.014822896746911271
0.014775998902473724
0.014639713857015676
0.015157122214160518
0.01443071581791722
0.014110480041482434
0.015306376458940443
0.014528463147545674
0.014886346224825701
0.01523474643341641
0.015674405458272592
0.015676842419281092
0.015867830192192883
0.01446647723242873
0.015675790891893776
0.01600189001073083
0.01633286060556996
0.015995885329642225
0.01599515937866491
0.015981704543018112
0.015640909317924005
0.01538014578505145
0.015717944171254956
0.01674749205595298
0.016548512148914358
0.016921871021453257
0.016975252195980232
0.015826330310428075
0.01568438347023355
0.016855005752047805
0.016880243924633102
0.01648383976979853
0.016961799090295503
0.017148764726300936
0.01677571882497703
0.017384000885909662
0.016390352505260258
0.016279578611439565
0.017557152102491945
0.01737080431117532
0.016830460194937353
0.0170547041332241
0.018149758461331506
0.017576565819916005
0.01801427531083272
0.017547431745374202
0.017132074864429452
0.018120970145333024
0.017167813545382157
0.017381312281944675
0.01712449767470385
0.01751890019405587
0.01716779385338613
0.017878923133454596
0.017606381252645173
0.017648822928015936
0.018593351949812768
0.018624650325805157
0.017627461892064922
0.018401782828371877
0.01832662659337733
0.01834611655400089
0.018840105470315418
0.018904805112871174
0.019307134234541386
0.01843969300575323
0.018195971524038023
0.02000922373261605
0.019062001519418656
0.01897738846749896
0.01920499225430082
0.019606273787597415
0.019062906655693
0.020344723542135644
0.019496849006315615
0.020386653703332296
0.018970752518427923
0.020431906579202
0.01962339390683738
0.020749067144701958
0.020167434992819026
0.01994461018317861
0.020161809261267254
0.020961267955206902
0.020947049468896577
0.020706808897430568
0.021258016250563946
0.019928075989667324
0.019985580653331628
0.02124732621540484
0.02143969035863012
0.02042672101495912
0.021749485438699402
0.020596189993953774
0.020751208233967703
0.02102037593267716
0.021833224755459544
0.021316001069110187
0.02099341458291317
0.021976045291401597
0.02218275289426908
0.02156814908341547
0.021527249089659056
0.022621779015827
0.022852703136218726
0.021267885398298304
0.022537879445068427
0.022316641815063876
0.021819895930956835
0.022370135443390487
0.023281279554493783
0.02242769572495058
0.022660367786786154
0.02201224787138841
0.022219919679319994
0.022579384838529105
0.02273384154119508
0.022895037407107056
0.02289701003506245
0.023093504166703124
0.022914237010872952
0.023065453987172663
0.024080884640312127
0.023251793022964064
0.022940754965716556
0.023489055798040264
0.023656431594792887
0.02341234275134561
0.023336072925007847
0.02420291311214809
0.02486186815217343
0.02406047155397168
0.02410263139857608
0.024655921169343214
0.023737643228393
0.023879667690406975
0.024270948746129103
0.024383389461268865
0.024540868597026068
0.02432788657461104
0.02487423010374137
0.024783701121154297
0.02549410841366425
0.024417653848087143
0.024381792429113567
0.025314225030177447
0.0251591663450186
0.02458741625814232
0.025034521709291442
0.02611638448918136
0.025850405624307564
0.025014399285853434
0.025084289075629363
0.025708875473689902
0.02589378122364914
0.02527276382927422
0.025393591403295272
0.02583958187539047
0.025693495439901386
0.025778116522968065
0.02586699998472759
0.026634746065956276
0.02741249843705496
0.026369002750961205
0.025965459719987247
0.027535245476485837
0.027554648606324915
0.026612780516155506
0.027053812660738415
0.027984304370720116
0.02706585358734766
0.02754989211212279
0.02682399820692617
0.02730494761397547
0.028348293321217587
0.026948733381228406
0.02828664030434842
0.028034633593857262
0.027818358481217838
0.028051871801177675
0.02778592886766308
0.02835948256915328
0.028657857347716434
0.029246214638447638
0.029237054482360195
0.02818154781728858
0.028735936895183205
0.02851600201046281
0.028147157594048792
0.029209497466501397
0.02951182305856156
0.02958211849285507
0.029944284599630843
0.0287981099344677
0.029248315421181316
0.030107940067052516
0.030202996169211887
0.02995188182320462
0.028846783661158094
0.029718631782435008
0.02961632083445646
0.02930367938969918
0.029420750522017987
0.030830725804596584
0.030786027548932535
0.030881829362981027
0.029552167939574527
0.02944241127047207
0.030757773567554065
0.030073646838146915
0.0312518263998171
0.030695000686661245
0.03136960234867687
0.030489510494549434
0.03057877169441455
0.03080458957935835
0.03159537221906679
0.03135956462325144
0.030664511625019854
0.030574618999763454
0.030911431767902366
0.03059700755441972
0.03094026409844146
0.0316584607706947
0.031645663145979885
0.032511907548423764
0.03137898238949268
0.03154639847745797
0.03267721321939832
0.032423733137926576
0.03173175080877642
0.03301342207583358
0.03195468320087266
0.031473989314602185
0.03265711032122779
0.03307475672493962
0.03337589738461244
0.033176043597372924
0.03312727698395892
0.03229969656845141
0.032761355237640934
0.032173041710915194
0.03365156096704417
0.033068513812160305
0.033185143420177365
0.03335544780363916
0.033773568533929245
0.03288563399353517
0.03412695937817834
0.03329837676536157
0.033077576785268493
0.032922381435897305
0.03454202962980162
0.03450094260132147
0.03334195357168525
0.03462864653222987
0.034142454128394506
0.034287679123388835
0.03470833148590015
0.03367768925611072
0.03395977900329788
0.03427952415262277
0.03421379448618554
0.034673076371507947
0.035206783469702956
0.03459369894975639
0.03395655743796746
0.034927571743869616
0.03530806839084312
0.03465181315771216
0.03467078811685577
0.03451412186166453
0.035457620779574026
0.03429142243005724
0.03589518700520676
0.035065352731808816
0.035439959863956254
0.034734607716483595
0.03546456038011477
0.03638246009546348
0.03593731580002786
0.03510534758649205
0.0365730483171065
0.03603227057216946
0.03591675898825433
0.03586089639714161
0.03686862640717346
0.03602035993926639
0.03680800491239583
0.03552933989913263
0.03589544850170431
0.036315329544575795
0.03674880282743919
0.03713661371591913
0.03574046277681438
0.0366866883867527
0.03701532725553796
0.03605434797845117
0.03594341698029257
0.03749648161089421
0.03760385324016908
0.03676877738405967
0.03701144082143576
0.037827681345830304
0.036309023687995275
0.03701081866284998
0.03709239557982298
0.0375298624809454
0.03794829991386607
0.03660931200415604
0.037298531394073034
0.03722842547224342
0.038416474757516444
0.037820864129558346
0.03696125596442002
0.03846085047352956
0.037549077184871084
0.038067421038635876
0.03850879120151871
0.03744955872849306
0.03886215348845342
0.03805294126493043
0.037545970668761544
0.03891177038484173
0.03760485444466953
0.03889135396348956
0.038475707066120635
0.03889186066603111
0.03807306259396837
0.03776232003147804
0.03925969177353113
0.03837685934630322
0.03835379555660797
0.03965846466482923
0.03812424438117294
0.039007133263100416
0.03858329165592144
0.03827567428388278
0.03972325596423888
0.039496612032469014
0.03974419356631568
0.03958063140664492
0.038583931255681096
0.03939552673917207
0.038875318004231836
0.03908825329003119
0.039584152132213155
0.039886199844364464
0.03868984869039058
0.04037300810964716
0.03975361405219031
0.03906059948141878
0.03919270811762208
0.03922795262007301
0.03938987541321557
0.04046751800544036
0.040589490593018834
0.03961648912814971
0.03956305406237431
0.04041487524919452
0.04022523387790545
0.039815371889317726
0.040647732591737006
0.03986650598729897
0.040016776636198514
0.041078710639200815
0.03963262379597024
0.04035086030775136
0.03962950740957
0.03976096781749144
0.039752300620821
0.04082464943424711
0.039689800589816186
0.041024763991376466
0.04013853385925403
0.040826606483041025
0.040235631651053406
0.03985847748949543
0.04152228912010683
0.04026572855755908
0.041079382923009354
0.04166535681650658
0.04108901719880398
0.04103875603044105
0.04056345124564744
0.04177434050661029
0.04136523002243751
0.04190253695818295
0.041799613732301115
0.04107064277736061
0.040536573529505245
0.04183873466237163
0.04052978600389341
0.040742012313448275
0.041514663242000725
0.04135914316532722
0.04189281474836612
0.04050747751983199
0.042103667686149884
0.042092657107386924
0.04125394052083727
0.04059965792607171
0.04212156715099168
0.04189627414631674
0.04186456805877966
0.041722010012490214
0.04097431580696323
0.041905078894280794
0.041498547028091415
0.041822124783354
0.04113473013004724
0.04164600317186815
0.041733193436409126
0.04221677792352099
0.04201094417247143
0.04117266214967239
0.04206684912352644
0.042395394375797604
0.04207794533146977
0.04192535864639058
0.041054112080962976
0.041707173905275875
0.042323324601238
0.04284023190232101
0.04265116509588209
0.04112503963887559
0.04255774259946256
0.04171571425264642
0.04190706844975566
0.0412278000538687
0.04132209415452354
0.04278633985000613
0.04163691489104616
0.041719771919254516
0.04131868745618064
0.04243571900826465
0.04171788661138269
0.04237146573955151
0.04186565227213199
0.04222055594802996
0.042266759289672454
0.04140688094368604
0.04250197331153338
0.04264250501989681
0.04212021109417309
0.04215481367959292
0.042684755399615436
0.04154109388317736
0.04182002774130952
0.043028695855865697
0.04230280346892838
0.04239458223366901
0.04172819668991345
0.04250282579603703
0.041943628329620085
0.04221252183010631
0.04265867946146937
0.04231977721505902
0.0429683278508855
0.04271554726138016
0.042294519417986474
0.042633422602125014
0.04232261044054419
0.04156982957981684
0.042044707350592694
0.04204904629391734
0.04250894702885567
0.04237347758512563
0.043025405835921945
0.04306104120495281
0.043005395881548905
0.04293149149954757
0.0414660012857502
0.041547272930387916
0.04308843663545652
0.04287171722899768
0.04302313285770556
0.043083916284398185
0.04262762014530988
0.041994818735779316
0.04280390942346115
0.04197814834956555
0.042110001572939676
0.04184380490714227
0.04198874193772273
0.04181067689371213
0.04269161188388545
0.04167740034931758
0.04136196529597251
0.04212585116846355
0.04151077783236338
0.04177987038846728
0.04258476494815421
0.04184207947580619
0.04194783120273757
0.04271253869737684
0.041234687027286936
0.041195888596840265
0.04247199448622559
0.04117166101221245
0.04246965322624086
0.041726023794253934
0.04186373131062236
0.04133921855976192
0.042310965670097025
0.04193537839164382
0.04139225728104135
0.042231475509657584
0.04112927939988546
0.04232622670955644
0.04252442725587669
0.04216036209679191
0.04120820782176372
0.041365114622900934
0.04179600241876579
0.0421136833945665
0.04218859147929055
0.0413439353337819
0.04170994489068894
0.0418936314925406
0.04081058092235148
0.04107984337477573
0.041716320762747484
0.04124667328625302
0.04185907013365217
0.041738275593046006
0.04145711348387095
0.04195800475696037
0.04196193788756243
0.0405592801388062
0.04082234067049282
0.04083002908878695
0.04126423446276806
0.04066066570315788
0.04204662442121808
0.04108384492220246
0.040417648041973744
0.04129388772310027
0.04159911809418259
0.04068058731214046
0.04063596962921211
0.040526885160114615
0.041553043849385324
0.04100237302188881
0.04176290209712439
0.04059861427486571
0.040925482842499514
0.04117979063761898
0.04087387912101753
0.04107239473118929
0.04040159495914013
0.04034085272448642
0.04003752077496025
0.041426580936345866
0.039801131626264426
0.040589794219434636
0.040658814323338316
0.03983331626115092
0.04119284828592714
0.04123579675627953
0.040607904577514405
0.040348953952060805
0.04020118600455864
0.0407551108564653
0.03931610319702737
0.040015249779675896
0.039932699742953874
0.040396384920656024
0.03987518228631595
0.03942498373247815
0.03978721948314494
0.040723377521527486
0.04000401668381773
0.03905154833873393
0.04011151065663889
0.039949551215996734
0.040060383857804124
0.03964980650248893
0.0401233527014291
0.039748795897184955
0.0397549245672624
0.04030766766534593
0.039558275235241476
0.03945706080442495
0.03924297273557948
0.038530533003747126
0.03848298654063162
0.039957478301788744
0.03866769479412536
0.03831305956320966
0.03865492010316988
0.03872350504637972
0.03836206846325891
0.03954924435692448
0.0381844218881989
0.03939083056850459
0.03922004364535006
0.03817137721161798
0.038814588904343826
0.03824218736529079
0.038060129792880364
0.038618604523522546
0.037573484174674626
0.037668384339667384
0.0385499115119542
0.03795261943877613
0.03793548926461415
0.03855238128810588
0.037607856673897266
0.03746114388126473
0.03829401968758395
0.03722290656442283
0.038258660246380465
0.03774713641144011
0.03770925305046811
0.03784372756413722
0.03837724568962922
0.03729953856528546
0.03823011416685411
0.03695666016031531
0.03740471169273067
0.03793631937536712
0.03790880715298956
0.03673479399947821
0.036348286033197647
0.037471115943691284
0.037367534991689245
0.03613515145568804
0.03678859221382895
0.03666485725500952
0.03597948815503807
0.036827338280435745
0.03647281123273984
0.03663006355043995
0.037100663053777974
0.03684537547930103
0.03669912816846144
0.03568132200768801
0.036661912255682536
0.035655090233778004
0.03603126586360522
0.03657130575590646
0.03520267543595421
0.03581098043000799
0.03636871530476832
0.03642708355792285
0.036236960702171965
0.036277230844896764
0.03629980847979797
0.036202934267721976
0.035444515770537345
0.03622875813711276
0.03551235358162631
0.034702600778792565
0.03571948578682701
0.03562494708580186
0.03436873312123936
0.03427966031101332
0.03560278471690042
0.03514852754627652
0.034164673223608395
0.034941879998714925
0.03545458559853307
0.03389554860050941
0.03512002859786484
0.03499307963491448
0.03349457286089959
0.03395993200063718
0.033513939426557594
0.033952028605256084
0.034208978315344155
0.033838945617534984
0.03444616509271641
0.03319917628555247
0.033050591638409
0.03340245985425461
0.03306121072978821
0.03324156656225102
0.033013653736433085
0.03262428318026723
0.03390583638814891
0.03296648132892632
0.033136876887840956
0.03301823868129544
0.03258299734949225
0.032211036136690394
0.03283589558934479
0.03339758042527384
0.033481160863479166
0.03180142629334823
0.03178729478989963
0.03282846095922574
0.03263225529839299
0.03287590215119311
0.031498401786001766
0.0315757922067881
0.03146160925937676
0.03248140819798163
0.031416771683214835
0.032781555295472865
0.03196004113370357
0.032197818431316486
0.031489405639348246
0.03140783785054535
0.03092848902765053
0.03218551485672003
0.03215529207305472
0.03174701452909473
0.030560123989131324
0.030995570451873133
0.031019536041744036
0.03064400791221289
0.031543802229241386
0.030676117635598098
0.031567786018210725
0.029826956885163153
0.030638329031952464
0.030284538165413134
0.031015342206977544
0.029963720843413744
0.029539406459499228
0.030126590848938654
0.030261280444161924
0.02974298075565877
0.03062237275689258
0.029263987120877452
0.029936372724011034
0.03044500768966743
0.029107249893735365
0.028812594645616987
0.0291831993098272
0.029680160620544325
0.02926294887758851
0.028868738110286427
0.029069803974021292
0.02936393622895907
0.02822173827578156
0.028508295158791813
0.029194316991083446
0.028360979383141287
0.028542025175980645
0.02836554447036937
0.027918485880682086
0.028177977257270313
0.028082916243763998
0.027491336579552893
0.027401733120111446
0.028766661995065255
0.028039356741277822
0.02798217784765474
0.0287311989949923
0.02826137773042276
0.028421756518714748
0.027247148435696884
0.028105977396234688
0.027489100494813658
0.02685102339555677
0.02691464987948134
0.027458077586789108
0.027613808211393396
0.02739070713516575
0.027679259835691757
0.02607488757442015
0.026396095413505103
0.026559480558012542
0.02649748297338743
0.026435423998275358
0.025899352459285072
0.026628987944724132
0.025865509407015302
0.02682127124262552
0.026650744853315218
0.02657565922013642
0.026519558896338866
0.025219829412858025
0.025409763482195865
0.025516038813504414
0.026389571064693872
0.026325953755349574
0.026170168257720977
0.025528683268629764
0.025918713372023006
0.025794268771966153
0.025446404443476768
0.02436210586030452
0.025113440478820526
0.025408430069132817
0.025681587848780548
0.024268564796414753
0.02462421887614211
0.024128642820708122
0.024146267732940877
0.024802579176816365
0.024427355225321315
0.024043222101932396
0.024666917241864605
0.024093879067680263
0.023549745292461545
0.02350285389734837
0.024670173461030266
0.02437901939049352
0.023075905428377133
0.023291475560713988
0.02383479263589914
0.024339796060088792
0.02313954247207509
0.023154559266074803
0.023457903978493733
0.02331804510123347
0.023403618407448222
0.02282526416933797
0.02240361713368191
0.02311478903707529
0.02217138010133751
0.02270284616378641
0.022453543842992058
0.02233689747967953
0.021986615412221362
0.0218583744322592
0.022388115618282783
0.022216753004818117
0.0215857663130175
0.022361676093071065
0.022040258941349387
0.021869185940752628
0.022293791997150626
0.021397986900932652
0.02157225677822393
0.021981396092715773
0.02211175872155307
0.021769474185947164
0.021238716195801137
0.022115631952127703
0.021289501927053717
0.020760675801020215
0.02174408362633467
0.021456757299505663
0.021737055962703845
0.020648269795669864
0.0205086084999824
0.019875817515712726
0.020277131935932575
0.0208034367639661
0.02077128584947375
0.020013390882545556
0.021007430417272228
0.020274878021309457
0.02062266080441034
0.020597445972419703
0.02084235998686478
0.01952342365114161
0.020225641793155502
0.020540042485429403
0.019134876665538807
0.019143100283042745
0.019176993138221094
0.020002018530008513
0.01929258909316236
0.019192475250704947
0.018547989404840128
0.018422854740594866
0.01845004291409225
0.018352648477062625
0.0190641455647713
0.01880761448434649
0.018507790872895266
0.018342956997052164
0.01829192598581094
0.017941036542789276
0.018682923469738454
0.017730894692020365
0.018561237408452617
0.017813116596162363
0.018543978021501067
0.01831998255546625
0.017864944741801694
0.018469754014860323
0.01862857095567131
0.01813347642967903
0.017050603385593967
0.017825449156006704
0.01739436140374789
0.01795489367814645
0.016559824220556435
0.016655858652149223
0.01744427499876419
0.016967081222950913
0.016269995307608046
0.017245121685661828
0.01764606746778104
0.01700398238473956
0.01668656505809637
0.01704872083412328
0.017133207644199965
0.017452070724709393
0.015804023538026304
0.016289719196162566
0.01678337816855421
0.015490853541128771
0.015736479048503116
0.016147328210492286
0.016667167945469897
0.016961700445088195
0.015485113775851067
0.015970768534992852
0.01625239538264696
0.015740337870948303
0.01628553696571528
0.015864630053439667
0.015397402301642694
0.015106566800699914
0.015013438563132978
0.015744449903526463
0.01460028521989675
0.015357751819452843
0.016014779899654264
0.015617995325136615
0.015884675978415634
0.015637048578356228
0.014237469956438892
0.015356591149762207
0.015336220103092725
0.014568179717449874
0.015244947239113054
0.015454364670015854
0.0142519315550288
0.015058356261683458
0.01418693173310599
0.014099444019781632
0.013410012340469587
0.013605315418655074
0.014810208917028249
0.013498564569911985
0.013709903807278098
0.01473835084458491
0.014410368370106705
0.012964307085356532
0.014434485838995825
0.014359797703345402
0.013831864576231359
0.013983304910267233
0.014237924769510085
0.013190510714934614
0.01255595931742142
0.013243235378923262
0.012498528106049386
0.012906691210721969
0.012847414662934304
0.013626448922782173
0.01378470440802061
0.012730954607252027
0.013624542091092049
0.012200776896396705
0.012126450892269174
0.012152021416923283
0.012224755442746973
0.012909310502699155
0.012230912550881509
0.011837606606123065
0.013049507953967848
0.011551987264828032
0.012975800629911502
0.01197061558723666
0.011975199663662927
0.01179541572170659
0.011174455045004193
0.011547607603798039
0.012643363066851425
0.011574657367052417
0.011028696656638253
0.01100592715105276
0.011740175271969789
0.010857897036267647
0.011334017022727884
0.01165691908868279
0.012001150217660376
0.011425222543496186
0.010937066420440114
0.010755528186285163
0.010619464546964155
0.01116837006962532
0.010429394673357911
0.011850767475747521
0.011810389238664839
0.011201246438830302
0.010504089359597353
0.011165724930910132
0.011267642476504955
0.011463653882964938
0.010558430106454426
0.011282462632794536
0.010234661454208732
0.01076349115535388
0.010070773814886563
0.010201322137242567
0.010524395490141858
0.010042024072043841
0.010859230166692624
0.010937378107640887
0.0102075008425821
0.010762693808430835
0.010079687278113557
0.0095822050049268
0.010716264242484102
0.010328159831780507
0.009404259168506788
0.01048708460636915
0.01013795723208557
0.009101975916666429
0.00951695335278892
0.009583473477696877
0.00932686337826022
0.009757085428503284
0.010257273005061728
0.01017412793040657
0.009351635195079441
0.009420453904142683
0.009913936149371286
0.009495465728610068
0.008330653495131058
0.008979892769064931
0.009723984623323509
0.00959108799291727
0.009304704317430844
0.009740431930243845
0.008445438816269064
0.008346535043636508
0.008045020056350827
0.008028701299954309
0.00841478301299935
0.007865906157400356
0.008573401485256616
0.007711633876655764
0.008352824615155728
0.008851044114178369
0.008901884017356892
0.007508712716440739
0.008807981028832672
0.00793823801045964
0.008670585043046486
0.007901268181576283
0.008501386534371103
0.0074530107471335715
0.007865124690832998
0.008440524565976288
0.008104589637493194
0.007675454885618324
0.007128362048329599
0.008175680376543527
0.007517003346470474
0.007222754236650762
0.008381219758171006
0.008123164565290783
0.0080273731494335
0.007794175666163287
0.008118952250953845
0.008085372045230705
0.00771906347447092
0.00831059109556089
0.008262076055705152
0.008140837897488673
0.006618113088372058
0.008007707399915269
0.007523421061856808
0.007092827869764483
0.00754112007842514
0.007814213551999407
0.006790069572135975
0.00778038746430133
0.006170983725120423
0.006237965479321026
0.00665047851804474
0.006653147156860249
0.006802589603990992
0.006595084156738476
0.006655650144185274
0.0066318491715681915
0.0062450591206071856
0.005906308577900492
0.0064452585189675605
0.007072190016404613
0.007202230787375829
0.007383610092477688
0.006645437162045808
0.007155751025235188
0.00689451970606717
0.005748346278233691
0.006593608605076853
0.007141450451804639
0.0060967065260200395
0.0058146665247429
0.00583918673403732
0.006901571905415463
0.00594870832419969
0.00614811232263504
0.006280855103581711
0.006850035790247798
0.005798242030894547
0.005114215694111153
0.006195979658171148
0.006529206230565825
0.0063114170082233315
0.006644039913675222
0.005815786818599874
0.005097808231990744
0.004935253776975356
0.005188112802696857
0.0048288170285413125
0.005076809323054192
0.006146694707905624
0.006418805644600924
0.005756829719968271
0.005862439026882217
0.006317772227646826
0.004856405490085997
0.006280293179224159
0.006218043081325521
0.005899039042035904
0.005850525400049015
0.005039824196348318
0.005100509420525845
0.005337952395467139
0.005486749076612276
0.004847626754410443
0.0056816582442139035
0.005183298319716967
0.004322509855351043
0.0058643939753472065
0.004268740204947554
0.004973808649874651
0.005301658722687559
0.005446265961719472
0.005120691462784897
0.004702149285882875
0.00477446829673941
0.0056299124963390046
0.003928797084826676
0.005446965563294613
0.004404609565486519
0.005391637242956128
0.004032979859980212
0.004077653292380141
0.003963803253904277
0.00477240387466876
0.0049903566446503275
0.0053058302201116755
0.00445285535930332
0.004171977992003695
0.004175625724233965
0.0051661922530151505
0.005089107052022105
0.004338710362611072
0.0036107243613154676
0.0038192791227523674
0.003858394746111799
0.003761845604985425
0.004430389762012798
0.004026141121911613
0.0048727120265125625
0.00348067177244436
0.004415058917422579
0.0033960722251072297
0.004001181096496893
0.004085114183406129
0.0036061191557859953
0.0035450627089418036
0.004278764443856728
0.0047389871881410185
0.004435188654051188
0.004808774211994894
0.004309675511983658
0.00413425703074208
0.004354006844034881
0.0030633383380806577
0.0037190032439531804
0.0036589452041008805
0.0038418985087696053
0.003990998419401827
0.004061435138232993
0.003582188147466584
0.004023144436611733
0.003196788206805013
0.004398364592048142
0.004337421178849981
0.0031190935239390257
0.0035734964380108457
0.0038379836195724638
0.004124120906612258
0.0027580507318262885
0.0030537762021290286
0.0030635614102368855
0.0028178257742606577
0.003027079490907931
0.0034032723209394384
0.00407582708929908
0.004178051445907863
0.004209933601659274
0.003969193492435504
0.003649175915427832
0.002539253420541395
0.0038774150155951427
0.0024349021375358938
0.0034365157233468254
0.00314560401176248
0.0035357889591488495
0.0034772957479989883
0.0025740596473686787
0.003218516672487892
0.003749183669821275
0.0033916691259217673
0.0025202839307498243
0.0025340137903668443
0.002342464018913301
0.0026007426974440045
0.002382725623817553
0.002589591066255524
0.003583806575459906
0.0028674809578647605
0.0035421246010009853
0.0038148766485753853
0.0032211589696417
0.002614032984566574
0.002906898531217189
0.0036707381687867543
0.0035997177405223263
0.0030826972497904367
0.0024077851743181345
0.00239707521632276
0.0033364116606174293
0.0033917619057113662
0.002315658336037249
0.0023292793765352965
0.0029471784010714867
0.0029610025703312873
0.0028507813261163845
0.002287251010409361
0.002353609443837936
0.003356275441327868
0.002368738306667898
0.0022015222125687513
0.0021481795143051415
0.0020580723312672937
0.002831343399163177
0.003190567137067056
0.002727961155723988
0.0018037634908448646
0.002302897929375504
0.0021825773428275153
0.0017139272532507356
0.0027026313812664204
0.002233022308528321
0.002430907165123774
0.0020710143525930966
0.0019133674171072424
0.0029652774579991895
0.0017562635362735738
0.0031558453898383786
0.0028524918444367267
0.0022112052665006704
0.0020125162577895902
0.00247380852365211
0.0026646126163067875
0.0026682625232081307
0.0016666807947431494
0.0028594404904148697
0.00240809421930358
0.0017469332342414264
0.0025280037547833647
0.003170069953480991
0.001450554553146234
0.0017405681027254426
0.0021897957557102357
0.0024679126214781385
0.0019199835767194273
0.0014947228657223647
0.0015973314480570739
0.0024050577475545265
0.00267851641193823
0.0029141204126185605
0.001668408857678014
0.002339365186242418
0.0030249681310408915
0.0018747781805250174
0.0013723680481757903
0.002345231634476136
0.0014419892585591232
0.0018031970907956105
0.0022884205994305085
0.0021749022876825057
0.002513045791195826
0.002694755357877314
0.0019541105091274063
0.0018432623019818317
0.0014173810302491672
0.0012740633507973382
0.0016794675407167273
0.0013319844424672653
0.002721056189213025
0.0018188702634238474
0.002424892403156468
0.0014622402573264037
0.0027607470452386323
0.0023070457096268705
0.0025036689208495144
0.001172103676031225
0.0014800231166994704
0.0021623469236590697
0.0021538402463665215
0.0010212241405572712
0.002001911764819743
0.002196805212692819
0.0015528237988825546
0.0026407203042875882
0.002115666661293676
0.0025592535258926424
0.0016452896034677704
0.001386726191496847
0.0023537329714136933
0.0020258754555803125
0.0026412511761409884
0.002212102958702324
0.0016325631022567706
0.0023903871373347025
0.002621481330444031
0.0017670530627513733
0.0012714564810913317
0.0015797080201043969
0.002289253749561996
0.002257511629898517
0.0023499950172756407
0.0018391839121956767
0.0016447683056298637
0.0011680482012138929
0.0022037464514054785
0.0010172277180447691
0.0018600484852652624
0.0015119578883065368
0.0007915906199821036
0.0024563387062382295
0.000977508206400161
0.0010902603573252454
0.0015625967353760926
0.0022034083425982063
0.0017275050535241682
0.001098867293485329
0.0008216958788556607
0.002208414241816269
0.000925733961002747
0.0010929315362680479
0.0024527393703190972
0.0013771808505981236
0.001276935029080527
0.0019468800805685484
0.0010058248646718545
0.0023938794389662048
0.0018076004811059282
0.0014615898258260108
0.0008809075696687213
0.0020733291152136347
0.0017157031656314693
0.00101754143670291
0.0020271507466950323
0.0006432721684621601
0.001911514585603558
0.001015220341736204
0.00116446427118524
0.0008493688001172885
0.0007188833835634627
0.0019778771131633444
0.0009127583144887067
0.0022371755520146164
0.0020304110961640535
0.0017585072250180266
0.0006754473227318934
0.0006187398087490509
0.0020007157522454228
