0.0005841079460002249
0.0016375159164190333
0.0010013017043227854
0.0018516240556873257
0.001099758490068981
0.0009791527930118331
0.0012374428108121616
0.0020741276303374084
0.002122249076362605
0.001419525887603471
0.0018019301160452498
0.0017110442260510005
0.0008145040765529213
0.0017178766348116728
0.002041132559018052
0.001953471648325331
0.00232845230471265
0.0011681027570888281
0.0014555600748339097
0.0012939899396708573
0.0017685565795683314
0.0012220504147909558
0.001034391174129995
0.0011237338010423364
0.001962297945520642
0.0021634557765695915
0.0020159753548668583
0.0017471006215773856
0.0008026668938452365
0.0007166333429426848
0.002076910576637382
0.00223313518023104
0.0007792916235655142
0.0023948654003112142
0.0012914713832270048
0.002151746412590717
0.0012766999710821505
0.001852295673852708
0.001869985939392199
0.0017486647212225385
0.0017439701423622768
0.0012613213643970847
0.0025356128512846092
0.0017992687601997646
0.001583317892711215
0.0008489859860006147
0.0009578744688596459
0.0022497317432102985
0.0019254350459225185
0.0016214215282228039
0.0017785073477818306
0.001227697756661446
0.0017784812147725985
0.001876870611975474
0.0013510728511802112
0.0013167071350976682
0.0015236574942971595
0.0020371990522136786
0.00232974681989075
0.002411953031392864
0.0019420308873469103
0.0021433478087894394
0.0018446306198799994
0.0016166767796713614
0.001443548022806865
0.001897018242909113
0.0018232021053488365
0.002380319158892315
0.0027388321827742823
0.001893481038753451
0.002652520287566044
0.0021351604885785185
0.0018701647539734736
0.001991262740213872
0.0027768954968741735
0.0021853279794495657
0.0017413449809027426
0.0019335804292335904
0.002054338648540013
0.0011916069899474669
0.0025148708674578835
0.002093215141907533
0.0012217252442183796
0.0026974193826864497
0.001730225217717073
0.0013511868060464083
0.001971782954725081
0.0024861777074046435
0.0016336202364013238
0.0022861328880322183
0.0018274112569851247
0.0028181360703792603
0.0026364492901016943
0.0013142855483588417
0.0026482173799702606
0.003026570933556472
0.0014642226967541327
0.001961418562268153
0.0027592249605188123
0.0026019208642653574
0.00238940842725178
0.0025016071965243284
0.002721133087464637
0.002111964467698566
0.0028846114642030293
0.0016623444931422357
0.0024887490701917922
0.0028049414003611874
0.00269718853407485
0.00193181237288888
0.003142616429380987
0.002933631566768934
0.001848228733085396
0.002348403970207098
0.001814342165971865
0.001675897855681772
0.0019716301874909557
0.0016063141582258976
0.0016461629591336153
0.0018761528762123738
0.0016254894358611546
0.0029928771810642956
0.0022080760552369016
0.0027295127027371848
0.0019515888888332518
0.002752102692455019
0.0017359290219624627
0.0032539122249614152
0.003026595010864221
0.002449754240062189
0.002845010133429559
0.0020772776258242997
0.0019697541559385565
0.002878023485580014
0.001894278794816416
0.0019603207761781727
0.003180040215502204
0.0026838019980646092
0.0019323267861543164
0.002792668493948636
0.002775402522199418
0.003250283627386888
0.0031318523316917367
0.0021875323689792042
0.0027028105521382877
0.0023132606124803305
0.0023602223976751514
0.002031797768264481
0.002987578397964227
0.003579484543954227
0.0036642625981957635
0.003265645920192127
0.003349809029144609
0.0032067579008701807
0.002538873275025268
0.003395275767688699
0.0038634197422103347
0.0021509564350424863
0.003322294928860791
0.0035502823894530003
0.003200565264276517
0.0035319237580963025
0.002332505923613688
0.003403910619091924
0.003669979450171321
0.0035580413570754344
0.0027498178745024326
0.003878267676300486
0.0032573396751424495
0.0030240774730371273
0.003121368338192485
0.0033183738112502227
0.003839348729956877
0.0038038763577817073
0.003999420335340901
0.0027202380502414805
0.003356097206805976
0.0034848241744545503
0.0038585616562244918
0.004157994499336249
0.003309631554689286
0.004218785133289169
0.002662813090019931
0.003975655183294309
0.004096261784994461
0.003566621874008687
0.003030380958672321
0.0027600961535795537
0.003182950533119012
0.003675478647954117
0.003785668287163732
0.0031170189096219616
0.00352697244677382
0.004299536319100394
0.004247444482847176
0.003605321280784131
0.003711515271473634
0.004602513931735313
0.003091720370575607
0.003681097403876996
0.0034540113843765127
0.0036159610894585083
0.004635494598539373
0.003854357121629302
0.0036394834361522794
0.0036762554092779147
0.004332476788576943
0.004823693839491952
0.0041146356542948815
0.003708405249346815
0.0047555202502226595
0.004011032188739701
0.0047830430306549905
0.0035673044930166578
0.004884184635003608
0.004818635751124029
0.00335977053387352
0.004741826701047832
0.003561986669053801
0.004860205183435528
0.0038208315919076885
0.004617546604508283
0.005192316817027236
0.0050492751955047545
0.0036964428941580036
0.004463576541597074
0.003630784101892359
0.005124109306258316
0.004434090316704552
0.005141987959559544
0.005092009238437963
0.005215804814345866
0.005093153427880974
0.005149147059731052
0.0039468187477338865
0.0038319123448305754
0.005028490043922565
0.004000514228618653
0.005527813713321918
0.005317438704009876
0.005267972990948814
0.004164396750179027
0.004106669399644909
0.0041914263731954214
0.005769960130969657
0.004487570935398768
0.004585394939190593
0.005282155407938936
0.0045330928643809495
0.004217181294407104
0.005608476998639371
0.005859562826563131
0.0054080344457509135
0.0051917971602332995
0.005182178007117686
0.004799900655836422
0.004886830230829148
0.0058611751239658555
0.005797554819081229
0.005503807977627485
0.0061176782661161635
0.0045962641764999085
0.006324330144268323
0.005775712478478083
0.006255741431615787
0.005166831663184572
0.006297831309165129
0.005900070772077929
0.006224648756188955
0.005285281545842285
0.005595566013337012
0.005769434177625339
0.0056985098158646285
0.00524407272984121
0.00586087144907987
0.006504368167970414
0.005483851578019586
0.005332189888379326
0.0062988257033475045
0.006024534040019957
0.005608007897936234
0.0067908056668631684
0.005512664765529447
0.006983757259224166
0.006881504620457393
0.006048383958286317
0.006179774151953132
0.005614588544146149
0.00712000094084327
0.006081148148005561
0.0056082467240458145
0.005567506824733005
0.007295518595623972
0.006703413442749063
0.0060273739667290865
0.006965148374624967
0.006324564862150161
0.0061648244779042745
0.007419657582099235
0.006120926087529044
0.006281229334022408
0.0060723832404519906
0.0060707627550544135
0.006998372036014667
0.006373095496006294
0.006317214912033673
0.007690819919698152
0.006674339306993925
0.0062540059686166235
0.007954349221866401
0.007835971303708751
0.007319594778301597
0.007173383830151465
0.007386006975608981
0.0069983416176404535
0.00709766953722431
0.007497603560683993
0.008060699838376604
0.008028555811418857
0.008200138221275405
0.0073282852453538695
0.0077719994008314175
0.008322817211148905
0.008030623084736068
0.007441379586151478
0.007418912007603714
0.00705158374505808
0.008193958661175407
0.007876193623702062
0.008529917875518973
0.007660266756168566
0.007373668443911486
0.008163886703030534
0.007251969207040837
0.007928343919357475
0.008034208989584624
0.007873522053852002
0.00875368596548801
0.0075303683940309155
0.007852109219691013
0.0075472618011777496
0.00872038214905211
0.007749332930392504
0.008305912218399455
0.008117758663493534
0.007780230203324996
0.00938830508033667
0.007860587972395593
0.008156085568038514
0.008876819311668732
0.008859766886634628
0.009677954456884179
0.009174499740979027
0.008931709851320881
0.009576795127421963
0.009220480207689268
0.010036328950976664
0.009575935435505398
0.00907037910089671
0.009182188401159747
0.008730591450499337
0.00952369089091133
0.009700101009594978
0.009602360885573123
0.009692847814131295
0.009097812718612392
0.00884084582794076
0.008833845063160983
0.010123781552985775
0.009876235276080402
0.010554508789362623
0.010291466527633023
0.010522138564155986
0.01051621368777519
0.010310180002290748
0.00926930357557147
0.009679692071726198
0.009686270526481723
0.009413513971751145
0.010078088613454961
0.010088795904469794
0.01077666928985351
0.009655526789093821
0.01030453358217612
0.010447489664076262
0.010273079175381849
0.01090190067297553
0.010045976714841481
0.011000198329922927
0.010534536449678163
0.011141349267111252
0.011492259769745265
0.011768187872406502
0.010398145779661836
0.01050266509554355
0.01168481888537023
0.011381453494422421
0.012097426067475202
0.011725364818679234
0.012119896337094253
0.010804132820695303
0.012191049464038435
0.01176247987819582
0.011994604485070351
0.01087011973846764
0.010922778129418713
0.0111154892546193
0.012519768921985967
0.011851563866873369
0.012166905028132289
0.011603847811428628
0.012468619223680765
0.01262301360881033
0.012059920314149552
0.011940729226155683
0.012789567222540845
0.011619843755446311
0.011634457737103872
0.012268006319958297
0.01187223657677938
0.012934066833338332
0.012526513483046836
0.012863940559057648
0.013185696145403013
0.013738047535336969
0.012864851806675478
0.013619742935437011
0.013369534348279814
0.013757973592182648
0.012676698949630697
0.013879148568782603
0.012598645709897195
0.013747515037146335
0.013820780322471157
0.014211248035024942
0.013417921059486696
0.013616010199353747
0.014234525819389391
0.013543444889898134
0.013098081967318743
0.01380396046811235
0.01410187123363396
0.014311244588708026
0.013264737686963134
0.014538492958157727
0.013495741629159263
0.015129359714726693
0.01355135930978859
0.014026153133430625
0.014710953424600066
0.014747063790756985
0.01459563649819479
0.014360855052404344
0.014750314795224269
0.014414470306588868
0.01516615123444552
0.015768232419298832
0.01563299253343067
0.014177802893145453
0.015002098505452095
0.015995965934858983
0.014670465589310462
0.014964075524179662
0.015254081431856014
0.016310742403830535
0.015134641165642372
0.01642982216126392
0.016432642835925135
0.014870781543113915
0.01587066927526996
0.016232158248269752
0.016601634113691123
0.01596002225249471
0.015429829872981207
0.015846755365059303
0.01567069475959688
0.015529176029163313
0.017122679999101897
0.01704453541324673
0.01703452620948327
0.016556786222408453
0.01606980422410664
0.016019525975485352
0.01610172361978117
0.01703383747372319
0.016648076521914745
0.0162962668680772
0.01668680117393191
0.016378912941307475
0.01780254347099105
0.017621928688091437
0.017322942144378576
0.017721892604208783
0.017970303459184305
0.01750258999773798
0.01734766310319179
0.017780757939864413
0.017078052504673955
0.018278128938575236
0.01878876794933759
0.01880953757148312
0.017690679308867478
0.018816475068987308
0.017923446421662062
0.017428896372015126
0.017799261499145857
0.017787192310081096
0.01899096048569227
0.017885148292610904
0.01804850362181168
0.018574195129958535
0.019663333987992197
0.01898032914561581
0.01915792422774566
0.01957681652004863
0.019711073966162083
0.01991198426381907
0.019330373465015666
0.018687436596288066
0.019158620589563552
0.02002674908649156
0.020217594381218576
0.02004545427562689
0.020465381672232465
0.01982944760262955
0.019971828141025088
0.01935943213075816
0.020836001276288648
0.020779364523670484
0.01992856567869617
0.02023571111629236
0.02086221910918196
0.019646177628265007
0.021129797649036098
0.021213995170130028
0.020714721700563175
0.020082943659089053
0.02167027082798879
0.02100303646536104
0.02112614817618886
0.021064048493497682
0.021901261472414724
0.02185864562123904
0.02197112889501607
0.021531864692249127
0.02057253607517377
0.021914674198932494
0.021826691027822448
0.021280227208732516
0.02127722654979171
0.021515319989913705
0.022431204023670298
0.021291910038432376
0.02270688251355925
0.021419683912699234
0.022268672984630162
0.02192170950215034
0.021826257160361674
0.022526303507311277
0.021722226414877272
0.02193441120914622
0.023317575328757896
0.022144717502002104
0.02361782598716776
0.023541226205676346
0.02337962921401736
0.023123679343975894
0.02343571599242453
0.02284294641265153
0.022665507761930017
0.02333032576189836
0.024276629663202796
0.023721697971049345
0.02312414014702736
0.023819309805531128
0.023524973027413357
0.023499850662696702
0.023296309682407722
0.023738963930183002
0.024855039031751906
0.024691552336040423
0.02456871306217997
0.023560625348673918
0.024328771965553445
0.024456711732866166
0.023840445404942207
0.025144576879108097
0.02452214054937897
0.024469031514177637
0.02541161322493277
0.025246031481356478
0.025377528949434833
0.025985111786150098
0.02566043118649418
0.025974810251771632
0.025580388882818238
0.024797982188743635
0.026192998745372002
0.026443531775719144
0.0264523903352447
0.025198290163850712
0.025956219874314117
0.026747056923646723
0.026442658546314255
0.026758979971870624
0.026536712185927975
0.02618235600516681
0.02597169360769357
0.027160905223686062
0.026961885451542884
0.027335319931628816
0.027053885735555245
0.027008667656848912
0.02623916227792687
0.027826817172817476
0.026947863460049196
0.027752146697186595
0.026980300495239546
0.02688307765442414
0.0281174679699335
0.027520709374784225
0.027829422100931405
0.027963354479733544
0.028518519017737488
0.027517659197245834
0.027486936688274816
0.028470528687672407
0.02764238988298806
0.027505146612263914
0.027663310635947288
0.027902971856453733
0.02762717655676689
0.028667554270851256
0.027797866753625926
0.028302482498117676
0.02854880641796443
0.028304227175216193
0.028887754787248386
0.029744245787919517
0.028397435679555
0.028499525414228385
0.029758499827555823
0.0296529521889666
0.02855364740761451
0.029035711819960588
0.030106655070139866
0.029080011931621918
0.029990971234321446
0.030217115217848096
0.030066978069340746
0.030441915678428272
0.029639993200414425
0.029736360901448707
0.03085627328607793
0.029818797843456712
0.03036623343904857
0.030162907410072624
0.030124476201080264
0.030277618842798754
0.029908314088349368
0.030190278782023888
0.03134171390855476
0.030578300691435936
0.03153087196624905
0.030704324445027877
0.031849820914073
0.030824802455092466
0.031337824820293354
0.03211134571816258
0.030972107600411077
0.03209493367760139
0.032242794581181795
0.03137991063667309
0.03133847499807354
0.03214929708405157
0.031141873712937772
0.03144682366599413
0.03274784916697388
0.03207188750345296
0.03197204481139915
0.032658459637512044
0.031793404695263705
0.032250885431804044
0.031854122315464445
0.03228405269971647
0.03308558069442465
0.03333888683867738
0.03248339182191055
0.03217321062857193
0.032327594188705455
0.03264226422135593
0.032789629458934204
0.03352912401150449
0.032476431002834164
0.03282950243031042
0.033280743310647634
0.032979724612953495
0.03274716522268978
0.03344634099546504
0.033124330792380766
0.03423388222126835
0.033458338154553825
0.033795585747432196
0.033991003468990734
0.03376767702342481
0.034062272365332824
0.03462925149877116
0.033496769120012045
0.034128848780215416
0.03470880720276221
0.03466253097778033
0.0340491977689898
0.03499614841236629
0.0348431055419538
0.03530905944548104
0.035148014257045675
0.03424436100515406
0.03561327912016737
0.0346151966047844
0.034440651246981265
0.03470286318047392
0.03515410820889042
0.03482855047267722
0.034574697194483806
0.035482446554686214
0.03502746838971008
0.035430888384253185
0.034822420769333534
0.036308089210833554
0.03590760948435948
0.03660299193089972
0.03654672981146606
0.03559397968815832
0.03662038916841229
0.036593082646810667
0.03552945158647945
0.035676773582735036
0.03544918925946637
0.03608791306995649
0.035494120085041395
0.036811607202695704
0.03566650458181975
0.036842266129752374
0.0361570609018745
0.03629281885678647
0.035855480808909025
0.03641335239937767
0.03618913245141299
0.03718927740800667
0.0370842385325246
0.03753023972564834
0.03754026214311031
0.03662586555647958
0.037656603192394104
0.03678330937531619
0.037510891131380494
0.03719082518077889
0.03725315127918296
0.037354603952390854
0.03803531828595369
0.038038720384282375
0.036798972686817484
0.037455941926060304
0.03831120706755464
0.038699947951683404
0.03813467093363276
0.037459391484077086
0.03775816546191132
0.038529106353415915
0.0382620340592299
0.03831380530202724
0.0380917762007583
0.037559217907451696
0.03849593755813781
0.03845665934056961
0.038117952103293204
0.03893379290604426
0.038437662157200646
0.03936333513426311
0.037841035667009325
0.03877441161815713
0.03947796197746991
0.0392396873406194
0.03930602903275318
0.038133052302979135
0.03915335686458854
0.03880909686906607
0.03827611293423581
0.038822859112906546
0.039590575867204054
0.0390046119378919
0.03857917646845343
0.04019278031232859
0.03967642799984438
0.039329084816114794
0.03943151652528467
0.03869544742320274
0.039481675810990206
0.03952675342051076
0.03897517165092342
0.04020173424859736
0.039735354511094674
0.04047164519074236
0.03956586919006832
0.040456633159824944
0.03924326545905722
0.04024883771393477
0.040774324866499595
0.040666837019505936
0.03940131040945369
0.04033066715520605
0.039779311346305905
0.040392312617964034
0.03944902952220789
0.040822922153796334
0.04096203191153012
0.041055763950684755
0.03974520371815354
0.040051041874519376
0.04133989599624176
0.04049681296540297
0.04000628276171176
0.040745669304665534
0.04106835872451194
0.03991345748104108
0.041014039187342075
0.04100298265690337
0.040695745562542976
0.040449351635176684
0.040230216817456685
0.04174918810437788
0.04133089443596489
0.04057837724772776
0.04112619776478325
0.0417701184862176
0.04178992494536029
0.04128376186824476
0.04057559115304401
0.040436110874498186
0.0403353710638186
0.04136390875381695
0.041065165606701474
0.0405821203751272
0.04142675257052957
0.0418647938278177
0.04171437408100912
0.041566532569262245
0.041656726927918344
0.04197621144748744
0.04208527145087984
0.04233624056461795
0.04101885857233898
0.041537023658106145
0.04091846257416383
0.04104366077584194
0.04211300438683172
0.04133072613454858
0.04231536719086784
0.040983091169969885
0.0414269420331243
0.04241581901194951
0.04093247110169315
0.04204679875994757
0.04206696465462997
0.040929294659569695
0.04186782857722831
0.04240181198932674
0.04106147726203282
0.0426602238650429
0.04244367126323328
0.04134269201813697
0.04218468057420664
0.042268494039824515
0.042538648932162415
0.0415237994155315
0.04211172983873674
0.04122144536145248
0.041322812031001334
0.04239323721179887
0.04123542692571436
0.04269968579160562
0.04128183567513697
0.04230517135861489
0.04264577259373616
0.042774503494706455
0.04157278709978345
0.04281581821497904
0.04226151859458286
0.04261636457263039
0.042862861653752506
0.04304384379966983
0.042690372363473915
0.04231980515823053
0.04292971474723773
0.04249148627264365
0.041940808701311894
0.04264907612157601
0.04256511472634272
0.04157774232429867
0.042809293096252206
0.04146385978442488
0.042428901323321895
0.042819382359971396
0.042656326957152164
0.042398216573160286
0.04263769277835255
0.042378816463076355
0.042578638249171366
0.042105305233334285
0.04296436946959318
0.04173639182969731
0.04231814555485218
0.0417851743039355
0.042469880049197224
0.04220669230176049
0.04190295082933409
0.04142438857973559
0.042590597082448584
0.04235007683114328
0.04274223602200058
0.04196788931316188
0.0426937765953886
0.04298605775554679
0.0414956952544134
0.04285821155092909
0.04229184220188524
0.042180710946297724
0.042971007071052204
0.041901491914683
0.0420593560516953
0.04254050307388686
0.041976321074287753
0.041504329565286206
0.04162105514462381
0.04145993832729253
0.04274503696001404
0.04211130206592031
0.042084873212689916
0.04191635266416204
0.04161687636045404
0.04269806424764999
0.04238401974464825
0.042621638430053586
0.04168815641448434
0.04273860469530396
0.04263771224737537
0.04197973731211738
0.04260967324333144
0.04206891568944205
0.04153173050793901
0.0418591312432908
0.04160777298954364
0.04121036724944357
0.04184577569193548
0.04208327857288569
0.04175567573966024
0.04235512212393538
0.04207270865512363
0.041249452485416054
0.041596149974834976
0.04201939828073569
0.042580323478888106
0.04260515146503903
0.04195304884849002
0.041662236530614676
0.041214467502187324
0.04246168825793953
0.042443278093644794
0.04175215827149145
0.04151806663885859
0.04106336774359812
0.040893419463596474
0.04190564261346624
0.04100500214572796
0.041131444191824316
0.04223591398453382
0.04156669204241631
0.0410832067216581
0.04137525145913943
0.041078026237825284
0.041771449462640255
0.0415648639109764
0.040818869649094015
0.04172368357165281
0.041176341236825044
0.041583435604853725
0.0410536341589713
0.04178397768404396
0.0406908007761014
0.04017465942774454
0.04165365233400044
0.041605916107640424
0.04029068771030722
0.04162058587258577
0.04155702278804358
0.04073456302330239
0.040928789981785084
0.04017710014031
0.04085586893767022
0.04003590274929897
0.040651861893690154
0.04129431586614181
0.039851464029807396
0.04018015269282424
0.040233933385536665
0.040873662564976085
0.040865881411094054
0.03968525374145714
0.041091035102371325
0.04088552058422934
0.0405034962017765
0.0409921839975583
0.03962305447670352
0.04067013662321381
0.03925711208760406
0.0406504367614601
0.040508889501649034
0.039246226945980026
0.039324585989432434
0.040209621536140994
0.039327027562071924
0.040163204671812225
0.040375999085337295
0.040445154189320494
0.039125556015775435
0.03985901806696187
0.039233966104895886
0.03983722898814969
0.03931024055568191
0.038840070875287486
0.03899901823157646
0.03844134523732745
0.03894760110615694
0.039421128541441856
0.03899109338791551
0.03984039110067068
0.03862640318312684
0.03854015496807475
0.03839233588202919
0.039061758146586724
0.03843342446452537
0.03803535446156945
0.038186344864949255
0.03845718773469397
0.03873475813974924
0.037863683450203224
0.039302469912197116
0.03776796330373125
0.03919496731754151
0.03833579570381499
0.03784954627863942
0.038854285332741705
0.037364620011081214
0.03889587737836508
0.03853392144349148
0.038667196157171645
0.038707703421658204
0.0376576516207814
0.037853769055651895
0.03755442779679208
0.03863693551995901
0.03853119369884144
0.037474096726979725
0.03836810521091251
0.03840920862819692
0.03678601331717853
0.0381686313415161
0.03733840094714814
0.03769663820695158
0.036686384831814946
0.036881186926515964
0.036643266449055384
0.03718323647284538
0.03615899066914428
0.03691211872312093
0.03721888206424544
0.036298293757221135
0.037177416820313114
0.035931953285094784
0.036271505468634384
0.03701329699642223
0.037214221388709105
0.036661615543481504
0.03668721618914726
0.03599822998544113
0.03597860527901249
0.036704043423905826
0.036684526044585705
0.03630494569298558
0.03602876670548654
0.03603908245509307
0.03642847244035015
0.036339693679530286
0.035224081989882035
0.03525772286699815
0.03475658503159901
0.03639011962865929
0.03622373844104437
0.03620111616098636
0.03608741589841188
0.03472748519542236
0.03478589418080272
0.03525289895924031
0.03466325155931732
0.0346514076313295
0.03555607926540376
0.03465073538000218
0.033933788011417096
0.03400231270269499
0.03395466599547257
0.03450995740672106
0.033846329260754884
0.034251261752379795
0.03468319251469256
0.03374927144538824
0.034140118636529014
0.034362716850088945
0.03473788540374971
0.03393305177373937
0.0333085073291339
0.03396068840372887
0.03337413789284846
0.034406036544054996
0.03397459835111559
0.033095612559000835
0.03418784473624367
0.033858988312678494
0.03338138743800333
0.03272252064326428
0.03329293712511927
0.03265248975214648
0.033389791847464954
0.03332598419012375
0.03241870868539666
0.032878644942861225
0.03264808741078397
0.033220559149957106
0.032387917677896776
0.03323312461065954
0.033311014166301764
0.03242823486057232
0.03259865161632615
0.03229497723098991
0.032233533608209
0.0318222384923877
0.032388425582307326
0.031789710207012
0.03276667354203989
0.03201864564723004
0.03146010479103954
0.031064589825276198
0.03218278208749248
0.0312044823662893
0.031426472448591515
0.0315137034807392
0.030680267978779558
0.03189512019671912
0.031456957442997605
0.031624127465502645
0.03058364601078007
0.030182615062989426
0.031167038484879634
0.030423422014515214
0.03032787164826735
0.030637623946063047
0.031289288894751084
0.031260997186645774
0.029956262531742228
0.031035032115596228
0.030957493286646272
0.029686469805666586
0.029994467999210243
0.030371919504494565
0.02932179804543878
0.02990785661180755
0.029795137685509367
0.029719380559822078
0.029066570639949333
0.02962283110143921
0.0291234397104634
0.030056870731449137
0.028631937765826006
0.029983321534816393
0.028277309558570968
0.028687040994989494
0.02905242031069438
0.028381229277004334
0.02920821928660436
0.029238927720664405
0.027980299598811893
0.028572715885548005
0.028295140794604632
0.027869484552743882
0.028032486683330932
0.027350681373848756
0.027661572692083563
0.02730473615208751
0.02769561857294067
0.0286640426461374
0.02792320885815992
0.02800638673120336
0.02795084508449234
0.02719045365365653
0.02783731842698632
0.02752492306367435
0.027213955932981537
0.02638474475905283
0.02712242609077837
0.026734555663788077
0.027592798413178184
0.026727369607661085
0.026930037974541302
0.02711876817654614
0.02655542245299834
0.02594778062170546
0.02562104333953102
0.025975819780177958
0.026374543131307063
0.026963230213474555
0.02545185365867453
0.025327665672709363
0.026810714596978816
0.025586262379675633
0.025576463515902616
0.026036293078055422
0.02516068800693669
0.02602685669217103
0.025684187698522112
0.025026550466986933
0.025970517033739524
0.024802976118231197
0.024870689117076527
0.025650080377083793
0.02539756395266579
0.02408437243438725
0.024475571008102628
0.0251527900862035
0.024931457270749597
0.023897901498501496
0.02500090130468076
0.023730608309461613
0.02464121033354878
0.02455096408817059
0.024973670718113627
0.02462561252484814
0.02439593310966609
0.02353563155819595
0.02304127991392836
0.023670327851076225
0.02364963561164026
0.02446294302851094
0.02375537381253967
0.023890413787300915
0.023633220097848896
0.022574107871379437
0.023073109467898884
0.023496705368605174
0.02312348292483475
0.02266731257069208
0.023647922911151652
0.023352314021394652
0.023430693661061895
0.02223966161825859
0.022481230787865313
0.0234138714192742
0.022440012499945
0.022025776092633308
0.022373737508005965
0.022577740186983834
0.022562103715468112
0.02175697667322452
0.022636745957698014
0.02188804317501474
0.02208753858716167
0.02210141318882811
0.022282126055345134
0.022306183005385
0.022330787979128238
0.021230380589191022
0.021128991099730092
0.020645857216478988
0.021370837358935944
0.020344555472167545
0.020832265477542626
0.021447094905403724
0.021121872061662952
0.020228000904314692
0.021468492453087074
0.02008229592424773
0.021185004846734808
0.020443658931189
0.019773971029648615
0.021036695062669534
0.019586275582176387
0.019552578823266054
0.020873007457944914
0.02050169559007842
0.019220543597739847
0.019218714946563305
0.019278248547394426
0.020601845695207396
0.01918342994864988
0.019899009169303587
0.019515051607046478
0.01951573778410141
0.019706308791238882
0.018473484871831408
0.018751976488069463
0.018546936954734573
0.019679496029410444
0.019279694471355437
0.019640383985124004
0.017956455785633714
0.018643243619637217
0.018241639576540954
0.017924983548251956
0.018717944700852134
0.01778441961029062
0.017856280198999003
0.01782944812471578
0.017993769628642877
0.018326083582138792
0.017807451684565177
0.018248709096648146
0.018586674614704424
0.017639124921766672
0.01841927227134811
0.017407693088423194
0.01810042923568479
0.018378758669396394
0.016649624219885695
0.017945714652283225
0.01683824391799691
0.01651655789162478
0.016358995071648202
0.016778231994803924
0.01632694169655635
0.01721305182515199
0.01742619300224583
0.016668111822584764
0.01762945825386415
0.0174324339000207
0.015999488629975793
0.016192939682733058
0.016504348795672502
0.016022999654896806
0.015565740340821805
0.016244826105041955
0.017084769294916646
0.01669671037593219
0.015817217287592666
0.015439561473959702
0.015809714625403544
0.016667114309459677
0.015671165105406122
0.016550964291772843
0.015128648399951237
0.01599388117259499
0.015181320357150505
0.014863717419275242
0.014826055767354109
0.01569452340316433
0.014681800129047526
0.014937915480755213
0.015673252779746207
0.015337480686913145
0.015435283695736829
0.014670294572308448
0.014460961406786961
0.014458430096700333
0.01449471119624206
0.014602885515261146
0.014181461360882283
0.014369724045972587
0.014776105581516328
0.014569653266464103
0.01421248685056187
0.01359742669031471
0.01447461676059115
0.013613591971911738
0.014277756659326887
0.013277836463366395
0.013195368260655963
0.013422084764486412
0.013704016501823593
0.013356997700991215
0.013772205922141774
0.012906573586418836
0.012844973211821504
0.013288885182451676
0.013033361384780152
0.012595182234171737
0.012978155913646173
0.013475260638645792
0.01235253260479404
0.013625187779733743
0.012463612168918677
0.012791559187014714
0.01348145174891452
0.011990723148318217
0.01289821862236174
0.0129975914273839
0.013399385476238864
0.011833218886927309
0.01314413602474396
0.012961953845242303
0.01302287908131623
0.011828199655848078
0.012254485776070119
0.012739753538564517
0.012294209859968343
0.011613922704102695
0.011803361252307626
0.012733889655579702
0.011305492307164166
0.012744262110614244
0.012646055911024884
0.011299343754253767
0.011543123532526622
0.012139317465443855
0.011581807672159376
0.010901880750811466
0.01196059149779377
0.010733804550874044
0.010729120309371138
0.01209207898260855
0.011128997353689754
0.011619568684688839
0.011045571802316703
0.011484328228048016
0.011392823019421515
0.011809166460692399
0.011561574831604061
0.01078240214293738
0.011657499503036996
0.009917242864768439
0.009973798641618467
0.00997701037962478
0.010583110598067625
0.009740784392861758
0.010820457033061942
0.010410347706668665
0.01075028249144131
0.010871079021982212
0.010678173333203774
0.010535247025932165
0.010966807598039677
0.010452756167915607
0.009807958445527525
0.00936175396001633
0.009528770490299054
0.00996913909229374
0.009236714589961378
0.010570497744717803
0.010571573449939328
0.010540900047092587
0.009484953482819232
0.01023409497790349
0.0104532845245806
0.009691878937599065
0.009514854093436692
0.010063485474375149
0.009449025364925367
0.00981033444188297
0.009707342167329071
0.008823923305685344
0.009924388237990701
0.009432847344069404
0.009755052897783568
0.008434615202162208
0.008978830690666082
0.008734732946684276
0.008947502751589797
0.008483328231951557
0.008678787928729967
0.009638545530812621
0.009549407574240791
0.008157431957467319
0.008537565646191857
0.008493891513968859
0.00922729491916747
0.009231703657427936
0.00907384600023089
0.007836255918091277
0.008203257023714204
0.008394919287430436
0.009100252125358158
0.007814924679426708
0.009066929483940916
0.007547951873398691
0.008888725980916555
0.0072272797317645245
0.0083775059308449
0.007649462993236576
0.008252009500882418
0.007959935679397227
0.007250161478411328
0.008175298991251148
0.007883265047505427
0.00751058722052329
0.007515951018571715
0.007950612459400049
0.007760233398795182
0.006709174681055122
0.007190804088770641
0.006922069848541443
0.008022222633599162
0.006612527307498649
0.007567971520240051
0.007650736184736291
0.006825596072255032
0.006631064654420678
0.006887646956389917
0.006569934068443994
0.007644431873761625
0.006382654161937654
0.006828005402317152
0.007145837605674945
0.0071971203336253274
0.007476591377777047
0.007368807195127929
0.006937164558382755
0.00728926804470424
0.006354287822978152
0.006967594108338201
0.006554618591662472
0.007027168721640165
0.007120094984488903
0.006210530032646417
0.005793372629684065
0.006878342709138651
0.006188416372955075
0.006335420117637147
0.005820529677322196
0.005782233972453236
0.005947776963877954
0.00572448227134063
0.0066436147751168335
0.00546707797935684
0.005910003785638741
0.006066624860947953
0.005332050144644029
0.005606302937116717
0.005994563644375595
0.006742882353871354
0.00539300827559901
0.00539559781960684
0.005957141568015901
0.006636698589404099
0.005059091300477095
0.006012284427421952
0.004944664804770328
0.0051757494443463534
0.006172941391426898
0.006278869153787811
0.006261781581095542
0.005037852895048363
0.005948535576669907
0.0049820703590366154
0.00551060037462404
0.006240695895231619
0.005061533524882441
0.005204079634846663
0.004833073193291433
0.00565025866728644
0.005673284515046366
0.004490580398229549
0.005772114922933756
0.005958251281596806
0.004947751861089062
0.00520409635822721
0.005365390542274847
0.005877720259415651
0.005005579610787863
0.005798932630886259
0.00442593600656498
0.004340768560948308
0.0056872213134743065
0.004583880190097691
0.005048932606575633
0.00552290949550071
0.005625075151228634
0.004790054873389334
0.0051106388421265185
0.005137240033972689
0.003984399503371564
0.004902743039388977
0.004961135785757548
0.0042417649202361515
0.004065561717179206
0.004357114234993218
0.0039457870996565435
0.005026424696264745
0.0047603478227644875
0.004831162887489629
0.004936736513650319
0.004857532311235378
0.003923332438011438
0.004764224152827736
0.003772312652416227
0.004424341517699996
0.00452612349400775
0.0037247337404110255
0.0039909977253078455
0.003907068001642824
0.004987407083579493
0.004647909919289237
0.0038881019111299975
0.004029952281756151
0.004923903012754811
0.00417369568410741
0.0048511981547399805
0.0032084806478857014
0.0035690939073568877
0.004636867353960786
0.004671499181915749
0.0038740501272137304
0.003957431580297159
0.0031672336017576
0.003549354384391889
0.003514445687979001
0.0031119448102813166
0.004029701009518144
0.004047562562884898
0.003170193075418894
0.003952908711495831
0.0033045490778544585
0.004015586232129573
0.004090668423608048
0.0033446284922539816
0.004296237231576708
0.0032792454918660866
0.003828118601664251
0.003713530417155983
0.0031937580605199763
0.004143425980162636
0.0037814001857060615
0.003869217407378601
0.004009994103566125
0.002784384862099327
0.002777860421197921
0.003329195197303909
0.003025226123677029
0.0043032781289684295
0.002937591461408467
0.003724168805130693
0.0029251544379105465
0.00311294263230649
0.0035014521727604418
0.0039794923407545845
0.0024401527368354717
0.003504802669722456
0.0034886520070382962
0.00396215102607759
0.0025931969150869883
0.003811421196894284
0.003136046594926924
0.002777326486793422
0.0026737072471713936
0.0034189371376488775
0.0029375336376563106
0.0036420655997567246
0.0033912256957869978
0.002583537481676946
0.0024265295860857036
0.002180969881997928
0.0035523960773863193
0.003777816123735668
0.003363730783865038
0.0022501743618506148
0.0037754469265337772
0.002824169541129425
0.003018075548054442
0.0037538519473144343
0.0024787198659792257
0.003350586600139935
0.0033045174257848317
0.002204073520074582
0.0025043851561317603
0.0033758676241707206
0.0026332838365679683
0.003398408332668989
0.002829109241145986
0.0024282182796027444
0.003522115451811342
0.0028689864611330254
0.0025487714048254353
0.0020737397940044826
0.0032408817336452827
0.0025883894819520047
0.0024037672659922176
0.0021992085498750515
0.002424144494660089
0.0028431239708050222
0.0017018444194073145
0.0030004119165187343
0.0033447322125673
0.0021589701741279435
0.003050191728219528
0.0029098674069167126
0.0023044230038358256
0.002053629357777047
0.0018512844174627678
0.001893060512172301
0.002541437668050564
0.0029041250475070257
0.0025189970800427106
0.003217931972936769
0.0031893590549114787
0.0018539991114654873
0.0026131779115739127
0.0019001559699622524
0.0027610943585100254
0.002575298861060831
0.0027375491765382134
0.0016534249067186259
0.0028219520587231955
0.0015486487340226947
0.002598742519174671
0.0016603760200458696
0.00139036127570866
0.0020261488910710656
0.0016481291005649345
0.002224213008452746
0.0025919387477450397
0.0030125811953041967
0.002349840855760208
0.0025971165121091845
0.0024056719371911874
0.0021844344522452376
0.0027138959504097115
0.0021692138074384066
0.0019224392256285906
0.0028615314127910354
0.0029380446311949907
0.001982312809130744
0.0018104872793300482
0.00278865910525707
0.001497675252143578
0.001992668180326698
0.0013147910215737283
0.001196124855140861
0.0014895415089560514
0.0014160259901229162
0.0028678051230953956
0.0017114170520046703
0.001390169889588761
0.0016371077150586827
0.0017629186530069706
0.0021806705128257224
0.0014323524170067714
0.0014085770352333527
0.001528193683368064
0.0011175886146944686
0.0026456044120423136
0.0024428426229046226
0.0020748156678824393
0.00224291948804814
0.0018680926322133776
0.0014630860076252107
0.0013629378483793163
0.0020125324917143
0.0012335891007236354
0.001048235088564054
0.0018075310516690601
0.0009761125856935973
0.0009571589977455672
0.0021846949030596
0.0020976364993075974
0.0017655342531326611
0.0014008025169992546
0.0015390882464995455
0.0021906102623585866
0.002114230130018676
0.0023662766193938067
0.0010136189245379958
0.0016931069320767712
0.0020797460430631845
0.0016985138710763354
0.0017711987937710438
0.0023986269506125336
0.0024823750714024055
0.0010877267301598779
0.0014466589659996108
0.0008412752055619015
0.0012515390232314641
0.0017879410948152376
0.0024195544045356185
0.0012052616479980623
0.001469865422231861
0.0014292928285052557
0.0007468541658358497
0.0019006543024713482
0.0009800991381628073
0.001914972507092787
0.0018321509647588469
0.00227641553904558
0.0019907334741232924
0.0007530184493748239
0.0016818987849649878
0.0012529275006611838
0.001439834047114261
0.001825766354397611
0.00200813150937773
0.0015476267153504764
0.0023210025718906416
0.0010376532722884914
0.0014755430375212586
0.0011810036881019165
0.001597528270241118
0.001642562678726521
0.001945574154892321
0.0010723279294248256
0.0014294480665626714
0.0015926651331656205
0.0011895986343134176
0.0010838556303804326
0.0007893167781480723
0.0008776889473029837
0.0016529059049046999
0.001464590284041849
0.001250357470923293
0.0008518803272273113
0.001041368680791081
