0.0007711755418109109
0.0016913046367684112
0.0006440253092404609
0.00227065571433177
0.0011229186967894995
0.0015795637003016216
0.0007681309577674761
0.0019621831639651597
0.0019056196231004427
0.0013795996339412851
0.001396711184613896
0.0006418330123088093
0.0017937781224242047
0.0019660700195852357
0.0020784459686658658
0.0016751833721742088
0.0018187464979273335
0.0020190004419205106
0.0013826487048408298
0.0022028730645118548
0.0012763767142085452
0.0022559738288530913
0.0010845578836880397
0.0015788329578389584
0.0011658237831866074
0.0016897705174047323
0.0015431501000578306
0.0016761945897941684
0.0015988737840556488
0.0011474002162827717
0.0023839447013338194
0.0008315969666131734
0.002126349313531933
0.001986596751155193
0.001580852215159656
0.0020468367668516024
0.00207993510690461
0.001099377919046897
0.001988536391107644
0.0015097701692197848
0.001897088171513191
0.002507878992891128
0.002515066431468272
0.0010074506169531789
0.001385650299806599
0.0022385211557625732
0.0014854060833046792
0.0011867403028749854
0.0013384199739335406
0.0021757519661027114
0.0013608312767499741
0.002520408776816769
0.001813079568300788
0.001585835986517739
0.0010528391828210186
0.0010246556300371591
0.0016152648744127498
0.002626175444231206
0.0019784276732559593
0.0016027248110481878
0.002520840189007205
0.002713715720250254
0.0018597838661799098
0.002092848495599298
0.001954504741329827
0.0024484617970101027
0.00193573525793042
0.002578385556344268
0.0014351523805275625
0.002320466866564958
0.0019006872888417666
0.001436186782852323
0.0012736392466838728
0.0016339944268865024
0.0017846363842006993
0.0011939180273020172
0.001640849655646878
0.002185924525216354
0.002112927334167947
0.001152993433597118
0.0023461352630336292
0.0018845010390888951
0.00257840037030758
0.0016733481335286394
0.001712184442478709
0.0018638862680878058
0.0017622586973073352
0.002910939941415083
0.0020411383576395964
0.0014299458880886898
0.002682861446633439
0.0024419852335056504
0.0026861567637172764
0.0027064512637422315
0.0029129002427271634
0.0029152617644707213
0.002472833346120677
0.0018165780271940824
0.0017565664735227835
0.0020785082915710834
0.0014099232753688427
0.0022220975197917506
0.0020362596175828645
0.002502388723754471
0.0017505561998973943
0.001717958942619667
0.002975974033405858
0.001482831641916112
0.0019625497652421805
0.001851988281327587
0.0017282265891782962
0.0028402143961685764
0.0016764941292558573
0.0017052603999877986
0.0017428540217671103
0.0023712392146232296
0.0031609611985125275
0.0024908844437569046
0.0032929717524420744
0.002156253355287164
0.003014760496070986
0.0017631912169177575
0.0022274673166459264
0.0032662228759517743
0.0017420725596121141
0.002427561299803356
0.00292339674961346
0.0017560274235961211
0.002943775056462761
0.0033366452921524325
0.0026283561732191488
0.00205861221440453
0.002734221295350432
0.0018101581758889708
0.003376285844461553
0.002873246706506523
0.002988601847597385
0.002285714956564532
0.0022949781756047283
0.0026477436263495162
0.002415915814685415
0.002654485917846677
0.0032733607357591284
0.002632870875524768
0.002175258323936333
0.0029171855864614095
0.001971713430973228
0.002364547948562031
0.0031220385179462806
0.0021001032481770265
0.0034944693031287153
0.0020742834892579554
0.002308394237311841
0.003172948489770584
0.003420344269983736
0.002352384402406196
0.00349749959909911
0.0031621102762037978
0.003455998367591715
0.0034463344068272257
0.0024181405081989326
0.003940243145767025
0.0031983749174759927
0.003706615035269808
0.0022963887714012943
0.0037182798230333356
0.003481508484426061
0.003965164019998992
0.0032119952597096176
0.0024939278878230654
0.003168964804026193
0.0029309347649164987
0.003325472069208926
0.002465532596187121
0.003814801719313202
0.003169524684942072
0.0035794683900742526
0.004138236265518454
0.0031251788288107134
0.002668941252783343
0.003240808839747827
0.0037886687338872407
0.0034772934923675823
0.003027265223869118
0.002825606537455411
0.003837644188824082
0.0027602794606827676
0.004322581286035407
0.0036003247086968354
0.0036454090317579496
0.003393019206400229
0.0036339556610549685
0.004077639955940948
0.0030160141994656025
0.0034045586152637265
0.004135692757316538
0.002989086770051082
0.003948976086794639
0.002930906333403983
0.0034349301601945296
0.0032647404654804328
0.003423148885426663
0.0046850130710430204
0.0030890533336142864
0.003161423173166675
0.00468274395962603
0.003779338408546514
0.0033808331240146616
0.004368706017121814
0.003910157788957069
0.0033943367668164033
0.004434561636861377
0.003387430169948721
0.004852832887778305
0.004359348448510185
0.004754147290518602
0.0034276762495338777
0.0042940488889629
0.0036438027293570563
0.0046972773065235085
0.005029671704213183
0.004013563360162304
0.004797221655710656
0.004492123226315155
0.003930912530733801
0.004575640195666348
0.0038744438797894613
0.004813177751491269
0.0045203265801532656
0.0038246776954582915
0.003925426667323687
0.003764598956427884
0.004140243895177652
0.004595798682589918
0.0050878426034560165
0.005173547659297223
0.005271107046651318
0.005081439783351895
0.005206206002758393
0.005374615116507233
0.004508388573878545
0.004457827184428217
0.005396435238751434
0.004268023889698823
0.005355997235927144
0.00573763326085696
0.00560524978959556
0.004308171484548653
0.005457402322902416
0.004914384987254404
0.00443184055037005
0.005897401048814809
0.004914457419986998
0.006004429796299119
0.005569016217583415
0.005173033113783317
0.005558759818186808
0.004601636615931855
0.006180062280534122
0.005657839470248096
0.004720873666866195
0.0061411869701826554
0.006303446942014516
0.004778805409505062
0.005602300733988475
0.004699887693152977
0.004948204362989252
0.005316393854287094
0.005079515494095603
0.005009573664156575
0.005267977316159391
0.005197686394330462
0.006385788885759891
0.005789968498942628
0.005888926763259722
0.0055267317669463354
0.006724834042523835
0.006464920054093405
0.006693027928833656
0.0052291798359335425
0.005867966704799731
0.00690862730644435
0.006421979353868442
0.0060834758757384
0.0064139620374035365
0.005804360492918648
0.006480263500459583
0.006301462085566379
0.006325278455686605
0.006082599375082071
0.006950538552555655
0.006964195657260876
0.007028222594567748
0.006805561571912411
0.006603276602535059
0.005853124016068014
0.006965900099499857
0.007379784402373681
0.006649214394685384
0.007195611043613224
0.0074969641016380175
0.006657385152912048
0.007198134443252914
0.007257544831329832
0.006597829435043617
0.007044788580966748
0.006993432475476063
0.007344424990611006
0.006898518718117396
0.007674943896149105
0.006366173407487083
0.007251052202286536
0.008078113250574325
0.007034001347630046
0.006611176583579423
0.007202995623166931
0.008068529610252138
0.007739288727673402
0.007217704346807274
0.007874789316339174
0.008230714998632904
0.007076930328451063
0.008504417389612405
0.008461332722061982
0.007231957331852555
0.008024838731441752
0.007793976944953967
0.008012519683399142
0.008039164338707923
0.007280070194960172
0.008785181014220475
0.00791335819073102
0.008217475184432738
0.008293982094168576
0.008306917051843797
0.008210105380192342
0.008762241065564879
0.00803664766773578
0.008232102356724759
0.007923910574355826
0.008772620773036569
0.00846254408973176
0.008643254365648709
0.008344414500571254
0.009446898240823556
0.008574753192064223
0.009531756078454868
0.009258229557423054
0.008848399965733523
0.008732567164268425
0.008744043985088433
0.009546142877529036
0.00886612173802528
0.008191715724530424
0.009241422912655364
0.009950557175071675
0.009986886153845246
0.009017625261365377
0.008877341014895665
0.009210220943179925
0.010190689555870226
0.009586064475348169
0.009182542401815699
0.010321800673629
0.009198608193703064
0.00931831235407078
0.009770831227719868
0.010569938108280821
0.009639620546144794
0.00962944318803395
0.00951950708361495
0.01017008367952886
0.010477676785968391
0.01051363354206213
0.010548525333983195
0.010834978628379767
0.010239777118891026
0.009919294319378437
0.009623767269338014
0.01045553493283697
0.009888611341067752
0.011000541898219422
0.011009723145380755
0.010230597292954292
0.010007449168285285
0.010061039328275777
0.011527132676804008
0.010190737311576365
0.010700405927620416
0.011296660488372039
0.010929496938252027
0.011279570100665689
0.010626451819039233
0.011132045056218532
0.010575030258462287
0.011659209059417827
0.011318790855641006
0.010713047053320391
0.01181525772595517
0.01072741571782497
0.01195561335605363
0.01175098751903424
0.012203116420354716
0.011691229556737983
0.012386202689714736
0.011186179846360656
0.01233050635304252
0.012638899920053159
0.012168922250810118
0.012295322018844677
0.011899026724324614
0.012061553419568195
0.011493414995730478
0.011469520167805837
0.012516490572308605
0.012106899671402372
0.011615788625005266
0.01317523002689342
0.012466561894382718
0.01267028738967148
0.011889591681481276
0.012099384219080047
0.01232650658542853
0.012200634235906385
0.01218949687739907
0.012937272976321482
0.01361034532117751
0.013320307329451057
0.013430012735941086
0.014020125951360587
0.012839600703550976
0.013616366799512222
0.013054567378775863
0.014120654483500028
0.01329294704132906
0.013325594026740425
0.014077044575686358
0.013781639579980126
0.014078999773882177
0.013847384765767615
0.014269618751296734
0.014254975922160688
0.013276507270712445
0.013704979163348095
0.013655514491377635
0.013942782056307517
0.014722144786185873
0.01412857660334387
0.014407830172050207
0.015232290277930619
0.01491979883782224
0.014292266929611037
0.015418929326760492
0.014056275369832238
0.01432959446017113
0.01476634133050099
0.014793133707752792
0.015391136502618627
0.014211072919588319
0.014307574294420202
0.01583409023795469
0.015764507772868627
0.015905355913811384
0.015957038316322406
0.015172997977351409
0.014657949882672373
0.015910372814745978
0.014921067834122578
0.015642982432746446
0.01528534410324999
0.015365674390617555
0.016103955472506946
0.016800931594578433
0.016024477053053373
0.015524536663026228
0.016260143155854976
0.016216148172240593
0.016585905395314765
0.01709841448022497
0.01694670817457847
0.017335354375485466
0.016598843602971442
0.016924216167269527
0.01623990158366888
0.01609412185352105
0.016212715849555664
0.01631442606065474
0.01736405590913624
0.01728705591211759
0.018055609134741198
0.017806578811754188
0.017477650432357866
0.017805663350168654
0.017947971329518964
0.01789988282085821
0.017547310792896714
0.018403880440944455
0.018003503690300137
0.018599915701717606
0.01713947253459558
0.01871342562892859
0.017347413358112688
0.01765662310663684
0.017907800789402337
0.01915850151690884
0.0192064354397481
0.019025492408186868
0.017958973117261193
0.018239722912329243
0.017955458859166953
0.01798440473165586
0.01919473415425317
0.018484081585333483
0.018254311231354594
0.019586429785214136
0.018522917008818425
0.020014972740873594
0.019476629830164315
0.018597732340836278
0.018922676783374566
0.019740270528480576
0.01993747530037604
0.019310658675703307
0.01916769935996832
0.02058019624670096
0.019263494701482354
0.02046218842090021
0.019568898514503462
0.019287408362763825
0.019925453549009382
0.019688671297119185
0.020621145477206212
0.02126611558978969
0.01972584100494017
0.020431453137566006
0.021420179550364443
0.020869182385082348
0.021272071987920634
0.020957036379756967
0.02163494552170229
0.02118578082643952
0.0204995570217623
0.02192567939449711
0.021334283150731055
0.0213841351003615
0.02059743713225823
0.02204764188596528
0.020845741667737835
0.0222218171656561
0.021869362388440537
0.02133482962752673
0.021612783659719807
0.022646440110310837
0.021281088270910017
0.022002006015298396
0.022653283312033912
0.02174129587960535
0.02200112213776475
0.022839063475276325
0.023280894119086706
0.02203877063123404
0.02258040399167506
0.023659087746555337
0.022643300027818336
0.022189708815799267
0.022421621151990173
0.02247371782704938
0.023609831670390994
0.023064887518806095
0.02340274946977742
0.023141708762047082
0.02321770762687454
0.02332504149799844
0.024261252149228252
0.023371959452747344
0.02299560905316994
0.02305070533139062
0.024429751968244207
0.024648096562493203
0.023772949376787596
0.024253699277151555
0.024707561640149707
0.02519608821156084
0.02408381790075387
0.024569803237543143
0.024112987288291757
0.02508913342376386
0.024666824432600466
0.024635834783098495
0.025297878682729247
0.025119726493506234
0.024298523958660875
0.025348131226970785
0.025152415468575596
0.024674115984031065
0.025053621474353232
0.025119176794984648
0.026286331474085486
0.025489058955138425
0.025071216547445457
0.026502281147944853
0.025844869110117928
0.026047332451007366
0.025977486715501246
0.02643776095579191
0.026282883278185287
0.026362593196507866
0.026572958187287714
0.02710502306194294
0.026149566367201945
0.026683871896988523
0.02725042991856219
0.026464262685553182
0.02681136534367298
0.02788329429453903
0.02652940186909233
0.027863147783886752
0.027512350318157634
0.027815013659053207
0.026672419732529627
0.02786205658886341
0.026759231967308846
0.027418394162549105
0.02777449278142448
0.02751030722282797
0.027150996986975453
0.02757086662411305
0.02872231120047007
0.028253938058822887
0.028018638120934233
0.02905165842521136
0.02854837433396353
0.02779476717598659
0.02849819324824126
0.028205900519485474
0.028157206427027945
0.029153227481544995
0.028504002262361505
0.028967984192867093
0.0281834320673367
0.029204271899516503
0.028810725562850442
0.02964576642574159
0.028527459892052513
0.030242118282791438
0.030371957227685577
0.029979181994891448
0.030000910579042823
0.030565445265226473
0.02951687569499708
0.030520188470486473
0.029585486938802665
0.029757902139222178
0.030090860182906545
0.029587804914469894
0.030604020107940378
0.03033369979034752
0.030528014298785894
0.031261639983428575
0.03023668755044417
0.030780026604458832
0.031217903101521297
0.031484168340117726
0.03132051769095505
0.031076194071659468
0.031617927828281676
0.030907489090957918
0.03189914048772665
0.031831690272817126
0.030882653539716302
0.03076896636360863
0.03170684878222532
0.032100512711622106
0.03104390648828236
0.032081345960231995
0.03137599710879644
0.03177007361871263
0.03262660781520357
0.0320333881147471
0.03156686559080876
0.03236874108095971
0.03258685310820357
0.03258179844646801
0.03215393282771809
0.03249115570072213
0.032065115489207055
0.03208524203949494
0.032572954820562786
0.033127360359886185
0.033362772701472
0.033139181594093015
0.03259872903455543
0.03307331205460355
0.033155876116515375
0.03269731952962035
0.03258962001266074
0.032775357013886015
0.0326634760947711
0.03277902700917065
0.03303417427146715
0.03427721509490725
0.03355321494079319
0.03313131245499488
0.03469489418152374
0.03359902894358769
0.03422060024608455
0.03391494802884657
0.0334717357163025
0.03448203477024975
0.03492041337933503
0.03454978833438688
0.034943372572447236
0.033778037799511565
0.034556513054771865
0.03483093698093464
0.034773482034295325
0.03544059699346493
0.03541707081327965
0.03546017928568605
0.03556619442352651
0.035700614942325425
0.035051586623650696
0.03560259279032835
0.03525779783260992
0.03478705296292039
0.03470113959686198
0.03487648283159895
0.03522852433226706
0.03483227943934819
0.03643326061493931
0.034944252826184595
0.036219654935761014
0.03507737307447466
0.035287300806530086
0.03628292157121031
0.0362517246964647
0.03656891710493656
0.035381071526952565
0.03665266363911535
0.035879099819605874
0.03599294497386351
0.03650224313762223
0.036889997790623644
0.03716624555016529
0.037544181808542805
0.037510717252764184
0.03747706774222384
0.03656600463657949
0.03616360170394645
0.03638051370099087
0.03779337931128528
0.036603398035715586
0.03703771820656388
0.03779792785865813
0.0377158497740476
0.03804921504322039
0.03689613626278807
0.03725251034122255
0.03673290163611675
0.03834865212026456
0.03692929235536655
0.03857262372681119
0.03728268572991148
0.03759539531719211
0.0381716509566425
0.037804288985549474
0.03778803528810158
0.03889817199875653
0.03801538531063046
0.037870920965083335
0.03864134241952175
0.038609530171504695
0.03821419543365325
0.03764120024376905
0.039044726292681874
0.03840612160314371
0.03826014769271429
0.03932027323152157
0.03942425043877238
0.03843641526819112
0.03913696763125592
0.03852404112418948
0.03894812624155878
0.03851714763398353
0.039288532519548294
0.039475150425740714
0.038201806270342156
0.039728367390725224
0.03867502400939611
0.03937291938348345
0.038838140828177596
0.03969708868358834
0.040167220736234056
0.04022426111501677
0.04017971166610098
0.03929577314179244
0.039928683485537526
0.03936535722083219
0.039253022361340206
0.03977388828096283
0.03970473069975049
0.03923810636927313
0.03940778061633669
0.03902386768399376
0.040444218116406756
0.040125416990153547
0.03942292459158803
0.04011400054056618
0.040497662275154694
0.040990056829095456
0.04032223913604154
0.04084834267103221
0.04068656678893282
0.04012124177057356
0.040144405860880535
0.04081919387741368
0.040561076198488366
0.041327318933667825
0.04065907154094502
0.0413896607156694
0.040242689913194504
0.04143823542740414
0.04002490107203044
0.04121744424359703
0.040881565682962216
0.0401334846458777
0.04153549233678072
0.040751046667625905
0.04095907739330876
0.0408183412351059
0.040989575097343564
0.040401083405795
0.040640504470688704
0.04081588503081985
0.04130017143681007
0.0411477035029658
0.0415124181440466
0.04130005618355153
0.04163461579253725
0.04209123361490332
0.04108071444131555
0.04074280145241083
0.04067044290022529
0.040978868011132305
0.04063036028560984
0.04066584156128225
0.040912761533487274
0.04133824997962641
0.04129783477306959
0.040827537053745026
0.040669595897932294
0.04198432692835287
0.040887266230391114
0.042188476954942676
0.040755857469988985
0.041370364632069966
0.04212301314508689
0.0419915459240858
0.04144409475030969
0.04139357483437783
0.041143628719117996
0.042669360920201564
0.04163127079981456
0.04223198353773261
0.04144600945165372
0.04262270122234809
0.04234592682993561
0.042311964524769326
0.041717897812938595
0.04123386089691534
0.041861295325769536
0.04209875330353899
0.04201671084505379
0.04286887740770333
0.04252700167502491
0.04155548912101848
0.042755594512149185
0.04248249942120303
0.04177700037704933
0.041582981439964854
0.04230525808025398
0.042882084049547346
0.042083919900981016
0.0417762995865321
0.042163546993434976
0.04244481194528777
0.041538768887818094
0.04249459380534236
0.041532979446456904
0.042712973823985825
0.04143981466990655
0.04198108133216536
0.04181028162412355
0.042753547909535596
0.04175237000896911
0.04227041783219093
0.04142950783878594
0.04186510329381084
0.042197123880643964
0.041607890601476016
0.042608178666119094
0.041856602617188036
0.04291855038826262
0.04225344796995477
0.04197963210625394
0.04158111441507137
0.04191671014802478
0.0415900699695367
0.04230075022214518
0.04191050066344678
0.041618780117930486
0.04190172835450001
0.042444776167549075
0.04279961655167162
0.042277958835029814
0.04210676226440655
0.04289978416303315
0.0416927380513054
0.04211113567834757
0.04158211608020523
0.042723569514336875
0.04248535893727828
0.04213078663559911
0.04204382619774296
0.04234807174190108
0.043017222536420575
0.04240668576908692
0.04153242965686624
0.04231893186266682
0.04191465613917341
0.0414614569136954
0.041949624853855165
0.0418907317241174
0.042899318495788014
0.042640401343955005
0.0424825796450458
0.042744804711406195
0.04293058299928715
0.042013602268845596
0.04269864082052246
0.04218942314199195
0.04167968944174435
0.04301804945918438
0.042812609519619314
0.0428452873781093
0.042975498454832776
0.04278432930914703
0.042824098322771086
0.0411794401038039
0.04208926563340152
0.04122839848285081
0.041481915129202705
0.04171890332109988
0.04141263842167355
0.04275362663065308
0.04196314770752492
0.04227730939367995
0.04228828299008823
0.041729637779883436
0.041469646991632254
0.0411322600578019
0.041982711707005405
0.04145368087751699
0.041582059577921354
0.04152547689563523
0.042018527376211014
0.04220457233765835
0.04188218978657102
0.04250146445208521
0.04086102128788909
0.04246764781607269
0.04245115336045093
0.04164897427150539
0.04219417201590419
0.041687598118737325
0.04063364661207657
0.04076942989685101
0.04190837468143448
0.040801151733524485
0.04072669327573511
0.041333606632650975
0.040915148641225
0.04168988500011135
0.04067202699449986
0.04039609594890374
0.040904361181500384
0.04194381272514295
0.040307833119342155
0.0415030781338945
0.04061380681124436
0.04032738946195084
0.04019703681663702
0.04024419416167129
0.04147831269409038
0.04176830823320323
0.04140182611875934
0.040520463635762075
0.04071451464377178
0.04097976728456552
0.04051268525162775
0.04150419112866891
0.04007825327300905
0.03982021482831517
0.04124106918626759
0.03985285003079662
0.0403787987347156
0.040979321721201174
0.04063275708390891
0.03966862409859557
0.04113192167570277
0.041099601925787606
0.03947707734474014
0.03942536929774876
0.04048429135023696
0.04003912619217677
0.04044776116542279
0.03923815914999679
0.03949744920434423
0.04065397927634281
0.04008958032530737
0.0393827078826744
0.03942302128190844
0.04005463370817436
0.039776247322304066
0.03896199804341021
0.04030206166309819
0.039662449216639174
0.03937965471093408
0.0401940223408057
0.03939467836116388
0.03910030013511712
0.038517388924588926
0.038799700720414616
0.038683950232798754
0.03934162004005123
0.03942550356640325
0.039421775800179686
0.03867630151830542
0.03929145097468384
0.03840729703404265
0.03887471080450664
0.03820829924427497
0.03800289928143093
0.03947552145392598
0.03917904494163762
0.03824839898206035
0.03781820528390018
0.03774337830923017
0.03834904134474866
0.0391806124801849
0.03910938264370906
0.03875306395658071
0.03759448541220318
0.038951807923092746
0.03760922943658801
0.038164146643180595
0.0380575357959546
0.03858722543456315
0.03755550876507288
0.03875500042424418
0.037002507378632345
0.037999815837849595
0.03708993867015092
0.03840557673576376
0.03845871837893759
0.03668852850422465
0.037524201453161724
0.036855503535299455
0.03727977982685732
0.03689666187657925
0.03808084983101701
0.037628003413895356
0.03641631491458355
0.0377127077543895
0.03773564287557912
0.03747960263519395
0.03673161529510757
0.036106720603490905
0.037205866576832614
0.03607701353890509
0.03618017110713639
0.03599828722143918
0.03621586169468792
0.03619320699303768
0.0364877822652333
0.035951274137137806
0.03630528435634792
0.03703700359207363
0.03640367824325097
0.03606869211018945
0.03569584833578737
0.03587289263477611
0.03522539613111735
0.03575397502355311
0.03531927899656412
0.03559071447185713
0.03533521006674683
0.0351661758973931
0.03509912431857288
0.035049749071486336
0.03487489269884333
0.035058334518891114
0.034691287308962315
0.03533764074088102
0.035237042106352735
0.0343593078202096
0.03568791416213684
0.03440732377944158
0.03409003448844769
0.03479639960235951
0.034809575862337204
0.03428250145777703
0.03389559550580121
0.03438911862057661
0.034721577785661865
0.03389790897019811
0.03435182245012789
0.03345557102710928
0.033215319829682156
0.03361726014075682
0.03455968266273362
0.03419863849412562
0.03452173549428401
0.03350935608921957
0.033099422002075274
0.033843229515941715
0.032726019275137117
0.033218811000569906
0.03268940537897224
0.03256315855305719
0.03407731979561982
0.03234967108826358
0.032962732997953666
0.03291340388309246
0.032825240289767084
0.032273567973634766
0.03352814461774482
0.03351436863585644
0.03244303781892749
0.033056329485399515
0.03304839774755215
0.03191198601807044
0.03241854556115825
0.03188605089264072
0.03256999691264044
0.03210315516387632
0.031476932060958314
0.03263730407799628
0.032623640983479765
0.03136349988226192
0.03134991898800941
0.03195270171354566
0.031123427988854518
0.030598298588244706
0.03146323009043968
0.03150042734576833
0.031016374976765806
0.03170685005304907
0.031436019931321627
0.031782992347332346
0.030908736770787305
0.03004489631778233
0.03013769986457386
0.030935734197616634
0.029930914332181247
0.03130998065568618
0.03104920884440942
0.03030738943312743
0.029512153795405047
0.02949981145978621
0.030052204780186807
0.03029973938150921
0.03060235581456216
0.029217067566047347
0.029670849125389434
0.02981300220053153
0.02944979264584803
0.029610823749139807
0.029646353863428603
0.02922137676602754
0.029417445045957176
0.028711055731282624
0.029971946120511093
0.029880920864001716
0.028204997410067094
0.029271279650072066
0.028097849768323357
0.0283276737665208
0.02909862830141669
0.027840881015374734
0.028319024395202078
0.02866882114928515
0.027930190695688566
0.028629973478163845
0.028310718414567667
0.02849946319421624
0.028618614499191362
0.027404752147127686
0.028516723242469642
0.027961788027285543
0.027475049991082644
0.027280034260717723
0.02699787957848243
0.02794635399918413
0.027020140060874016
0.026555920679882668
0.028086970511522896
0.028021131122367444
0.026280973422961085
0.0272858825654727
0.027298860711155344
0.02643200685072954
0.026884355737284885
0.026477454419482845
0.026728472591046135
0.025998381097154164
0.02582051845061498
0.026395136675358873
0.027024364384983287
0.026647974526011673
0.025287312728760655
0.026886132657343582
0.026046466554692935
0.026269154488538535
0.025079593622409673
0.02523925482016549
0.025055884869428
0.025357156699129732
0.02516000761828571
0.024709369948633347
0.02454899639859767
0.02609652890782958
0.024515753393328135
0.025445954449129116
0.02432657398263249
0.025276211224590627
0.024537746612533134
0.024512570939289158
0.023997916223048248
0.025408190474523352
0.024100701544752894
0.025006623484838172
0.024057693405304763
0.023779082236758436
0.02459088698690004
0.023671263482242574
0.024171053257946745
0.023066888064877965
0.02364185497629878
0.02417756280446946
0.02390736445428383
0.023346848560342675
0.02272958097258451
0.02319361393596864
0.02345837419212564
0.022934926797899283
0.023848989065161544
0.022263664330851075
0.023018051513435608
0.022235389919504037
0.022069560786539568
0.022677309139319493
0.023052202963533438
0.023290852849539904
0.023125788499660467
0.021928759840659062
0.022469537983983802
0.022425580773557996
0.021609157873596987
0.0220448022341201
0.02147954365372654
0.02258654520057349
0.022251373231977154
0.02185036358024044
0.02118788351610847
0.022400837762178098
0.02192453118616677
0.02128910618992068
0.02078988013497082
0.0214800156665097
0.02090396181853015
0.02161535201630161
0.021963327266678392
0.021032033634691295
0.021846092654408077
0.020974757882302745
0.02067511956644777
0.02039178623473249
0.021462147801742385
0.02012478294705756
0.020292111644848954
0.020110435226425562
0.019575151189950308
0.020252311040704667
0.020713367707166395
0.019582363605142494
0.02046953009253185
0.020403806291352272
0.019587614577538867
0.01973111678310181
0.020043068994028992
0.019323888127280284
0.019966808696036
0.019399000091266192
0.02006172308341094
0.019428731301442414
0.020170032893395765
0.019276053123058207
0.0194240129715574
0.01951898782715053
0.018541620382465516
0.01818451909165767
0.018319622962505666
0.018941711653608233
0.018732707014493897
0.019132579137963367
0.018478890604499514
0.018504634810041047
0.018697989231005054
0.0180028131755766
0.01804365002594513
0.01772418804367757
0.018201755973833247
0.01798148157260216
0.01880900570478585
0.018312604251210854
0.017619274682446413
0.018354519746647972
0.01815661492377709
0.016845768435916456
0.01828386380400406
0.017882681804682218
0.017365820949109947
0.017718182581589092
0.0177558988382621
0.016624839601815135
0.016295936837602814
0.01777092652208724
0.016640045494357703
0.017389265678199112
0.015974947610727083
0.0169644420752109
0.016920486124854132
0.01671304603549363
0.016296538116541203
0.01594789505307461
0.0162832068226203
0.015661004614302886
0.01676663564629278
0.01599953507827575
0.015244988702862786
0.016711749917009123
0.01540029929952025
0.015916263973244433
0.01570408206402317
0.015296765851928846
0.016117218384944655
0.0163183409839679
0.015151348440576105
0.015622778833732486
0.015452935325206803
0.015248745643486444
0.015928018931524766
0.01544862486156479
0.015635701895891294
0.01538985248488651
0.015396426031904022
0.0158112939276581
0.01422241683471285
0.014531691798967976
0.0153679729227175
0.014562290049581433
0.01432660018795127
0.015283208697689043
0.014175225858558098
0.014503480458845693
0.013639740400942662
0.014068165996272185
0.013526876427567698
0.014417742862136318
0.014493686093444088
0.014156733395673918
0.014643980275657222
0.013978068004461816
0.014306138928739732
0.013447245040956814
0.013738589311735284
0.013850986495419576
0.012972442011267198
0.013002836361233923
0.01388283402977273
0.013777077093295427
0.012884979060183925
0.012866848600072586
0.013077111154764988
0.013873572787348671
0.012859263572484986
0.013435173065991632
0.013040346946121236
0.012737333336927411
0.01296183743592584
0.012459647104621292
0.013088854899098891
0.012500788535254492
0.01248996218948866
0.013090629323067919
0.012109762521951334
0.013117456065224348
0.012288038171883906
0.012396972915983457
0.01188774812688823
0.012859956034853053
0.012291147909066368
0.012791283824618863
0.011921103185730602
0.011451313176379966
0.01169347522945682
0.011715884307729709
0.011100554315670974
0.010961579425291692
0.011285885553015913
0.012028620875849088
0.01082397757871717
0.012098821654549027
0.010700168938635544
0.011120361225109367
0.011403149694347295
0.011957705571470887
0.01207501931627538
0.010763142274312323
0.011200698060155686
0.01052478483432854
0.011431653892891611
0.011276926581057372
0.010194447188795091
0.01051823812705383
0.01067773188434949
0.011501936111529158
0.011205932318160921
0.010830098341295589
0.010804896248343658
0.010872367678633863
0.010278651490681197
0.010596311211715543
0.010865560014744525
0.01093667497732019
0.01003561755464331
0.010767827389868556
0.009653055687520605
0.010307751208629189
0.009431529782761744
0.010662814551587503
0.00982483216306516
0.009078263263868418
0.009002289206065045
0.009636023853478753
0.009400331922671392
0.010062016941694405
0.01048090899726879
0.009156761956899653
0.010008878350926769
0.008816763071108904
0.008756909011554428
0.008669211552016413
0.008559471136279211
0.009830232657722366
0.009327902069565323
0.008862902868947899
0.009417754234558403
0.009470529707456654
0.00940006251098665
0.008620771019348834
0.009059628273558164
0.009242477360976708
0.008162774500124459
0.008331976373648752
0.008406696878307751
0.007928427355522873
0.008409085810861977
0.008655734005853307
0.008262730166507165
0.008913385480464681
0.007855181629666757
0.008453514697018227
0.00886246473975249
0.008717381394150398
0.008397016595349112
0.007677662263186031
0.008902160200822897
0.007705271183216696
0.00879114813187236
0.007715721452206764
0.00786624104875537
0.008452059256342083
0.00862502374098049
0.0073532723107063965
0.007838828803866542
0.008406721751848844
0.007722775232318868
0.007564368569105716
0.007320071863889724
0.007394987277672925
0.008266075155014086
0.008218727027915537
0.008230401095549282
0.007478780292644429
0.008004901538701219
0.006762586056802625
0.008163102355889192
0.006743962593931416
0.008158083142714387
0.007190129849721369
0.007163783500242213
0.006728056461491947
0.00764816727455373
0.007356971866981234
0.006481855304689951
0.006913699165714544
0.0077272055712359275
0.006491555661050881
0.006145567268186312
0.0064427740542701605
0.006624701711974216
0.00617718746569237
0.006567749488318908
0.005947754941078902
0.00696236035877518
0.0064265213897456725
0.006020164119284551
0.007000347632924753
0.007032617165492121
0.006783057447317043
0.0061535896384147006
0.0072169496894737275
0.005779909785788178
0.00630538999727458
0.006960783926419306
0.006205702430491663
0.006651073475098345
0.006169342057207854
0.006034640536947586
0.006543159210750862
0.006954749395611023
0.0056157986422790025
0.005393091175917414
0.005810876481237639
0.006490588009059443
0.0058592625009154025
0.005134939401114341
0.006098153171211101
0.005299537637568139
0.006241110752265009
0.00630134435883796
0.005576854430694513
0.006191907659329656
0.005592252626484113
0.005542465428192995
0.005817671651981935
0.00626719950497941
0.006313554817930246
0.005259789601502498
0.005667208537713252
0.006203676287872318
0.006164292208791554
0.005678499771540822
0.005780395293478013
0.005911153562482313
0.004745524235313774
0.005813703204394108
0.00610234812188113
0.00457439437532817
0.004353993334943456
0.005856335639628075
0.00538215542640471
0.005064648914518374
0.005334869605670909
0.005739457376234578
0.004979535943106481
0.005348912518253549
0.0053036529299986005
0.005357248938514895
0.004053915819043064
0.0043982853806414975
0.0052976243464881835
0.004625531313945568
0.004203934404563239
0.0047098167055467325
0.0049741116539467126
0.004475801853301408
0.003846117881594122
0.005354168222050541
0.004096120526816886
0.00409494847347666
0.005134778425071788
0.004161712394903578
0.0047757777994866775
0.0043827486682876966
0.003809692171996274
0.004688718605122835
0.003943745199321379
0.004908068211468157
0.004567302817390583
0.004659290351664172
0.0036040742696017017
0.004024668917524071
0.003835496625240969
0.004722143031295277
0.0050394009211109925
0.0034990179720145397
0.0041053372076405486
0.0038891867326036377
0.004064080000557412
0.0033598587133469027
0.004851325733228002
0.0034777832923817437
0.004629320839328393
0.004204161737665905
0.004348912298100915
0.0032100983995858763
0.003938022132161424
0.004737983620640214
0.0032365453919708407
0.0035148966364114942
0.004008479859264552
0.0031247955965888717
0.003857731217212084
0.004436349732532752
0.0041289011501291885
0.00386527281630929
0.004477184641668844
0.003069298977012295
0.004512412811544213
0.003005247263961595
0.0027668181063204267
0.003243219513870813
0.004280502414659083
0.0036899716854611997
0.0039436728241622
0.003329600790759735
0.0037626363104802515
0.0038109998198111814
0.0034400305876281915
0.004026422758201604
0.0026075556883191175
0.0032044433621133783
0.0026512967999399225
0.0032638903846968267
0.0032872391238396477
0.003715781696713689
0.0025824522140347273
0.003190954363927777
0.0024555669641424436
0.0036556855154901515
0.003719080013368274
0.0031247377850584213
0.0027479500265861975
0.0036412729907279932
0.002681913994886828
0.002299069646642355
0.0032581069882009817
0.002948057314470572
0.003933434098591213
0.003382896004243862
0.003132689138995282
0.0030251920656024387
0.002612684834184662
0.0030179945425967587
0.00326494628042146
0.003852785237967806
0.002533315001394137
0.0022610221296497117
0.0036839146360926976
0.002087669400694756
0.003591002435347799
0.0030915936486008064
0.0029232840569461214
0.0025539074661198946
0.0035378773758919357
0.0024957190064363835
0.0032565353860513884
0.0020324966317775885
0.003595462809244862
0.0024544479291341314
0.0029533110321412885
0.0026886140924919644
0.00211225428009592
0.0030957664614627654
0.0025457687867566363
0.002348414360728814
0.0026099222551955363
0.0028516298521205317
0.002936310000662167
0.0023023913169836823
0.002109136590164866
0.0030003841641316163
0.0017503572086332582
0.0023289268524684156
0.003251470597936924
0.0020000231798623395
0.001771295101437411
0.0026189774701790894
0.002798220879767941
0.0027215575840905614
0.0030827880857850517
0.003096183489499007
0.002412516074964078
0.002448241702165873
0.0017853853875502918
0.0028955287421252034
0.0022818824034576126
0.00256463865145292
0.002544554100521466
0.0024186818803604276
0.0023104440463319323
0.001443734446253394
0.0023611267007000373
0.0015946437685321856
0.002003235990169413
0.0025232941902771098
0.0027058051504684024
0.00302591360259676
0.002712878248266886
0.0030496210769438447
0.003056323392140071
0.0014268357609254385
0.0030324327103961757
0.0024946374215816095
0.0024301073497822925
0.0024095283228314297
0.0024293361098629528
0.0014296567855428461
0.0016276263953756366
0.0023693160891667914
0.002037635162179921
0.0029648320454146765
0.0023938619508173786
0.0023633391502987404
0.0028588885894822594
0.002184646368505709
0.0024487596857191898
0.0016806570938498048
0.002351746792240978
0.0024526671170014913
0.0012361933184598813
0.0026154488379113213
0.00164605144630721
0.0027738727383167655
0.002210135457800924
0.0013529324379398377
0.00249910402250913
0.00126452552301655
0.002047170291257383
0.001853025769514289
0.002108710557073513
0.0017944312451791161
0.0020326977087041726
0.0026171370578959305
0.001012989606831474
0.002727103308632996
0.0021130326911611157
0.001625366876038367
0.0019033080839065473
0.001403501326367794
0.0016789026302885496
0.001996003149599518
0.0025646288622485523
0.0009754520766064631
0.0011594361003263588
0.0012910363514501617
0.001482678646585445
0.0015007333292054064
0.0026385667467896004
0.0017382536015211564
0.001243886659233457
0.0015208284330152637
0.0016749328939374038
0.001586085924822316
0.0024023035160301654
0.0015624125492481572
0.0009812260625469246
0.0014778267268860934
0.002184682956026904
0.0020379680158858827
0.0017486829873365568
0.0013289840591843003
0.001733468787857666
0.0008664769425106655
0.0014759173431494069
0.0007904345029152697
0.0013948409903274848
0.0009190163748597202
0.0010974786906616488
0.0012230208318346153
0.0018420767378244172
0.002360365608650475
0.0009651891981474095
0.001086944661051619
0.0007736987280708901
0.0024522818325413047
0.002327832250135385
0.0008878686599112141
0.0007965760428165571
0.002338944632444409
0.0011149170827245056
0.0016075545111472601
0.001091166258055358
0.000690656933780584
0.0022179865748086455
0.0022806856863680455
0.0017164287241187928
0.0010633859253674687
0.002224116776978679
0.0013322995047185978
0.002021009177258701
0.0023202844788658976
0.0022730890322628363
0.0020692623836368633
0.0007499186525918799
0.0021982929571149564
0.002184327907612405
0.0011158320206859113
0.0008320588460645897
0.0013693283984598328
0.0008083920652326967
