0.0014477993605867118
0.0018762046952842816
0.002130258793443276
0.0012505423476893286
0.0006988275807791506
0.0017332000394101274
0.0015365503849891834
0.002135160189123979
0.0023062688798494014
0.002150312522793551
0.0016830834659177837
0.0015170339789345533
0.0013696008985120722
0.0015717222830592362
0.0011805024457699584
0.0011781206314383822
0.0012944854488489293
0.0012344978619321801
0.000892346900384821
0.0007110131903910938
0.0010367037878024608
0.0011631081485215457
0.0018191393254948767
0.0012318198735773113
0.002294102614607408
0.001903425116962641
0.0024087626349992234
0.0017817271699471456
0.0020574565283845345
0.0021499320991677914
0.0013074972831498754
0.0010440567714437117
0.0022367810800608345
0.0023136302376956666
0.0007661226362034278
0.0015942027518430421
0.0021251007174600545
0.001442604526694287
0.0007891289030804348
0.0022717579633633562
0.0008186471131042919
0.001593434273187423
0.0019717146631140323
0.0013739681903071333
0.0024352016885155264
0.0009327588336689483
0.0016685684032561121
0.0010708778873058922
0.00187019487576918
0.00259051375932716
0.0018921168060447688
0.0012914262053672057
0.001175963537880218
0.0020031743962632097
0.0019675905216185664
0.0019837963720105915
0.0022735588804021147
0.001714336440160253
0.0012227722099955748
0.0010983093760627727
0.0017446893565170292
0.0027123915115951536
0.0015243965025862382
0.0010369519013135808
0.0013830651999837491
0.0020526278240091084
0.0020488234323667253
0.002086917981776341
0.0015420232353994569
0.0026989482838350198
0.0010608068735191974
0.0016749835594069419
0.0023820392306670136
0.0012808374177619769
0.0023752214436202593
0.0015682686416377965
0.0013582542782500193
0.002629767168249774
0.0014128236659472395
0.0017000707219925807
0.0027228942697545585
0.002512951679446392
0.0022594190332619448
0.0013499948086101456
0.002722330201285735
0.001222679755728344
0.0018788547669643088
0.0024621707254483633
0.001870508545571027
0.002758517669528923
0.0018505878990196095
0.0029332002180494517
0.002897690092629304
0.0023476442092991105
0.001333852881718475
0.0016334147996617005
0.0014733413262985413
0.001387285870588058
0.0014855731275012628
0.002816260598984549
0.0028160260600613393
0.0016441099838526289
0.0014678956506961802
0.0013998574318078755
0.0019494438982905651
0.0027745334823264284
0.0026420675789254255
0.0016309660501662056
0.0021089438191563953
0.0016770273255523223
0.0028184895348185466
0.0015905549106613695
0.001943815389576355
0.0020667022572124147
0.0022119022228437022
0.0018315789283153304
0.001981591281974342
0.001990881585016302
0.0025782673774789626
0.001971557745936053
0.003288699887620133
0.0024709554321804784
0.001712558827362524
0.003054790274882818
0.0021123137473973916
0.0022574950335521836
0.002147346466005228
0.0026415212519794113
0.0029006187369883286
0.0021091526092233137
0.002863180934974205
0.001810247381082249
0.0027086449942730845
0.003299364805534403
0.0019378186164922394
0.003457656923153014
0.0023640018621781515
0.003330204885712788
0.002529331044042397
0.001879044329196089
0.0026244056147726536
0.002186067079843185
0.0036308038017361112
0.003618525388613889
0.0026169794523976638
0.002791694701442224
0.003647445074508868
0.0027982484152480327
0.0021921582093359588
0.0030899265178571007
0.002121925388513051
0.0028703482785360722
0.002801315494345168
0.002963997781680923
0.0026892885541200165
0.002650902788980074
0.002882131389345602
0.003341855196448215
0.0026286078914141376
0.0025192101556783097
0.0027756727447375705
0.003475225060210384
0.0031337401845838654
0.0028906833048293963
0.0029699138337244053
0.003975873117047769
0.003966544662132231
0.003231010192954763
0.003669326098047736
0.0038503813840316623
0.0023579194260478636
0.00285358717339871
0.0034717541388796205
0.004136126992136043
0.0029268595338364334
0.0035843375613361286
0.003247676483756657
0.003560512874505668
0.0037648621344887464
0.003934958339470576
0.0031702338219497246
0.0039378528941793065
0.0027788811896306107
0.004145644080465132
0.00430625248516694
0.0029251021291520117
0.004036546346432068
0.002755475199528518
0.003880958165316911
0.0036982107466883986
0.004178731667215708
0.0044322943947102825
0.004102696896920023
0.003522814610183999
0.004180216309733766
0.004163670918707254
0.0043577127426280395
0.0028921226885117173
0.0029395929815457223
0.0038817224648913236
0.003438925365497602
0.003182471504132838
0.0037268626792331602
0.0038895531412662873
0.0031377281994980385
0.0045151910932696585
0.004560659548020482
0.004192330623634894
0.0041993339551816425
0.0043885421198406735
0.004755267446216508
0.003396566120015356
0.00400691900906176
0.004696074823498517
0.003926395970723933
0.0041432413431803745
0.003386261397162466
0.004184897619440155
0.003912279245334207
0.0035655185082858944
0.0043346332970553144
0.004463601157524386
0.0048714553085202105
0.0049407902473558064
0.004824372388955585
0.004861012297238914
0.005101245649384569
0.004032756198612601
0.004088184156425316
0.004553967304309972
0.004300244001810806
0.004158440567726131
0.00410102075762267
0.004922887132933809
0.00546587316793258
0.004917951635282711
0.003914008160054336
0.003937844613574041
0.0048824042259049405
0.005029619052311528
0.004231698648957141
0.004094591097106597
0.004765565356779885
0.005609010980843814
0.0050943813481905305
0.005523891541188388
0.0045621576773742095
0.005831291613530435
0.0049554656961173634
0.00470713883875607
0.0045967588602126574
0.005386722239818592
0.004605446649254575
0.004920896958142926
0.00508183435530918
0.004390449221195054
0.004633704312091262
0.005488101980401805
0.00561097850121889
0.005062332487112059
0.004997475223404847
0.004991743393569826
0.005116849508119662
0.006197904481560319
0.006099461042836657
0.0054350623967712505
0.006073497581251753
0.0058720872101142366
0.004848983155983339
0.00502132249592267
0.005034915345786241
0.006405245325089404
0.0050705449718823434
0.005916500832656591
0.005806448878413088
0.005362011515434383
0.006088408470617752
0.0064801489595746956
0.005244686856625885
0.005515738659850274
0.006021929970122535
0.006293287983760683
0.006194624881133472
0.005361245055612643
0.005702817258507778
0.006350737217882289
0.005413549066638888
0.007018532810621711
0.006896581129910358
0.006122738285199293
0.006837349359695236
0.006325046022226927
0.0063086313506187765
0.006744059642716016
0.005978009500893665
0.0060138723041108216
0.007187202092408467
0.007130542690284601
0.006827012242062327
0.006649562135473795
0.007000977898324948
0.0073415122006209475
0.0073170087670149184
0.006070646279441752
0.006698560804218638
0.007615752080166715
0.006323420664917586
0.007560761806792609
0.006536552102766955
0.0067545183939228225
0.007132700325445666
0.007592115500737452
0.006588015643551267
0.006832106340381297
0.008048233853719295
0.006929447385180015
0.007721103993007827
0.006708581074215824
0.006609572485878898
0.007082734009263414
0.007642196746266105
0.007668682970152494
0.007604320931954548
0.007272458459510847
0.006938753762444196
0.008008648450485198
0.007212330402989614
0.008467760261933603
0.007099686633291382
0.008412014959759078
0.00785542181831688
0.007177918393956395
0.007468723821189617
0.008645609229601321
0.008340964171635818
0.008970935262201307
0.00867962463024651
0.008304598319506145
0.00802732821911406
0.007569131825688242
0.0075440508731591275
0.00776394147012526
0.008780875637658602
0.008021838617123326
0.008348853881900728
0.007968651481017174
0.008886671431099653
0.00910929437482563
0.009055220944059859
0.00913941907911294
0.008105588409488084
0.008726716651937298
0.008553343839775861
0.009265726304180539
0.008946410383203355
0.008862304738855908
0.008718530892173742
0.009472094926240092
0.008784183478040244
0.00881315666505874
0.01017275386428396
0.010224012860764043
0.009253376829608084
0.010275226615297107
0.010375604457684935
0.009390901156527116
0.009226041285408632
0.00936127077966531
0.010040077545994648
0.009167686761097225
0.01064125247858231
0.010482633895349893
0.009172798936275615
0.00967773739896209
0.010132801575933346
0.010367253522151686
0.009446892649069937
0.009895978231269692
0.009588046005685661
0.00998998651601926
0.010367037495764
0.01082966791479764
0.010046049342321001
0.010562168349958507
0.009909334536285501
0.01036911899793014
0.010164268016246192
0.010655120129310058
0.01048653596942638
0.011047359602691775
0.010406384984472973
0.011431881604661319
0.010607211186731254
0.010721247867669266
0.011897985163452134
0.011510364076707389
0.011662015916180424
0.011345764790236225
0.010682592432919769
0.011062005069003414
0.011211913154505617
0.011694683375893739
0.010948531619879704
0.0118255973798319
0.012444871613007656
0.011948381744910133
0.011751012806442659
0.0118704307628609
0.012610253032691332
0.01222965266000117
0.012290060248374307
0.012579833633253568
0.011924213578137785
0.012320840656460457
0.01212912560600046
0.012035726938461583
0.013167222544675027
0.012491266291739668
0.013180837987591058
0.01296774787788633
0.012395028341518113
0.013379536873784605
0.012034800781273624
0.01314583533558555
0.01293151160947542
0.012101212668835843
0.01300696764359204
0.012404781432453299
0.012698975567304949
0.012594536871494876
0.013305657793846968
0.01246461815822183
0.01406043723054501
0.012901767319811575
0.01348422620092929
0.013028078956105029
0.013426402346075533
0.014531395606147515
0.01357643210916029
0.0145243717822469
0.01323014806610063
0.013520377255530337
0.013764256820742612
0.014860910016439135
0.013292274781485034
0.014877864901624013
0.013438878232661874
0.01443862350221536
0.014388103645995597
0.013574984247213026
0.014184085907050996
0.01520342208252167
0.015327491628688685
0.014371807244007053
0.014909153847055715
0.01475792320248095
0.015377728268196477
0.014180284643955522
0.015788457586698158
0.014489386934953788
0.015115253446472222
0.015573051281300687
0.014472202608161908
0.015522167008424995
0.015441203360683721
0.015597661299546869
0.01564535003722956
0.01496176428139417
0.016157257257296536
0.016275346257289866
0.01575211868155558
0.015907399447996958
0.016270922145952955
0.01671049018714244
0.016436011289932495
0.016057640396984395
0.015415406058809865
0.015649463471868914
0.015872500530584085
0.017084205962500734
0.01630967221192666
0.016606236973970904
0.017477289156088052
0.017060823952773786
0.017450980720068617
0.016551234884516958
0.017570647109429422
0.01780931717211494
0.01700138742325148
0.01783033308583663
0.016720354554009206
0.01705629391757266
0.0168310806012342
0.016922552143064203
0.018414266444426827
0.017394774089284283
0.0171463534660257
0.0171960517446661
0.017213459941338254
0.01731947983197498
0.01779740436152411
0.01864920526229204
0.018901619570420903
0.018545229611472713
0.018486884958987274
0.018444805450209927
0.019202593899637396
0.018307566364448188
0.018422287110453614
0.018716294225038677
0.017886604746750752
0.01810244221034655
0.01975966315387065
0.019387248042925288
0.019634776356578523
0.019892087192531643
0.019087313590244674
0.019152635752148296
0.018713776116707968
0.018850173074258497
0.019227609075196644
0.020399608388335985
0.01989870994993017
0.02058332175626254
0.020417317000567668
0.01993636823172807
0.01985673327687493
0.02035047130341375
0.02044256453393239
0.020089033131022803
0.02066983304505218
0.01953586060622893
0.019841154485337943
0.019809695029304845
0.019908198880018137
0.02025312464306223
0.02026875528833695
0.020950749882437947
0.02063529837965433
0.02116523341277177
0.020733663678554566
0.02054796580839343
0.02135291644863628
0.02153429571251224
0.020517860812317067
0.02196197917515927
0.02206100072489151
0.021310511038326475
0.021127803745615983
0.021325153457639134
0.022096542857913907
0.022142304799128792
0.02174388995807955
0.022222343241012816
0.0228090617316158
0.022851030305774973
0.021527621079644805
0.022348479650162647
0.02283479010603713
0.02316145299746654
0.02291954470396788
0.02242656244033983
0.022586714672988586
0.02231475493015386
0.022116035491446744
0.02242140318784739
0.0235602224957827
0.02368736888919759
0.02252062668516059
0.02402588489583887
0.023672327849097837
0.023566879221663024
0.024457917240232514
0.023724862723712117
0.023965445124145637
0.023240839924990927
0.023777957357004338
0.02395008347922276
0.02478528092377732
0.023436569949972678
0.0249029038338738
0.024355111065319447
0.024396130407237034
0.024885699409177366
0.024596731779375453
0.025081313285232047
0.025503389515115625
0.024969009387703908
0.024584070249976664
0.025042138250321304
0.02565998654582522
0.024890375266324687
0.02595104846503927
0.026157100672776903
0.026149288121404
0.025342188343821324
0.024827439381124104
0.026231743177527262
0.025129566321371005
0.02596537550925162
0.025598830754371735
0.025969102130330223
0.02579006622502596
0.026513520774786883
0.026725302171531073
0.02655974375953763
0.025733094909147988
0.0268345636004127
0.02581018089100348
0.02618128002907201
0.027043060706660557
0.026355746611223495
0.0266310776263214
0.026648477939764874
0.027175167183269573
0.02631016872080143
0.027029313842492613
0.027089519909845063
0.026714797429427714
0.027748987122521954
0.028083857108027167
0.027432461777398432
0.027866273980876183
0.02789460905896266
0.028653996094468708
0.028513351490158795
0.027293857591882898
0.02732333543610053
0.02793329677559671
0.027650743209245984
0.028162620225626468
0.028813616888204278
0.028792210654561935
0.028909691288215324
0.028168216089722076
0.029090105387083353
0.029019991030311502
0.029131319842421184
0.029659967283075774
0.028604376804527102
0.02929429555317934
0.029259697069081023
0.02940922607399927
0.029978239348640627
0.028939904387090945
0.029515910895428554
0.028789548061744597
0.030275244282188675
0.030187896002919493
0.030529050823173948
0.029876593351503212
0.029303849920768857
0.02966483423342419
0.030752394535960254
0.02949308296905093
0.030969643583571564
0.029643630626685822
0.030744400806660886
0.030089165184361385
0.03025800075214794
0.029825538363707417
0.030737897916879746
0.03055756740546024
0.03169446977018856
0.031412552422314055
0.03099178381445113
0.031585353540116906
0.030328152930766874
0.03204485963021714
0.03145641411548141
0.03079582183567827
0.03157849909751825
0.03208397320676178
0.03117637258574417
0.03184910685853153
0.031873030839534966
0.03244532035041198
0.032797207601431205
0.031676840216210214
0.0320884498154446
0.03257231562552371
0.03244365536708983
0.033056102450416375
0.03184780739311739
0.03279255207554526
0.0319383755540016
0.03224891781456133
0.032750813804686585
0.032387421163166716
0.03309483950796361
0.033196557529257854
0.03283183618462442
0.033202998675322004
0.03385774241260392
0.03291712844624587
0.03354405513217422
0.03333053840986802
0.03424669485547976
0.03371648366663084
0.03436706254562175
0.03297943761928016
0.03447990990258646
0.03363747501608626
0.03317094393937347
0.03377001045846277
0.034212433393116866
0.03460526705010661
0.03499399653929589
0.03474291143683955
0.033587548656587446
0.03439517114621494
0.03400953430541017
0.034858800235596066
0.03548300908636038
0.03477872087117005
0.0347489065988527
0.03534244135010022
0.035133633143510375
0.0356061810666608
0.03499443753687546
0.03506211039363867
0.03461037707048764
0.035708728934242775
0.03491164723183836
0.035366418312326175
0.035226567962942296
0.035923332751474975
0.035317030021327356
0.03506590359499648
0.03611148046049588
0.035294838624695596
0.03633107777645584
0.03555027502276405
0.03609545010788498
0.036167011783653225
0.03687600501364064
0.036227611918538176
0.037092848383515946
0.035397813386848005
0.037036653192798176
0.03564798969267289
0.03624125654426727
0.03671247020250877
0.03612499710272329
0.0367453969335978
0.03592556756354632
0.035965483951525594
0.03721414693630327
0.03695484169539653
0.03628120310688105
0.03634640792518776
0.03627286597052136
0.037452651659198366
0.03746096178731805
0.03656146838971145
0.03709906806131465
0.03770150734733995
0.03699593039863215
0.036757124787156606
0.03818252469594169
0.03726256254642481
0.038232300305956264
0.03825901707018369
0.037155633453454295
0.03796259039755566
0.03706384683878432
0.038210007479192926
0.03741262130717774
0.038052760109025106
0.03845057695405853
0.03822300844455755
0.03895727389473314
0.03812945696821049
0.0388949999865505
0.03852932471868454
0.03802849898038793
0.03891851419393635
0.038814424016096735
0.03833375202967507
0.039029709731268854
0.037956563926716445
0.03842720842218742
0.0387515128237645
0.03859261372545414
0.03898277639156345
0.039476287294147046
0.03850225518377717
0.03950989296997564
0.039534159812609104
0.03855853984319302
0.0389211658598818
0.039912980850651064
0.03990062998288023
0.03976311251834241
0.03933679822401952
0.039885581918523344
0.03877435883820424
0.039645597162741034
0.03883263999937387
0.038821599766571395
0.03983235186506787
0.039681439875260925
0.0401731413775734
0.04014853818932173
0.040556317100083054
0.03929626619811724
0.03909125990553596
0.040025203874687436
0.04026451275548032
0.03987611737867294
0.03941079391591123
0.03982812872519435
0.04024052546487477
0.03997577638013997
0.04078874843349001
0.040931160959019504
0.04039075629668377
0.04034536169304004
0.0412055597135736
0.04109229753914407
0.04025087668278295
0.04023161197669487
0.04123083701330697
0.04074997801268732
0.04044260958545599
0.04132227795890444
0.04048437614950191
0.04041902234098229
0.0407772577395341
0.04010737529194899
0.040270934856553836
0.04089330139376803
0.04082825881919642
0.0407718809566058
0.04175498000568776
0.04179198545239946
0.041049522593579
0.0409745312032588
0.04137064199938768
0.040709868794286806
0.04092752055217623
0.04182802106661079
0.041092434688232087
0.041734034898231784
0.04108223894661732
0.04175046026893517
0.04173424924447284
0.04147922867831135
0.04118755580959978
0.04204353527485465
0.04201929470314066
0.04119887657698004
0.04231612296425464
0.04202199991460617
0.040929943992686305
0.04127834438025521
0.040771805911692965
0.042295786397918304
0.042478827823739934
0.041882988116176634
0.04146325971020836
0.04240686251511683
0.04178224279818963
0.042443995709251704
0.04164343526863877
0.041102992415341745
0.0425822374158477
0.04250267695031629
0.042442884604885205
0.04119501502122229
0.041882797162204666
0.04269313052340508
0.04111839877912912
0.04240736593314067
0.041229067779576724
0.04236586697637618
0.041813836976017676
0.04216971059649112
0.041473253207550784
0.04201779156143091
0.04163946338990046
0.04222947742711559
0.042758332603002866
0.04279977865638127
0.04153086786659344
0.042041235663651
0.04270100680837082
0.04165296100548749
0.041485798818057945
0.04278933886085649
0.042102189625258205
0.042078428922321935
0.0429372829786145
0.042696986717973485
0.04281689329683603
0.04241224132040882
0.041399259802696015
0.043058039748464075
0.04141748609428919
0.041828038732533226
0.04157187934839733
0.04272557980003971
0.04206260337856995
0.0417479543510883
0.0418681846159255
0.04213630758729111
0.04257400587017567
0.04243078864453515
0.041452088150573475
0.0429384548278262
0.041667183969973
0.04163808245619764
0.04213471483985822
0.041837428851265006
0.04234462428270442
0.04225805088552464
0.04199940957163098
0.04264282040199749
0.04277474908118438
0.04301706280950726
0.042522882147113555
0.04158117475192503
0.041719411904880176
0.04157240013793282
0.04199519188983139
0.04245778084039684
0.04146927129663794
0.04175714907932659
0.042720857520359146
0.042598103834418415
0.041699333549886815
0.04278972460467893
0.042625339950541984
0.04235316596775472
0.04306528923731285
0.04231521451682922
0.04274656391582977
0.041913276200714625
0.04127889013386451
0.04243194443051927
0.04182791615991212
0.04289773167044031
0.04154390993057387
0.04215264447453705
0.042830246746317635
0.041853959293264714
0.04123198708350565
0.04123841189744221
0.04156264452951005
0.0426026912695494
0.041713224760363134
0.04164809327312512
0.041456742608152304
0.04142360922770769
0.042554354960828836
0.04272808602919094
0.04153756683168585
0.04097764856798571
0.0424826950920291
0.041832063304698255
0.04146106067866965
0.041592317606476574
0.042422891249725335
0.04185276182633845
0.041150977780570315
0.041678305913450314
0.041453508329827284
0.042171346315698986
0.041054913046949686
0.040911286576747405
0.04150696286158885
0.041892741631262484
0.04142825983390952
0.04209165105929102
0.04217514268712158
0.04148833571248014
0.04202385487223309
0.040943035928656876
0.04207743390206067
0.04097184546959123
0.042037816309031986
0.04050245514219592
0.04142456207809853
0.040749321536092876
0.04180473799566518
0.04101329105467555
0.040434319691485116
0.04074907476760449
0.04108184500752438
0.04053264212634937
0.04022297870277711
0.04066003423759516
0.040571286522030306
0.04122509335223003
0.04083480944336651
0.04123352706098122
0.040764076079517236
0.040032861264746165
0.0411155119209047
0.041056407960373485
0.04015718960956622
0.04044977045122533
0.040773529073085873
0.041055321842769436
0.040898546100944726
0.039937323406025106
0.041144668569522404
0.04019471937773541
0.041149559518500564
0.040251989880099245
0.04032715124048582
0.03997780522252751
0.03969630140811244
0.04007436130943995
0.04072199729704046
0.040040456830422344
0.040417033725042205
0.0394071601139539
0.03936756698341512
0.040696521254497006
0.03934600876020879
0.04013112406405987
0.040362846422964276
0.039290263944978435
0.03963995593505557
0.03881514284678907
0.039530872512912936
0.0392086213675902
0.0395636882406243
0.03985081003933153
0.039959197891678816
0.03975406532045802
0.03870614987453133
0.038434633771331134
0.03950640445203899
0.03836365982679298
0.039728647598829714
0.038852293306164354
0.039065265908706834
0.03926401909069422
0.03844807159255605
0.03952184121258138
0.037926241082409856
0.039043293529301366
0.038097681397573975
0.0386443450817137
0.03918513616150535
0.03813656642323886
0.03849647242053883
0.03868723655641564
0.03798700841781476
0.03814925397533319
0.03798837684520927
0.037615299506800606
0.03845761941713147
0.03816866389470642
0.03776276449785032
0.037430502941611654
0.03852543170448669
0.038278596000261865
0.03860671726431637
0.03720308100671768
0.03684527574799643
0.03797392824393562
0.036926875657993775
0.037471214845500915
0.03816005911929673
0.03810040131426111
0.03802642045480282
0.037680769696273084
0.037042063384865286
0.03637177947129607
0.03728025420370981
0.03724546822585499
0.03664546168850554
0.03649042162389449
0.03676159154792891
0.03672485953048975
0.03670177511294965
0.03597196687742523
0.03615156220816979
0.03632011971231325
0.036709035502379535
0.03583022439664062
0.03672052559364223
0.036445765802507274
0.03550050923588057
0.03585828883536247
0.03618024190345441
0.03646241634199257
0.03523095784264863
0.03502310363129683
0.036290602759574346
0.03661222271413787
0.03538490558685861
0.03583955493334519
0.035659013067203794
0.03577506499584584
0.035379653766596825
0.034689989903256356
0.036135542936120826
0.034579809409169326
0.034488712282835156
0.035084076989681176
0.03447396405078571
0.035392387698857074
0.03415664532134248
0.03503186512465352
0.034046859783736706
0.03529118935637438
0.034140621061202484
0.03536736232260895
0.03475577007614543
0.03406544406009949
0.03479480645882872
0.03416438860845346
0.03393037293342624
0.03440584631667694
0.03427559590812907
0.03463708873007412
0.033837511778538505
0.03390523743492519
0.03317370035877873
0.03335757797430138
0.03431936771341716
0.03428334773376755
0.0326820706975867
0.03260737843898877
0.033611394324226745
0.034109838854640945
0.03302984895821701
0.03354992352813359
0.03277124875924648
0.033033937763797525
0.03310653309188461
0.03323928086001319
0.03268710550975485
0.03225075281339193
0.032429845127496595
0.03265771910851459
0.033070282265929465
0.03302424672374169
0.03181450656987446
0.03250535770984979
0.03270527985437579
0.0315611257827903
0.03224829579057294
0.03122174712076557
0.03233366546445059
0.03112215328704109
0.030829567416423374
0.03238674141453454
0.03193921145109273
0.03179513445862792
0.031561554432332425
0.03052905504575591
0.03042043866269152
0.03174668385210566
0.03183378802217403
0.03176388129367136
0.03162001643811151
0.03043186660015652
0.03159305453927467
0.03144463823158034
0.031144116757246425
0.029719610162381813
0.030790307359112222
0.03110870299726194
0.030361188774451684
0.029483007810133074
0.030520890187823054
0.02934390440595539
0.03030166570814506
0.03052216785994403
0.03023758791154985
0.030104838586152947
0.029587860055141926
0.02908890535193846
0.02945977282666342
0.029756177850342742
0.029442308937631948
0.029403032268540776
0.030027701214753687
0.029257739980937385
0.028180049826245984
0.02901113109723566
0.02895707473119318
0.029459698229754607
0.02891472413104659
0.028101895759118478
0.02819212990518437
0.029087334788756084
0.028263431755206268
0.028015452765266215
0.027348969470838026
0.028778354062159707
0.028336179848895506
0.02812050692241191
0.028221544750610037
0.028643335732080822
0.026923241053251615
0.027305519322089945
0.026682034975438963
0.026806166171756216
0.02728830329194166
0.027979123817161992
0.027551526218769
0.027858466870544222
0.026852928629492963
0.02614572591708032
0.026069246538244245
0.027008909607371533
0.02692231454093124
0.026952978954637444
0.026768780935331717
0.025963762130225804
0.026659013004576175
0.02602319163350302
0.02624570267238132
0.026608856831941384
0.026017601696671187
0.02534831207075434
0.02666580129298833
0.025883127174897238
0.02492883143003356
0.026157369517068447
0.024868476804542527
0.025443192875640386
0.024909065888629622
0.025775070507618736
0.025854788372612802
0.02466510582695911
0.025759757847623996
0.025632025984901774
0.025410199003118653
0.02543024911788637
0.024811598323499565
0.02384644900056302
0.025071834537288357
0.02419865012978314
0.025287821656432726
0.024131136824223274
0.024809956360862872
0.02456719701647354
0.024761750975877222
0.023587244626959967
0.023885591071252012
0.02442636549636941
0.023721569282259165
0.022957978377873424
0.023633660881538787
0.02416233607257926
0.023462430893922883
0.023778581844277256
0.023815971769104993
0.022435785505948908
0.023870205642557894
0.02320350786449783
0.022483445977079367
0.022461525876141624
0.0234016174640551
0.022774769776066774
0.02308575180634587
0.02239359033347743
0.022608104060614087
0.022768764476670835
0.022631710974223306
0.021701184236202643
0.021627584519251897
0.02248157731104698
0.022509019414909088
0.021153635394668524
0.021263364951080093
0.021628931792623346
0.02156466679656367
0.021066578382998035
0.021411624320686117
0.022309664064113017
0.02141710921227588
0.021677922317762565
0.020723866099094056
0.020633313692337178
0.020967203793762792
0.021325213397304223
0.021364970818543383
0.021179495179284944
0.021451237587918764
0.019956341430932844
0.02117292493901149
0.021049805520016795
0.020107190653595702
0.020334419195754152
0.020690350507835256
0.02073307156920351
0.0196697184899433
0.01938332442356265
0.020022893891790045
0.02043216627796777
0.02046161241041405
0.019594143509361898
0.019730073188677016
0.01962802469495648
0.019355160019133566
0.019209111443812828
0.020134981191067332
0.019497396292416643
0.01908639866340492
0.019031764475419728
0.018563769159597787
0.01911354905816945
0.0186534052931594
0.019665898664718663
0.019433955718203198
0.019208476845905723
0.018327604750124273
0.01782409486652507
0.019203907017103995
0.018699582924860184
0.01871722236207994
0.018293620693917417
0.01759077952585974
0.017363063279558714
0.018514248163442482
0.01789699798892134
0.018111293216116375
0.01873322244212263
0.016982024718002267
0.016899565387531096
0.01784852056409914
0.01799742076112897
0.01765554954481663
0.01681199061650912
0.01671404009913988
0.017792113977720368
0.017420361530298592
0.016922785177089752
0.017733159197859925
0.016804206089077674
0.016906396872836425
0.017166375853070036
0.017047808563852657
0.016266684292784026
0.0168991172145545
0.01717589234472057
0.01713685547581631
0.01621157138843952
0.016655789668821967
0.016523263730223694
0.015703243284050955
0.016217552652821994
0.015303821588502546
0.015261053553171148
0.01515083673214771
0.01581374181190926
0.01494860987651996
0.015178846126210227
0.016178470584320037
0.016457020070649805
0.016002888404892134
0.016328342629524102
0.016046448511136152
0.015044574818529798
0.015329434270121131
0.014903566675722603
0.014795057594486759
0.01439689407690307
0.014565766930436999
0.015434543031588354
0.015387508960908682
0.013996693586635668
0.015221796913862834
0.013893041296747134
0.015310369219008982
0.015162690660684416
0.015031935265908238
0.015141590436693565
0.014296364903527082
0.01438103886255202
0.01356426496613435
0.01390694433372551
0.014876535064193331
0.013205881742628467
0.014122972189883589
0.01352557968874392
0.01342738548093288
0.014261052149651727
0.013436152443789331
0.01322413855616217
0.013361271437331674
0.012815532060407926
0.01341996207666404
0.012701701126245567
0.013292970217262404
0.013492511038846149
0.013974644867816795
0.0139848067173357
0.01259301571752446
0.01361086627604944
0.013104088071170765
0.0131073991255755
0.013412675991320197
0.013571880464723409
0.012919560093101882
0.012442475065635677
0.01288587748387984
0.012940537808153239
0.011793602669355013
0.012804412828872852
0.012227055060708827
0.012906341327226583
0.01212842862838081
0.012607065388160988
0.012862700896091442
0.012456889626637572
0.012441998920668851
0.012467016220811457
0.012539810241528119
0.011682771484461684
0.011856767754151091
0.011987305533424688
0.012152962761912398
0.011655261949069929
0.01190878423481733
0.012176234842165658
0.012160210480897849
0.011112749915266668
0.010461820630553753
0.010594258258564047
0.01093895579923854
0.011477102737592306
0.010683405940372937
0.010258672429432819
0.011501646202119825
0.010950566030255219
0.010810192727107985
0.009989867232248551
0.011145052987206763
0.010761858673175487
0.011406309338794312
0.010425111601670992
0.01068070580202939
0.011046136426266267
0.010562756938496558
0.009930272714602567
0.009473275644579037
0.009414893867825862
0.010379506252699093
0.010524891617694902
0.010393715641500503
0.0095174690230274
0.009329297687349879
0.00990112968215311
0.009515122412928378
0.00983617243803432
0.009166277239015566
0.008891299978310856
0.008865387753759148
0.010047010258362115
0.008799141990564523
0.010307727140474643
0.009091473307670309
0.010029807012828698
0.009785772898521145
0.008882495233575219
0.008445351667029356
0.009591113055606799
0.009572475009066581
0.009441380199840615
0.008618350635025748
0.009281673739863484
0.008646610470102338
0.009102759040980853
0.009000670895102104
0.008992727548616217
0.009574202365782958
0.008305018878264476
0.009353275554519981
0.007928061038923469
0.00804747301723455
0.00892122148045295
0.009125655211536618
0.008433709689640677
0.0083686309697895
0.007817828658963355
0.009114195902465786
0.009067295240397568
0.008730264288591342
0.007851390013807245
0.008509885153037711
0.007581814404655964
0.007639882185748088
0.008258961693109185
0.008674460262326421
0.007936921075147601
0.007814084007085038
0.007870768603736459
0.007528029401446917
0.007657094683430482
0.00858830319604242
0.00691962535795977
0.007209327533192827
0.007920519628217331
0.007929988256122114
0.007302124762448065
0.008369817029207808
0.007363763233681522
0.007941575231330733
0.008276100930493845
0.006957825949900952
0.007594082779260989
0.006497523348232225
0.0071109600270661665
0.007556875045896233
0.00795848418196609
0.007595405541125167
0.007816565080608077
0.007744202916642759
0.006551387727377264
0.007668009461789193
0.006545089238367665
0.006692309688203753
0.006294343041771353
0.0062334253947469035
0.006596309523260471
0.006307062045069845
0.00591315968702765
0.007399468547003263
0.00668001197063698
0.00694278907574849
0.006773338880433949
0.006917992641138998
0.006091324105236838
0.006452877432075263
0.006092278790747704
0.006796274479300548
0.006611249699745818
0.006229571510876367
0.005816181561854351
0.005627158986938713
0.00540813684165297
0.006115079944658182
0.0059573939464139854
0.005998376388496156
0.005947261544047823
0.005649246887188433
0.005575838606936557
0.006790988736687313
0.0057431657468984005
0.005449784500687127
0.005212239011711328
0.006368045556160891
0.006407823803388564
0.006515739105064494
0.0064560160807198355
0.005013027050425093
0.0048922537361939435
0.005792532146201026
0.006142989409843622
0.005705945164889925
0.00539908080475393
0.005195249743534448
0.006022880795801076
0.00562364805313339
0.005618980708963313
0.0054255222219223714
0.00567114173180271
0.0057850382214474525
0.0044929823542302
0.0049672431824916196
0.004663439792956727
0.0053790130840516955
0.005745647771913967
0.004374993613232033
0.004441639192397385
0.0047003983063061755
0.004847058904418899
0.0041950907862263066
0.005680130221711328
0.0056155649806511184
0.005236232912063632
0.005189401330029467
0.005297045579569598
0.004761349049382985
0.004196552732040806
0.004953695350066576
0.00445070189895748
0.004244413872282756
0.005497372014042369
0.004563850719821506
0.005342338711226022
0.0040485368092253535
0.005310639853706278
0.0043790534632762185
0.005333494911224469
0.004295353489634865
0.004120569271923678
0.005266187489854784
0.003590539387927348
0.004453111728430493
0.004190608322724345
0.004947009013064942
0.004814855267964207
0.0047942184021564525
0.0036581781626740663
0.004269634654484203
0.004786409898603571
0.004798020084764859
0.003679612252740479
0.0045692207186086835
0.004568190388187241
0.004562091040594052
0.0037756629916340487
0.004784623697243072
0.0038119165276203106
0.0042427906885805465
0.0036959437458817315
0.003825572247214717
0.0034462111759476863
0.0033762591861125632
0.0030959159826297344
0.0037877984302777654
0.0030633332549915827
0.0032395168808292568
0.0036896620024632833
0.004192664202305358
0.0039672471958637
0.0036713678411128933
0.003815835458830595
0.003768789663486335
0.0032983601610080382
0.003028703340244639
0.004337755566818696
0.0028671743221392446
0.002837623249007335
0.0029743401433156126
0.0037533814363079512
0.002866564023170687
0.0030606249882519816
0.00391719500869077
0.004081231387678126
0.002651783071782397
0.0037162774339193658
0.00401800487237114
0.003196915779554275
0.0034703991939384346
0.003353085724148887
0.002613118388662062
0.0034918553345391267
0.002770478588040661
0.00401158371232314
0.003815924248901431
0.0024797925874424373
0.0025022331677213455
0.0038227523454519583
0.003323213978390788
0.002441518488274688
0.0023588092237820353
0.0029539106777347617
0.0036951650540834992
0.0025016118149957943
0.002359309670194677
0.0038760593555776965
0.003279945999859837
0.0035608936800975055
0.002470104609659598
0.00287806112011909
0.0037022392195287476
0.0023050685235960103
0.0034809015795646304
0.0024793548266594397
0.0026277098540606514
0.0027575293815776617
0.0025573179406548695
0.002244787802040168
0.00211753270773163
0.0034109245245690454
0.0032624706597493606
0.0020819706466515594
0.003643144751528832
0.00244128407864614
0.0033595109977104277
0.0023787151358164384
0.0029051076234476274
0.003068014507064665
0.003202238863014368
0.002907168438969182
0.003400457832428628
0.00256338062103774
0.0019655573745178947
0.002910173497046602
0.003228279535869584
0.0030023161630231723
0.003257253952849465
0.002752750301258002
0.0031005999482217965
0.0024017350721777875
0.0024860008363431093
0.0023290469790992114
0.002762703538678298
0.001745235564304482
0.002099147095671021
0.0030347885745081937
0.0023511721297398568
0.0029681503745143563
0.0027222259072530743
0.0020676943001363707
0.003168119935700683
0.0022241707807691114
0.0017628268695272793
0.002171342717806915
0.0017828722757456535
0.0020730995941415312
0.0018433906804686737
0.0022074204299112584
0.00297583836906869
0.0028996213512587836
0.0016813481734090007
0.002567999898050471
0.0025264037959407707
0.0017739225348315888
0.002449176738596991
0.0030187005869143856
0.0021779719823536887
0.002993200507423489
0.00279373921933728
0.0026326411938009087
0.002089863219738355
0.0020175057662031324
0.0019535678108037243
0.00285365685413943
0.002061201502670003
0.0022847801845438088
0.002277557527823392
0.002205670408613737
0.0025936690946811165
0.0029260268017692924
0.001763939458398247
0.0023556468438873674
0.002204076485463355
0.0018624177905715944
0.001565199191543259
0.0019580078514648334
0.0018299668241294248
0.0020776295035873854
0.0024804878979572493
0.0025882348650960105
0.002101156700387185
0.0011470910242732078
0.0018619116302578357
0.002513312531771826
0.0022517181425300804
0.002250860884463314
0.0018738942757661422
0.002070408619772742
0.0015472511738885363
0.0023934411956791704
0.0016900560737631626
0.0015286534900110541
0.0014887212329070677
0.0026073486595495337
0.002391499846803458
0.00225286949781017
0.0018412646817999292
0.0019129913523467856
0.0018647428001148927
0.0009457264590904979
0.0015608239598980192
0.002116784838252478
0.0025395659164370106
0.0015484006912459003
0.001981393670249182
0.0015424232323556213
0.00096173481685653
0.0011968153594550314
0.00180725312640002
0.0013595456927816107
0.0010635545504017706
0.0017300170761001933
0.0019571438353513516
0.001966061553417372
0.0008271041432011461
0.0024932647513211826
0.0010147885507732137
0.0014559479295534364
0.0009432860418171942
0.0016237514666810522
0.0015674075232334998
0.001977333160062902
0.0008469295532420581
0.0020835563187885
0.002301846574384856
0.0009883804474743437
0.0009422667812702126
0.0011132946707253474
0.002093092891323562
0.0020541461980944573
0.0007518470400781717
0.0014523646194858873
0.0010685994812907847
0.0020693287000752856
0.0010609246033444703
0.0018589486238155296
0.0013370041220954626
0.002220016099060493
0.0007735622538460748
0.0007898924584103771
0.0011638050485115992
0.0021790449984001982
0.002203073202085893
0.0019226753752609638
0.0006262105093729747
0.0015041489176691692
0.0006994131726717082
0.001958767712731001
0.000596119712181875
0.0007564825799116654
0.0010905408605893247
0.0009848365824865672
0.0020407697957010246
0.001526764526986362
0.0019732371389315903
0.0013145787997446777
0.0021965180112308875
0.000947981804815411
