0.0013705503941846503
0.00100656722134607
0.0021202249707417764
0.002240236933662591
0.0019140445414542798
0.0013216463258339387
0.0012632613664629326
0.0014674979136839888
0.0011334860241345754
0.0007882498900719727
0.0010110939532626555
0.0015122419691447197
0.0020847351043438225
0.001378027298497998
0.0009477829666622064
0.002349715840944154
0.0009026269701358783
0.0018516982170839026
0.002312627237891228
0.0012168953841059837
0.0013164662179574575
0.0014509100747577967
0.0019395504003083292
0.0007854086189419923
0.0010815843300588475
0.0008041594250322321
0.001272492068756896
0.0014180775628085808
0.0019388069623172376
0.0007891379081954899
0.0020818736399457714
0.001950823325683797
0.0018111766834975227
0.0020452688406754622
0.0023398077597384403
0.001271204964313479
0.001000228854050892
0.0011850868609442921
0.0011618838966585467
0.0011597123937026942
0.0010245463148137728
0.0021092848345930677
0.001390311051570366
0.0015877316504317688
0.0013552002676743614
0.0014085879384781068
0.001531861216070719
0.001704849373636463
0.001272915609373232
0.0008652801256098285
0.001023643578234439
0.0012945138846275498
0.001932298692810599
0.001091879252615411
0.002223980918464012
0.001160448835731924
0.001137733867530273
0.0016453019571164883
0.001982189923854141
0.0023217509283751875
0.002105004220659171
0.0011669869553256906
0.002220527255902636
0.0018449039366800304
0.0016539614726677617
0.0019735261630822835
0.0018809294047359205
0.0012430271646823657
0.002337314836492901
0.0017322100120556174
0.0017862886493845893
0.00174811296858915
0.0015070602897319784
0.0014033460513421159
0.0017079667044821276
0.001410510858711646
0.0023374631828487215
0.0026703379696558925
0.0027872403492806455
0.002411958757460981
0.0021113528672206386
0.0014655953439649957
0.0015150333725050538
0.0019077847179787039
0.0016351214682070977
0.002644752771334378
0.001833524275547637
0.002161270582116545
0.0019901130814307675
0.002276089335768369
0.002684033315910596
0.002526765537591656
0.001886437131764985
0.001318912279645495
0.0019086158337051364
0.0025754916383249025
0.0017423749879301557
0.0015365986505290062
0.0020918723939408134
0.0015852072480187327
0.0019472065838327696
0.001764392992443756
0.0026852786291166396
0.0014385888932590986
0.0026410841428843807
0.0030415611299219143
0.0019453439204352326
0.0021013738170944335
0.0024038551677708
0.0018856710606583958
0.003069134773736823
0.0028084166658071744
0.0017171977971138913
0.0031401991680991585
0.0028201268355028484
0.0018458555619576531
0.0016472747915756952
0.00276502728268597
0.0020666668163927
0.002922066540275534
0.0017481583743091714
0.0030748793028817383
0.0027018421401774893
0.0021775933997212893
0.002737779150808221
0.0028610085758118938
0.0022617640402623164
0.003050719450376084
0.0026779335304429885
0.00220478260404146
0.0031546545250882314
0.0018867445932988496
0.0029590713674329926
0.0019145702276462374
0.002699853535074702
0.0029530686302346077
0.00349150410811646
0.002896875382742966
0.0021137059057874698
0.0031941212753107285
0.0022922594779354456
0.0018990062299738685
0.003541651792791591
0.0036047554338585587
0.002889027857930026
0.0033534558761966152
0.002698817403622764
0.0026049512516602607
0.00251516936819412
0.0035595834587596803
0.002987134896309186
0.003044551109335388
0.00285579758553628
0.003810536652897847
0.002626850929727292
0.0036798864843387074
0.00232686879399653
0.0028157114873169652
0.0029905695016112324
0.003747011593852988
0.0036929513740102896
0.0029880611613251006
0.0037017070804099476
0.0025489633699932093
0.0036970597344747474
0.0025954925961055807
0.003743644912851996
0.0025890255041378023
0.003296028671898868
0.0029190746178674298
0.0038312659215161146
0.003662013538582305
0.002604423697221728
0.002946417588978781
0.004183731127369142
0.0038386585815702525
0.003067714581671258
0.0030604495316023696
0.0027537449770313697
0.0038140201071880727
0.004185342967642278
0.004275601542612581
0.002650780883047306
0.003469464662026556
0.0035073646334352936
0.004276501118538838
0.003267391862503729
0.0038000062581767875
0.0039009597005581842
0.0028856703279438616
0.002896619400548642
0.004326701176804847
0.0031130113492157108
0.003947711717459609
0.004359281460785773
0.003900521930020199
0.0036465909594840407
0.004161952435386093
0.0034287773177136497
0.004573398916915706
0.0032349381028222123
0.003060060351568218
0.003947099197627147
0.0031579183907490195
0.003908829549562677
0.004170049640716044
0.004162154115673151
0.004122820881043843
0.003578865880735584
0.004010757746180155
0.0038085166204091412
0.004686008267036897
0.004555909625277654
0.0035881185036750808
0.004599695059029186
0.0033220030774149143
0.004139321498862227
0.003598055518387732
0.004938813491578584
0.0036490336726816702
0.0048704502757597025
0.005208213006629438
0.00493365428468749
0.0043270974331859014
0.004711982194771469
0.004929765493140598
0.0047023387106907896
0.004867455635769724
0.004206923862126426
0.004891327387839892
0.004686282178692938
0.004273186170021145
0.003752504579467283
0.004480506551398861
0.005345515709212704
0.004554369617217951
0.004971470013234278
0.0038911776870611293
0.004044395247105028
0.004308621900771309
0.005084305667285345
0.004076609543099174
0.004658751936091494
0.004151967114783524
0.005620066582495476
0.005247640276706106
0.0043329566594963375
0.005658916060258783
0.005258177164636205
0.005072894524366637
0.004958572980584049
0.0052201282005443946
0.005059241029063623
0.0055637312079289585
0.004790438969610692
0.005897415060593972
0.005882983099959714
0.004795464600078846
0.005407130855448153
0.0054807962590793
0.005432356785822853
0.004609056537985501
0.00481349585188601
0.0054279488721983
0.0062900655789271545
0.005117918625046124
0.00563412197093786
0.005332351477976881
0.004817789481976192
0.005979272948393036
0.006181794461101826
0.005931642831546974
0.005688942326794807
0.0057411428288318914
0.006545984873380539
0.005388571193468749
0.005047556441709336
0.005429278724604999
0.005161515103197186
0.005395620094587969
0.005218324349437139
0.005475222970135228
0.005849236706280989
0.006335077566818054
0.007063107863871218
0.005540349764952236
0.005643184840266815
0.005945849740368886
0.006859599297134923
0.00626322063460433
0.006390714788736267
0.006420102990554892
0.005797369803203053
0.0057119546543536025
0.005994847642103619
0.006486754405391572
0.0057583109563274035
0.007533099469804976
0.006875576485104808
0.006814621234674198
0.006692816321616254
0.006440178677483763
0.007595579736907311
0.007278948886213373
0.006277956502367435
0.00625152349501108
0.006289458903682334
0.006413106305240627
0.007261968561198686
0.007498341025034112
0.0074773842160034834
0.006752209683081553
0.0065775732442248285
0.007717678531558503
0.007003913597796347
0.007843891277436685
0.0071667376650248315
0.0082496954248933
0.007227678272051866
0.00754196727030498
0.008410265864255927
0.0074781969814107395
0.0077671854785500245
0.008018177144361135
0.007165496031361121
0.008175812494068204
0.007999445611624563
0.007791019821509056
0.007204735318653203
0.008703158340866044
0.008253233888486465
0.00718009698539617
0.007805101825935674
0.008376666180934913
0.007356124009169785
0.007374334433432056
0.007966636231292797
0.008227640787727437
0.008976944833881194
0.009074106198811837
0.008972975197036652
0.009186403681098675
0.00883127981372142
0.008759123571424379
0.00881191048466895
0.008526750190113204
0.008717667574133744
0.00813555638921272
0.008150056814401882
0.009410783484263345
0.009038284592640415
0.008122959490466273
0.008411443494708685
0.008254266145714152
0.009382980252415712
0.00966073953927053
0.009315964163734562
0.009214587186876342
0.009823968249125566
0.00956372220173753
0.010198978570697246
0.00898873006393541
0.008906105851081573
0.008992242406278304
0.00945903238253698
0.009418446052108337
0.009090118073876812
0.009802808462426888
0.010596973423326324
0.010438752833433403
0.009257689138052864
0.010748860230310592
0.00922024351447219
0.010564152224544245
0.010304787165965192
0.010956973053788142
0.01098105925210248
0.009475554034481285
0.011151586976188878
0.010656285528673069
0.010430791636927426
0.010947539014045354
0.010435986988879476
0.010700770230010823
0.011234255428674775
0.010747873109324667
0.011395151969057524
0.010528266395340494
0.010818942520505165
0.010160070643917348
0.01083639887440664
0.01166192514888346
0.010802659320790007
0.010718772691356297
0.010556808724961056
0.011113635679160249
0.011684864087641803
0.010558713901352186
0.010502580418067283
0.01198454502875586
0.010975475686691712
0.012410159700851162
0.012053712821745409
0.011930893075191532
0.011012735905952547
0.012063981131295943
0.011654698555279817
0.012439358872571743
0.012168958892494737
0.011261766612271667
0.012452898941216673
0.012839177667475785
0.012845203649610884
0.012535393380220795
0.012317496727778047
0.011930476753168814
0.012865108162363711
0.012112194207961943
0.012947388518973528
0.012143921957840278
0.011955506668331544
0.012737932452874808
0.013286795106936089
0.012420153284861244
0.013516551210586581
0.012212091766975713
0.012497788708486493
0.013612710784548324
0.013702791755168201
0.012360952491504039
0.012551517222019923
0.013655664756852228
0.012969612939107164
0.013778155989097726
0.01324356416751912
0.012960076449577734
0.012760306011700659
0.013817307372373251
0.013966899813832156
0.013735498903911195
0.013058391221893935
0.014067839340153654
0.014450353298321015
0.014480107030650825
0.014920434525281938
0.013670528166698294
0.013581367213082743
0.013704837280066948
0.01503754338323985
0.01381087301095494
0.015396955336070179
0.014459593851678365
0.013832722601582054
0.014172177469744794
0.014665000883650395
0.015576365014049095
0.01575587775314866
0.014565101694368693
0.015791391832545052
0.01601020458088771
0.014754883558354538
0.014693626945811031
0.014888365973380302
0.015698545599015498
0.016218114828733237
0.014878165710559475
0.0160621157698844
0.015931192330901872
0.015883014314632897
0.016533278046562815
0.015148957004429964
0.01589942413261472
0.015337131508648754
0.01617739722009805
0.01532254411217772
0.016683269902921145
0.01572218465112372
0.016730018047058082
0.016261511609621575
0.016353688816856702
0.01643668348592789
0.016048502231899846
0.016044695919175168
0.017058357779865585
0.017539684489054623
0.01735720158522515
0.017504783835407683
0.01753875239146879
0.017741822479496783
0.016782655874685505
0.017620577391681862
0.017078707934005
0.01804166084097092
0.017291306946457113
0.01766195497989368
0.017403431284745075
0.01762364980956065
0.018112434768629945
0.017514540511144833
0.017973710396419953
0.01756054492033458
0.018866577896073128
0.018246315556392168
0.017653983015292533
0.01880279854153328
0.017939867752162802
0.019312141326484462
0.017786182890086998
0.01934325876231804
0.018951565931146497
0.017891286961068068
0.018658710800778074
0.018039444089439534
0.019051736457162374
0.019161149380211916
0.01887585189513164
0.018502716666330396
0.01929559080194061
0.019023832570381618
0.019544787683478452
0.01912473971273509
0.019795045731935614
0.02016615340872198
0.01887797246283652
0.019666584788658893
0.02039423737786274
0.019551047354879784
0.019754882781288875
0.01945406919743721
0.021093455887000324
0.020315250149923955
0.02000116813506761
0.02110015854196164
0.02020260673904353
0.02000102549290335
0.020660624881249187
0.02062857239095822
0.020960274565594718
0.021105553229611086
0.021578686091742065
0.020260005657073785
0.021152588243238762
0.022104601365991267
0.02131584628605853
0.021742981346980533
0.021853822494366813
0.021050496621826037
0.021110720788418257
0.02223358766206257
0.02227240587782159
0.022272268902861634
0.022811722315050766
0.021935918515953726
0.021347300416293753
0.021316862447968096
0.022568423171645664
0.02242755592408892
0.021620218149021982
0.023186862129184128
0.023410956157123165
0.022084433874009914
0.022072187015243376
0.022162906657532015
0.023411932555491934
0.02289777700420501
0.023261685787662426
0.02272498375149766
0.02331643549118761
0.022467390737029108
0.02319756628539234
0.022911189520002498
0.022830302523943056
0.024344044882063758
0.02287870401950528
0.02425997693440461
0.02453602477385889
0.023863495647987357
0.023204908897057865
0.02480655731287068
0.023313686752562485
0.024542002349276996
0.02455771900886582
0.024852221494726646
0.025144334860440626
0.024102838334173683
0.025432022399031837
0.02439562463013111
0.024507029200723174
0.024714365629708586
0.024608164182465996
0.024481597437481534
0.02456884580138788
0.02486409416946365
0.02545408130246146
0.026230631623879657
0.025318855303141877
0.0253560655863212
0.025214044936564588
0.0251710447675358
0.025532141421273045
0.026118324054285217
0.026378371459428136
0.025163890527842046
0.026313254936281765
0.025722754670973205
0.02549471763814752
0.025944420913676918
0.027270538909843527
0.025949940153167303
0.02629696680833446
0.027385951732324474
0.026326989741166526
0.026248451745701354
0.026475325334957264
0.02613760464248293
0.02713247898170149
0.026491975807251246
0.027165118624158012
0.027033303439083094
0.02717413797166071
0.02825963510253325
0.028029647350793472
0.02797990497531406
0.027270188176356475
0.027628685077421587
0.027130717034052378
0.02834117554268274
0.028406218827462672
0.02745757886511573
0.02829284648604968
0.028276519414227395
0.027720586864246412
0.0283218243270708
0.028349878826639675
0.029299899045928002
0.028969260047658325
0.028872556515042367
0.028348294345200684
0.028647485905098916
0.028488378362053233
0.02843287670962122
0.02960764796854281
0.02948744721911861
0.02932663818674467
0.028781663933885867
0.02990248648807008
0.030154657549456065
0.02906202171947593
0.0297917695339407
0.030026557298732954
0.029197092006569836
0.03077312769502738
0.029429373101036344
0.030789178950109086
0.029431292994484062
0.030906938880199453
0.03005022355233742
0.03031820164241258
0.030523584062369352
0.03120375129447502
0.03154772856715417
0.030051080095255082
0.030921039370496225
0.03070671462194401
0.03099274916713689
0.030433912656525754
0.03032165716050555
0.03063931407731394
0.031030592073397978
0.03128631421398171
0.03136428347037188
0.03092720294292465
0.030829460185007207
0.03087046279761289
0.032465001362772805
0.031265077045459756
0.032390357891639916
0.03131608884656906
0.03282659622197443
0.03281264770272426
0.03284230644971967
0.03310292738385777
0.032168443590949954
0.032383093018306094
0.031817225654770964
0.03236224648840823
0.03264571922464942
0.032570081949674305
0.03278505434554944
0.032135198572255226
0.03257228011901203
0.03388185774376721
0.03351315333414537
0.03267415843312043
0.03246775864944033
0.033276660586776474
0.03301425624923746
0.033680372740411184
0.03435737256487107
0.0343149284490692
0.0344612755117365
0.03403845868644837
0.03405766129973085
0.03462845863542433
0.0340555493039068
0.033957938685258586
0.0342547455666924
0.03376733689747545
0.03512134721452823
0.03348805751440213
0.03449183231426106
0.034908051194742766
0.03398071601032112
0.03402393278015248
0.03470434313256538
0.03469594276067597
0.03399592668955314
0.034054258449851195
0.03559869220542832
0.0352606146702075
0.034798620677445984
0.03558782907828069
0.03490969962118246
0.03531682015646281
0.03614576334196339
0.03586848184022551
0.03632056648537933
0.03602567500953066
0.03629844744111037
0.03578879559732966
0.03622763968028305
0.03576572059111144
0.03520143236277056
0.0354607076454601
0.03635282414510315
0.03577949241071015
0.03577064904728115
0.03565209463267826
0.036130923812458096
0.03608779863549486
0.036957818086692594
0.0356513354199002
0.037251858167320996
0.037211270869934254
0.03645197302700244
0.035934399959173455
0.03658006754485421
0.03725106715175073
0.037132490171069024
0.036533500043966806
0.036724251872096034
0.03693828449272527
0.037726697352419215
0.037155886538641644
0.036865363867505115
0.03794596351390659
0.03820055518918323
0.038009723968770656
0.03761195197339248
0.038064254223692084
0.038030609741415256
0.03838322855429294
0.038175269132448
0.03778960822299113
0.0382152497209358
0.038181990607328097
0.03872755601387425
0.03754661862098587
0.03784177159017052
0.037633036445635926
0.038746457865230524
0.03773764213387226
0.037572814141279734
0.03751956910068955
0.03837500547704942
0.03877826106531042
0.03776862533206079
0.03916686385880012
0.03912234637606433
0.03785016264670693
0.039139532634730675
0.03966980354499893
0.03838557902040384
0.039402469356955586
0.03886154579399445
0.03889558058377271
0.03839369449634295
0.03997682748055557
0.03979101138796302
0.03858491369531661
0.03943569410392904
0.0385781188331319
0.03942622148579378
0.03942276257318843
0.04023463279745869
0.0386531296044904
0.039179163322894374
0.039841115513711826
0.03984438303917161
0.03980117504269194
0.039022100342821026
0.039061232112029845
0.0401689231787978
0.03967269086537197
0.039322301177155454
0.03913991821324232
0.039508094867174756
0.03948598375554059
0.039236362558624824
0.03962607254999176
0.040518230027116416
0.04108288183804499
0.039678998047440885
0.04048915118815936
0.04119516955868936
0.04040442916589073
0.04004757480081169
0.04043423841321537
0.041230733958030494
0.04045749487986189
0.039728456814155585
0.040591847053832106
0.04095982327698757
0.04114684599633292
0.04142525373540828
0.041092428655725634
0.04032428604853477
0.04047892148616464
0.04020715694943624
0.04134817953294982
0.04070737117256566
0.04138570988928859
0.041452085557363814
0.040261752732103896
0.04095206361282462
0.04072189274798146
0.04141962258782044
0.04122655274133035
0.04179515520455119
0.040403519904021044
0.04161781765910516
0.041493697227779784
0.041211644644487115
0.04064309837283774
0.04198498888096493
0.04139807222248343
0.04054972828967915
0.04106678565029119
0.041144456600527374
0.04196128536119076
0.0419081126365171
0.041767161480258344
0.04125393229720145
0.04200327531670594
0.04156802399991208
0.04236563299034383
0.042266393108625226
0.04177700980430727
0.0414720701112713
0.041237302931516
0.042214040255136344
0.04183874263970378
0.04198608621162886
0.041518130432586856
0.04184533062613794
0.04209515816087195
0.04233670090358137
0.041481768919333556
0.04238974285945044
0.04139995089266248
0.04158311731335597
0.042313342764989284
0.041170615193457376
0.04247590544325135
0.04227493273490789
0.04258149645179126
0.04129132520076954
0.04257967511483975
0.04125031306890207
0.04236458144062499
0.041735141698113126
0.04176055149110995
0.04269588905625521
0.04242274252474656
0.04251525832051943
0.042661487449524714
0.0429596775999117
0.04231640719586311
0.04218595477365638
0.041743332435398496
0.041874762105645565
0.042281920611723825
0.04298431168206864
0.042781983272907616
0.04301751468859701
0.04260814715939635
0.042429330287973896
0.042503487487414206
0.04226486202077246
0.04259097026989841
0.0418899799368284
0.04312556842253442
0.04308295370171977
0.042461584021464605
0.04319712411881306
0.04283562518931242
0.04175719250125361
0.04290068292219947
0.042823245444308884
0.04253308972915609
0.042009270503007304
0.04247475842088074
0.04268017264796178
0.04309131530718599
0.04313079011830814
0.04207746700884019
0.04180144383577834
0.04170849025293758
0.04312660428669854
0.042813945156811216
0.04158572712051641
0.04194841144721768
0.04272409973513936
0.04228067504188798
0.042539610579611545
0.04309058324287409
0.041933959211285815
0.04228433828859954
0.041566912266326674
0.04204463224256125
0.04237665281305108
0.04198950333091795
0.04302990235278633
0.04235859172649138
0.04184023388473756
0.04152323778066626
0.04146932481153891
0.041837923690631044
0.04251998060010253
0.04189059643509783
0.04295591034463684
0.041814322824924685
0.041767698237815565
0.04228194621887527
0.042749718159622405
0.04224469472997407
0.04199955059720867
0.04157982499457538
0.04264722204357414
0.041589079600594006
0.0422328133704944
0.04191683320574986
0.04199209644627766
0.04125380129733609
0.041869534946431544
0.042667583247276486
0.04265799254788851
0.041600792270103
0.041591191201879485
0.041860159495553294
0.04221194158712754
0.04162484884096413
0.04138148037320557
0.04182941096400667
0.042211290760259264
0.041203336965848485
0.041831182313187644
0.04112306673099404
0.041618781716095586
0.042140832169159065
0.041394836834911984
0.041830291284323466
0.041671036252499884
0.04134167331095158
0.041730488272998495
0.04063441439931613
0.04209493816197496
0.04064810421117239
0.04112668583755746
0.041400567342009496
0.04201796408087667
0.041919207809457314
0.04177426705897846
0.042086960467357104
0.04190400716993619
0.04163307408716482
0.041673794623850735
0.040266416837801904
0.0410291451212181
0.04031686932985882
0.040885215240192424
0.04078160174154327
0.0402377317864909
0.040263254446632486
0.040851343840701965
0.041074325892345734
0.04075915253887861
0.040567843519251745
0.04013029485358316
0.041007163332649546
0.039963627870449034
0.040929104573731244
0.04121505707733973
0.040372710804213494
0.04120878544068318
0.04087913191498615
0.040602866458932824
0.04082563019669471
0.04012711394862268
0.039522641634359985
0.039432510097431865
0.03959487346840861
0.040388993876905005
0.0402522525953512
0.039622832419178876
0.03959183866330462
0.03926137646764938
0.03927252472616056
0.04005287383025065
0.03972915530022993
0.04005400676911819
0.0403288355995771
0.03955985536426343
0.03905707808913026
0.03940169043891015
0.03975951626077456
0.0389385283804259
0.03895921317342041
0.03916611972355127
0.039871852894821154
0.039291163779106617
0.039302795662720574
0.039944773358068265
0.03924852882558524
0.03887683965065863
0.03851434677339095
0.03887220464900036
0.03891523731534036
0.03873110423676824
0.03949770068213602
0.03811688197119464
0.03957414074416812
0.03931247411356626
0.03927040366774849
0.039056008676813234
0.03934839696936518
0.038407113679810104
0.03936511206179075
0.03868558185580323
0.03884307927275192
0.03826425766641687
0.038792642275025116
0.03751084290300064
0.03799026466754159
0.038218743780321085
0.03735830021383485
0.03723773617870841
0.0382492373182977
0.0387467150044339
0.03777312548626881
0.03817732682159845
0.03723436859358122
0.03684922204812763
0.03693020849703409
0.037391018858929544
0.03813714712528472
0.03691343693102965
0.03660026866424924
0.0374823120856029
0.03662202936197391
0.03775765060151924
0.03803311923475778
0.0375784176595275
0.036623674136796944
0.03683067670369738
0.037655658135493625
0.036692153582916484
0.036374631078056774
0.03705429712805567
0.03620304859935479
0.03598245266037485
0.03589720641139824
0.03576767796012815
0.03558481753439255
0.035714484738671545
0.036765770196855035
0.03556769418168453
0.03613220103468888
0.0363433348923098
0.03620195035886837
0.03520165702868053
0.03607416638277453
0.03617463289317341
0.036132979474007315
0.03508468427171388
0.0359741728367921
0.03537816003985408
0.03524138757820814
0.03497599303965947
0.03464763652856721
0.035743849445283624
0.034443439588522376
0.035592803504665656
0.03557229473702941
0.03523226772212557
0.03497724803021802
0.034374345934225725
0.034469327702626736
0.033909555952150804
0.03542200988242157
0.03411263107570302
0.03523437569565168
0.03434631478527103
0.03365127930430614
0.03488467547471328
0.03453409473911501
0.033353794203287976
0.03473089238638026
0.03357603311055604
0.03389031012482149
0.03404989515528506
0.033265116258517
0.03378924568249354
0.0343007551756543
0.03277196218688899
0.03386750176737718
0.03295368991405706
0.034271245372402066
0.03257404896478772
0.03399396804315321
0.03265041602916312
0.03383696329875147
0.032966741664204637
0.03271973611615693
0.03311462090524862
0.03266046707291829
0.03299310047756866
0.032095610266450296
0.03225086027760671
0.032102414790348
0.03224001958051695
0.03202788953880109
0.03164438618500533
0.03154833606779283
0.03164588929161105
0.03294977350235392
0.032587080733033694
0.03274967043726282
0.03159873335845861
0.03164638524252488
0.031298625863586185
0.03220448449618056
0.03213312753590035
0.030817764655146167
0.03210063662048716
0.03183660328881387
0.030622652209134814
0.03182383933716152
0.030717031558520323
0.03025241472332164
0.030057655985132808
0.030869876532974388
0.030100005519823073
0.02991279155911931
0.030193073948928412
0.030534702692592435
0.030124561944468088
0.030863630807661985
0.031142709499143825
0.0303544522184089
0.02984660160984104
0.03044995833052742
0.03036512366280227
0.030131068976974127
0.029413008057284636
0.029494469800296998
0.0288249515054323
0.029745158617417375
0.0301954424446755
0.029452057610167785
0.03007626147751888
0.028394147526857764
0.02862699539395746
0.029402325849864113
0.02964130309162991
0.02864524594752876
0.028514547318225284
0.02915842438471822
0.02819444045696768
0.028765871037090114
0.02838838518777709
0.028087584087883515
0.02846933848124388
0.02850186375744452
0.02843501318556721
0.02801397130614284
0.028592981295725885
0.027914307703209754
0.028628448934669683
0.027805265586328395
0.027480754525927045
0.027778052458552485
0.028318258890883647
0.028060000516384638
0.027518352791258395
0.027179170999997254
0.02718256186625438
0.026511593937398638
0.026727142693361954
0.02650702477102949
0.026613963403004717
0.02753415856001736
0.02647124494372477
0.026478822228168348
0.026684670493370272
0.02586691986215715
0.025566882282771704
0.02649653915432708
0.026710336440392626
0.026461896247644535
0.026406947009121846
0.025911686062052217
0.02512886033006466
0.02623124682137692
0.02627533178658045
0.0262750002188626
0.025207683338882243
0.024696447252142557
0.02544742119166873
0.025473036697256337
0.025065472928338897
0.024372792089693018
0.02527242951787557
0.025144979317974277
0.025639315619214946
0.024814302273168512
0.025444749173622924
0.024802535657073944
0.025073006919582926
0.025245690375749957
0.02380474577727792
0.024613183692160954
0.023542905904028768
0.024689670616128957
0.024213786488347513
0.02472913989570836
0.023512405187572683
0.02403874920444356
0.024638948953893184
0.02435249122663511
0.023813370818187046
0.02437651575300815
0.022861851361550334
0.02354424077922359
0.02320294009925238
0.023607719860013247
0.02320305472495532
0.023568723833174394
0.02271263464994345
0.022631079809283257
0.022431461416790584
0.02245306138613977
0.023556263090762575
0.022309121225105512
0.023287912951127844
0.023130986630900775
0.02242554778319575
0.022283669020681553
0.022949239003527522
0.02260431232389227
0.022216585553090237
0.021630334194957416
0.021206269472860514
0.022078538789110643
0.022086231809244763
0.02160602839767838
0.021649829603713654
0.021199878378490952
0.021185622802252675
0.020718180584224095
0.021004400781149443
0.02203893277991148
0.020409055223759007
0.02052866696989503
0.02125135029464193
0.0215713137912737
0.020243340926832994
0.021368904850904244
0.021347964836251464
0.020792557849046742
0.02002675670436413
0.019862423267228254
0.02002008177404116
0.019759507069124566
0.01956821603712707
0.020226088585245605
0.019664620844550486
0.02080669861631612
0.01990334425549794
0.0194370277336104
0.02008573262244503
0.019806647853230646
0.019312804714276224
0.019812277014975944
0.019968624920968348
0.019361169641329508
0.020042203321424833
0.018955714893301435
0.019192771171759274
0.019687083119579635
0.01857227746100911
0.019723880258383376
0.018584071163887366
0.018281665246354224
0.018637162956601425
0.01908878422524668
0.01921158457619805
0.018226563694839038
0.017642797998975605
0.01826831970530533
0.01872153893944044
0.019004841677672853
0.01892488828868264
0.0181099563323817
0.017791223976993106
0.01822406242017381
0.0186025285660692
0.01773201218586131
0.017537175621357853
0.017888268459378756
0.01713196339239394
0.017412506401513924
0.01768821742681055
0.017951065092007737
0.01653140817998238
0.01723064969019421
0.01711196378846882
0.017727766546217345
0.016487162327888303
0.01702664780067878
0.016529585112314036
0.016236167533524283
0.017392001049744688
0.016098395696303742
0.015763528978106015
0.015819409879693377
0.015722767311839123
0.016732045673955056
0.015755291590992156
0.016196407313565513
0.01676237842299402
0.01593220799562364
0.015276549147199515
0.016587184255691285
0.01581173047471327
0.01647060552400474
0.015166040562314428
0.015271473219861572
0.014777987941208897
0.01608294525488253
0.016213464584185013
0.015010862120511856
0.01576827078068838
0.015615863781114696
0.01432112963849032
0.015193435324358693
0.014597514573190034
0.015615102315922245
0.015703342234550798
0.01517635694615886
0.014813372273703206
0.014059919949621228
0.014635075863761253
0.014617433057217891
0.01371068798127036
0.014088273292186638
0.014056877991019685
0.014197715228299884
0.015023549182031373
0.013343284531772042
0.013569017527164539
0.013906522338222255
0.014139461024149919
0.01447553819980112
0.014130978722901406
0.01308554528807664
0.013513332898853337
0.014085247740375157
0.012751298354524042
0.013538610308342573
0.013526837003684558
0.013088289987200514
0.012601441433573415
0.013615941016203809
0.013846513987834439
0.012622425276336056
0.012346161669714192
0.013427131307538752
0.013576157804062579
0.013488208930572298
0.013598819788473023
0.012232975937885585
0.012078712444955314
0.012250980051802628
0.012409751167122712
0.01187175827652484
0.01274108743646899
0.012430574898679228
0.011672163840108812
0.012372045077671506
0.012038126356807937
0.011737305359303696
0.011466168825890634
0.01223389972828786
0.011604197379452664
0.012717335956927433
0.011242261438562893
0.01182753519306604
0.01228435805513013
0.01145808008941096
0.012525653295350209
0.01191533064576369
0.010683294065101177
0.011373643092432741
0.011719566373961588
0.010626680608741631
0.011242449840081176
0.010990936779157457
0.011135298637066807
0.010907387840309632
0.01061678393456129
0.011333414829975587
0.011396497244714164
0.010366157560993332
0.011475100250964711
0.011263313596404527
0.011208580909701478
0.01040978640678468
0.011165385609524204
0.009814779165890672
0.011137626481514413
0.011207940388991899
0.010855957295076768
0.01012473217393026
0.010385648847222718
0.010611931683862706
0.010257096723795869
0.009867746366731964
0.009845738822660887
0.01020108385204189
0.009478658486481826
0.010225501500685973
0.009047592980075571
0.01043840741614649
0.009504575643924046
0.009679919089012785
0.009397394894180549
0.00887119072984426
0.009420316949503025
0.00917004918023274
0.009109718996472553
0.00871960580333028
0.009690645740675968
0.00952324756399739
0.00949669342940545
0.008812198468925172
0.008989973764991178
0.008604555047336433
0.009356504026630432
0.008472959674283239
0.008510774455539251
0.008711024850192242
0.009307040934122551
0.009117614225746326
0.008597442037178783
0.008108080597735708
0.008600057947053461
0.009355091654273673
0.008574744899144322
0.0077768794490133495
0.009289258427884159
0.008939258388474113
0.008371736599326269
0.008283363933253879
0.008348114822793042
0.007927869616590295
0.008154645772023978
0.008136665963053727
0.007673609863196127
0.008094209047968301
0.007339730087183739
0.008761664745280938
0.008349801606082645
0.008658234686258679
0.007533536789642448
0.007434652206978907
0.0077607570240986355
0.007301183971039833
0.007410039290152945
0.008005431726696753
0.007491963908704291
0.00807387295218699
0.007205911433678861
0.0076998832413894954
0.007469862704203716
0.008105331423479412
0.008279910558791495
0.007260602107983243
0.007644112129085734
0.006735118447808055
0.00774547398406226
0.006820370954792255
0.00724817781221309
0.006541287152793012
0.007657138280108912
0.007043005634357287
0.0072537972772295034
0.007808118869915675
0.007149449793902291
0.0064608238470600515
0.006803056193557621
0.007199193212442623
0.007173642683439405
0.0067399604021482215
0.0067860455983447835
0.007127651047244231
0.006122202778662122
0.007215075493084546
0.005724087707080575
0.0066231081790004845
0.006162886780326307
0.006189820851776018
0.006893134151122643
0.006569050074905886
0.007056430310605725
0.005961012507060245
0.006438496845941715
0.005979564112210511
0.006503261602727257
0.006138650198647595
0.005600908171443991
0.0063630154628131295
0.006309434501286103
0.006127647308282174
0.006107494300758644
0.0062492233041331596
0.00558894667634925
0.005273815656170858
0.005881294275699779
0.0066363508867569015
0.005251419607114989
0.0057474579705941485
0.0049236826411252575
0.0059764963399875646
0.005526383459594709
0.005405948513915949
0.005811372583506534
0.005069160005653344
0.0060100507581047945
0.005989221539272863
0.0052615401991109425
0.00623366201251853
0.00601022504655592
0.005253967061324861
0.005916659301117192
0.005053424320599948
0.004943217600711352
0.004828395377348466
0.006144312197968068
0.006104096338328389
0.004496459486441784
0.005525113815719565
0.004870345589486961
0.004501090037641119
0.005206929727137014
0.004676500351377962
0.005733894357052803
0.004952174237355525
0.005285974796331802
0.004322233749133345
0.004220591796813673
0.004387699861824469
0.00565178484734541
0.005146778613020018
0.004629085176984004
0.004556370779122081
0.004458381735509298
0.0049388666274687975
0.004172726838501041
0.005023958244641887
0.004516451119827419
0.00474033360490714
0.005192349492113246
0.004488282312365236
0.0039806543767056946
0.004478116980357476
0.004104873276145906
0.00430957250474351
0.00404252051552063
0.005032997685414723
0.0045651801062521645
0.004758870423356573
0.004156575171198165
0.005117999720344877
0.003599768259144929
0.0033985543169580876
0.004909484348486387
0.003863249711212574
0.0047744646867202084
0.004981719858534611
0.004496472212605486
0.004980415327579189
0.004681116621581266
0.003240284078503935
0.00481717914163605
0.004246411415007008
0.003631870439520295
0.00415315814980222
0.0038814875980310542
0.0031865155650019016
0.0035627863147167926
0.004326617855115423
0.004161005721561585
0.0032585022941440866
0.0033587259388531522
0.0038066053551192615
0.004193781024727193
0.0037327130378431712
0.003315476802254076
0.0034536147314330762
0.003985301670001521
0.0035383860786950497
0.003731532135255581
0.0043235990936411435
0.004168517889129337
0.004208101723285991
0.0026849348754968126
0.004133371027343034
0.0027657205429287724
0.00434583063120868
0.0030536466126718496
0.003420799468382695
0.0029141084543320753
0.0037784791291234385
0.002729799902278258
0.003790285189339828
0.0037756508623612694
0.0025334683074010205
0.0032754979708135112
0.0027589460054281713
0.0029933786652847376
0.00264732293439115
0.002911685999136628
0.002879475746920636
0.0024976817790679073
0.0031103214651815175
0.0036954757313393933
0.0037466117600658383
0.0032761185182000017
0.0036454893092932638
0.0024011147307941853
0.003617794839818462
0.00251142947214483
0.0037429057473665995
0.0032516052102596936
0.0027717065880829986
0.003749653113736089
0.002351154101868974
0.003840001807178506
0.002091861021929109
0.0032826063752905434
0.0033583250164653006
0.003785399068515886
0.00277677929182976
0.0030848930151762847
0.002509096679573716
0.0021550624427121314
0.0029395803076507744
0.0023640087016678166
0.0036717083512125335
0.002236208865358207
0.002471814701235082
0.0025628969100216334
0.002180346149286478
0.003326093912459175
0.0034963614402475367
0.0024865430034182573
0.0035132670221243423
0.00207248820277413
0.0020453347458832464
0.003371635196737088
0.0021610039364160926
0.0017310521259531215
0.0031980814020465763
0.00241777962426931
0.0028835721814980536
0.0027684041488746677
0.001883634506056027
0.003145406565328136
0.0027775451441842
0.0028409593117521468
0.0017965153320756543
0.002569849726031096
0.003157196509028514
0.0016115902245956045
0.003183597925987784
0.0027197030696353114
0.0029030314468882702
0.0023374333540845302
0.0017405712874124062
0.002860855248135829
0.002266554772108754
0.0026508740773264054
0.0019754599278640895
0.001502923898118527
0.002182061943787602
0.002946680164977241
0.002744478416738517
0.0018278624999192087
0.002910811639827538
0.0030299138279811628
0.003089621690717183
0.002458921679067059
0.0021843706023993506
0.0019702366505061747
0.0026211097209591625
0.001984551816736659
0.001440705830478705
0.001700563522569238
0.0014182069080638136
0.0024969735167263405
0.002038446718013003
0.0012424338909478084
0.0016829727248782313
0.002697939894823747
0.0012178161471818837
0.001800781938428791
0.0015122743686337428
0.0018568041470928855
0.0019245520748067376
0.0019145740706293412
0.001363695486551867
0.002763726847464123
0.002622142709586156
0.002092838519783197
0.0026917248202238332
0.0011331253085181028
0.002651568600814293
0.0013605142664468086
0.0020438993448172707
0.0020073247948155922
0.0012763470605907173
0.00218210403539574
0.0024616795398470256
0.0023717573021681112
0.0019571068704945767
0.0018364468928530175
0.001694086227004254
0.001174035700404763
0.0012071671310377777
0.0012683783066747508
0.0013307744594749783
0.0010859923374127254
0.00187916736168802
0.002637677192422995
0.0010435920836479636
0.0013363382829964551
0.002142398331598544
0.001800210980468717
0.0013988704509410217
0.0023458782244550483
0.0009058672172120264
0.0022573137482848095
0.0008811846570098062
0.0011367145412152042
0.0009092960506526441
0.0011739877743085299
0.0019021394028507185
0.002019721818975555
0.0018432420680407763
0.0017897713510246379
0.0021021925696314515
0.0023155689649930413
0.002149655093161726
0.002534122153362646
0.002239282847710853
0.0010730549547714344
0.0023962762225435605
0.002146657417312806
0.0011957900188809835
0.0018228404408321655
0.0013048032974021205
0.0022760920894790526
0.0007348260981972057
0.0011562359155848358
0.0019042514677059042
0.002249052602849822
0.0019310712062509982
0.002355267871532401
0.001986433780995163
0.0010342142949020569
0.0007807212116207281
0.0007358047309753576
0.0008625057885740596
0.0008705267660871786
0.0015628759423415468
0.002369991878843292
0.0022809450489245757
0.001827887710180232
0.0019696387700569675
0.0006183774014549349
0.002260503587174771
0.0013107151381892721
0.0013296426615713494
0.0018783405043185043
0.0011812027332547324
0.0012987914334967245
0.0011212284006702942
0.0014777060318634109
0.002228568133099775
0.00211041999104302
0.000851207433571271
0.0007685445505890894
0.0017345842091585524
