0.0013509825439847703
0.0009090368456819341
0.002191851899550065
0.0022785294723791263
0.0008108331834977831
0.0020398751285257226
0.0020200312411411607
0.0018477298486833133
0.000700906820406019
0.0010486430671167695
0.0010359241120637883
0.0009997658958622322
0.001016322270834294
0.0022198746506824287
0.002132709623700264
0.0007400241445852421
0.0012070846440233888
0.0020280206115461485
0.001236872524220909
0.0016822232542784924
0.0022937462203965137
0.0010961791658854665
0.002036190772562478
0.0013868148614988745
0.001962191598657673
0.0007819754955519769
0.001614332327392934
0.000889482176695739
0.002423397653085591
0.0023189224967968443
0.0017009259769570218
0.0023057197805047293
0.0010930215246924126
0.0022502975969851896
0.0011840095686730025
0.001472353129672678
0.001843184851488645
0.0025003481709527926
0.0024977477214567917
0.0012232507666666175
0.0012387540679685144
0.0013898872791095033
0.0024311930779927645
0.0020758677065615605
0.0013311910797521738
0.002316454017094045
0.0019484199602566369
0.0022958851254950177
0.002145960770504957
0.0019171562879749012
0.00231099437328902
0.001916439939174975
0.001133598700117705
0.0015883376237572915
0.0013279242154924137
0.0026235365695712384
0.0012001135790887932
0.0011095740626787182
0.00196889975409414
0.0012793578164913483
0.0017135893631232601
0.0015141101004152956
0.0013261136289920458
0.0018761168958409313
0.0015092754642118385
0.0020687483294790903
0.001307634896066847
0.0016320787724055075
0.0015259811557203978
0.0024438444769783077
0.002005190474297302
0.0022042499457301254
0.0025834755363734387
0.0024002931274467723
0.0017041643231647202
0.0021077120966393483
0.001819712232987672
0.0027623790402610863
0.0019907343702084317
0.0011802191020598024
0.0016233381990266847
0.0012277967343046186
0.0015848300935389337
0.0023528626335818105
0.0014909663929092976
0.001900816943935021
0.002826765512160288
0.0018950799156781093
0.0022260069773297453
0.002313925207588166
0.002457777611820787
0.002096459851440395
0.0025608409479891455
0.002823970477357338
0.0018208217770590855
0.003019062096275318
0.002158644226196144
0.0019089068541217546
0.0018758365333682015
0.0024120196639897643
0.0030606483262833645
0.0028969011079020106
0.002110439419301509
0.001796042026669585
0.002254030619084576
0.0029519366024411513
0.002009849060959751
0.003127316065036873
0.001927137080287794
0.0025126381954138806
0.002551884954164656
0.002951998541548356
0.0029138916542563414
0.0021272568026600423
0.002880182167734024
0.00215068299272185
0.001930334267848251
0.0032486381536356575
0.0025251687547126855
0.0026223612256761147
0.002943788904646126
0.002951200641259479
0.0033163690152953145
0.0033551211132172147
0.001711318644471283
0.002077983162910234
0.002535079365601895
0.00221101871953117
0.002911397710553035
0.0030004317690299257
0.0025946946133527504
0.0023404128291991725
0.0027331627097710023
0.002310198933192997
0.003261653571447806
0.00321786325882506
0.00205892266186971
0.003423166458793133
0.0032114034848098024
0.002719195308559851
0.0026678223247030065
0.003201230841712853
0.002702387664830268
0.0030577543403237798
0.002235874192910746
0.0034408786391316513
0.002307131873253641
0.003493336389784982
0.002012478533477124
0.0024976363829235814
0.002893374460005115
0.0029677007681812315
0.0026358896884510095
0.002491510526110422
0.0025779532587969782
0.0032205814355913136
0.0025583428362635978
0.003230100536350348
0.0025883235440007446
0.0031654495016256294
0.003325466989098884
0.0039520890314744105
0.0031425142160883897
0.0022905492752680265
0.0037309789494387033
0.0037700806945255077
0.004037746926715081
0.0027574998649053245
0.0038047846372550724
0.003166437376345297
0.0038589301676983647
0.0031716202370314236
0.004144048778403041
0.0038072891987170282
0.0033744460265391586
0.0034825972911427003
0.002598819250631865
0.003783643440355628
0.0031838480463920312
0.002987820904881041
0.0030529168446459735
0.003477235318833594
0.002740054961644179
0.0028879655432411683
0.003473494800091241
0.003964040174008973
0.004369398252554112
0.0030809037357338084
0.004081591847738083
0.00362030377006904
0.0042922113225424925
0.004501505557581317
0.0031837762481720672
0.004336476607074803
0.004487144474294057
0.003592757688856016
0.004456629720075335
0.004079416617580461
0.0037965563044852916
0.003216578591773894
0.003624139621189424
0.00390579519859585
0.003352768424634714
0.00467955743003708
0.003972504917786272
0.0034595117079079746
0.0040911709337435286
0.004547310323891188
0.0038477581357259107
0.0036702283626048934
0.003943803560522718
0.004299124921180148
0.0034698565105482347
0.004362058468790702
0.0049017226651863035
0.0045072322976116045
0.0034681001113619713
0.003931927850853505
0.003934850677788551
0.004344493999414143
0.004899544153099531
0.004972361978111976
0.00494673429172763
0.004771582907630913
0.00444680954456696
0.004337240601101877
0.0048236268559643915
0.004276863121074635
0.0043555674079284465
0.004781552461196764
0.005142728128345752
0.004599248099997909
0.004997218381978027
0.00516080780629171
0.00443147858768263
0.004798822955796849
0.0051137174662295734
0.0049660653787259165
0.0039024479416934254
0.004810370056008099
0.004946104186491522
0.005324275891623035
0.004877883981148249
0.005162060267508308
0.004064404022832888
0.005608556297410718
0.005689783792644565
0.005102050000706623
0.004511417869651012
0.004338274043626701
0.005298807109899228
0.004628261043494062
0.005049606988125182
0.005982068771395393
0.00466273706002356
0.005922077050654896
0.004839049365860533
0.00602278144004889
0.005312138511704337
0.004992531105333133
0.0057618678555093955
0.005408905818798342
0.0051561739176318264
0.005840999886503643
0.0048268016627652545
0.004760443994870504
0.006462370601189268
0.0063004666738068075
0.006469041024606613
0.005721742198438285
0.006573161085093037
0.004886697077446572
0.005836388781776374
0.005374232564074846
0.0055949513995434096
0.005689739285197451
0.006380624374323009
0.00510118491480906
0.006377282851557811
0.006665212445707205
0.005317777342543515
0.005442416175089594
0.0067361672391520085
0.006503149628533305
0.00624308414256193
0.006036744668980109
0.005699076156998403
0.007113252226683336
0.007154357699869831
0.006152157348515835
0.007015145232834354
0.0072108622102957836
0.006418381724111312
0.005923417753009838
0.005786938357761586
0.006676797778682995
0.00688743648761726
0.0062827908015275205
0.006645214633429775
0.006900380321570376
0.006098407609201561
0.006985697292005783
0.0067702064303090045
0.006111218921181517
0.0061662924669815804
0.006083290538375905
0.0067828844265398905
0.006217667828037837
0.007209912596671126
0.007761357889471538
0.006879546646230919
0.006521401870887943
0.008092349410084028
0.00790842752731516
0.006986982037065879
0.0072605269924709784
0.00694345402504786
0.00774758732588736
0.006685632531814891
0.006926053858765737
0.007399710305627225
0.008254110358724318
0.007229715374235007
0.00745438891526354
0.008230912524570732
0.008650881314229706
0.007749319726733333
0.008449582075066877
0.007748683404911246
0.008804681636796275
0.007719992595268122
0.008317833060209143
0.00833379841383581
0.007394674996477167
0.00799035486099363
0.007484660031662505
0.008005189327069735
0.009037952369526184
0.008037425802782798
0.008927224746902189
0.008748310150663819
0.007863624085707338
0.009104442131352614
0.007933644253813571
0.009023221713432531
0.00809271352539241
0.009257233268070717
0.009024310693598441
0.008430288719679964
0.008694184717420941
0.00973389939376692
0.00880785791482075
0.008451317613477111
0.008853441374346144
0.00863366745202937
0.008867929148914292
0.008621490327482231
0.009075706076003042
0.00934467661555748
0.008538404628047164
0.009157307358980986
0.009285904260343368
0.008858975705383772
0.009051486057835427
0.009989939719557426
0.009724190482455214
0.009785426594640104
0.009714816813608475
0.01050270380537849
0.009493171235183572
0.01068201788277672
0.010314750448917488
0.009362908941721943
0.009542792506738253
0.010354376878530022
0.009835275753155065
0.00967304771748203
0.011055420357022025
0.010825711335734739
0.010247309078077903
0.009731505947739272
0.009862104761248578
0.009815619423882377
0.010545538068852073
0.010581848580150965
0.010120674135424381
0.01132240999819673
0.010467640210814217
0.011096515261194028
0.011249352327129933
0.011627232259893792
0.011683040571113603
0.01041281881256406
0.011143676110776306
0.011777436354384743
0.011179755805671696
0.010834365869089566
0.010645231576897956
0.012010866959967306
0.0115314438100539
0.010613475200252942
0.011717913286711864
0.012430051628046996
0.012271007284504616
0.011644752122447413
0.012453714061907324
0.011890301714019603
0.012189213679605532
0.01173407884214821
0.012051808628649043
0.011710676499575572
0.012201272835746282
0.012030035062019507
0.012189105201861162
0.012409760639914415
0.013146624363411309
0.011867729382874408
0.013200394249377459
0.012641006230832717
0.012504211162940782
0.012109173369725763
0.013228951103056047
0.012231359348609994
0.013456551727616575
0.01225592826026395
0.01351982445470501
0.013486966139232458
0.012418979209735791
0.01267266584457249
0.012763970628033448
0.013636380949214802
0.01256731285413268
0.013717035909607454
0.01421779196013444
0.013199066166897526
0.013469858800824198
0.013156567866261825
0.013878617118752611
0.013113633972384606
0.01339881454090277
0.013396755990131076
0.014726818910419935
0.01461397054253835
0.013339997704527092
0.014152356832229044
0.015004472184947423
0.01498093325698704
0.01381393250114042
0.015130931833354058
0.014956865892433644
0.015176092085411272
0.015002830445283964
0.01523863338419985
0.014277082669065235
0.01431109735759523
0.015414226079195107
0.014580818427650102
0.014899978169527057
0.01420232467276939
0.01519745955993833
0.015045435135350458
0.014819648259831654
0.015945608427380235
0.016181879930371183
0.01594038825721838
0.01563382511989462
0.016288147386266588
0.015542499712585416
0.01494265140693063
0.01581953608432114
0.016674977968355917
0.015530091488426108
0.015247548433935196
0.016340685629325977
0.01587986094875401
0.01672976733765913
0.016171908371479495
0.01655148170715839
0.01571819090311393
0.016108173000973208
0.017396139074738557
0.016544504434322396
0.016693606086497784
0.01601245297231382
0.016121081187119718
0.017612677874716987
0.017806694528630238
0.016494391902546236
0.01626415656866289
0.017949235783137056
0.017413897985899363
0.018006525778365538
0.01668373067679595
0.0171950806684373
0.017038752218838958
0.018306530360367945
0.016994562753352687
0.017732443345952083
0.018301699645525776
0.0182632709613268
0.017931666594896183
0.018949454314223416
0.018201954392330594
0.017388807633149254
0.018588576038932856
0.01877457954679718
0.019070513522166748
0.017669070667026637
0.018893214307296957
0.018833399058537807
0.019202166336354104
0.01907888084590085
0.019144227885025143
0.018241292493256383
0.018654107087709867
0.01920252128527668
0.019419244523668663
0.01979560712749851
0.01909115344611901
0.019675855722147854
0.019826118552118733
0.020046009317583924
0.01915369999586224
0.020204679528983468
0.020003506888878017
0.02016106598735447
0.01946393804154433
0.02063128490785388
0.02035888192352508
0.020040037558638965
0.020921736196596593
0.020927715182952875
0.019832689944583953
0.020336064145218956
0.02022788384788886
0.02002769795040961
0.020686367042244577
0.020143123068329275
0.02122654412609963
0.02044891483664061
0.02148826340833351
0.020539491674715915
0.02204801597745978
0.02085589632996912
0.021333030607857996
0.02061831564100659
0.022399739947433866
0.022419051925280355
0.021718003834767078
0.02102975328224056
0.021801366593661418
0.022549436730000264
0.022273919352854134
0.022203878220566794
0.022742570150082284
0.022006903745158478
0.022976496781182704
0.022551607504514223
0.023341832787267355
0.023399891667440203
0.022624893826055845
0.022779258009348522
0.02252779163440226
0.023048596705171585
0.022688675754938128
0.023544342697569318
0.023132711753922126
0.02254231260934365
0.023100942007494508
0.02277857988462764
0.02313293907038304
0.024090161630966476
0.023327191320820423
0.023704368957546296
0.024124463269775225
0.02458583334578439
0.023116564831181102
0.024615948690250935
0.024774215875947768
0.023499661220457845
0.023516362954595797
0.024200607162105633
0.024751265098425426
0.025095730703075934
0.02513185829659708
0.02434053403686686
0.0239764155469784
0.025067281832838104
0.024272919254746415
0.02418070354796586
0.02534800681672271
0.02515261312961802
0.024999997102069002
0.025063022032879488
0.02598103567060397
0.02555491211129048
0.026065430898471038
0.02556599479804908
0.0257383288182018
0.02499751207060467
0.02590748510794526
0.02633257654166336
0.025832502297404778
0.02530635591503496
0.0259633722396746
0.025650501908291715
0.026642850686965158
0.025897297401226805
0.026668005099309753
0.027156224010766523
0.02642450304298463
0.027067214897177727
0.026957844626628008
0.026064236611981283
0.027447968177941078
0.026322353736202987
0.0276787358035643
0.02792228792426713
0.027614592534954147
0.02724358021632457
0.028354982577893432
0.02780316029796645
0.02778000910807696
0.02703971827279917
0.027721337130415045
0.02739701719157818
0.028299272532231665
0.028714968836848688
0.027713352913411985
0.028019341815016866
0.028592963964253506
0.02757210747683953
0.028210396159735727
0.028187137256850077
0.027999002677830395
0.029242828211061868
0.029246452688307584
0.02800107009282461
0.028930056883289926
0.028195791869828808
0.028748152250857004
0.02936247388798532
0.029858022908349775
0.028704029985402682
0.028837940304256512
0.030256873623824385
0.029829020511889497
0.02940728154715089
0.029469848579908017
0.029797430272029427
0.030539484659614993
0.030744656558245476
0.030911989753513145
0.030311341018366012
0.029945232080417748
0.030264249474416315
0.030422119859503636
0.030570296106836908
0.03106877646379776
0.03125081411182812
0.031096734416602594
0.030118407453839834
0.03109557967190125
0.031526536160194414
0.031610255056445144
0.0309496454690244
0.03148389541720384
0.03136445364586882
0.03158893271155411
0.030559401657791568
0.03092693226922728
0.03230594835858357
0.031104471368759247
0.031554439020225596
0.03114271280293857
0.031034444340354
0.03184101618486914
0.031268183653114665
0.032688436519517874
0.032136888387873194
0.03276161086471648
0.03149707333590326
0.03283273376912108
0.03229060828909965
0.03196467936716825
0.03249414100475977
0.032069039045626385
0.032369148696119864
0.03224405653697675
0.032631001963839196
0.03306833248872111
0.03273609080304854
0.03326142246331536
0.033156298489149666
0.03297715097100047
0.0330763628637376
0.033527236906366345
0.0340994531523389
0.033373044933754085
0.03383669778896435
0.033814021222952274
0.034494942333440755
0.034206685390102194
0.03359987779712055
0.034291619256388635
0.03416387005310361
0.03394769131576353
0.0349823321588696
0.03471866611771753
0.033890088769893696
0.03406150149880355
0.034408895988408045
0.03443637307649015
0.03524977476790079
0.03477128592811285
0.034138524539750116
0.034176575184701775
0.03404111354704657
0.03477984902958625
0.034275962311741674
0.03476656173350122
0.03555690214466482
0.03513856568147955
0.035991879701705407
0.03619638030169808
0.034891090216156134
0.036293595627808414
0.03543996643452111
0.03546115869042982
0.035436272155752624
0.03617508687209121
0.036345011005713246
0.03629795897576085
0.035277180299525444
0.03638557022879854
0.0366731800694707
0.036981157987379304
0.03648587838529723
0.03628650636526109
0.036863028462510626
0.035840599812679695
0.03721434431634465
0.036543391487736436
0.036706111014029486
0.0371645645752651
0.037454060434386774
0.03697825713918513
0.037300546758963694
0.03609327513794739
0.03716154898629685
0.03724511201275329
0.03749513857446038
0.037228967517123734
0.03726713228996039
0.037107713995010894
0.03794104704247222
0.03652025246327854
0.03822164532271453
0.037582075683840345
0.03834308541708527
0.03777399049739921
0.03843701950104652
0.03716913857799745
0.03815683264964726
0.0376890869332524
0.038262695701299185
0.03846252912918367
0.038639279838459745
0.037826192730349414
0.03834643311093781
0.03762630735808957
0.03833174010293904
0.03903205820123987
0.03833108839921491
0.03766758819479433
0.03811612351384076
0.0384401642269628
0.03871375394975754
0.037873130011283354
0.038085384753788865
0.038611093942117515
0.038387899002215134
0.03914667627077394
0.03932392980613193
0.03928078247811698
0.03895501175535257
0.03825980920607976
0.039521491334214724
0.03996970260617705
0.038539525303569556
0.039120618184744445
0.03851542654745328
0.0399434753038165
0.03904227682512783
0.03858036691673511
0.038809639934370185
0.03873386750737197
0.04021306629883051
0.03955700552637505
0.03946738752762994
0.03980310200052523
0.03933821288657778
0.0403915758305775
0.03930356597967974
0.04060018968294909
0.04013309867953157
0.039844418787180126
0.040065469684975596
0.040862583441382105
0.04033920150524592
0.039864490936880256
0.03968898201873065
0.03938333316195003
0.0403597942994358
0.039647853979076816
0.040347059990093276
0.03951172916495048
0.04023639046110256
0.0398781625994942
0.039858906015301704
0.04101333191144021
0.04035738684128851
0.039755112403096544
0.03982311678691525
0.041227562018838634
0.04104221977977534
0.04069949104041897
0.041240033357163995
0.040266197860920436
0.04104949068035828
0.04001744853030691
0.040070200444735436
0.040691558604536084
0.040608823119497005
0.04074019762084947
0.0414644720293034
0.04100069258670035
0.04144891211287374
0.04068464068537849
0.041988730842960884
0.042016353202946874
0.040753486300028945
0.04120620094355839
0.04213688441043345
0.04135530179623164
0.04136879595325162
0.04128285772009258
0.042062610303488256
0.04209704581208303
0.0408299436956922
0.041205671885589795
0.041352532037047536
0.04241355755982854
0.041952681755985675
0.04204642259926225
0.04206358942425168
0.040765832300157775
0.04189385454700293
0.04131738956996853
0.04185548134658666
0.041791166663558914
0.041627177482151355
0.04155402452151823
0.041701152879772004
0.04239568462365247
0.04135036488546436
0.04135238528167418
0.041834473501931306
0.04107142499471026
0.042776864712031536
0.04148341614388001
0.042392389303590954
0.0423188614196511
0.041355093915271035
0.04143206633485371
0.04222423738561753
0.04258367580496358
0.04220392375775853
0.04166033398973421
0.04256328595685742
0.041465337583252534
0.04153238559671322
0.04143937477630052
0.04298839632531232
0.0426912058920279
0.04153297502140771
0.041414818810833934
0.043018854312688475
0.042791368829438826
0.04247628593038949
0.04288953317398939
0.04275446113011557
0.04272961908517828
0.0425738783912906
0.04239042544926856
0.04184996135985213
0.041971319652366064
0.042551043184118016
0.04154011278952707
0.04251521107562657
0.04156341252986457
0.042975562478432636
0.04155886695839682
0.04191952155350356
0.042422177057002866
0.042239875190583503
0.04315774504737743
0.04168930824056148
0.04292209517743943
0.04295798268551746
0.043034957398219366
0.04187920853885401
0.042387386252209676
0.04290358514840332
0.043167102370663984
0.042447038443077595
0.04190014977722932
0.04311842794737538
0.04304836788351442
0.041895948140525226
0.04308980143889267
0.04308533828053843
0.041651787178396446
0.041833625010924406
0.043064244166992685
0.04307684118471213
0.042152637574102876
0.04195658039844917
0.04293920819351376
0.04159961190666959
0.04223692904285397
0.04209587838874085
0.04216335239495488
0.04278234937055927
0.04141273342905878
0.04161379866216336
0.04261732011086339
0.04192926481461509
0.04257113381028453
0.041308296491683494
0.041492012489308755
0.0418521261557387
0.042074944516629534
0.04143860163400977
0.042003447902273
0.04129417572577885
0.04234816285949076
0.042852675707831106
0.041943144377483206
0.04155554493643238
0.041675989926203125
0.04200063852121361
0.04159388976885181
0.04108988020450269
0.04194517272209714
0.04191767587612098
0.04205880089046792
0.04169005982382636
0.04221380186209288
0.04095474266419168
0.04192142343180057
0.0426231478160232
0.04160829109005331
0.04251354382176142
0.04151249379844288
0.04117705230808431
0.04196358338207258
0.04201139681208859
0.04167842874824467
0.041657475963758565
0.041399930728836166
0.042216169707023424
0.04179528414523777
0.04199105049029996
0.041143632748041226
0.04174687616025535
0.04159932259582962
0.04141542982665337
0.04075981410405205
0.041089856192940706
0.04166467950669443
0.04041035625085598
0.040467301713713925
0.041840732480441956
0.04061507389742661
0.04157478403274242
0.041577831564072215
0.04141610330785669
0.04100456424584073
0.041543561255172584
0.040429551845543574
0.04159827714209539
0.0408943038189299
0.040982665634306005
0.04088143431300898
0.040771342629371654
0.04067975167579547
0.04043347718265797
0.04154617894473309
0.03984203351094846
0.04021300890216468
0.03993326502379528
0.04085549024918787
0.040165872697925334
0.04013422829315327
0.04006317169781936
0.041187886830896976
0.041112982556226495
0.04042405185911069
0.03944910981459204
0.04020341387227463
0.04097861680738391
0.040814818590533423
0.04081899016146677
0.03953976234603297
0.04078445627289215
0.04051977206871661
0.039736018738384546
0.03906950283554632
0.03957236289219473
0.039617249455800765
0.040674796781786954
0.03941211984542555
0.03925150732065622
0.039901179229116186
0.03990829294009006
0.04014553318553348
0.039062360277278774
0.03940609361208105
0.03966747106736501
0.039325357291578274
0.0390544260185638
0.03982275909993562
0.0392153395648767
0.03917646168242665
0.03924234736604332
0.03919228110032124
0.0384806592953426
0.038235932204095276
0.03891449432809929
0.03813157878971582
0.03812806123849746
0.039190812624335665
0.03938961484457386
0.03824072782075403
0.039223883566463884
0.037958981573894976
0.03812136961212309
0.038364852118040235
0.03763613284635819
0.038568799893050586
0.038128750146623265
0.03777121115158453
0.03828824966324523
0.037379474510460725
0.03890262742386074
0.03739288608765818
0.038309370335733006
0.03847037379245364
0.038238229798741745
0.037107171470900806
0.03703746617666898
0.03698202147851857
0.03793018689675556
0.038379156718689265
0.037462427236669635
0.03822299880836633
0.03792855315004251
0.0372615927896865
0.03675062128203578
0.03726893358314079
0.03756364997500609
0.03711827461415798
0.037399890526703304
0.03702179424288811
0.036526278373343234
0.0368179029835305
0.03727750285724034
0.03628238661215008
0.03697797786798947
0.036370515392852
0.036318657368860544
0.03591564186485142
0.037057121120726615
0.036440001534119054
0.03649923561332154
0.037100132125701284
0.035540409701979726
0.03615001884986636
0.03536783583607274
0.03673173330806883
0.036394639693245016
0.036552850535328404
0.03606473405298578
0.03519999691628773
0.03570601893334689
0.0347757879794277
0.035067633304898795
0.03520275515547563
0.03621884858120922
0.034472276147230446
0.03487827197791066
0.035832275290998666
0.03574473908183204
0.0355757472210782
0.034362250550190605
0.03521099305946103
0.03452756658198423
0.03397815221549914
0.03424634259309181
0.03444595323642426
0.034801269814920155
0.035061877457517654
0.033589941269047456
0.03354907492558701
0.033511125238204216
0.033576872561404854
0.03447101985641146
0.034615726053932865
0.033652931567748706
0.03317464387184338
0.033678123839038725
0.03390935657172768
0.03446580797714098
0.03402306837169444
0.03441017854005764
0.033490878009139205
0.03400310433535779
0.03267081698004648
0.03277486263762384
0.033995197487530666
0.0322204989162136
0.032928115538291794
0.032214058283851835
0.03295702178291402
0.033321131917249315
0.03238085740563453
0.03229641523038767
0.03246676228263423
0.03301072039934058
0.03316838479906563
0.03287389815418046
0.032713765978421364
0.032258050793182995
0.03246199235803678
0.03144163209428344
0.032644941189365485
0.0324606334529257
0.03171654162930918
0.03108466630668078
0.031816171006017184
0.031175258666229173
0.030782953991658535
0.030817382067438618
0.031550671612229804
0.030986449777841582
0.030479243010013084
0.031471139699627025
0.031069712423071737
0.0306819374343825
0.03053984975944066
0.03052666956006389
0.031152365129009423
0.029846442481492187
0.03023770528907234
0.029919671308070096
0.02972211230021624
0.030445145548293296
0.03098879522500017
0.029555400825129585
0.029762949633181716
0.029802443373355747
0.029564370296485006
0.0302691755910469
0.03061732399453702
0.029050520514485305
0.030004574354408932
0.028968310907131714
0.028822847084315508
0.028628685416682894
0.029139114257950006
0.028691722909137875
0.02965843468545295
0.029832771992978065
0.02866835265137942
0.0281609337463204
0.02843828474212221
0.02877793238444571
0.028855311262937746
0.02920135347125026
0.028642672111598405
0.028539049479440737
0.02848760349162704
0.027905522025404805
0.0282435789379866
0.0274244935681154
0.028233144381426153
0.028445187414131448
0.02864652623331978
0.02791652402022362
0.027574934063994003
0.027586547442723607
0.02807768259281504
0.02694317909440281
0.028190023527160362
0.026937447256407725
0.02809626684356414
0.027609254669640714
0.027514996858897082
0.02668878895398164
0.026678780220014405
0.027422255242738437
0.026396594407634266
0.02592048233220103
0.02587489937839949
0.02721198302821341
0.026554087607382166
0.025961942989332278
0.025912577027394825
0.025610203942210703
0.026756557550171988
0.026429178823020115
0.02574048068990859
0.02558674085157243
0.025435167691810662
0.026019731864271266
0.02499325589766986
0.026014161676242466
0.02537030490631905
0.025559498246018122
0.0260504648758735
0.024707604971813683
0.02542969595791353
0.02518422395332702
0.025723611571016783
0.024960835569758394
0.025130186265434732
0.024449656561660503
0.023815873208786625
0.024035475351114093
0.024730571249026344
0.0248573391329534
0.025156933647451994
0.024453724792681472
0.024229313795468096
0.024846231629973015
0.023816291282580015
0.02331049912006523
0.024405412892491287
0.024171749275518423
0.023396652086233444
0.02312370144848346
0.022832426751749693
0.024269764962547877
0.023981373361525865
0.022577586364776216
0.02345673799203603
0.02225196080584795
0.022521881645649673
0.022404285457771306
0.023513648678617338
0.022003570570256672
0.02210376509078896
0.02346915765009158
0.022491143194339293
0.022290746641066214
0.023213661143308653
0.022552534231992123
0.02171596985025637
0.0214765577395378
0.021566327353923782
0.022837522595371085
0.021152917185124527
0.022128845754027446
0.020999431286765242
0.021218704654980908
0.021160332077644912
0.02067509127850342
0.022073771342886753
0.020541626577012348
0.02183680996534465
0.02140655022443729
0.020322324282230207
0.020634109953545768
0.02140948109315856
0.020938934590867743
0.020343149330107647
0.019947548253523725
0.020471323548259347
0.02132604856490404
0.020033464601984758
0.020123021058166102
0.020704098097771906
0.02058327854919272
0.020937165934695873
0.01963312922136537
0.020713148340384832
0.020832530277893245
0.020162067643159507
0.020251245910186805
0.019534757042350942
0.019323318980320105
0.019412034029772523
0.01870918963991738
0.019117549768857083
0.018539280444953354
0.019164110232494556
0.01999090291655988
0.01827241558957043
0.019445311267880638
0.019280446115727743
0.019027982355326812
0.017957047849268475
0.018939525304100504
0.017978788506899893
0.017722469458350362
0.01838991017506524
0.018107662379981692
0.017953157766488384
0.017654470572834615
0.018078085271015065
0.018408559450925423
0.01747448495739011
0.018264354026305406
0.017876617035588318
0.01705205927822527
0.01734948040977426
0.01744351785659688
0.01738203256635279
0.017508008051395543
0.017292179913727713
0.017761772525403424
0.018227418193655597
0.01770800443004001
0.016329597239731753
0.016439185225670356
0.01777138576223663
0.016597791038841094
0.016845431143589145
0.017024726621641503
0.01712302975585016
0.016995595277237718
0.01576441489326992
0.016801932065495004
0.016968373901837395
0.017022113651406604
0.016314362398693518
0.01646149960170702
0.015555584724067232
0.015410015973903783
0.015375275376407396
0.016350733583940416
0.015118692866887145
0.016433817718109887
0.01585562043129452
0.015970245803662204
0.01486786543136037
0.015704845046826503
0.015601111967082509
0.014631205219725909
0.015186839811537057
0.015339289262634637
0.014847035047850218
0.014584678326888279
0.01508458180914277
0.015385792451201466
0.0153016884107805
0.015273617639486963
0.01556849195999595
0.014224664766546727
0.01496225355975913
0.014418453663735929
0.01535859764745737
0.013902008547808226
0.014743650226583718
0.015256093949685374
0.01480189534579995
0.014922105039384698
0.013380901608129518
0.014643886901098122
0.014712216378422951
0.014409994072477611
0.014433164765987841
0.01363814795191572
0.014349879194504726
0.014223823239303905
0.013968075407813392
0.014176078417514148
0.013511174374460993
0.014195562434586268
0.013668516527294622
0.01354300380271005
0.013601645805997252
0.013480644142933968
0.012568088632780442
0.013057613432893805
0.012802824173458457
0.012725434800390983
0.012894428914256987
0.012083298918677703
0.012075894228254077
0.012058003871022646
0.013551548852680905
0.012203141289932022
0.012018517124807705
0.012459804720662526
0.01330180895746485
0.011772035776295467
0.012911529400256055
0.01202590486374026
0.01244691593910542
0.012015162810130528
0.011870921192024748
0.01239367288152283
0.011568720789460156
0.012632463456930015
0.011349610946498574
0.011786038469491401
0.01201982630302371
0.012310529407508078
0.011526803245419028
0.012086953998313409
0.012212826046884794
0.011550624155776772
0.011056167164742286
0.010482385496101426
0.011604585787113455
0.010672770180463583
0.010826513631819678
0.010784078175161005
0.011514785129428932
0.011547273475309193
0.010466926977997785
0.010118428413245742
0.011505176955927957
0.01093270672301697
0.010875570409260241
0.011464136008839677
0.011332311392034968
0.009753012194204592
0.010630066058012764
0.010924708323514946
0.011127297701008303
0.009840887060513552
0.009805957468790542
0.010098445455168808
0.00939028613674084
0.009758992085547761
0.010872392634084434
0.010728275865932523
0.010136952379512709
0.009273672475343374
0.009231731951049357
0.00973213090605957
0.010556011627129245
0.010086505428018073
0.010246612031675713
0.009105826861300785
0.009411103872904614
0.008763308472569445
0.008816186273812983
0.00865922118444679
0.00900103902655548
0.009072970313868766
0.009438068111648566
0.009541509004724122
0.008370468369297843
0.00839373690286288
0.008247851976641282
0.008776540254883898
0.00961813467882548
0.00942919538039333
0.00923172135324003
0.008367173021944492
0.009093110125344596
0.008106518236829341
0.009543000378380009
0.008391813838776407
0.008821336411250904
0.008334616949893257
0.009195639496355601
0.009020709103208355
0.007684425801298555
0.00924331987502188
0.008103936240708867
0.007493508792802008
0.007606195625122756
0.008537339158135003
0.008454246700007807
0.008476115279497496
0.00869702919012409
0.008392240304315476
0.008413437754047064
0.007673919329924502
0.007212736288634894
0.007869167348399632
0.0071051437515031336
0.007700994336510966
0.007566252456125231
0.008052969379423945
0.007940600027513303
0.007799072618595633
0.007827699376409432
0.00774058474716936
0.007700979767507902
0.008119672533153292
0.0070776901676642
0.007011880003005041
0.007231661776441425
0.007731553443573546
0.007256918876632503
0.008029546759083407
0.00789004627747944
0.007283686890292715
0.0076917260134538165
0.007499700442721567
0.0067209927756855
0.007478023832054817
0.0075056189775245885
0.007142136221675304
0.007022778584255965
0.0066447162560165016
0.007305657353071484
0.007517485964985128
0.0062963144766176385
0.007209031457354414
0.007044008614071658
0.006185447867281259
0.005775937963013706
0.0061658286795958405
0.006495728753974519
0.007136340466807251
0.006617527045528807
0.006857368274291942
0.0064372776315560765
0.006889484136603818
0.006737043098336175
0.005927628132512768
0.0058020664359013235
0.006337853793205431
0.0067982002168011455
0.006085726087007277
0.005964190840921271
0.006629317400701369
0.005922178704352422
0.006255812648213424
0.00679335523395084
0.006791558360127309
0.006154809709975246
0.005026345012264762
0.005946441100589806
0.005400123466700832
0.00508443495718615
0.005205052893962569
0.005285933712111281
0.006090674408348443
0.005620683104551581
0.005888449682091814
0.005435912021786441
0.004672237038569871
0.00508925723323696
0.0062020055094483256
0.006007139147092367
0.004916516241734826
0.005030541552064489
0.004735412090385958
0.005826189515605996
0.004494058207629779
0.005798129902446398
0.005991801481448092
0.0060351376691919634
0.005988608894521062
0.004622454780410676
0.005614593286106633
0.0042076137257142186
0.005507427597393799
0.005821072229493198
0.004472281065123026
0.004492015325959257
0.005470918471637541
0.0050604545872252864
0.004301858441334438
0.005046287816893968
0.004608861061080898
0.00410745941095599
0.005480392045518322
0.005057689111633835
0.005461888904338956
0.0044250885378010665
0.005267268662287233
0.005353841759860045
0.004850116503534557
0.0042747410174984925
0.00487147712586379
0.004728719464821211
0.003906245544260792
0.004465795806997921
0.0044819931663284155
0.004769786876346312
0.003882546936015499
0.004147574357909563
0.004275104273144723
0.004587961290361434
0.004531578154934791
0.0037843541093901738
0.005060389844386391
0.004730982724290883
0.004270386645595015
0.00492531744968981
0.004212323264863635
0.004658232152159025
0.003555040418517332
0.0035008095928232346
0.0037464051474505686
0.0034814541692726685
0.0045043519317763915
0.004042156334793951
0.0032220465998743834
0.0037388304900033164
0.003845636065947304
0.004520514870324493
0.0032651750040617574
0.004613291342085335
0.0034370409054206665
0.0035077103903804613
0.004580396894029863
0.0033555363792869145
0.0037934285478674478
0.0038808667979691523
0.004570528969260121
0.002953991744565562
0.00339285446127784
0.003755480558450981
0.004178173720011747
0.002732466658739205
0.003910470921437699
0.0036859875250237137
0.0032623197786296283
0.003486172924273691
0.00273831525134328
0.002634840553603984
0.003029358984823377
0.0031785602987189298
0.0040679709289222
0.0025995431429739558
0.0038477788587723653
0.0034545430636410634
0.004112988034780961
0.003086101386481628
0.0036331014455016496
0.0034994075011331185
0.003452243827140988
0.0024557622998888674
0.0030454869691091476
0.003780002179924016
0.0037297293035919985
0.0037963473130547543
0.003923509510802478
0.002659741595694163
0.0031608062801304453
0.0033586675785533585
0.0027463517532235605
0.003897730316997031
0.003458095914198984
0.002214263656569468
0.002349343677524205
0.0037237925856001735
0.0030586671736707624
0.00244706656197734
0.0030936759981685952
0.002398748203672907
0.0024149570151003647
0.002630542767551924
0.003160301721755365
0.0036862939300006344
0.0033921694156028993
0.0030983037448708557
0.003704867224371923
0.003189576623271283
0.0028143331950638835
0.0024709115806589334
0.003276930992990424
0.0034073674058082717
0.002995726817641535
0.002651836629984864
0.003565132832571343
0.0025955151167425783
0.0027172735717541645
0.002106240902218732
0.0031807073931214543
0.0020825084339730015
0.003410953945667215
0.0020074335180758677
0.003229207944389237
0.0017902883543218177
0.0031901771502102797
0.002096869241958896
0.002356348310972206
0.0019536838752546907
0.0019306080741457892
0.002750748975381452
0.002854280591365071
0.0019580962285684965
0.0022158372484951
0.0023046115073462885
0.0030376488391847824
0.0020606044692186437
0.001709567079653403
0.003173800470606985
0.0024089982788330403
0.0021151229157889188
0.0031278310667188264
0.00240686853040652
0.00314316294026359
0.002716010020035743
0.0020907364842325505
0.001975773805752448
0.0029099162369773616
0.001848073086426143
0.0017591180142859496
0.002038182843689406
0.0027011054846106317
0.0022061542422620157
0.0019083715302185941
0.0018975836606932458
0.0016765886463105892
0.0018321048441579792
0.002862965489554336
0.0022219899306675814
0.002935012678956752
0.002596416002979727
0.002250669696414578
0.002931684337430091
0.0015916042394294374
0.0022597022692916707
0.0016921704217710402
0.0023709030546532704
0.0016315190085495793
0.0014414118496214497
0.0015976772792380238
0.0014411624127507881
0.0016115323948504713
0.0017684640282275275
0.001543289808461693
0.0015128779582189006
0.0012910012301857255
0.002071173693366436
0.001367099083486957
0.002481606040073803
0.0015603484787147155
0.0026307406473023978
0.0020997343921847593
0.0012653929348450971
0.0016128615364876114
0.0026562366272403176
0.0021260142580127226
0.0017234898926564925
0.0023724657247958534
0.0012753535647451208
0.0021119207111826325
0.002084190109141553
0.0016343495040786265
0.001800560125214486
0.001493353686575152
0.0021706462656555284
0.0014711088298423203
0.001963776395760265
0.002660571104791706
0.0022901842676825287
0.0013560894767135625
0.0010679397632638948
0.0021716306585859344
0.0022858887742546537
0.0011404683500243558
0.0018439184469321306
0.0021340064377592936
0.0023141995073906324
0.0024930309093705457
0.0016069754724546159
0.0016524878387687936
0.0019154350196210535
0.0009649759256243083
0.0018347919407552587
0.002540005119041257
0.001426329924718254
0.001521144236530047
0.0022856575279518987
0.0012751433878031627
0.0013164509387765693
0.0009041729918404626
0.001311590841255644
0.0024563174359083463
0.0018199026674114225
0.0017623896138343725
0.001428440067757913
0.0007680495526045783
0.001201721313080336
0.0014253359958895139
0.000936066191292483
0.0015829052295925272
0.0007457375023063532
0.0013672158092818602
0.000693367311110707
0.0009803398074037764
0.002144454760884413
0.002031134520420684
0.0019039142353979442
0.0012507841665582602
0.0019949764652084042
0.0007692998252032933
0.0019535893196478945
0.0020427837562460296
0.0011158841345336084
0.0022316626084582774
0.002080208840519114
0.000656595510370857
0.0008843935497286042
0.0022897009690868225
0.0011641668820404252
0.0011437813340472122
0.001079499181108321
0.0020843046083653394
0.0012439009996275416
0.002165818557125867
