0.001542800681257891
0.002250260245900466
0.0015989026395973765
0.0010959601932124345
0.0006101662575539512
0.0017089842046309667
0.0009574284885202798
0.0019845504775660027
0.000951432380918548
0.0007159485240284226
0.0007245649245449387
0.0015101067041458174
0.0009508059076719628
0.002166350194224847
0.001994755759469401
0.0014416410413377306
0.0016230268815669517
0.0020502651729963814
0.001061015596880994
0.0017067104349013072
0.0016772084396942488
0.0009754984078814535
0.0023166998228768914
0.0007791984827342177
0.0016238402856309472
0.0015066353073687143
0.0013461911399688439
0.0024132043253570564
0.0021655801492332693
0.0009326011934892236
0.0018912981103354587
0.0010923726446640182
0.0022181979336862393
0.0012163985016030983
0.0013983224663034022
0.0023282260740274184
0.0017343979883110512
0.0014582019998277713
0.002178105194717178
0.0012514891769355614
0.0010009034672039236
0.0018651766189288807
0.001077101906968462
0.0018858756434652773
0.0011486958681272447
0.0014181638469408927
0.0010911179045625286
0.0011329862007787468
0.0012106076933286719
0.0023300714169031903
0.001781602865492226
0.002019656254004533
0.0024421481552831365
0.002197732428713071
0.0026307128996030794
0.001937251593328495
0.0009696956159477196
0.002148474331344185
0.0010272667550443048
0.0018541595011892609
0.0012949706414866833
0.0022121787729217856
0.0026923711640878508
0.0020433214905080264
0.001602850554944511
0.0017798556857797087
0.0019898185646331687
0.0024288982493081085
0.0010205705199969504
0.001513441074942056
0.0025611839403345523
0.0025053658574919163
0.0025748718324767206
0.0012095370451409861
0.0022272212664613353
0.001787668251525028
0.001878728367145
0.001541034546825782
0.0018851838306053706
0.0011689515547032062
0.0016746117619268626
0.0016233265823855667
0.0021526292816387107
0.002843671560794226
0.0016364408328009537
0.002804675182868586
0.0029220370406005227
0.00284602250401687
0.0022083486148841112
0.002262232283098625
0.0013825473084675668
0.0023684658181508645
0.0028743831142548516
0.0015671243330120039
0.0018095943362758814
0.0024687632469919995
0.0017499292182501728
0.001582856966960496
0.002619140371001047
0.0020732349045737225
0.00243064484614935
0.0026827220043666965
0.002111430724545544
0.0026922770884268
0.0028246270532336273
0.0020999646982319516
0.0022770175043289264
0.0019857160032744465
0.0020149976577255937
0.0028297650337504128
0.0018227077056761206
0.0029587852360485906
0.0030279362262740925
0.0024442270036690583
0.0029202206060792955
0.0017875010968158719
0.0018082204780278757
0.0020858653298088062
0.0022484621061727352
0.002152406158326845
0.00246090977248926
0.0025664329773410917
0.0025932295641567914
0.0023663600576875137
0.003178662199174152
0.003257968887453004
0.0017221065830478866
0.002590813193992137
0.0022426706810020733
0.002099904330907786
0.002303105218579901
0.0024117568935860785
0.002363001970872373
0.0024153584574279027
0.002242699729595608
0.00269163559910146
0.003463922292661669
0.0032245496196314162
0.0033352429929296096
0.002225330113711193
0.0022320001609868823
0.0031005314062076683
0.002737922222070158
0.0021421860766306314
0.002143628330109031
0.0029228703706730085
0.0034782404339759425
0.0024740488458295123
0.0032835643350561934
0.002149621334389861
0.003145303928937599
0.0035595889084665635
0.002972688416965825
0.003517848615006334
0.0021445737973280164
0.0028557346564480916
0.003384062569197969
0.0032691343107279108
0.0032000952665680957
0.0030779542658640564
0.0027484740801829483
0.0023516059952477853
0.003422683003681407
0.0033655921903506156
0.0037961787154381396
0.0025625230797272154
0.0030014759846928533
0.0035517491317740824
0.0024314442931983103
0.0029052307085498798
0.003597316736247834
0.003819380531418894
0.003624178980205999
0.003477764259828285
0.0029630634470135734
0.0028815969466557834
0.00339063745968233
0.0033428399033256914
0.0033500051087197104
0.004089678075632314
0.0031498334968650937
0.0027185375714036033
0.0035666968684767457
0.003222554614728234
0.002835084334639931
0.003713931664750223
0.0036666966937403092
0.004279615517655149
0.0038552943761031877
0.004252183011569688
0.0034189343388743455
0.0044431175477743
0.0029435994581755876
0.0034245817776539004
0.003784308645981288
0.004401784651461256
0.004256416341407147
0.003397836279391088
0.003972165250237377
0.004576052231866137
0.0029890628420303615
0.0030217742230284543
0.004131131367627595
0.0038719532481181927
0.00468193512206884
0.004197586404864749
0.004108095688029333
0.004629844176673716
0.004599222320866898
0.0035630072104828993
0.003779167380345234
0.004013639864248049
0.004184447014622588
0.0038018451007703984
0.004091284483663726
0.0037634027147597482
0.004677984729071133
0.00487570641149286
0.004669901459535362
0.004961617775604726
0.004139869449860027
0.0047490500492045505
0.004403971908667391
0.0042445202037627505
0.004139469443525449
0.004286117525505104
0.004744220163321368
0.004364798522401015
0.003861159312698982
0.00478139485812724
0.005312168560951011
0.004596233546808112
0.0050386685862834546
0.00514255913635562
0.0052298417328199035
0.005361263652271382
0.003994514467240136
0.004274516859589568
0.004419815211934392
0.004111109218642592
0.005228667755214449
0.005576995989045396
0.00523473779438435
0.004286457394492588
0.005674101461162144
0.004521314187155148
0.005871250319591422
0.004599461374093265
0.004493359897935804
0.004566316972978017
0.005599797795981319
0.005278649105496695
0.005235016596838243
0.0057937993596942575
0.005680012282960851
0.005509614205697555
0.005107478584490048
0.005202250009751876
0.006168678888431801
0.005068109121007509
0.005072314383007747
0.005286442617997268
0.004843849608408801
0.006324943864735338
0.0054177334278126465
0.005007738719958771
0.005015148797247681
0.005438354065629304
0.005723926527438752
0.005064832105238633
0.006340860287156628
0.0059330156872470455
0.005690147640891602
0.006452336224458591
0.005948979457195754
0.005101729388405853
0.0052574172250721245
0.006095646574082652
0.006233065000084055
0.005693659759766096
0.0056289087025313675
0.00657326543182169
0.006618377731241243
0.005496669720353546
0.007019986170984101
0.006042488978697035
0.006693199576343106
0.005899956292057031
0.007111077205490442
0.005951132552992694
0.005901549279759285
0.006503079462520278
0.006912390407699319
0.006307839707284423
0.006290787728232879
0.006457482574519076
0.007404134570799221
0.0070011577704821555
0.007250058049964449
0.006241983878970656
0.0063365163388247134
0.007359370164705376
0.007158959836368802
0.0061991558846897585
0.00666994040569352
0.006282902912333645
0.0066175920698567925
0.006469184515986235
0.0068825212627325215
0.0069568699103303286
0.006566584755965143
0.006331357200409108
0.007888075420479512
0.007937667859404736
0.0073747814435553135
0.007510689695960812
0.008150301578150386
0.007834093328088822
0.00745995205365737
0.007227176101410116
0.007465308980737593
0.007439626306486156
0.007398955715960166
0.007365961401308545
0.008401005387683638
0.007434091111854004
0.0070195949518904
0.008005029824032651
0.007771304834612408
0.007565390718385711
0.007657389854076097
0.007692289948510764
0.00761832052438431
0.008012898492555815
0.008295689302561988
0.008566662749821242
0.0075902484786492825
0.008472065893870413
0.009207444132071899
0.008512274439904276
0.008978539867413798
0.008934187944345515
0.008620215155042743
0.009389259213560607
0.009150936512892857
0.009311402197180043
0.008426677926133283
0.008404515316127355
0.008302805717325659
0.008748965928834486
0.009301226006014572
0.009332306352751394
0.00884156464369404
0.008517302071169148
0.009152025892147739
0.009334718611082322
0.009861500741976142
0.008526676919828086
0.009233869541366676
0.009086418640880164
0.008874343287827479
0.009041569204640814
0.008952478029204455
0.008629660599208302
0.00873593275446041
0.009400000618366666
0.010373719838149328
0.009207731775257279
0.010067047707158817
0.009262868043916194
0.009885138519714287
0.009400347983981126
0.009135284330012814
0.009689245386482664
0.00979750583550592
0.009927728888577115
0.010770466672615825
0.010463535721773623
0.010755014874558832
0.01038241315621357
0.01014940082074712
0.010986338685850965
0.009897419636968486
0.009890129077866279
0.010907239132035678
0.010383262690933622
0.010255938278925346
0.00998255445213095
0.010159996107139052
0.01064993716068598
0.010091847641413187
0.010235344471502048
0.010772538788967995
0.011020059601868061
0.01173408736448362
0.010611191565871514
0.011669867038056884
0.011990020829692681
0.011701845580275236
0.010699065683753827
0.012134475618705207
0.011968930954729305
0.01155927870410624
0.01187776123074285
0.01185140866186314
0.011140246200433235
0.01254835556923559
0.011863038790097355
0.012443572563145712
0.01266621217553199
0.01254598965843648
0.01280325542519561
0.012785478062880044
0.012467544898715748
0.01239198977554776
0.012416111749427557
0.012342962856711803
0.011905629760905624
0.011918922159271293
0.012374505511741756
0.01228408175479298
0.012409576907283207
0.013214093332615572
0.012962606634818406
0.012126077795790384
0.01252823193006099
0.01294796843831344
0.01392008671635978
0.01305521794776589
0.013422431265324315
0.012724468096103088
0.012920862505191826
0.013996243716005677
0.013267034005028547
0.014079806752745234
0.013697698092323582
0.012758561569514942
0.013687304660550828
0.014457950415269871
0.013002872424398843
0.014321844205562343
0.014532977701283218
0.014552772076211673
0.014374896463668806
0.013999828977917348
0.014379617806331211
0.014042537691565932
0.015067887621406612
0.014912163962538284
0.014129879882000292
0.01383428856597142
0.015238483410149104
0.015180108032025453
0.014959251554600872
0.0147367472229481
0.015686360250636678
0.014463790714814703
0.015818999331718098
0.014710608127332079
0.0154727693215894
0.014903678803552619
0.015621936413589279
0.014520873665506966
0.015163309759249234
0.015255464006173345
0.015113712065019824
0.016337436264350413
0.0150322998265863
0.016558339823464087
0.015185593504655846
0.01588017748152641
0.0156545803988749
0.01605583525877881
0.016634035989409792
0.015862007647696314
0.016413785416908275
0.0156367025577823
0.015930712067526123
0.016467932038419023
0.016004924954077793
0.016589066046744948
0.017095663717790015
0.0159118986562627
0.016086693034139083
0.016501668667195955
0.017084278642125757
0.017464331895246262
0.016230463277967722
0.016781325713374432
0.017262958200506103
0.017134795554743662
0.01795255128157219
0.01670335812770242
0.017924818597246383
0.018324828049200253
0.016990053249382006
0.017884780246361993
0.017242568260712587
0.01807712448093322
0.017593118942926308
0.01848065051996109
0.018802349407807593
0.01893822984722081
0.018154570011781387
0.017496649927822204
0.017661598848081907
0.01816474073688359
0.019028492244434342
0.018645984632801618
0.01951609892052517
0.018543607706674944
0.019084620805680883
0.01913055359372716
0.01974684837651737
0.01980408312907581
0.018708829285225766
0.018828611225293137
0.01877801352096141
0.018995023236814092
0.019638731482468932
0.01881374654042941
0.020251922685589948
0.02053473862295879
0.019494025879983664
0.019127131778228182
0.020661842813441602
0.01988167725952833
0.02024926165491867
0.02054722103766039
0.02003179727151978
0.020516817128996626
0.02069418016197946
0.019811646883772818
0.021355076980578366
0.020615219034362517
0.02029702146682601
0.019857951240095994
0.020472365139338155
0.021598766252451055
0.021797201187093607
0.02070600074752911
0.021007969088494578
0.020408461342870002
0.021927124289330965
0.021685876260984942
0.021700108693605533
0.021179245768620368
0.021366024754235883
0.021028052409824055
0.021331846909553802
0.021848924774518344
0.02247319044524667
0.02234638109732425
0.021930728328011562
0.022398911639176212
0.021367975560425665
0.021506031809255123
0.022004625350425248
0.022262587367362956
0.02314707709508992
0.022510306356838393
0.023144773089693305
0.022570029183758295
0.02361646371404973
0.023509733213571974
0.02288602519507525
0.022415212871388437
0.02233330118308938
0.022782493278901618
0.023634002432612707
0.023413058759436677
0.02367703851212936
0.024098565900753117
0.022949413585977078
0.023590931617011344
0.02451642198895025
0.023490237304540886
0.024048180963562968
0.024050561700808017
0.024149761915761375
0.024617730367890108
0.024239138213527814
0.024212094462861763
0.023832034854135875
0.02474062881521891
0.025167940081613733
0.02467394585607794
0.025119881283059337
0.024708089292237178
0.02467800455533472
0.02441474257207265
0.025751070329082207
0.02444968511650005
0.025252199857159322
0.02617632872779496
0.02521963709861399
0.02528248398319116
0.02622480174169997
0.026065686688783535
0.025124188799293533
0.025450212585946378
0.025246655559536823
0.02519853847958233
0.025995021446363044
0.025635916243233737
0.02693697087062244
0.025482700438317255
0.025981886612836024
0.026909681256174513
0.026816246179760785
0.026708006420100527
0.02687671624133497
0.027150994943620745
0.026187789098300194
0.027601910306504305
0.027555991126583322
0.027936173759324525
0.02705403283255219
0.027872995685513165
0.026600201152310227
0.027048698325888975
0.027975243177049584
0.027215366632887924
0.027472426314699008
0.027401122537740297
0.027005259353390352
0.027732348902741642
0.028125557258136234
0.028648936502975345
0.027611135042661487
0.02843826682271778
0.029030640719817886
0.02876344140695342
0.02924647641732009
0.028619708141266232
0.028779147501846732
0.029359338908339777
0.02877053656081445
0.029163172178365972
0.029628484493247925
0.028232550516626105
0.029704755056439255
0.028793486185649576
0.029393290116862144
0.02887496376767095
0.028953086451768927
0.029481024890732514
0.028871041254834855
0.02981896192934296
0.02985985692090424
0.029404437296779416
0.029650343266576003
0.03042406747539539
0.03033981382093041
0.030493510375206666
0.030498565063960103
0.030903351412584802
0.030797883960349222
0.03031804827104185
0.030083107993180282
0.030064353594079968
0.03094947997186509
0.03123590566857055
0.030710725455400746
0.030948298299540548
0.030594002525428324
0.030895993105167958
0.03154584107600119
0.031569670436711494
0.03111192546946219
0.03135766219966124
0.031520259344278434
0.031219979901399776
0.03216245774198026
0.0315858689256358
0.03150356650275646
0.03103643809998344
0.03200494429494891
0.031769718332427595
0.031912684438202596
0.031752690085376685
0.03262305765724241
0.032873429831244014
0.032969748673981565
0.033123945856448296
0.032975502637083765
0.03317775246790813
0.03289920740441725
0.03224793193696998
0.03283650704154775
0.03215221295589928
0.03257303163304374
0.03335755592851892
0.03297451031986504
0.034105402620109464
0.03368533251376729
0.03426190577376677
0.033025711697829696
0.03306402210452167
0.03396308813060989
0.03440599439224082
0.033414616923647104
0.03343893102842688
0.033773982758671724
0.0342174057231245
0.03363300885618153
0.03417463333484161
0.03448725093980886
0.03368381789443018
0.03463068884385681
0.03425618589251273
0.03419929186412836
0.0352695057914313
0.035479042703998494
0.03447934401327947
0.03394120226005376
0.035282434298202714
0.03465998401948674
0.03420326891206573
0.03463236664293234
0.035441744712433006
0.03480156555497642
0.03452752165830926
0.03442079207654164
0.034691171951805926
0.035902284640499924
0.03572225661461345
0.034997966716883044
0.03577189656042461
0.03637161283297702
0.0348911028585867
0.0355744687775923
0.03637539173014703
0.03633166829657718
0.03549142138525481
0.03529917318844785
0.03560828759951331
0.036574776310584145
0.03550480575632698
0.03571444642952747
0.03651854449521845
0.03587960135870373
0.0364290540754067
0.03684177693656233
0.03592187661146902
0.03753893203314125
0.036340433721723166
0.03656642739383935
0.03743639735956378
0.037589800517955144
0.037613044842035766
0.037321106075615076
0.03776706540739977
0.037567312139428446
0.03697173764799487
0.03751428713750414
0.03734189169345769
0.03662734859638031
0.03816988367250104
0.037747546185154024
0.03781366220663554
0.03690159238173796
0.03814169916403185
0.03779561054062667
0.03764482542484386
0.03769315864685128
0.037478919219467506
0.03755117040117601
0.03815145636516667
0.038768554385614475
0.03732089998890804
0.03850187834801389
0.038796528731171245
0.03808662144424892
0.03892943237016694
0.03842028639601481
0.037875666301412814
0.03780493125209984
0.038093081551385785
0.038092378689212794
0.03961183154275731
0.03841799161251173
0.03892340187588914
0.039666012512999976
0.03901405988622383
0.039467560458225456
0.039003261221201055
0.03939338269595962
0.03841439527278527
0.0385928176193739
0.039839403474252896
0.03963423784305725
0.040008706183619853
0.03968474402883984
0.03890858626636577
0.04003694739683376
0.03998970579780382
0.04015847897936575
0.04004552922480258
0.03915506523491743
0.04019991510267048
0.03987170409609517
0.039800594378156036
0.040219602779946476
0.039960756119143376
0.039217888615681394
0.03944360541137777
0.039248336915099095
0.03939211189698826
0.039998801608252546
0.04040873305114563
0.03984640728443458
0.0398372120293348
0.04025715707619446
0.04111170609714435
0.04112247945011242
0.04113222128302413
0.03987743167471318
0.04070532640520383
0.04111970309935439
0.04140209412060659
0.03978581712105547
0.040064257675856696
0.041230642752758555
0.041378896962984066
0.04157321751014992
0.03996361946297607
0.04133338904310006
0.04069401940605069
0.040362899446034224
0.04138820247854384
0.040519263885750036
0.041009368142968745
0.04069836445275885
0.04083161304724494
0.04189155587801243
0.04125893949542624
0.04060315993476706
0.04105492558780233
0.040590244816433245
0.04094523564639566
0.04080327902763942
0.041707620232551826
0.04200644183651881
0.04217279733819521
0.040761017948565445
0.04155926042731007
0.041869581115316315
0.04156719072675377
0.041093990917218715
0.042274859325504954
0.041353228623000074
0.04157056773815776
0.041994791854152135
0.04120477361043029
0.04093040356623531
0.04220822036064393
0.040882171914600494
0.041457947865802716
0.04196285048607226
0.04102819600620934
0.04170654537715608
0.0415542838721539
0.040966775546146854
0.04252943282862451
0.04271554888038219
0.04131804601471878
0.04253195703269678
0.04165192096623818
0.04272970753704272
0.04193928317494796
0.042770204606469554
0.04177941253950178
0.04157325545014342
0.042317722405389814
0.04274248267589964
0.042594975974894846
0.04265804880843466
0.04148762342768264
0.04252530886706806
0.041259713660033
0.042151146096470145
0.041914667953393867
0.04219321298108241
0.041600931921373964
0.041442261809180106
0.041758301814857575
0.041687697898932605
0.04169874587610861
0.0422128209684441
0.043081914839488325
0.04283899256286354
0.04271100335483822
0.042212756533612894
0.042425609713255166
0.04161110303398331
0.04162071559083908
0.04312277541154007
0.04145521355692127
0.042218960147726775
0.04296612591000173
0.04230233354113261
0.042712516286593484
0.04203976334727055
0.042039609850672864
0.043089433652749566
0.042653296276115464
0.04272922981190673
0.04281594382495307
0.042393231826735656
0.04239815715456112
0.04275200090807494
0.04239071754347465
0.04158088366630741
0.04179544322475416
0.0417012321114858
0.04170303248789437
0.041590398804978466
0.04236394646327775
0.04281045844509546
0.043140449437685996
0.04155097467951159
0.04282249802067104
0.04295634840806013
0.0422324777336017
0.04180825816616607
0.042579965584107454
0.042303198456364634
0.04301199451153764
0.04186977209033049
0.04288532042879188
0.042120727279387316
0.04241191068704086
0.04143599185699355
0.041839936074811665
0.042686507017093485
0.04233198244546962
0.041971907185875706
0.04127619623180316
0.04291334319571059
0.04232237533941485
0.04216191348578931
0.04265970922498568
0.042293840178479175
0.04193283288913096
0.04272561882395758
0.042083348258181094
0.042042626784373684
0.04240455865026069
0.04141805867781777
0.041721836112635226
0.04197095697135223
0.04177257459235631
0.042338297971758095
0.04104934845644073
0.041176845030111695
0.04137408097957759
0.042469068535539785
0.04232217597504692
0.0419321233000595
0.042002373653911435
0.041784580069099894
0.0410235983003359
0.041733932026425634
0.041130942299100845
0.04207119732691048
0.041298445607626424
0.040792180163563486
0.040855081695912385
0.042376287332586825
0.04211324361034638
0.04114371455792206
0.04203202034890459
0.04234674908362272
0.04068861467239521
0.0421255063945447
0.04155663311136474
0.041516628428259046
0.04098665285138556
0.041957019491275546
0.04054588301752886
0.04149694892586943
0.040383180012617606
0.04046669402357532
0.04150389791757617
0.04101430410819831
0.04082177745134338
0.041061620081302874
0.04027703999944683
0.04089311920170248
0.04130262133972954
0.041555284256952464
0.040484440390562274
0.04121715492406509
0.040648096143832635
0.041290851942862784
0.04111490807514311
0.03993837378340207
0.0399745426250762
0.04061906690034192
0.040165681676538424
0.039981487155417654
0.03983024405208634
0.0412453236206083
0.040153917000482084
0.04046172867080009
0.03960570060450854
0.040555861697965524
0.03970821298142768
0.04115534514216308
0.04033681771799797
0.04017701511065347
0.03951820449394193
0.039892722155523586
0.04073364454606482
0.04073474524424643
0.04027031429372268
0.040343766584660816
0.04061818792390335
0.03929649420244755
0.040192312192769836
0.04012908218354956
0.040242177738267604
0.03991561502506763
0.04042989379828619
0.04046791748655123
0.04043176625238349
0.03877239479274345
0.03878973202883854
0.03930061420307056
0.03947105530995238
0.03931415439981657
0.03864274359171678
0.039486511926900135
0.03958081870929647
0.03976855144052173
0.039541543301189995
0.039840458043524755
0.038749967434335494
0.03914014889739435
0.038652742575079134
0.039651217959849334
0.038745294829174555
0.038699175954889434
0.03838319884367413
0.03877327812815367
0.03905150537896291
0.038293252157785486
0.03822834971532645
0.03869576647213916
0.037880041455936125
0.037596513115146175
0.038425736691973106
0.03751015526790262
0.038783251199440726
0.03872018801132904
0.03787648205656935
0.03848387622543228
0.038320274791735665
0.038164956935958685
0.03793715275325814
0.03747752818656143
0.037777923032031806
0.037478871487551156
0.03787304581933374
0.03665289377134872
0.0382456303498337
0.037370669987385065
0.03763811529662791
0.03654743965744365
0.0372490879002774
0.03740235646456067
0.03739271806434921
0.03662196388470707
0.03614072723452814
0.03757294205090307
0.036468344505060354
0.03687455600559271
0.036221987734861384
0.03725991505466241
0.03742683833849127
0.03577634884309803
0.037125100392705945
0.035658809415875355
0.036819482817893975
0.03617241544887423
0.03648561322031061
0.036668828396445974
0.03603019946524571
0.035325684918490495
0.035491201878207444
0.03613587104895423
0.035597662809344295
0.035641063821078935
0.03533630983962034
0.03504351472388881
0.03561131719418237
0.03475356787735308
0.03606926041919245
0.03463658795641272
0.03531897436837444
0.03568965897586288
0.03577710336979966
0.03558817059122693
0.034867465994742816
0.034175058597343544
0.03497861990942633
0.03437689910132871
0.034182162100438784
0.034929966520240184
0.0340475478526514
0.03524981581665557
0.03381181175279136
0.03517938634251162
0.03449183749824301
0.03467295555341314
0.033835089430605196
0.03466102962104825
0.034568728944822304
0.03388821733440966
0.033824592409048074
0.03377649613972672
0.033920817130159424
0.034277717942969396
0.033893785299499796
0.03310978717963651
0.034156255595345755
0.03396969268982219
0.03282075393549341
0.033013848321295905
0.032703699541537644
0.032506866545866944
0.03261618258604665
0.03212742568938965
0.03373192678352071
0.03194809721904106
0.03199395074347193
0.033531735577579956
0.032968518734388184
0.032733770539178
0.031704742079722986
0.03243133552852412
0.033041056964551764
0.031368424021931296
0.03240337698760324
0.031222034832600953
0.031357277249283735
0.031788975174297365
0.031725710603507096
0.031809027459228124
0.03152765881136381
0.03235830985095856
0.03204220321496451
0.030616537166953905
0.031158012715290045
0.031308812392064234
0.031203513002221697
0.031193283239672177
0.03114685634085719
0.03150561878847318
0.030681033063489262
0.03149583558247537
0.031217430532780525
0.0298416060537611
0.03053470387797867
0.030947821713505012
0.03064741685589359
0.029532343415313154
0.029993000124066874
0.03000634399532553
0.030591265524219372
0.030660085039433228
0.029964386040851117
0.030354098960038902
0.02917347543871196
0.029945345276711038
0.029203676716415477
0.0300872470904931
0.029846009387575378
0.02865195001153533
0.028790288582100053
0.028546654689390435
0.02914508952779759
0.029208881494136477
0.02882884739369856
0.029381564181560814
0.02872075194864517
0.029104894639278366
0.02786493171330474
0.028060348918478358
0.027706358065735404
0.028950941589831275
0.02827144641514579
0.028643709787181854
0.02880390395875209
0.028640718890247493
0.027540896912335976
0.028159392819083064
0.028121905614935723
0.028435937243263286
0.027218395484180286
0.026891021251274218
0.026725202211683587
0.0268180104169512
0.02762992533195394
0.02694905471780639
0.027789049286863675
0.026894568358269248
0.027382671162358155
0.02724998482080437
0.027328921872820527
0.026626475847875926
0.02616825979313494
0.026524878769696118
0.026166002766318645
0.02568079934004832
0.026277775271030288
0.02676706718263709
0.026582453863410772
0.026113208207035693
0.026335038508567384
0.025800360652789144
0.026312859993585076
0.026607976041102984
0.025728085045958353
0.025823049494645707
0.02577778602892954
0.02479593641673827
0.02588415080657603
0.025898547778384923
0.02514832943391424
0.02465599980209367
0.025649824916855066
0.024941121652648217
0.025342481053985733
0.024921785657809063
0.02530027302720656
0.025424737956801925
0.024959997812575557
0.024224165788924848
0.025178207417729703
0.024507171489469917
0.024050865718609243
0.02381746055813787
0.02346811495907743
0.024048388861130518
0.024711390457674225
0.023666440469522116
0.024419989370211576
0.02301687645725465
0.02359184229570045
0.02281081941324848
0.02394771059683353
0.02257383754598425
0.02368799372451039
0.02240821529070119
0.02252724896997724
0.023182540246204413
0.02350523435467154
0.02375234328609528
0.022604269462055824
0.02350171510886176
0.023231227694387513
0.022754184259416138
0.02278048126619354
0.02262396666685993
0.022358351921319533
0.022466301723605493
0.02177402238339423
0.02135953797370782
0.022586540543738542
0.022572206983027504
0.02161934065698366
0.022387546906176135
0.02138671428060191
0.021595728679416223
0.021146447272044542
0.022010587109047727
0.02180620955848362
0.020733661432290933
0.02132511629676087
0.02036070773617301
0.021732322994587282
0.020883991932569346
0.021156410406257122
0.021773294723354725
0.021104887891259007
0.02033424396324413
0.020980488939656823
0.020198396690465466
0.02070871396343902
0.019708266286004132
0.020270669846953752
0.020381921249430446
0.020426552987932344
0.020800024225580478
0.020668708626938658
0.020359222001034284
0.020203953542524408
0.020114618647685753
0.020270743242705568
0.019360496531488983
0.018798589640581505
0.019479014296451925
0.018918001254347866
0.019097969254385207
0.019658842977538633
0.01880625090495102
0.01849871448673481
0.019015483829930166
0.019056288186684534
0.019621360769974536
0.019166439879942807
0.019141994293576315
0.018822628979621562
0.018399274055400757
0.01830937804442136
0.017854119499639134
0.019071061335417153
0.01916787059149699
0.01867458184099229
0.017284933730009278
0.01834521402306987
0.01767314691431968
0.018683654911085354
0.01757476577753981
0.0171675148109223
0.017894606970039726
0.01778949103749249
0.01839092010355693
0.016628508438249135
0.017961938773965857
0.017560633917731754
0.017529960427540073
0.016606715485672177
0.017892231422007868
0.016250921958420678
0.016479112534868823
0.016914985872670617
0.017683404924628793
0.017265034290491102
0.017206843248940833
0.016480858484297846
0.016797946152647087
0.017287396102780204
0.015912704333707853
0.015760021462382822
0.01633740508017739
0.01659739996524027
0.016202622839144396
0.01686411677647888
0.015432979890707065
0.015474911593289715
0.01669916053280182
0.015435262874474526
0.016333891186791044
0.014812873959151691
0.0157319575577693
0.015045615134931063
0.015135301258488389
0.014928149021572358
0.01547888061341062
0.015693930348947047
0.015015638098667761
0.015688340590148703
0.015167471461709573
0.015506781044580217
0.014588641054403412
0.015706748827348897
0.015452268657473848
0.015055228018435075
0.014018025804760633
0.014347688027328102
0.013846797502825975
0.014902927830699702
0.014595654630136222
0.014007056833248892
0.014056948789465602
0.014238074973207709
0.01399081750598287
0.013375436696469668
0.013902768704619959
0.014252194369774443
0.014215594484452816
0.013307881720864678
0.013107734224966472
0.012919802445276473
0.013013676070931153
0.013027392411513744
0.013180442832479156
0.013175693505487515
0.014142956708330521
0.014116676599237312
0.012921972781140033
0.0134221982003035
0.012762240463322475
0.013432290205343195
0.013693695728647688
0.013772877528622628
0.013217914602362945
0.01240368791797178
0.012361526312703146
0.01197939912094914
0.012871638512438
0.012467325974705682
0.011974878187037803
0.011867984702766112
0.01223017900155324
0.012449128335271616
0.011779634811918521
0.011831403531999391
0.011986533587891571
0.012865678492872252
0.011595319138323141
0.012211688380325192
0.01133322225655449
0.012269344031482783
0.011097657604135386
0.011804059198723921
0.010920147039682842
0.011225997793191804
0.011343184171620242
0.010747956641998931
0.011897751656032797
0.01202098009179101
0.011778247346145196
0.01151167736651239
0.011782444564293535
0.011506697610022416
0.011228079949647982
0.010481774419648522
0.011308319028694341
0.01042204170445323
0.010544265966852456
0.011270908655793216
0.010492246097060287
0.010684210467126382
0.010464235973316725
0.010064093762963166
0.01083128897677054
0.009995268182860709
0.010614844897290518
0.010944174293578482
0.010165384723819657
0.009589326150690183
0.009542152909439636
0.010818964036789011
0.010708371437506354
0.010596724999192694
0.01013861560695004
0.010829431778652305
0.010436127076441627
0.009946234582689704
0.009348860520871345
0.00936474804239366
0.009000776388965084
0.009574238827427568
0.00962569880239378
0.009847859578867968
0.01012483158500822
0.008843593492176218
0.009253977920782183
0.008828328695524168
0.00960968009288382
0.0101526491127362
0.009367201428251986
0.00883116868881823
0.009889978612917062
0.009282122066035547
0.00920341497318456
0.009236658017181053
0.00871262217831935
0.00869261248345067
0.008918657538189096
0.008850883659441606
0.008749453784743665
0.009088055097269796
0.009276948264948862
0.008954444227580608
0.008983796874680771
0.009087675915144127
0.008215152883491937
0.007685071283613178
0.008790874723551872
0.007880797127660192
0.008344049484701571
0.008862384415386441
0.007663020302999328
0.008268017108590979
0.00863911894378837
0.0076544007086640446
0.008523116209156302
0.007849883903470037
0.007768115064448669
0.007269988154763145
0.008508428071442082
0.007710784768225414
0.0074475043861999555
0.007890784240752203
0.00825773031337906
0.008157730248120094
0.00825273154352911
0.007624045911199119
0.008232893244496359
0.008113171187332223
0.008329570082136582
0.00776012203139637
0.006521853422680883
0.007408285884680708
0.007524431591476477
0.00738075390999631
0.006422912054882505
0.007412810888780881
0.007495062386753894
0.006722169061509935
0.007328467885536672
0.007571671449372392
0.006296395057810161
0.007275768991612056
0.006305354910090204
0.006533107986914395
0.00616188559757726
0.0064478358574715094
0.005977916463644137
0.006970323015820165
0.007493583586808681
0.007399181206749528
0.006652824517752782
0.006946529016311551
0.005880807745954427
0.006016389283943411
0.0056821342346987675
0.005976170082567989
0.007170960696129586
0.006422975205842473
0.006157804159141618
0.00651648689503596
0.006988145862354972
0.006221519875831386
0.006539541988059371
0.0067353540368261765
0.006797420810693498
0.006616321470249475
0.006734549142390991
0.006637798968312331
0.006552875142407695
0.006668421781067547
0.006472376906430942
0.006770197202002762
0.005870384189264559
0.005707026286224273
0.005608133830771688
0.00645281156200739
0.006130748803293402
0.005056076354460185
0.005323933841306732
0.005969755479026891
0.0054393345826059545
0.005164417777688007
0.00617960732678681
0.004808215030051418
0.005343817911917395
0.005210034484528984
0.005523243739922999
0.005571586242300129
0.004594743441772251
0.0048809880549014
0.004566794868549519
0.005726591633176225
0.004867411348828838
0.005872214613640188
0.0049760319367155225
0.004694474518336029
0.005412711470292106
0.004968097881443295
0.004953551241572065
0.004320237483275783
0.005201537006763841
0.005122961897756611
0.004577183224928981
0.005681077039290295
0.005122446980929656
0.00406893682910397
0.004355143628466446
0.004130474359210769
0.004606637409686682
0.005586388239925888
0.0042549564150124765
0.005310331749388672
0.005483334957422667
0.0042064555589925706
0.004528389232840882
0.0041597021326047765
0.004618953391673377
0.00424612745566612
0.004752819479992368
0.004201835114599448
0.0040665564560119225
0.004397163204184549
0.0038546749875251456
0.003994839277958096
0.004804281810498249
0.004086771199103919
0.0036538206419910917
0.0046563958139476695
0.004265090045431332
0.004312587122031125
0.00427258417646829
0.0033335012875063026
0.004110232032746019
0.003297698737317623
0.004216262710283724
0.003384874356470416
0.004590809189090951
0.00478814142127563
0.004339008496789745
0.0033001612337149977
0.003871112078480254
0.0048090764653728035
0.004632830013577108
0.003598835762546638
0.0030410753907648466
0.0031219441880509465
0.0037378325843712094
0.0033426346381641822
0.003266239096980977
0.003812548302899439
0.004198240656552437
0.003933960797993016
0.004015858995635808
0.0040427326979442495
0.003549796574256435
0.003988383457164693
0.003804791929578186
0.0042738192129262225
0.003510141507773585
0.004067195543857111
0.0027544874659133608
0.0035527161653333516
0.0033775500831644202
0.0031616343118052283
0.0033360457751359456
0.0042465027185892975
0.0032312192126837803
0.003119179549973141
0.004167723118554674
0.003997855163747783
0.002763520437977593
0.003004153202606203
0.002867494057254174
0.00416412399724412
0.003991340255538377
0.0038936585122323966
0.002751458235270132
0.0025662288468965007
0.003742745871944004
0.0028817738057917795
0.003195967539975461
0.003594610107054477
0.0035716970030873225
0.003882480794089385
0.0036712933721130625
0.003207847347247393
0.002894690566254988
0.002533246493073473
0.0035350027795557565
0.0037570530677316014
0.0022118896893994796
0.002776164312741765
0.0027530514150342082
0.0030221839200637196
0.0023952217875815823
0.003649911097143002
0.0026901989228538354
0.003355523362088535
0.002181605258688616
0.00266950776056264
0.002215038630015324
0.0028028152815673447
0.003334452363109658
0.0025732729835076422
0.0022113812325187322
0.002152749745897142
0.0031123092925340315
0.003171811450733551
0.0024409753323847
0.0019477300928741558
0.0031159758046965386
0.003040263676039416
0.003437603140869917
0.002822832065378188
0.0024244739212403482
0.0022835876586953293
0.0020251350397290846
0.0017724701783929718
0.0018615449124134665
0.002854115085176187
0.003389098796680345
0.001785897919198258
0.00308079685281861
0.0025732165463259737
0.002793662987158791
0.002128694846353008
0.0017429316443033818
0.001867157038269483
0.0030216568862512626
0.002308418452288358
0.002032473333719496
0.002379000369046976
0.001558483487265031
0.0015551278972865397
0.0022556042998421446
0.0017184352100051506
0.002987184516888768
0.003179402207715906
0.0027675428072008253
0.003167802379530541
0.0031116268513479784
0.0023044872776679173
0.0024689283033478616
0.0030499570638508134
0.0025617688016933058
0.0023868825894880646
0.0021589884892637755
0.0014488660200567616
0.002995241054225911
0.0029624117637363835
0.003029539390752074
0.0013158946828490845
0.002034281286085209
0.0026176171317182583
0.0018031042212285373
0.002241539527723114
0.002693243337786165
0.002331838412707496
0.001270968374216505
0.002149606562988073
0.0025722634620982056
0.0026386312501969207
0.002634855948710005
0.0029152990083793203
0.0015845443400827868
0.0016323944810908756
0.002084300192298134
0.001117597585151563
0.0016427376772534627
0.0016792618941942317
0.001443331732005014
0.0016284029555886422
0.001360956595352875
0.0020094578191734865
0.0021007518557252113
0.0011959720040730546
0.002377621382860981
0.00259405396000291
0.0025688951049228754
0.0022304718533608216
0.0021279106476723487
0.001539280997005994
0.002024981889199512
0.0011944072601918607
0.0016082121582249372
0.002684852607614701
0.0014930807679322323
0.002286427405500276
0.0022377817502773427
0.0010523664607857534
0.0010194086818195857
0.0014359998819537159
0.0016472122327026355
0.0008992956681627408
0.002102788853996092
0.001969116687670547
0.0012391252372727782
0.0018249682005713201
0.0025344437528388134
0.0014092039947529056
0.0019833255874154554
0.002364513003398224
0.0010903358682599242
0.002348551892935665
0.0008790189658380492
0.000846571344891887
0.0016087548553809549
0.0024512542307472593
0.001537556972624843
0.0017881568208040412
0.0017307496338098325
0.0015373258848717039
0.0023601813240479784
0.0010518426761349264
0.0015584993748054572
0.0019738357901147325
0.0016695959090303782
0.001703900086372027
0.0019566334408080387
0.0022534218737554177
0.0012752664156325656
0.0008344555730501377
0.002149985122518644
0.002291364495359062
0.002176017871053644
0.0023449647647894993
0.0015499624225982491
0.0012748048430239031
0.0009946518662653965
0.002099217882234414
0.0012029660016849135
0.0014646675897098465
0.0009264326013305681
0.0021718369605649764
0.002275091189447369
0.0021305301031782522
0.0019008929651206567
0.0013070031037894674
0.0015139856905644134
0.0022240517769714983
0.0016181863306020366
0.002176945150514128
0.001397501329308923
0.001140053299069066
0.0013761252245049617
0.0017253197475371052
0.001296665211044224
