0.0014714851572646104
0.0016453561691883954
0.0005636078208561301
0.0008521120794119239
0.000947525045465899
0.0019014003321248332
0.0005989617203434317
0.0020997772925849794
0.0006420273167191631
0.0016377195057986262
0.0010669870606620127
0.0012356879112814575
0.0016579906485727992
0.001340139376311501
0.0022842176719631738
0.0015953702187389042
0.0014275730566356334
0.002042993782625789
0.00089898156045954
0.0010634914532201213
0.0012918772474711255
0.0019404030409635687
0.0015706655067759066
0.0010433211876148508
0.0024262581277064536
0.001261246769161714
0.0019218677284451235
0.002168694648664526
0.0007227228225258788
0.001180949110684282
0.001181824592429204
0.0007814529175694332
0.002095968115839009
0.0008174280869661466
0.0017506917117090807
0.0016149721002095138
0.0023077070848364313
0.0008721089685431576
0.0024408081548634177
0.0012894774435413484
0.0019859402347712687
0.001400526841167572
0.0018388562479467064
0.0012772272437285234
0.0010568269126792326
0.00258421267559387
0.0010491295444072033
0.0009750891400173279
0.0017547406570552367
0.0021650891354524503
0.002303062973542016
0.0008808569187310448
0.0018426026714328128
0.002149859442417101
0.0009043293289204076
0.002599359278390459
0.0021208163207262045
0.0022913584247636915
0.0018872029329309765
0.0018231666088184672
0.0009940346690223644
0.0013914690444530153
0.0023513084732195363
0.0009760755161555278
0.001761403357897774
0.0010095732463225012
0.0026512910017637433
0.0025675516677791436
0.002268135295224549
0.00215598151288278
0.0019201525148638953
0.0025903168686987957
0.0017786240623462307
0.002071736500075642
0.0023734068931784706
0.0012808385893293558
0.001753173376879731
0.001984152092545182
0.0023574004515681986
0.0026291910144291388
0.0016296024384857485
0.0015126559831082234
0.0022831530183447563
0.00217001818224652
0.002077319907220147
0.0017915364133321752
0.0026511978595560553
0.0020552577854783915
0.002655562776624632
0.002248198774987065
0.0012548849444317738
0.0013846625619906676
0.002312728211752842
0.0018590276664138036
0.0017592631350457533
0.0019556238384775154
0.002809263301167665
0.0018908544854779642
0.0028652371363245763
0.0014465708198278346
0.0016873822568027872
0.0017930091089327462
0.0020872051660330944
0.0023437551721781466
0.0018918591308817428
0.001962810918793425
0.0020111287568816416
0.0027814265746417873
0.0029035144333092217
0.002978804556347723
0.0018693591495871974
0.0029801559953575195
0.003018007905801366
0.001691890116367875
0.0032008241805612557
0.0022431130862902164
0.0021065169188090077
0.0024407314817220627
0.003211535946473219
0.003095383988527871
0.003103718110382408
0.003110694096739598
0.0017788630551597447
0.0029756724199154587
0.002659605447999187
0.002336890480381903
0.002246163901812588
0.003148072421859061
0.002452984996951329
0.0031112900929868557
0.0032506470432245396
0.002969612529152859
0.0034043252782846906
0.0023322238823480336
0.0030781957024681402
0.0030271366692775203
0.002156942235501994
0.0021164745156461167
0.002954106777725886
0.0034910025517641717
0.0022062683510676194
0.00277293782899151
0.0022368313764266202
0.003304214054617415
0.003339817043557634
0.0027381180590162206
0.0019864569434241705
0.0027377658521307888
0.0032910230139042715
0.003708946356750286
0.003560678256946737
0.0025571122625621667
0.00350814270991498
0.0034077379379665374
0.0034814613538530492
0.0036944213153714033
0.0027619223106176453
0.002365121560199757
0.0028920056613087625
0.003382232987631473
0.0036749094450768973
0.0029776882216081078
0.0032019303728676738
0.002240653274037361
0.003973784892982235
0.0033166622460112367
0.002612906772421136
0.0029791101288317817
0.00378174875748493
0.003498871805077981
0.0030522742715905437
0.003706796321035094
0.0035124703343079435
0.0034366259531613806
0.003266817042920509
0.003520137404938133
0.003018251171901345
0.003647896028783485
0.002832338804982077
0.003395469260037025
0.003743397825606968
0.004055845708300189
0.003610005384851342
0.0042153218083997475
0.0030756701628208197
0.0040495609740480035
0.003126564100378794
0.004430597152668272
0.0041528921232780085
0.004105212589789296
0.0038474478486084933
0.004129094070201711
0.004499338502617849
0.0043671213001401435
0.004298332312188284
0.003090295486972262
0.0030174391050572006
0.0031678282961588224
0.004126326819487495
0.0030077936612389173
0.0038435196893322255
0.0034006187256993814
0.004427068044228187
0.003041785007592466
0.0038153815229384808
0.004473979697736781
0.003164959999563859
0.003929815257275339
0.0033604612798327715
0.004869441261830537
0.0032741384703753366
0.0032672107055072785
0.004987793331590516
0.004389053405917122
0.0042755661213308245
0.004564991588079034
0.0038415584944747677
0.004335608160470019
0.005105840039650882
0.0046338120314350605
0.0037730032088223843
0.004555005347405579
0.0034783177592559774
0.004506753731895334
0.0035985580841477786
0.004435558904802648
0.004183781357987184
0.004572602028484993
0.0047624799369092976
0.004876599310387097
0.004531106558120922
0.004085967237250383
0.004228783837937468
0.0048261485924677265
0.005180850221905338
0.005214716206087
0.005091481821840117
0.0045214627412385605
0.00561904142370603
0.004248535772671364
0.005108718225564145
0.004908893427987418
0.00417703377263454
0.00565845990986057
0.005605349539076627
0.004388006991140366
0.004501719760187826
0.005886067527525843
0.005022706801284601
0.005954849033017087
0.004487197020425729
0.004563159665798857
0.005415650723412846
0.006051160141139288
0.005960834603931152
0.005307673501205244
0.005655008122654038
0.005680235879913531
0.004630047915870434
0.00518285807268363
0.004535129691655222
0.005887785003106268
0.006310486137081764
0.005590413927209153
0.004863971415768493
0.004967490336178558
0.006097318355012607
0.004939950003263854
0.005177771656420039
0.005021800617107217
0.005479504846494945
0.006294029138861213
0.005424250764003764
0.005072656497072958
0.0049933243071557006
0.0050520371194380555
0.005573079428219199
0.006380587295308838
0.0060493823155663385
0.006015361638223617
0.005743256008242507
0.006924177636855598
0.00606769945803053
0.006391996136254767
0.0067764569069165455
0.005467160020437853
0.0061744568445158575
0.0063711454752491915
0.006429271613469139
0.00703370493269159
0.006062274664704723
0.006972925639036794
0.006379493795951189
0.006412343879159074
0.006353863454929165
0.006446379217871178
0.005816420665666836
0.006923260463350843
0.0063531808987117005
0.007352523063968649
0.0073057265626243414
0.007507681529173096
0.007112502587719791
0.0077064882743268694
0.00668735001525343
0.006136735740216188
0.007155368968195119
0.006594522744619951
0.006676846933770091
0.007820758474147553
0.006508122444791394
0.006880367107927405
0.006443938527302759
0.006558571234284414
0.006810969284787228
0.007933928182691768
0.007815374366670598
0.007682264791457079
0.007346283982783421
0.007559750861962503
0.007370923508504746
0.007508507307483268
0.006943188930804027
0.008246603053993736
0.00792819981876446
0.008579166375811357
0.0076034630325645764
0.008176723443291335
0.008726840787168384
0.007337991691131656
0.008459999449013248
0.00782331086171248
0.007337814363616989
0.008003764617108739
0.008463771599094701
0.007867596769256052
0.007855243838362029
0.008269314436969107
0.00857111769437054
0.009170890482060377
0.008546076002140609
0.007940173324655775
0.007768732081347219
0.007679093575492856
0.009198337235571058
0.007838730338782992
0.00834041222892457
0.008694379298991183
0.009186394272418465
0.009288919052944423
0.009573742652577148
0.008374988994946713
0.009122872025872792
0.009168155545091943
0.008610058606437161
0.009371585311181195
0.008431752323787014
0.009934320749255482
0.009586798093583336
0.008609511573168341
0.009414131491027287
0.009849185361633955
0.00965227009854131
0.00875120683192129
0.009688765288648296
0.010319067508548526
0.009674789345954289
0.009251518418632955
0.00944184611996727
0.009984882296523771
0.009848595739891207
0.0101610378935633
0.010340605248349434
0.009735676447135827
0.009734306639773078
0.009322756391081684
0.009861811556935109
0.010127097393858071
0.010896174200365101
0.010275083333317345
0.010733204122691077
0.009726956937556356
0.010244112163541921
0.01013590768811951
0.01076662781109399
0.01042712005549151
0.010340243825890704
0.010372898179592473
0.010804680070404589
0.011181161736705941
0.010326191730082654
0.010997160986454237
0.010815094512747148
0.010763014043770242
0.01026784170998561
0.010531068618946647
0.010580602126573507
0.011742479449583983
0.011959410519001928
0.012115942458969613
0.012106207114876194
0.01225062022697668
0.010770502951612157
0.011032120499581816
0.011282546263399338
0.011236752682845363
0.011677238854119594
0.011912578190435008
0.011534727092371582
0.01234063041975042
0.011869426474362173
0.01282206388647924
0.012064779501221989
0.012504032695588203
0.012053446034153934
0.011528478294364222
0.012930740564079656
0.012128272006603132
0.011882512866261873
0.012952922126609236
0.01326000851807692
0.012596404253056234
0.013468601425501773
0.012231236587041455
0.012628387384199798
0.013413456129753584
0.012378613127801865
0.012942215007722418
0.012541049145029792
0.01251634183959823
0.01290326743605312
0.012583370639211312
0.013830254847683738
0.012766850789015297
0.013187395069653725
0.013251144698048051
0.013839593157062756
0.013515078293355274
0.014464962932901523
0.013596876839235904
0.013235532452275081
0.01455635163401434
0.01394997859457581
0.014220439962738772
0.014826383135490671
0.014438203923655227
0.014272252783263065
0.014201952381125635
0.014371433556587132
0.014570099469714382
0.01521287686952522
0.013873792671645574
0.013816330765786393
0.015460106439187042
0.014608327400643183
0.015320914355519624
0.014600826321984945
0.015023146275095808
0.015483995713474741
0.014291413883722778
0.01478232082080798
0.014760320104152755
0.01569467733435672
0.016068106606986723
0.01477962127708922
0.015748650217306516
0.014768734980694488
0.015016150093710717
0.016519334175093405
0.015755201355323368
0.016289017100881726
0.015974351146172936
0.015151199032375034
0.016125145980858218
0.015302686952202821
0.016058859758050766
0.01704130576397809
0.016025308885867787
0.016409799335459135
0.016844923807628726
0.017077759373232075
0.016512848323974292
0.017312096641132087
0.016166427250181515
0.016060749606013537
0.016849775224358342
0.016358927291228426
0.017932194418055197
0.01678432906901658
0.01778085569850439
0.017145314396715083
0.01687904675445635
0.017777965925906018
0.01737181357080374
0.017686670710202048
0.017371050862475267
0.016837045763415798
0.018481204814613107
0.018026618378626704
0.01820337142167359
0.01822141423902467
0.017435686641348567
0.018562768001130932
0.017509785421685468
0.0185507461553567
0.0190438233508146
0.01777670307386892
0.018351734472701615
0.019439706705734056
0.018050322112022812
0.018820901552201393
0.01825188535007491
0.018145803318486774
0.01922526651564506
0.018310240641693686
0.01956293611670787
0.019333087974060515
0.01877185635425338
0.018981826942618903
0.01992599998587061
0.02035445030856532
0.020012267961391477
0.019269178464851336
0.018968860820118387
0.019938056459341505
0.020618237064455702
0.019682579961194713
0.01928475741459068
0.0197569066948611
0.019901586763063004
0.020419174499585892
0.01964370153648033
0.020048182650592664
0.021191049499641422
0.02067171077778386
0.02071687995482758
0.019907531575012256
0.01997738432053652
0.02128835146060305
0.021357643071245932
0.02179320205949511
0.02108907607432464
0.020776193710193264
0.02108900181552205
0.020595997870103626
0.02139744397585755
0.02087202797048859
0.021200169459450156
0.022510973579013178
0.02251370031550648
0.02134942953574158
0.022691941706302548
0.02172208432807756
0.021557393614901985
0.021744681261606252
0.022464015233276922
0.022023319248072246
0.022181375478220598
0.021826290149732638
0.022531308397568974
0.02213995533431527
0.02230228070341646
0.022998076316436324
0.022828692816825195
0.02247463672960469
0.02318362436270138
0.022904595751999907
0.023953408598979868
0.023360875079057583
0.02346390415200663
0.02314025517876618
0.02428901214300709
0.023866845882383393
0.02355769162280334
0.02435346404390901
0.02452547476004514
0.023234242849926205
0.024495693035783913
0.024892785366076923
0.023954950140086757
0.02502733559845121
0.024163227475305617
0.02375629193807012
0.02474882238794934
0.024147410806303504
0.024444199019519285
0.025490851016150437
0.02509742773174976
0.02450031481436569
0.024588827043548398
0.024447115340416433
0.024723804016570792
0.025986998170036604
0.025968053072638
0.026108406999861094
0.026087501184265276
0.025551727362003195
0.0254599852632157
0.025516503405424197
0.02525700336860658
0.026342251293187072
0.025482478294091015
0.025783699741644794
0.02688315622653649
0.025424698139820213
0.025912345684670653
0.025752901448452076
0.025691939399561443
0.026737993563411673
0.026049491536669862
0.02751349357065924
0.02741935847940197
0.02625644190742214
0.02746111700464262
0.027031140417725488
0.026381514222014592
0.027158191833043032
0.027349767792833834
0.027799629111965516
0.027363017863080662
0.027124408439776426
0.027359622964148254
0.02795854933317479
0.027033408268356103
0.027322311097258117
0.02736096520100003
0.02799562727583498
0.02797047075922284
0.02754237379705931
0.028951219394837736
0.028818536988821173
0.02905611378771022
0.02797220747575763
0.028178867907633468
0.027740294354209397
0.029029860860314446
0.028993658312406353
0.029413780655338024
0.028341479630227977
0.028698037579301203
0.02876731155766846
0.028779843160010466
0.029498121314728253
0.028644935058603462
0.028693039514488934
0.029277657124216337
0.029391453896296587
0.030238125329817143
0.02963171502870199
0.02997036079299269
0.029345969177085325
0.030235181898750723
0.02921094964810664
0.030128796243673563
0.03003609055839426
0.03032171334180342
0.031094254170490086
0.03010328452031255
0.030435654350802387
0.030970853347882292
0.030126335341996067
0.031451934670281886
0.03025176300045787
0.031744845159312515
0.03072661041695828
0.031155631526993674
0.03197738318805891
0.030798768442681847
0.03209203524589087
0.031729759099961466
0.03161097248238677
0.031722488211424676
0.03211816332462339
0.032412719379785994
0.03135605256763652
0.031631967593117837
0.031782654082585925
0.03256925566250004
0.03184411496707158
0.03220061796449817
0.032875260927502946
0.032595289320724856
0.0327376258443353
0.03329679055348657
0.032198101863061324
0.032883439977103385
0.032552443688943875
0.033550979405878714
0.03365022921431698
0.03232966501754543
0.03353107662512096
0.03308634234903137
0.03282885385196346
0.033607162437492295
0.032788284026978115
0.033006064848432416
0.03268810127876184
0.03344696065401154
0.03350341807800609
0.03430385046049734
0.03391886531185228
0.0333850645281502
0.03430642853244489
0.03421009599691174
0.03347858261570941
0.03318424309525796
0.03343411891405492
0.034086909044781684
0.03343737458419254
0.033678761615601245
0.03357515248319905
0.035089447868362184
0.03415135496714218
0.034186134145454225
0.03479810850246038
0.03392834719784612
0.035434968411424274
0.035628878246683225
0.03543685819063064
0.034734000014743
0.03480629150114219
0.034732128941281186
0.03572315353076418
0.03534059769722211
0.0350896490613896
0.035299492606749354
0.03509575267205148
0.03472635816673656
0.03494595725485677
0.03553302200838582
0.03559684111653948
0.03615077572303821
0.03642616295625887
0.03663261143056516
0.03535710079942399
0.03635030323634596
0.036962825407664227
0.0364425712053574
0.0370484780038036
0.03676413811595663
0.03654787349146659
0.03723057674581286
0.03579812903986376
0.036100376978109555
0.03734928140509636
0.03693244546767292
0.036310241336514525
0.036527506698885874
0.03688602414411348
0.03709097807417068
0.03789957855272612
0.037368117469622895
0.03638990346651738
0.03652634432205873
0.037676421651384004
0.03794916251045072
0.037851312090188986
0.037890330641156315
0.03823153552586306
0.038058702618667124
0.038027038784408884
0.03692732971996248
0.03764390622540161
0.036975142847988265
0.0377629569489295
0.03707597879367136
0.03741833452485771
0.03852374333588248
0.037797549127724366
0.038873096068618385
0.037625742039877716
0.03786136543530967
0.037719243050671425
0.03788202249568451
0.039251765463949054
0.03922871339486066
0.03805541189822491
0.03918021647164417
0.03779319990893829
0.03813419779914178
0.0379363336972832
0.03926628595984609
0.037992354369071085
0.03944659608309104
0.039687070475765786
0.03936224495432869
0.03819823778410185
0.039668300430284936
0.03973139594035444
0.03970263824160539
0.03979367672213551
0.03881584106134242
0.03867269524094516
0.03949107244239391
0.04010860826326377
0.03873698595045321
0.039383794563535725
0.040146176125882484
0.039164865300535624
0.039230026406380604
0.03886034014408408
0.039330740570270716
0.03955086959775841
0.040202605449213315
0.03978081381404573
0.040028010744279356
0.04031058643410298
0.040185399490548494
0.03925040078269494
0.0392248812166733
0.03970553554960133
0.040382923769690826
0.03950428998654358
0.04022781734923998
0.04110805138080557
0.04022673205347383
0.04061242631982389
0.04043238766789209
0.04012118797847952
0.04000831630542166
0.040314924707157196
0.041339262154547314
0.04145004545397955
0.0400199847802344
0.04018090734253121
0.04034722327379635
0.04136261449461115
0.04010664094136759
0.04086839920898189
0.04006112673999464
0.041013231339234055
0.041184931053413226
0.04140232871874579
0.04028351757645957
0.041508319115533196
0.040236932030219844
0.04059170770869375
0.04082243515656401
0.04077583275127726
0.04122542544848176
0.04081281066801407
0.04128266210285045
0.040899011306547564
0.041669417586688094
0.04113490307787605
0.04158241325112285
0.04163146050933532
0.04071633382383543
0.041730051255192656
0.0423011469167554
0.04236878678225458
0.04225071774513925
0.04203306407388532
0.0417193525140085
0.042351261285958196
0.04205859035363585
0.04106995000133792
0.042106563649143565
0.04148161328924777
0.04088546340962355
0.04242040024690975
0.04206849274825839
0.0425065672287277
0.0424924892908952
0.04119525573095844
0.04098508913379051
0.0422410311503812
0.04256821007851888
0.042666447845347386
0.04279151233444499
0.0412954144379511
0.041794204619392504
0.04258977190325054
0.04130253490102124
0.04150297540679541
0.04261784670101303
0.04211706472875821
0.04125790985142419
0.04186361486315524
0.04236798866596254
0.04295272691598368
0.042934964176889225
0.041756963178141114
0.04206784554333671
0.04239905256650782
0.04195025497967804
0.042961650202823276
0.041907862066553
0.042859337323313915
0.042550188776953914
0.04306759305625017
0.042408494300047256
0.04196372325532026
0.042432266918211475
0.043040248902361404
0.043033372453284896
0.04239648880136766
0.04268426043456462
0.041877460535565986
0.04182383702486074
0.04198915058121503
0.042388936754915
0.04148167162726667
0.04271374343443826
0.042084127808042084
0.04181483720574735
0.04163773890479353
0.04243650683840605
0.04214647680737069
0.04290511806963061
0.04232650952689019
0.04204757260168914
0.04279190297534751
0.043008464687201924
0.043047299123918886
0.04172045698763386
0.04176205541562177
0.0430066864027707
0.04238201020025322
0.04216258105785922
0.04243662842879921
0.042332338792361125
0.041463987247942424
0.04224840253710901
0.04161071504671989
0.042861645140811915
0.04237542107207751
0.04138590652257623
0.042868897038310996
0.042764882194344336
0.041924398606316145
0.04282276608267482
0.04279040580621028
0.04206826392769316
0.04220255598372604
0.04141509370037218
0.04157872617062007
0.042634349539519584
0.042976129475602906
0.04226162975301498
0.04240032317525701
0.04279810158023703
0.042707136087843926
0.04294195140098776
0.042347493071963185
0.04129747045424842
0.0422262290062885
0.04169915098433712
0.04259358981958747
0.04214530841365344
0.041381036477778486
0.04172870418766801
0.04195675224181942
0.04179624774033364
0.0423392681271276
0.04254567115594024
0.04110628602412433
0.041251133584991224
0.041880786766233684
0.04101102558192877
0.042253153986867346
0.04159916948259351
0.041171360264105575
0.04131417798698943
0.04181787007832851
0.04142517849886627
0.042259038483707774
0.04222499559033352
0.04102994927396759
0.04150733538804997
0.0407914229455752
0.04197312161375444
0.04115487336420238
0.04087175927650055
0.04156144368838641
0.04074421191623726
0.04116262730390599
0.040738576641518934
0.04145314459341669
0.04214890719565698
0.04047922581180987
0.0413926806397327
0.041143684032799305
0.04066409258879798
0.04040583630595198
0.0419697941435749
0.04031513667930338
0.04077140856655442
0.0407287039240136
0.04099491903447749
0.04073816075124391
0.0403283895336579
0.04094567157931037
0.040698260235339
0.040699103601591034
0.04132223732215088
0.04051228343276751
0.041552818800210944
0.04053000174317452
0.04010138238412419
0.04069006417461678
0.04148235936032983
0.03979557581182366
0.04064272542370591
0.039977674972216284
0.04003689170498424
0.040038192503086545
0.040813340090798775
0.04083817469354711
0.03981014223816131
0.04079005835480691
0.03973917961334101
0.040187810158094986
0.03975862891328564
0.039724423349528123
0.03928465694345864
0.0404414890318353
0.03947458634601171
0.039775599875330796
0.03908847907225121
0.03996926018748982
0.03904161064473713
0.039469784946484704
0.0396861259067538
0.04041377677578511
0.039334862933269606
0.03898696066706444
0.04035901177031565
0.039851820814240296
0.038698578032374475
0.040164338204335556
0.039306667679578876
0.03846378111382407
0.03977340872537899
0.0383548904143662
0.03852707497286432
0.03927530186897857
0.03904846297417083
0.0392333638318258
0.039495001159584785
0.039115178979299454
0.038976715391829043
0.03916707030159297
0.03843062965622322
0.038391124217997924
0.03897823023531371
0.03834017322601678
0.037857444970021775
0.03826174524722066
0.03821841546923145
0.038772065584413824
0.03916681618099174
0.038053174049463546
0.03823049376992679
0.03738583749880894
0.037409519278336544
0.03869203899417684
0.037923435879584744
0.03810353873150567
0.03810176113002368
0.03806848633808046
0.038037985478204216
0.037690635229553675
0.037981604209085716
0.037567827016438585
0.03813792976719701
0.03682885862340265
0.03763188978872243
0.03812030939533313
0.03795740928897141
0.03731265396642894
0.03701684861734997
0.03688576116695586
0.03617565922532117
0.03782806710096721
0.03628965451180957
0.036242523289808516
0.03733144267799414
0.03661810782171113
0.03718999129206372
0.037109124968615625
0.03730108637459076
0.03569115559320363
0.03690462168394979
0.03582998717568884
0.03711947168179902
0.03549270489398207
0.035326557751995516
0.03624385226978421
0.03517167623945401
0.03518500552283255
0.03640454592116173
0.036623719292418595
0.0360589038878582
0.035453774463543114
0.03601680395013587
0.034909925426772216
0.03543839607223317
0.03516383650320842
0.034843144083069086
0.03542354392366548
0.034385853853357864
0.03596968249037103
0.035323291309680836
0.03584045751522822
0.035603074573907274
0.034619165755225834
0.035692502543623626
0.033879346285986864
0.03461058618069042
0.035247381137377326
0.03487327074248158
0.03465322193919005
0.03503810347285543
0.034985847093784966
0.03434288839678491
0.03376204670344568
0.03495453246402955
0.03445785541381293
0.033467496947019774
0.034276076066171716
0.0343353574284749
0.03314354271824879
0.032827737463795865
0.03341422872507748
0.03426887543164642
0.034266740866011
0.03295737872613948
0.03310203025909908
0.03384737941575489
0.033191857516339386
0.03317302200890227
0.033577716503940466
0.03267479983510876
0.03344158266142151
0.03216367192392468
0.0322299970108096
0.032567484101102225
0.03199820361552072
0.03186050801160185
0.03171369985566292
0.03186066852037359
0.03207346047779421
0.03243249460447416
0.03128402429092929
0.032901776173033
0.031643837414517706
0.03197520388745846
0.031272062012132486
0.03238176486630853
0.03254781069581197
0.031132094495209477
0.03136280204804699
0.0322810384968876
0.03224397205961326
0.03069982644571439
0.03191763073674655
0.03164526889664221
0.030518782611992968
0.030615885927092776
0.03043603771359335
0.031015492730334788
0.030399941933279443
0.030897070969556743
0.030037941732998993
0.030650025501363812
0.030341559263447785
0.030832669260358502
0.029933200536905544
0.031072536944382334
0.030891763951017153
0.029645599389892634
0.029369990043791396
0.02955992232767633
0.030433065250084095
0.029272727426638546
0.02941695130936897
0.030076179922478265
0.030328364096959482
0.028917645054324353
0.02956800093773916
0.029488536376614145
0.029291606217420604
0.028392858434355947
0.029164364893333537
0.029019104662530725
0.028325517834156315
0.028810038998930025
0.02861031062927402
0.028983847557667985
0.02771119164439578
0.028752555010400884
0.029136200293455174
0.028141914057306566
0.028494831188284223
0.028923977845820615
0.02846490230486008
0.027757681871866783
0.02846935641333985
0.027731014566006375
0.027267022106019285
0.02744612603139784
0.02755536864516493
0.027130313894689027
0.026743459364574104
0.02761069239109012
0.027131632221058403
0.027657621089207756
0.02677246130265962
0.027412637546271348
0.026613804742171055
0.026315735273412112
0.027248263586278805
0.026349894830109386
0.02685125649599134
0.026680124157885947
0.025894490595639155
0.025911203267789135
0.02710324992130629
0.02533587137686399
0.02669651014435571
0.026383045558737907
0.025388083403961547
0.025148085317958604
0.025795262269622473
0.02643073747515595
0.025544689904251863
0.026275894669706038
0.02468078226102242
0.025562536614040038
0.025604612798292608
0.024492867855281056
0.024839941506182444
0.02453482802395527
0.025645832734792092
0.02497806117791475
0.025544703167766067
0.023905753081125258
0.024249059663717074
0.024075466220121314
0.024480713589207653
0.024485352125093268
0.0246731060776012
0.023694743222055524
0.02503437224920426
0.02401402222762858
0.02448264304994725
0.0241360076702059
0.024664653239642943
0.023719976630268737
0.024184122465752456
0.024330022429557722
0.023962475208479814
0.0227183481011778
0.022860846319809575
0.02269158350829318
0.02325709186171817
0.022504999241005196
0.02383730244441002
0.023794022061876693
0.022631582586839376
0.022977501572943003
0.023201324493568456
0.022498879797307022
0.023033410048412074
0.022836135647244925
0.021965613658961478
0.02313242871364803
0.02213249942261004
0.021901905025094495
0.021938473164189516
0.022051233360557743
0.022128818207768585
0.021276072118068326
0.021728316787843135
0.021344669932671385
0.021897723190608336
0.021748384819100193
0.021408188686138075
0.020971046217728613
0.021997408527418702
0.021832623077439047
0.02123770186085425
0.021452953858752805
0.02016025675763154
0.02019053210701999
0.02054322156020459
0.02138108922264817
0.020526926401237156
0.02067975014179072
0.019685956985036848
0.0198272785665946
0.02059405902598475
0.021096670758336024
0.021047330920104208
0.020357983221757785
0.02027384428854326
0.020253857762483563
0.01919220233284255
0.020432878067504434
0.01917723651027142
0.020213021030493283
0.019702954578812583
0.018810940736836083
0.01868301048079954
0.018579296918946855
0.018481365147533468
0.019757668176206274
0.018555647153342184
0.019821580421986652
0.018447046334349224
0.018136845988369944
0.01910478836921325
0.018436880454688696
0.01914552366021044
0.01913840719949375
0.018793037910893044
0.01932401132243338
0.01822015309012982
0.01840477045623557
0.0182513299181199
0.018841444653614797
0.01842566413109969
0.018206859212135586
0.017175686989606104
0.017931303308928715
0.01766397968824722
0.017469127034089104
0.017187925412495517
0.016785516955652276
0.017018696219260762
0.017303326441449045
0.016598344902859184
0.017780457833308814
0.018088722822445072
0.016966252235322315
0.016773137437020164
0.017097100026743178
0.016748964289174426
0.017217185140442074
0.016442498493017307
0.01710275800619329
0.016464809131245123
0.016470057456310624
0.01682937648378078
0.017077021911124667
0.01579598050908541
0.016806304163194057
0.01649833913299516
0.016459320745683334
0.015894213572581976
0.015388419344309375
0.015853211346392348
0.015985923366601273
0.015074817034733182
0.015970935041443694
0.016435975845149015
0.014763486554956611
0.015880687608655287
0.015315468906759964
0.016043184254357804
0.01490742627704678
0.015529486837790001
0.015719178096695863
0.01582348384998661
0.014353451888413865
0.014197509069915402
0.0141029328195207
0.014873928690682435
0.014225490158668986
0.014683403753272404
0.015459384678767332
0.014831042452573774
0.01485988246116404
0.014980004557109967
0.01506126896511903
0.015071631351006498
0.014656950912810367
0.01387217395970191
0.0138256815365271
0.014620576961630286
0.01400630184221341
0.01469354547028802
0.013787751561422808
0.013747825856210488
0.014581569979854452
0.013937358016086187
0.013285446515429365
0.013482713816572872
0.01329697588270086
0.014177739344771982
0.012577032150634694
0.013295863091776074
0.013020105110206048
0.013566285504042467
0.012575079745906331
0.013380481350342168
0.012344031445102722
0.013672256353128092
0.012869800981736994
0.01221525710099411
0.012440628577863516
0.012358111200801443
0.012670135688035798
0.011847518454147807
0.012261181812413294
0.011600834535883663
0.012153360087676807
0.012416440082438486
0.013072673849243804
0.013050099514040965
0.012803387033780207
0.011320074002025985
0.012650307320205858
0.012227022951084562
0.011434959523351178
0.012720661727347567
0.011565402730514835
0.011947351179918686
0.011303478271023971
0.011223229068198289
0.011452830797683843
0.011751457198883123
0.01094145477159718
0.012016901549822384
0.011443196579072066
0.011499451620278952
0.01187846335327711
0.011983301453716864
0.01157026305664369
0.010728273938627578
0.011658348155910372
0.01080232432305602
0.010325267915406836
0.011624343523049058
0.011482954004769329
0.010286339290607033
0.009979184828157454
0.010342767204514542
0.011314769597627764
0.011203337810408182
0.010343726071345519
0.009990985833232387
0.01067668816048752
0.009952366603090294
0.01093742919734794
0.011086101442371788
0.010333829723335344
0.009807611464764275
0.009227979801368953
0.00979498223722042
0.010384024124092447
0.010441373274266438
0.010063885108416921
0.009206924317413122
0.010425347735057749
0.010143585225760199
0.010074770687694128
0.009030255547789834
0.00919256705071173
0.009669893979159978
0.00861519031168336
0.009391484016890224
0.009175924973254517
0.009947196604328893
0.008690653479293306
0.008620234492174045
0.009023611848904926
0.009171554219866922
0.00859972135509099
0.009345649003981962
0.00891618590582582
0.008846491777631523
0.009496477715809196
0.00826777265713439
0.009132822444905238
0.009267372214020719
0.0091351279611838
0.008654266458690909
0.008992219505357127
0.008266577691743467
0.00798444168597273
0.007984487964924453
0.008301342973820505
0.007877475909139642
0.009123958508599914
0.007799200474947799
0.008429247029948305
0.008656161556164313
0.00794511433333212
0.007462141521321279
0.00865260793940855
0.008043972706141525
0.007393422718574676
0.008127236126524176
0.007354334400334822
0.00870031281960282
0.007960680918707863
0.007705359364064979
0.006866707164988799
0.007802926739172801
0.008509210923999366
0.007395219955953912
0.007751009455057116
0.007926557432224004
0.0076777838793988815
0.007152236055689202
0.007673082778281588
0.007108626216626784
0.0077414810346443
0.006833370459319257
0.007670789401872545
0.006441923673379747
0.007093605335129522
0.007829604059586529
0.006587849717121304
0.006710402406956758
0.007507242503985517
0.0066440141509029865
0.007570216396133621
0.006753997230649951
0.006497429960773749
0.006801249152866721
0.006956778132223543
0.006543181286195093
0.006459655414751897
0.006436241881321886
0.006269922464465783
0.007040416127017863
0.007111640017984782
0.006305209073663089
0.007250259781156594
0.007086921461022183
0.006493842872772407
0.005634151823912228
0.006774044503162155
0.005811855912475951
0.0057745824612574674
0.005425915655089433
0.006218975356221354
0.006708827859950674
0.005502397736747886
0.0059304511383632555
0.005574499255102773
0.006044551495762242
0.005961106608314727
0.0051028762959448365
0.005093909527100148
0.005747588071071189
0.006284070535476895
0.006468357276207888
0.005876775832878844
0.006100691781553836
0.005507957562520034
0.005340271980268591
0.0064820894691667045
0.004837971015107803
0.006028363764433267
0.005322154390767459
0.006176011136494223
0.005910922785395805
0.005713411170778527
0.005677968228963333
0.005417609636840674
0.00565218503009329
0.005949261790214421
0.0046561871719719835
0.005708768878810126
0.004582635880048742
0.004597593939594203
0.0054221311223975836
0.004839255802622699
0.0052010843725683814
0.0055465518818938984
0.004564118943169342
0.0058444350550163745
0.0043618305517726125
0.0057895523779601344
0.005365528640831603
0.005271207807771705
0.004240388354863119
0.0048661074696823145
0.005317227343951531
0.005554894189505267
0.004699184373074234
0.004503252529386648
0.004016517944870506
0.0042214181175429764
0.005260267682227692
0.005540927831194363
0.0050858853921745325
0.0052839424144672425
0.004177813978624687
0.004498004256783667
0.004544471959022433
0.00481003156307134
0.004747654174475188
0.004323797480023456
0.0051675476624044505
0.005064999031020025
0.005177653346373813
0.005152537895936497
0.003828632581534069
0.0047375312844100915
0.005032438680531938
0.0036014206879351396
0.003780736215975311
0.004769831009259027
0.003470179712724753
0.004799537199504123
0.00498679191480248
0.0036615531911396264
0.0032896669360670404
0.0032446764776838805
0.004328065074022277
0.00455142814701373
0.0033220991102415045
0.003629166516330875
0.0036237210877062883
0.004275494119434498
0.003633615939391476
0.0038092917425178153
0.00311427598693317
0.003544249604480488
0.004524905727136464
0.0044885280449861965
0.00448008531583069
0.0030380218566951633
0.004283139119616788
0.002912144622857299
0.0036151181700591925
0.0032967284889454116
0.004101980919111636
0.003173576119056285
0.0039577878114485125
0.0035257073486318668
0.003413168810866068
0.0028885037912148334
0.002998597305357086
0.003097321977887327
0.0026450632996145216
0.0029071837610467528
0.0031209282900358966
0.003138778983168018
0.0037916418699950696
0.004143978956771425
0.002997791872325211
0.002933727620686386
0.003829526299892144
0.0030526831230791827
0.003095391746955857
0.0024365310026756805
0.0039086119530222915
0.00292800445683256
0.0037723825736732577
0.003941808167195529
0.0030468492192425706
0.0026216456369821286
0.003958591496491606
0.0026412001607134003
0.003494502002221945
0.0026105821281258066
0.003235545327766196
0.0025788096979998034
0.0030999157414572298
0.0035847092384870467
0.003156492854677383
0.0025013640653039726
0.0024167992878254617
0.0034817464757783668
0.0037863793357074812
0.003625449997825915
0.002831706107442713
0.0021970160954712303
0.0036048696218395795
0.003487363888008034
0.002366289961870898
0.002932052202987965
0.001987605125132202
0.0020683335874552423
0.0034419698009703296
0.0031950152529929324
0.003636828246845848
0.0025933136959471045
0.0021243707244474257
0.003083675633218289
0.00311187536643505
0.003562559005384902
0.0018812433944736576
0.0029897874650682667
0.0034309795603988855
0.0019543088640052698
0.001957856688737636
0.0028957633092609393
0.0026254686186783114
0.002971722426276578
0.0019931686859503144
0.0024858287850416604
0.002753405324532515
0.0027299884442205454
0.0033351668410215056
0.0029414935820617724
0.002053943503083674
0.0016936125176147392
0.0017565833104576621
0.0024499117794294346
0.0027568903918075665
0.001663647821454866
0.002484349164047389
0.0026909824780138925
0.001501191457645345
0.0020380267778717727
0.0025080165964349523
0.003118273051303036
0.0016513967762858705
0.0028057115229934986
0.0022186293698018985
0.003116059319207346
0.002844929284876219
0.0022790327287755593
0.00205175539476951
0.0025813539084304647
0.0017915906176114963
0.00154266418572226
0.0027711071430582077
0.002624994299364637
0.002914489954405425
0.0028465436161915166
0.0024043434473347155
0.0020720199506729852
0.0025613543162175323
0.0021644977046320606
0.0029354350859369877
0.002772500825528377
0.002587960093445283
0.0026856092457674427
0.0013001604888057121
0.0026762611558385076
0.002531792837295119
0.0017610921385460218
0.0017417081087334116
0.0023475511088106877
0.0022215785482327414
0.0019499890482221564
0.0019561547299727948
0.001461027689614153
0.0021006027760935545
0.0017430407191581262
0.001992429473016596
0.001159877738859552
0.001471244753409747
0.0012430148455969713
0.0020197807099721363
0.0016229396237713984
0.0014730016395798427
0.0014598256605527593
0.0022965369045494207
0.0027321337995386036
0.0017376503272431168
0.001189086130576083
0.0015476292634062376
0.002552209757936414
0.002306554817559845
0.0019463553897280115
0.0010787698671537289
0.002606431558812009
0.0013891818477897496
0.00153736237578486
0.0014232840534289632
0.002447608490747149
0.0014839430224037908
0.00215680956995302
0.0009116997791869581
0.002405454757584735
0.0022416198612421937
0.0016242553148591936
0.0014829598647087825
0.0013678191787505692
0.001968458468650704
0.002372576620053577
0.0009496815843982083
0.0021503439123481656
0.002032401408388912
0.0014832112899956162
0.0018390439523928795
0.0013547094996384044
0.0010351414634899938
0.0023743159619734793
0.0018336944718164707
0.0008614722310135222
0.002060873012071123
0.0013489260667531662
0.0010200800941663167
0.001478537177490285
0.0013093767054912606
0.0007932895827962017
0.000886516275845028
0.0008208601752278236
0.0017070037492612252
0.0009544759167947255
0.0023799166946880056
0.0019411083426019678
0.0013358480055620633
0.0023629500241436462
0.0017173524197220016
0.001707645260512748
0.0017512614164857073
0.002120806590496913
0.0021720715167587476
0.000964905988687412
0.0016699771444336582
0.0016529796725068852
0.002160281046858464
0.0013491541567361139
0.0012047801829734898
0.0014153796440473689
0.0008802448465554999
0.0010789970533589526
0.002220108168468755
0.0017239215396933566
0.0006183533864729945
0.0017909915389452721
0.0012394492645197257
0.0020928429258617732
