0.0015354226773913288
0.0019277220744047046
0.001178001492120027
0.0015254983171212185
0.0014217114682300558
0.0012058294719762836
0.0019047959912988613
0.0022495838413026065
0.0018368132141056179
0.000978221215116117
0.0021112803806692553
0.001680916918208908
0.0016617488796854603
0.0014562459373751225
0.0012705660259345853
0.0014884776984433544
0.001709924901636317
0.0023479031053242855
0.0010928135799222426
0.0023906525845100576
0.002156338282296585
0.0022929864410818875
0.0019548629991675147
0.0019304135694858783
0.0010263823082337907
0.0012645362720394696
0.0009220447251602486
0.0022381943794060007
0.0015911012981282707
0.001330618960272182
0.001141678175889517
0.0021101642591554153
0.0024522120484232078
0.0018624429109916798
0.0024561766733449215
0.0018763221469257378
0.0015105994142995223
0.0015428216251493717
0.002171305745924391
0.0017349474651191337
0.002512868055303081
0.0015192581688207565
0.0009439914431432528
0.00205696481415039
0.001014867387602878
0.0018169784403626909
0.001191672751945516
0.0013159134527707017
0.00213229959369538
0.0017598764758704694
0.0009157436300900995
0.002224891181167636
0.001207717764386452
0.0015708949779567152
0.0011948830434779013
0.0015860336490692165
0.001847810245742111
0.0017352282599012092
0.0022154238702250485
0.001806671736231724
0.0020629287677031917
0.0012208690779000571
0.0021617485117691594
0.0015451007961026666
0.0011538933436833897
0.002558925261510461
0.0015833504538594607
0.0025165680953299365
0.0018109265663884542
0.001674783645557815
0.0022803512122802246
0.0023147166997327735
0.0014530481406320797
0.0025931012393365974
0.0025160229151205706
0.0024292562198108543
0.002200338711488818
0.0012955713511209473
0.001992934788193993
0.001370361484429935
0.0017036254508761574
0.0013082037432718095
0.001397040047297491
0.0019122959987480665
0.0015991428207516674
0.0015753472681211804
0.001790436951171158
0.0022490826423361525
0.002319946017981315
0.0014482580537957617
0.002934069100778102
0.0013037685434583595
0.0014888095333334878
0.0015824389215971185
0.0027702151076100983
0.0025495843125045584
0.0026784141013368816
0.0013263344666341816
0.002005107385215187
0.001466032340520741
0.0020321499068739306
0.0025022230153472734
0.0031109831049594837
0.0028031764816032942
0.0031268312509681977
0.0031383471165471366
0.0020155538873683175
0.002199874257418096
0.0018139465912303389
0.0026509032958814192
0.0025032050810541557
0.001966878025961194
0.0018802157432209342
0.0018141171596084947
0.002032723061099471
0.0018630785571424264
0.0021010084458071157
0.0016294958108490404
0.002538186965810958
0.0017768145657876939
0.002372847061007578
0.00212887264962597
0.0025525362565536106
0.002515927383354414
0.0018889917360401865
0.0030861276073423055
0.002852287330346679
0.002809301079248396
0.0029993150750490956
0.003039864448206797
0.0027186046793415347
0.0021568859167311904
0.002045944104490147
0.0027492517050103082
0.0033759217601882635
0.0031215231722265826
0.001982329218256126
0.0030590354368387083
0.0023053768683454143
0.0031401950789723865
0.002902108874438241
0.0034953932633669314
0.0024972914691279626
0.0025674006899327447
0.003030565697384313
0.00254980464945287
0.0036772663229148912
0.0035653204250571677
0.0034457115294718034
0.0027907323375926632
0.0020470459091953865
0.0030250451291925864
0.0035396025647716814
0.003092264173449879
0.0036492007487915726
0.0025527392717830913
0.002511996542789226
0.0029722760727267372
0.002884532928188835
0.0030970023322679503
0.0036032135887303766
0.0029060828642091616
0.0025008485990790277
0.003250173745815367
0.002484882346114422
0.0031440361632195965
0.0034883919026113663
0.0038739314869431427
0.0037186109702328635
0.0027447483220178317
0.0033881906740466077
0.003931375802966973
0.0026817318192099535
0.002825263276831259
0.0028379218307914606
0.003122106349608258
0.00253203396733406
0.0028850405942446892
0.004221574588199623
0.003620048850451181
0.004063501201705579
0.0033918350500570724
0.003472097881402817
0.004158338817218719
0.0031000348105784674
0.0036043933647617907
0.0027566810645269424
0.0029129431567835344
0.0029418388573918025
0.003433233041054079
0.0032819142763782757
0.002864800931319203
0.0031822831901435673
0.004281612249752796
0.0031403700363132696
0.0034444047579492297
0.003808626770839528
0.003937933303993738
0.0034853809333515407
0.0036259210617076575
0.003977286415170179
0.003043109213889602
0.004488396711946696
0.0035441597933977558
0.0035167611491796233
0.0038131861154050628
0.004098430903876858
0.0036839988474365597
0.004622232933811699
0.004007685346724909
0.0033361749746927765
0.004810219654473546
0.0043148268025954934
0.0033344988461209623
0.0039663543829206345
0.003939431998938943
0.003990334250820367
0.003902602195321084
0.004050773358700538
0.004683009656202014
0.004657038047873571
0.005032349870277005
0.004112761506418618
0.005163484974726264
0.005283166965188228
0.004181064813935378
0.0041065917519831
0.0050565176691620495
0.003895555831496393
0.005267274494041183
0.004112193868079203
0.005375960646448266
0.004176470709298599
0.004526605604496289
0.004231645538264005
0.003826008328214269
0.0054758793334398126
0.0049756818435053324
0.0050277192190614165
0.005049100301936517
0.004632352120955089
0.004287688361682424
0.005007708692723056
0.005763058952588297
0.004215595375614043
0.004869582040238504
0.004144490198730394
0.005468895458278531
0.004552540682141109
0.004946615853960477
0.005809511275473636
0.005399432945294616
0.00529614955357494
0.005220562327937062
0.005494607856317342
0.004944883219197704
0.005713664754007762
0.005638116015184213
0.004863815852073716
0.005060340946727747
0.006159640530068831
0.006059217571284
0.005257524969261135
0.0060524935714821185
0.0061518895086103646
0.006258224756872546
0.005261961424114889
0.004770084278725495
0.005350363733865295
0.0051172389921315346
0.005995450028926388
0.005639513552202668
0.0056717513620264505
0.006510041814006361
0.005908716884636623
0.006108370334626649
0.005619062160564988
0.0062091613016464105
0.0054452206401992016
0.005676446087619898
0.006632161356293826
0.006531076882939831
0.005880322823583502
0.006097194063092441
0.006943761278478519
0.006054391364840428
0.006617883347852066
0.005863180811923828
0.006550503506457107
0.0059365192295965825
0.007137091645617215
0.005997089114912872
0.006663156179160988
0.0065425575479418335
0.00588285424335746
0.007453551655947378
0.006569235258041886
0.006515008477471847
0.006784931358489029
0.006909806731699358
0.006141218312541296
0.0064573220114171855
0.006664094385714045
0.006559161890796546
0.0072520004913354755
0.006104991343120753
0.007113360940837963
0.007031542963576083
0.006889210875956925
0.007532769774712341
0.006712489698276213
0.006616671246537411
0.006392307020407346
0.007340297298156179
0.006959993081674767
0.006759334956583205
0.006804742296166528
0.007588246426629806
0.0068019849171485494
0.007990698523476553
0.007668299605809474
0.007612130366653087
0.008361665399356703
0.007845901874423869
0.007717420154983378
0.007647633949175129
0.007940355510976339
0.008503960474767033
0.008097136366543347
0.007579382737628424
0.00842490231782655
0.0074599655643134855
0.00886434929332119
0.008570446424520272
0.008652748052922168
0.007524275694104208
0.008168240623257255
0.007598859279860958
0.008542504785206084
0.007698713894801291
0.00807475139494835
0.008086530279345213
0.009328743340472652
0.008683292571014876
0.008776142940595304
0.009231870246392031
0.009159521495183528
0.008368511444194818
0.008842662153510449
0.009618133854604775
0.009528432319185196
0.009544967502183555
0.009734693454910345
0.008916355948040406
0.009906854449228002
0.00859674819381239
0.009008682395556234
0.009712597208796197
0.009519439770006567
0.009744557128674449
0.009789529868897914
0.009589120631709625
0.009809713397902839
0.009455781559045414
0.010152037785531894
0.009380225768847686
0.009438145581341177
0.010202858420535683
0.009107001763269288
0.009574062966174888
0.010217103795299321
0.010564065381086016
0.009584401785504125
0.010378884425101025
0.00988215748736093
0.010181918254218505
0.010106913005503431
0.0098829416870387
0.011134202371826538
0.010532172990542158
0.01102959137890958
0.01061346018554516
0.0103295068363975
0.011026376749420749
0.010466121355632048
0.009838777977271142
0.010470540529133822
0.0100339192762229
0.011011760969584464
0.010983857914449516
0.01038030905752829
0.011018950237259332
0.010695332677973405
0.010482638206644124
0.01082993967129668
0.011232165218829058
0.010635754104869917
0.011573444613654702
0.012004099853960936
0.010757953221141973
0.010806576159220312
0.0111657791926117
0.011396058760424065
0.012422817351437219
0.011087299746372075
0.01103770461630568
0.012322972142330921
0.01195020937403702
0.012241742300284337
0.012562649005539883
0.011769470645200612
0.01170791531352338
0.011321787390623029
0.01164800618400007
0.012249581199441518
0.011652254138355975
0.01234225028669864
0.013066854093893658
0.013283150978592985
0.012351001241571694
0.013128840303307328
0.013014962657374061
0.013501412294981517
0.013122859171190004
0.012900399489189184
0.01309896409416477
0.012851630870395191
0.013084597139962498
0.012848861071265988
0.013084512299178074
0.012753990761349985
0.013719131949923304
0.01290050914402068
0.014117797246402119
0.013231210881993126
0.014304201683917961
0.013252974683281455
0.014359791385271613
0.014327799694099105
0.013268236095703745
0.013083279623370973
0.014033802706641663
0.014463001535133257
0.0145762310773652
0.01364965136948642
0.014796439878986658
0.014525382215520742
0.013568035668023172
0.014853518316895893
0.014117453262623569
0.014100144027813795
0.01517157369963451
0.013827382934744276
0.014381002560621409
0.013939415464587549
0.014429435037120582
0.014865688093456956
0.01541702339803
0.01507932659289756
0.015534525732966223
0.014655151257807565
0.01460150366750897
0.015870374493756542
0.01500555460734689
0.014689155058391619
0.01584835870412623
0.01535865412322783
0.015419133186001988
0.016074339118576714
0.015842978637876492
0.016651147862371287
0.016672118507776754
0.016374885517329914
0.016316407470791498
0.017002340671294233
0.01696592354585354
0.015778537769491854
0.01694601206389601
0.015597388830362846
0.01681598572829395
0.01662591536561797
0.016672926951982556
0.016946186414111983
0.017622519774481735
0.01621535660208608
0.016860591295721615
0.01761628372749078
0.01720697145223987
0.017454927753420987
0.01767271921844983
0.01730102393479235
0.017930289764814398
0.016766317655675135
0.01672658057837842
0.018430248368882206
0.017284353409077063
0.01859588499948126
0.01698731444143709
0.017655445316606296
0.017701251131686756
0.018271796539625632
0.017299859657762293
0.01824428704065112
0.017390777458799335
0.018062560146221183
0.019038557640636788
0.018107502427380528
0.018569741974144443
0.019441008374933625
0.01891181813994613
0.018194458656158208
0.019024430997192532
0.01827596271861867
0.019304903651815315
0.01930602961403729
0.019286723563420906
0.01905800532842166
0.019796630148070298
0.019764171387794606
0.019442372646876396
0.020199984542597086
0.019015530729478636
0.0205257094327976
0.020107298770074018
0.020170083140848956
0.02050411693096173
0.02024639700601896
0.019583612978678024
0.020093722951791865
0.019533365478561465
0.02085882959014542
0.02083851627033338
0.01976234497034752
0.02001477431862827
0.020839555437411388
0.020111357056614154
0.02000868120441178
0.020089909810437467
0.02176554872830686
0.021128148971835483
0.020963228740650167
0.021667871128195126
0.021533544412665907
0.021799139767480186
0.020773599400050975
0.022132637934740237
0.020996151363947977
0.02243223944332599
0.022023191572252496
0.020946161847681225
0.02127099032784229
0.022449147687741436
0.02165425744850278
0.02209311008984953
0.022672223695406
0.02196516544420115
0.02270741205850683
0.021681194330593078
0.02311194034782374
0.02236898385967041
0.02232541939805492
0.02198371454503252
0.023408663526959236
0.022388875179627066
0.023108069204208933
0.02308136150181203
0.022841947655933902
0.023687588052868983
0.023621049900152763
0.023387769228250962
0.023441749607751295
0.02338787228043097
0.0243949576489759
0.023737943841585448
0.023379925518886496
0.02303809565031752
0.024125714826347764
0.024539609640679097
0.02458517247163847
0.02343183423891344
0.02481839488206615
0.02454142936292679
0.024724426542486536
0.02411501446064079
0.024450473167496323
0.023894967123542634
0.024709517574743753
0.024137836164628827
0.025520263593329713
0.024834050303186295
0.024430725470699466
0.025611133666594555
0.025579025766745908
0.025382649222269987
0.025370754109500605
0.02547309073766417
0.026044810506214836
0.025293200968873705
0.025379047267675568
0.025378022025172555
0.026708997611289986
0.02660187322227454
0.025398643718948736
0.02587291694594401
0.026437234561091805
0.025884655543225787
0.025696302199064
0.02598871004611289
0.025996440883114345
0.027274725533310767
0.026298843949273783
0.025995679752173005
0.026715562302307157
0.027649610034498808
0.0261989603826886
0.026357506547583495
0.02638312431749367
0.027132184408154413
0.027764193225260907
0.028243579869213744
0.028145299849079687
0.02765879630805849
0.028099791898490233
0.027132321206483744
0.0272316880718348
0.02802034813412528
0.02751879926239725
0.028496186848434357
0.027276138681009397
0.028854770237037173
0.028148827602958656
0.029093818006633052
0.02848095569452555
0.02920348509157491
0.02854815600037348
0.029412424551960678
0.02921353972643486
0.028792639752022835
0.028351988793575464
0.028195651772729115
0.02871383693713857
0.03003605849830045
0.028391040713037503
0.02856384981269606
0.028783796013409642
0.029663736652478033
0.02933917616128357
0.030026320980703916
0.028906721387681564
0.02932454088901568
0.030027793671625554
0.030150659406931846
0.02929611281983342
0.029364944499536506
0.030822855393306897
0.030111081136098033
0.030070988302233884
0.03116680731132904
0.03131562425453003
0.030346454361554955
0.029824352956596738
0.031278683072710596
0.030519879120964388
0.030228040045415336
0.03069878566874379
0.03149029776467585
0.03127994444559606
0.03188566822739239
0.03049681583271712
0.03151379054123048
0.031117008083110437
0.03119775946121338
0.03148723198390469
0.03182964144786817
0.03221820133306948
0.03141833799852817
0.03267732665986582
0.03267717082675048
0.03222278967835093
0.032356544272220275
0.03266027566811971
0.03187314619188907
0.033227060557199796
0.031642928737529406
0.03293262840427237
0.03183835332104025
0.03306338853543201
0.03234812233698708
0.03202233915060561
0.033040228008719794
0.03318232961004859
0.032153519218852504
0.033455628945405304
0.033833905202007436
0.032718176965474306
0.03318567099742924
0.033030714526541285
0.03295662025216369
0.033854275326803546
0.03337887819810302
0.03445296743927223
0.033121125168037974
0.033764335432110625
0.03461580959675263
0.03393960404533669
0.03371674056461
0.03476443194100228
0.03476420371305196
0.03471191239338221
0.03498414500816467
0.03515320065300221
0.03409531325722933
0.0339416829949904
0.03418093857611259
0.03388828813702388
0.033906792279098125
0.034115327389303236
0.03444792494108927
0.03507561304105553
0.034448550972986124
0.035370216581781536
0.0347396026993592
0.034804578243634435
0.03615354677894415
0.035994708303105735
0.03484485863594552
0.03611211904783468
0.03607620672298983
0.03494528965208651
0.03619259642659927
0.036603731087583975
0.03579916149127891
0.03526464629678667
0.0358283750974103
0.035874560326634615
0.03634214413474368
0.036350758108863464
0.036181099846201464
0.036208187019417644
0.03573702134577787
0.03627304301420095
0.035730897754447044
0.03572321035240524
0.03616299654777893
0.035976348812586934
0.036684860231207365
0.03646061405285567
0.036300997734474844
0.037193564253801506
0.03709979594427051
0.036286631142044355
0.03723800035011147
0.03692766885627229
0.03682061175308861
0.037016189294116854
0.03793663972710764
0.038223909011258654
0.037678452614962346
0.03677568222507848
0.037706711174947005
0.03786748917685564
0.03723790570222702
0.038628823792013815
0.03739054013094054
0.03806058360805986
0.03866698724692244
0.03730380709920943
0.038258001954562276
0.03804088214953691
0.03859322851675672
0.03789903609258409
0.038317266393124876
0.03903840839874055
0.03894036731238591
0.03873082599311908
0.03928503037962392
0.03765450058599631
0.03833326843193654
0.0394860679971468
0.039496801304358356
0.038207057622026294
0.03942448742092536
0.03809929542410193
0.03809558015737661
0.03974223622178867
0.03971803220545584
0.0386315076368426
0.03942424004037045
0.03943728018574031
0.03866934180683479
0.03864429961408161
0.039730697032064416
0.03966607018424506
0.03894205980921811
0.03858706581673533
0.03958620267110522
0.03929982568306812
0.03922144409032073
0.03910511797890884
0.040301801884676865
0.040536041743426884
0.03923181627792116
0.03948152570053057
0.03986275871746338
0.03962104010782751
0.04014704021099398
0.04067860519547774
0.03928535994220072
0.03927120337078861
0.03983128183967162
0.03927716548961244
0.03964064752493343
0.03977464693326513
0.039847572964127845
0.039572504739079466
0.04052450849872214
0.041001462360311894
0.04035749975397538
0.040632731706887595
0.04059775504608185
0.040653817152770486
0.041452675645539186
0.04143806945208054
0.04069948872711398
0.04147791899910505
0.040145891953927725
0.041375676243283324
0.040216078502219144
0.04044318378679371
0.04000841577094453
0.040813506839647434
0.04136791230001793
0.04036330621168739
0.041026355078764606
0.04048140272805528
0.04091194263074527
0.040993187782279866
0.040877902882676426
0.04139384847731099
0.04197046436246759
0.041825324045731846
0.04129429989859048
0.04054414818436332
0.04121302965839339
0.04218182975142687
0.04189628606192641
0.04155315560677172
0.04224472700027715
0.0421177081305181
0.041602135476539084
0.04172658378510471
0.0423877958085109
0.04083668546706117
0.04149208192391396
0.04172303218163819
0.0410205976844843
0.04124082220470614
0.04157955562627238
0.041221898841565935
0.04234342654412451
0.0416513396331621
0.042265564836897425
0.04171283927054775
0.04127346252063963
0.04127909370042312
0.04121493206030995
0.04120284555087639
0.04236200519192087
0.041136884037163916
0.04267489574045234
0.041795225143051395
0.042821113392518755
0.0413776692090246
0.04173273142402426
0.0420929360263723
0.04289826651664534
0.04186731382321685
0.04186398010567257
0.0415752906652693
0.04294126236889375
0.042298663049630675
0.04149374730064897
0.04247185763336742
0.04277093102986517
0.04129771034732082
0.0424550385818914
0.04188847684128205
0.0416193645780754
0.04285284308645566
0.042732686529093726
0.04187873040389302
0.04142955043856689
0.04310803637092315
0.042177291556075455
0.042404075020977226
0.04296034565524846
0.042867191452276285
0.04284773215832913
0.04219043058092474
0.04225283667137064
0.04197454099444113
0.04270241033047239
0.042870622845704795
0.04240390180281299
0.04223440811485774
0.041423534561986504
0.041893297480505104
0.041935113048118755
0.04195899835206809
0.042061890153650326
0.04186314376274372
0.042305200705914904
0.042966047330275016
0.04250413907443613
0.04164717338145395
0.04238409355079542
0.042494442302520925
0.041571590812476265
0.043131669135258684
0.042464439311277684
0.04284460148695573
0.04288359977422767
0.04195663860092725
0.04211802328893638
0.042430303842746306
0.041919751300961546
0.04168365557232425
0.04216462387887142
0.04205035790208775
0.04157112116597401
0.04198430375095937
0.04159044650625017
0.04267820698684066
0.04237428679927646
0.04197848679520643
0.042806037062634174
0.0420462122384931
0.042327940477681736
0.04243879789119731
0.042697418468688214
0.042860389181913164
0.041607061155080255
0.042082999790649785
0.041465629263852895
0.04130147292977679
0.042458653349704424
0.042002281088650305
0.041976325914389184
0.04123083533125559
0.042328585697244264
0.04240494283060124
0.0425890836186662
0.04162410961049429
0.0423082775384799
0.04157922241612582
0.04188489383368456
0.041514109806712655
0.041948519441472557
0.041126231375957986
0.041936306380185036
0.04095338734969062
0.042030505970708225
0.041979456919318786
0.04196223937337244
0.04214469234061046
0.042106294460336244
0.04244746411287
0.0420642604881953
0.04193582001326231
0.04190484550025848
0.04175661656424149
0.04171827767489939
0.040979284051128495
0.04178942182074914
0.04122897879731074
0.040828173646220434
0.0406612784246341
0.04092112762177165
0.04068202664917289
0.0411666986799323
0.04061825179766135
0.04112768931516137
0.04114544754336566
0.04207210524204978
0.04164780457835605
0.04083563213758671
0.04041250901641747
0.04084732509622862
0.04192915786766266
0.04186297255567366
0.041507138095275765
0.041649873964238436
0.04100843810441103
0.04027005288278707
0.040741776179493004
0.04140885691719861
0.04139370818948172
0.041489121826785345
0.04078762863514617
0.040152289542845686
0.041519922804249446
0.04126707779110471
0.041144291957848356
0.04102266141889829
0.040109724710018634
0.04049412102417138
0.040936748584873936
0.04031989449413339
0.040111217939651826
0.03987474381613693
0.040223296390395305
0.04108923177970043
0.0395175318992486
0.03969746019511216
0.0405779331035074
0.040046697236220063
0.040399788163301587
0.04078905647373749
0.039705547292911106
0.04008624247983905
0.04066798473721236
0.040117121609022054
0.04039253277698766
0.03907648539158349
0.04032362654783553
0.03885810618310285
0.039130070317117335
0.03878088629959736
0.03889499071893362
0.03968980435832252
0.03853814685702366
0.039413128193620695
0.03949573297227709
0.039270130210335166
0.03834243515911255
0.03828578363172949
0.039970498445870875
0.03834212676315732
0.039061636150142895
0.03906622791413737
0.03945326149325534
0.038692763913579786
0.03851455038013867
0.038317582427513694
0.03889749100261041
0.03808123287363212
0.03771208979887144
0.03874855950930128
0.03775804154798187
0.03829394971310765
0.03817396034501405
0.0374731302731242
0.03907699310861075
0.037408314488609026
0.037937036913478814
0.037664716475741926
0.03780494778305679
0.03809155257462437
0.03756074383834036
0.03842123492692189
0.0378080484667074
0.03853649228752604
0.037120790768247945
0.03764955158190556
0.03819616439184206
0.03835874791870087
0.0370095821236808
0.03722641492719368
0.03740010488314179
0.03780968583750678
0.0366171029380857
0.037357141614976525
0.03724865542471972
0.03734457315947701
0.03718838561618423
0.03722174866684507
0.03707961026574842
0.036712232042844455
0.03744194839464436
0.03713918687355548
0.035898296258578065
0.03684296603428485
0.03728919160676803
0.0360170629579968
0.03669114590358203
0.036366521984791504
0.03612738439620734
0.03537923619463673
0.03573475960260059
0.036342146466623045
0.03533144370578203
0.036329470243025144
0.03530118487876963
0.03546453290131545
0.03658099604418784
0.03502398923371467
0.03585600457594353
0.03465927179338995
0.034999630700850104
0.034668205467498756
0.03580015691775639
0.03474376414778824
0.03433912065446536
0.03597082486865207
0.0349049184450504
0.03493850763798812
0.03409092043242752
0.03526562927695443
0.035216339868077685
0.03449937186442554
0.03439147066032739
0.0351140745579382
0.03389078948170527
0.03383180852353956
0.03465139076678031
0.03406076679651473
0.033499008636173555
0.034868785384809343
0.03379215401274233
0.03463678673890133
0.033104519189647755
0.033670148028564495
0.03311895229883635
0.033136538940067156
0.03278527995547604
0.03405278904004656
0.03359182424291417
0.03311762386128517
0.0325341180414272
0.03408674722305802
0.032825520658147714
0.0327668707064322
0.032361233672527544
0.03210735561211748
0.032181886605771585
0.03224019372937842
0.03253460434900824
0.03310869632124118
0.032346245441598365
0.03319660858016141
0.03159165435900987
0.03199718838664474
0.03290325447056583
0.032089429855397214
0.03171533142437766
0.0326247969915248
0.031161660054712853
0.03254494485040273
0.03237814136686666
0.031912821597768044
0.032537082228340876
0.03142416058725382
0.031245413391534707
0.03177338080808259
0.03091657989120175
0.030530223994370453
0.03125726621749485
0.031820891317711236
0.030983808997745374
0.03075555362899861
0.030312592879531957
0.03076945891161986
0.030015104295986774
0.030765103673005858
0.030792830586355315
0.031049077497758416
0.030832809798825047
0.030835751876812836
0.03102179266165395
0.030751619258942892
0.030129513876835552
0.029947166870670724
0.03056471938192931
0.029956828869681963
0.029780636846031747
0.030159408286343385
0.030338043426634598
0.029855835362560108
0.030193039020390774
0.0298894786067664
0.029790922498875962
0.029680946832697522
0.028928458018282595
0.02924834058128547
0.02958534211224292
0.02875229272588413
0.028192156719299127
0.028508455761189346
0.028969386554054823
0.02842588056982548
0.02801641094376165
0.028670971003818983
0.028496460945178003
0.028599909732127327
0.027564102353364168
0.02814569265942954
0.028389067659256594
0.02813048088584362
0.027061478543400262
0.02820524537612309
0.028458028456717563
0.027863604501247363
0.027333577980763007
0.028351219160648273
0.028169418437304784
0.02813683160634991
0.027187792171507127
0.027580894307381764
0.026622372072887385
0.027172207424821928
0.026841138088393786
0.02693968292713224
0.027367307766244544
0.02636876283850489
0.02695401763857116
0.027333465837397073
0.026697131318598355
0.026994942796608235
0.02707984503176653
0.025305167613543473
0.025945785247874963
0.026351910510435977
0.025508726740645776
0.025830748928220185
0.026218920383087957
0.02606389046721419
0.024870149667697114
0.02581528244855132
0.02488716280601585
0.026219369540188723
0.02494459828896734
0.025082968255379083
0.025062545844912507
0.025072610696044793
0.02470047392949916
0.024171087133248562
0.024851686159103284
0.02510190277379833
0.025304918196702258
0.024187343572023966
0.025066740656301458
0.023626962703717783
0.024860522661356958
0.024342303083982327
0.023685983228207617
0.023379516571920583
0.023761759547934504
0.02397134539531996
0.024433107484044227
0.023046379550331546
0.023587059279983606
0.024037850527025627
0.023085241425593823
0.02258657010580584
0.02352512402429225
0.023286020131093012
0.02231308404486691
0.02281753576614038
0.023890993398237623
0.023118175237466065
0.022406022032573896
0.02257393914433555
0.022683203191463004
0.022908462241776482
0.023062501186538333
0.02331112288144895
0.023098137545491816
0.021504731755633468
0.023071303575525
0.021428454893784338
0.021358597112799083
0.022154345621615317
0.022612340199096363
0.021305965883833725
0.02155839827719228
0.021748974172525803
0.02142855064606353
0.02162155053115858
0.02136511489081187
0.021954708180733102
0.02197409424867577
0.02197610438812024
0.021576066005744774
0.021340616014556342
0.021665706936586582
0.021147936607436114
0.020076663673587344
0.021359481229134628
0.01998418217577469
0.02014804163451724
0.021335725870183047
0.021053891065011654
0.020692622723298026
0.020175123134823163
0.02075820806489233
0.02060027626180613
0.02076026714010468
0.019557710241996398
0.019418138064116398
0.01954123551131857
0.01971184631657973
0.018994675895552655
0.02038841254161526
0.018679258073885194
0.018820101438746597
0.019037671656082025
0.019969990040034725
0.018959548070871884
0.018413137540589725
0.019859131699506274
0.01836166179283292
0.018165622140737657
0.018468474846946265
0.019634823179108855
0.019341207428558004
0.019305901610953514
0.018470994168317708
0.019046609832649913
0.018620698659955394
0.017826156845579016
0.018715402958877164
0.018649843135982818
0.0183257806689062
0.017609474698027063
0.017143936661467324
0.018672807534615116
0.017481065433768834
0.017680882498527183
0.018295068511297845
0.017086595745149653
0.01732668321827348
0.01674027812089762
0.017832320898616486
0.01690704500553444
0.01790868306727282
0.017651798344608057
0.017457784449150433
0.017011761500645338
0.016234251600732236
0.017420145692044652
0.016189456174815608
0.017263506929161152
0.016596053159093637
0.016402949518589914
0.016340913854617993
0.01672781001336013
0.01673307710031886
0.01642336695778147
0.016491029707873424
0.01630725276900309
0.01575276150027868
0.01673437730599482
0.0155326133063411
0.016259865744855002
0.015574618669827971
0.016369488186823412
0.01603034147076242
0.015187800804590795
0.014908077238864495
0.014982266499013413
0.014665685932817588
0.015474554852335645
0.015762286567140172
0.014875170614364754
0.015124081119880404
0.015249502082881543
0.015164985506827816
0.014568283405080415
0.015532019981508235
0.014900559821906531
0.01488508111201486
0.01494955733388712
0.014675634588338064
0.014892615906625986
0.014667131844504765
0.01450318502056962
0.014095303939677482
0.013955209273395847
0.014112528029869533
0.013695808630872578
0.013726636162666716
0.014052266696452561
0.013359616636775382
0.013610366007876481
0.013623189524213321
0.014024914964574876
0.013499455392512901
0.01433933694872434
0.012759143073876609
0.012789585798458073
0.014111829384020166
0.012973333239096793
0.013443520827824091
0.012991618731528468
0.01350822014238842
0.013974414159032743
0.012238706827777621
0.013434075468910893
0.013100823396216505
0.01236195780820893
0.012379912990065921
0.012584706936557034
0.012016940399755456
0.012128955821913687
0.012502468591411867
0.012409830806649834
0.012054912282174347
0.011767462172062981
0.011851757825120686
0.013056013595896032
0.012286106319233199
0.012656739398754582
0.012468201314273702
0.011827889515527799
0.01269407685529402
0.012617492307992112
0.011990578566092933
0.012590476750430655
0.012423116325465146
0.01165648106918584
0.012509346263817177
0.011424249840665235
0.01100197703486591
0.011094591037824956
0.012199197925408212
0.01113437743534216
0.01184633390663876
0.010418715059521202
0.011257836511890919
0.011404763735432668
0.011253406556970274
0.01026432773143094
0.01054179658433704
0.0105822786473213
0.011603914367396183
0.010288496631050113
0.00997530093140499
0.010602216452511528
0.010190155174048357
0.010514818777650583
0.010394674713932628
0.010231779135517372
0.010293011404110194
0.010940077743429043
0.01005603917643583
0.010916689399106257
0.009719782367807704
0.010354043406947535
0.010116512315675556
0.00950046136390893
0.009636135773007384
0.009927795625506504
0.010642310316997377
0.009569154500008312
0.0103176138064543
0.00935006083862401
0.01055994646945188
0.010143142689410614
0.009529612327885857
0.008802143547814426
0.009430145166199454
0.008650748588194927
0.009997287971134937
0.009893172605707214
0.00897942698612363
0.008830134209980828
0.009835418634594814
0.008811701411742054
0.009035806785072436
0.008940130859369797
0.009216674889404907
0.008219226364257927
0.008390890067016576
0.008764647443599645
0.008943509510444996
0.009337666549906518
0.007983218275457813
0.008746417565709938
0.008327251369522335
0.009433854229934894
0.009100458074081734
0.008032156617828936
0.007827832761148991
0.00755510991795757
0.0075590495889319405
0.007841902227392169
0.0090771392959111
0.008285580530531465
0.009016235317096699
0.007922749206770087
0.008679030038172952
0.0077609333854604945
0.00871090444160043
0.008380415584197734
0.007134066855256024
0.007783645307643795
0.008523265494297822
0.007137922901058424
0.007742718545167525
0.00695085303287974
0.007216330113352365
0.007671155968935983
0.007806211901265909
0.007671989246151782
0.006974128650559358
0.007861467475366583
0.006614794078438166
0.0066657570184723396
0.008190910246115131
0.00744679262013251
0.007322102991961955
0.006989213270020119
0.007090720303693296
0.007487607959210443
0.007427164881732476
0.006702426141816831
0.00679770937090267
0.007529070921329403
0.00750978251185423
0.006280657672795624
0.0072328712798355385
0.006276073937261413
0.005982015257283132
0.007407607244397406
0.006563381482724164
0.006177062457536709
0.0064178633510041
0.005999526395839789
0.007416808000724478
0.005937351085665344
0.006784253512878198
0.005989526133362857
0.00694478536949428
0.005949299130478405
0.007246103722825203
0.006271309862409992
0.005796422692584919
0.0063249985300055855
0.005367388229966866
0.005740470318355916
0.005878859924276165
0.006255726400020076
0.0055659081828251245
0.005359352538729879
0.005314799365247562
0.006376926764638992
0.005642097554456676
0.006341505303542407
0.005353944880213103
0.005166326794862664
0.006223137333802278
0.006079672487673055
0.0062611015005107065
0.005790121479730558
0.005862858196841056
0.00479584994302251
0.005277981232514627
0.005364829367294938
0.005406107041382469
0.005295438510020206
0.005777140632179325
0.005301562621599673
0.00607603238906294
0.004744442083949509
0.005801465644483356
0.004643331373002428
0.004678333110438119
0.004727099335765946
0.005006668849505259
0.004627795674517825
0.00562772531677434
0.005275796302368196
0.005117024389282334
0.005789256139117526
0.005618438561744299
0.005903738053956978
0.004892083041221749
0.005767730111009692
0.0042058511301944395
0.005252019491732172
0.005426503144637363
0.004673345994037565
0.00452169288729896
0.004634753951124346
0.004109073868260102
0.005013820583223691
0.005340756148571662
0.004945859969336128
0.00490365341507098
0.00407281052058839
0.0053627332022102596
0.003996415436763918
0.00528689412594984
0.003900101590149518
0.004510255694303693
0.0050456166157777415
0.0038916342849088653
0.004656391152607674
0.00430768400319597
0.004025139937330706
0.0037427232410059815
0.004525381986447015
0.003634261246193963
0.004896006813197301
0.004224377702930166
0.004860002737126576
0.004542469090070526
0.004208466462177995
0.003357012886354416
0.004026765928679306
0.003736217575035558
0.003939652773758674
0.004338127888190153
0.00446731937374191
0.003419371631634818
0.0036038986337437297
0.0038993013393292275
0.004562488893198529
0.004349760497955127
0.0038749807178995598
0.004768634655505933
0.0044933767829197346
0.003932788986739308
0.0040219063121489235
0.004629611588508708
0.0034961581836193208
0.003633680146216689
0.0033440347720181235
0.003997010377205905
0.003982603736872104
0.0028241083221478727
0.003199049232251012
0.0033062526998047554
0.002859455869502019
0.004243205991282545
0.0037117163986656993
0.0030178871427519183
0.002888963348713049
0.0035932448929361913
0.0037232741770497177
0.0031389712112756614
0.002834554232880019
0.003251321291105567
0.0036157820226474006
0.002905284662595706
0.0029324677440346683
0.0027626030434630727
0.003901091457567015
0.0034957380302988224
0.0032625079774430458
0.0028802243261692425
0.002755040644392414
0.002538419848410271
0.002922608180730303
0.0033220265288871472
0.0032147794841074807
0.00234914476495506
0.0030681311300004735
0.0027151155622920477
0.003927134498188463
0.0036162186263455592
0.003893837799201208
0.003550285130823067
0.003032453930116577
0.0031953828608383707
0.002907256536040722
0.0021751330774547155
0.0033317330660317386
0.003292586265101039
0.003703637493564195
0.0035814547152901947
0.002855675984394036
0.0028894338657521855
0.002825817991068
0.003188413987057379
0.0021225160198426493
0.0033779522249633674
0.002607587206785378
0.002515573441575367
0.0022419698982338483
0.002812225438521314
0.001961102494143085
0.0033135356303871486
0.0033551175891390872
0.002573005290354967
0.003045807734066356
0.0024826229566597773
0.00278757534765919
0.0020177334177739112
0.0018506458926518387
0.0032166811154076885
0.0018373198445141177
0.00178797017294823
0.001795544739050819
0.0025961369382166708
0.0033131081922336937
0.0017074625942198071
0.0022252145468499625
0.0021690048361045675
0.0027209454253330706
0.001689091031170112
0.002640637661664406
0.002203790910270749
0.0016355621307619595
0.002370247587188399
0.0030738106477220645
0.0016169198641828363
0.0019474612093941337
0.0026088901404993908
0.001958567260940134
0.0015365496901238321
0.001783091713529418
0.0014958169559849673
0.0016418104593856051
0.001487495013280679
0.002669521878367669
0.0031603966686673964
0.0016369455200740863
0.0028073867277332745
0.0017740267349868964
0.0015079705863600475
0.0026201419976297547
0.001399556823546045
0.0016056753010375519
0.0016180951237214976
0.0014510070931223287
0.0027977550810767476
0.00238947439352791
0.0017024294408996066
0.0021683014239614272
0.0022576956566508328
0.0022117574271315575
0.00241017920411417
0.0017694501657483815
0.0027655827828357406
0.0012338137231416657
0.0022688048667319724
0.001897766226858063
0.0027458969072244152
0.002078458936230459
0.0020996072843526836
0.0012511309276457112
0.0018598249534339025
0.0019740607175890413
0.0018378441331256398
0.0019786257676802197
0.0017117679586528562
0.0020755216815875333
0.001835388129082775
0.0011720598356156672
0.0023425098867397303
0.0015261315292272198
0.0013628746005119588
0.001230025194434876
0.002721846758050913
0.0017928871007944613
0.0026400823741987672
0.002501651541369455
0.0025425525354653413
0.0017776382823340596
0.002065389067386883
0.0010910744002928774
0.0015412944499426143
0.0021862767313217697
0.0015161903103799975
0.0016405174953311001
0.0015540678045690747
0.0012645822549281008
0.001648979692244314
0.0024844067880897516
0.0013643588936536508
0.0009078356523805872
0.000997104860128436
0.0016736248410612927
0.0022264165783688564
0.0025097826823472476
0.0012134693324886993
0.0023181043324840473
0.001303967124128044
0.0015571336342689005
0.0008767404580550562
0.0013919871273213626
0.002403450551580131
0.0022235980380003587
0.0015445951225133312
0.0009294229778530123
0.0023418717096293754
0.0015978845900696476
0.0017074743997534333
0.001571493608474193
0.0016444535213952314
0.0023649014584021565
0.0007932032661467776
0.001282506847422719
0.0009393068040891004
0.0023593595715123016
0.002059944274336271
0.0010979528548491237
0.0007064276719700341
0.0014884054560447
0.0016472947521114802
0.00149499924762298
0.0011169013506867143
0.001386825839048472
0.0012056366267126552
0.00159440557546377
0.0009263500626128504
0.0009009195517850502
0.0006896803134857596
0.0023666853004390823
0.0022156824077172567
0.0020293750583737385
0.0013521745410932835
0.0021563493303231374
0.0021887362678136026
0.0009683437600407703
0.0019054494615606172
0.001562846354885759
0.0012439663006405205
0.0021809776950097513
0.0006019888308957847
0.0015179235592083062
0.0016882639588177723
0.0021352977804106337
