0.0010592400855163454
0.0022133689707291176
0.0022600992802761454
0.0005801106498448355
0.002062416155608162
0.0009150736665907909
0.0014007804480816542
0.001947380336302578
0.0019159272058500972
0.0006202243735116091
0.0022508418581866653
0.0007575801396107913
0.0006331227524533055
0.002101045560860774
0.0011106005744779014
0.000674412908401979
0.0009326045344583881
0.00203564360395212
0.0010230625091491642
0.002213686010171475
0.0021496472311625966
0.0009616689949100935
0.0009093914801200092
0.0012284106828812313
0.0007838978259205465
0.0011917532994800309
0.0012274906300737804
0.0013376447846281446
0.002285348986536343
0.0010039234279261545
0.0007519868648956367
0.001513244540162341
0.0015942959986022319
0.0007502256533817458
0.001406573809074139
0.002175850324870231
0.0011944801858126961
0.002289997293838851
0.0023012098102975272
0.0023395003448308865
0.0008479420091914223
0.0022069908704210406
0.002166389281926066
0.0009796906770848603
0.0024915736910119082
0.002359321570772248
0.0018171251654702577
0.0011371696527795773
0.0008492259014652733
0.0025729052039487068
0.001046091310192431
0.0018826994467166978
0.0011790558368313445
0.0013183171933507226
0.0018237135190363996
0.0018057192259868368
0.0020797925375921613
0.0023913445855057816
0.0018881654709420612
0.0014885401986713296
0.0012485985181399295
0.0023591556848738342
0.0026708243668372277
0.002105568593656033
0.0015682941598016023
0.002548067408967503
0.001492943369733534
0.001362264178734976
0.0023599105942572448
0.0021727787807134824
0.001048709191211984
0.002255264829585507
0.0018357234626552863
0.0012379891921662197
0.001436693389631017
0.0022714398967457142
0.0027205316831202557
0.0013239361280024315
0.001632764568760722
0.002305576571290939
0.0026734408648825887
0.001549959193187528
0.0021187157775433155
0.0024532878555734283
0.0021066793869220003
0.0022521995132331455
0.0018783599103774282
0.0024104034224922393
0.0024000795912131104
0.0012826579027288264
0.002292942716042034
0.002712703944409112
0.0023142944476480143
0.0028600852060475207
0.0017221043104739518
0.002092308634926765
0.0023625454381432515
0.0020115694673704665
0.0014399448316270492
0.0021999045330115203
0.002495552608082241
0.0024674698790494295
0.001753754558669989
0.001986726566563811
0.002924122843408606
0.0014333335824696395
0.0020659368158313456
0.002874747033611351
0.0016006832350550493
0.0030489375223018648
0.0014872766754272456
0.002162095982569485
0.003197058568496275
0.002135243762745666
0.0018210333941986458
0.002338475997577058
0.0021399184926382364
0.0023268003622770755
0.002465153623004184
0.0019063480520783713
0.0025827690937588626
0.0032119176641412107
0.0030010838323500455
0.001973854258927795
0.00266579094792047
0.0033224401268375165
0.0030423563135981418
0.0017323884359828033
0.0031531370235324467
0.0021545424728841482
0.0034099749852962184
0.003111323867994664
0.0021277822468554735
0.002362683759842486
0.0024459594432283327
0.0028912210255343366
0.0018977307256551011
0.0029375287175007697
0.0031732345410253136
0.0022941156022423643
0.0024084065659087947
0.0022920686813826864
0.0027909945960319675
0.002784583760554352
0.0033499199424290925
0.002423007764101273
0.0022869741696977344
0.0032428932812227926
0.0035716868613109532
0.0022347217780283412
0.0037684037706651684
0.0025024651229512314
0.0035732673537240914
0.0027637568738567066
0.0034368731280081883
0.0030388680584840675
0.002415243055954746
0.003182594023351046
0.003842572857741981
0.0030161172518814307
0.0027460290394659436
0.003457532401307643
0.002987806821012268
0.0025816634088366127
0.0024670984404534225
0.002548404036748422
0.002655911813620671
0.002538036631431115
0.0027938872420458036
0.0030371623548183695
0.003471606000716289
0.0024621028481286353
0.002935149974425899
0.002664288006194391
0.002862186025217031
0.0024716960398840616
0.0037408635843120394
0.002930993688184459
0.0029022087098869893
0.0025947102558777917
0.003982414093449926
0.0034097618225200485
0.0033658212966387
0.003822108541567211
0.0033315629077213514
0.0036191655981953606
0.003872279786401088
0.003128613580862706
0.0029161165072842696
0.004138641875894474
0.002811778038268088
0.003133643380500146
0.00442013774334076
0.003579170504196656
0.0039879481342591245
0.0038387559540388944
0.0038964961845909802
0.0031596715813381926
0.003668694991162653
0.003296571892929664
0.0038202137589934846
0.004424691043119628
0.0036563419623937446
0.004338840138354839
0.00364218782898928
0.0037029037182976466
0.0033023906493719847
0.004500598502706628
0.0042870274308744885
0.004776386282083741
0.004880259988501365
0.003378670691280747
0.004281272321990774
0.004738076086921012
0.0033620154982857095
0.0037086235372718406
0.004626231376729054
0.004056505829731294
0.003693934128714619
0.0034604328394476176
0.005026090459733287
0.0035917294669027666
0.004813060850884977
0.004357886061039742
0.004463185569593824
0.004557951168953227
0.004170505343246237
0.004588234475688057
0.004563788901319429
0.004784886878137214
0.0038079725467522656
0.004614769546061125
0.004889428224480578
0.004415361499512421
0.003936913463157594
0.0046371089780122155
0.005404830099632486
0.005248752206059463
0.004829579770169371
0.004272314195043806
0.005523998609018723
0.004429861078738258
0.004096788407210022
0.0044324472631163256
0.004350101306255445
0.0056848731537707566
0.004848005171584692
0.004831743625058325
0.004350459309385931
0.0056426543193752645
0.004418381285771429
0.005055609745013413
0.005311082946125382
0.0043311365087373745
0.0051368572620870455
0.005195540492111842
0.004700378688097187
0.004571137251509333
0.005476890925266017
0.005841109173177895
0.005870017024801418
0.005056607546039185
0.004860861241879208
0.005098513560859168
0.005384377083781522
0.004888671044942425
0.005169995173123005
0.005328132911039266
0.004819320491968339
0.005038790200696317
0.006323749301356779
0.005413508946255541
0.005646879041652276
0.005502909271496037
0.00659415066347511
0.00578978474250959
0.006049495439802687
0.005600713121232955
0.0056604876460860255
0.00613309272451498
0.006342095891772051
0.006971467986674521
0.006430814134498474
0.00698528260459649
0.005647883302169462
0.006753336808538918
0.005936025059228846
0.006358252096060404
0.005506499009414862
0.006775028679621558
0.005987377665782596
0.00629341245762099
0.006522586640968003
0.006240543681697948
0.007412800115211722
0.0073608401622893595
0.006813547065063045
0.007355652110190473
0.006420740020277158
0.006950559096717627
0.007414591681709407
0.0072287602942999515
0.006559692316725584
0.006332276083895951
0.006754943385665306
0.007068012491946821
0.006802944386547811
0.007817101759171243
0.0067118401500157535
0.007047129440484426
0.007561855990705836
0.0070350610925926215
0.007280115519090074
0.007999193691830107
0.007090944314037181
0.007057117752192606
0.007824853737823528
0.006576373307048282
0.007666522282377811
0.006848916873459285
0.008103216282952247
0.008241934992158152
0.008012922456467403
0.0085379491194653
0.007807513953520148
0.00700049957727468
0.007062251570981115
0.008134960775593891
0.008606341345284887
0.007974787362811245
0.007837177312732486
0.008779095663054789
0.008714626494100793
0.007501960622714844
0.008861894775859427
0.007892073039244543
0.007697060564882796
0.008609919713165652
0.008069443117559652
0.007848182475148754
0.008712871347105137
0.0079013770574489
0.008691918449080993
0.00898643278170409
0.00831359027126254
0.00947479274868528
0.008949795526772985
0.008653152652006847
0.00952307778773142
0.009191018248230239
0.009681690531708856
0.00833534324594435
0.009178919798298619
0.009300077846625147
0.009704127901847014
0.008473190068349507
0.010052997748390913
0.009525766043948163
0.00863812305208583
0.008450600144620863
0.01006426288333407
0.009545465304027527
0.010286547252120188
0.009356172124238874
0.009623506239637893
0.010419492366575057
0.010237883179989108
0.009617587765711281
0.010596489347309652
0.009162285237021948
0.010199793289874973
0.009185728184090632
0.009667955026341917
0.010273238948397602
0.009936872071125341
0.010809094690908018
0.01000376261296765
0.010384754038447954
0.010313380648377828
0.009835069911361492
0.009749474985736107
0.010918527228555939
0.009980284522888874
0.010006608475788966
0.010974405083283166
0.010167094009522575
0.010845331177807878
0.010522373690688567
0.010238893847138249
0.01144169313626239
0.010347273500422154
0.010578961143957722
0.011818759560210978
0.01036449163871522
0.010295715233077572
0.010376328202076372
0.011426185337579086
0.011455977378665994
0.011220370020592696
0.011740531068167066
0.010863207045721104
0.011944229778424962
0.010729977594442495
0.011038170947813076
0.010945194185292627
0.011393503411398092
0.011894229365528922
0.012260144226087307
0.011936977065909928
0.011370285765530787
0.012049814512519958
0.011684696110973227
0.011659415808586551
0.01205305020776934
0.01223132726670187
0.012384029716008781
0.012880702227740199
0.01282788414590566
0.011884747160817418
0.012305675563720161
0.012252963056194444
0.012306658539010425
0.013005466991801908
0.012047869678442114
0.012506796514210584
0.013026993783256106
0.01381099148900664
0.013345439356850739
0.012521157350435425
0.013650886124230013
0.013217328620726422
0.013874167874578076
0.013315546690179206
0.0134582858727578
0.012703686635023389
0.012896316749480849
0.012810884507446798
0.01434421837492121
0.013094622818992426
0.014568197663675982
0.014082868524857135
0.014113284399068973
0.014544740926932278
0.013682621302817572
0.013784749294480493
0.013876702909404017
0.01414348223123185
0.013710792761382895
0.013766923278426442
0.01427823179499718
0.01507986707617137
0.014824685185098737
0.015185926304586353
0.0141125395965511
0.01461331975352263
0.01537968411678915
0.01535526874705509
0.014321055131172636
0.01536652450881927
0.015590521129210754
0.015252101752184917
0.015265085763797105
0.014531568018970532
0.015089267979839291
0.015468041923960616
0.015040295842515488
0.015920550910683895
0.016199010864805848
0.01647946910618158
0.016558638441311946
0.016721560867950357
0.016097703650369746
0.016516968981463025
0.015736180597879703
0.016350139719982035
0.01638337253432016
0.015779916964599874
0.01669818016811413
0.01655275300666825
0.01658896718378561
0.016719835402264262
0.01601687877431657
0.016671047216840686
0.016902467586492245
0.01630949955219195
0.016494136540653383
0.01665172283429821
0.017012346872525685
0.017878909548525643
0.017770175394244275
0.01662875423034605
0.01766519594917456
0.017400489716500572
0.01723532404525818
0.018054946556615752
0.018117092361114858
0.017898457139672044
0.01783403671822265
0.01805290838990106
0.018359329081449337
0.017234848432546038
0.01893004957921746
0.018985916716024297
0.018660199256966457
0.019067440248100084
0.01790344134810273
0.01780132278963936
0.01818614224732557
0.018898870361199395
0.019241475518420568
0.01904318171230072
0.019089299396739784
0.019435283213947652
0.0182618187318946
0.018691641155695708
0.019133428135001896
0.01866657390313385
0.019157769492306072
0.019214419440483733
0.0198980333567095
0.018994389153676173
0.018965175656869213
0.020258560569892805
0.020551227139630462
0.018985958549412964
0.020711468291404384
0.020055410642742046
0.020399018333223717
0.019958809675531822
0.01936193681315997
0.020168947834614842
0.020036349552741656
0.020862971149315353
0.021310778038089045
0.020347407389938177
0.020273468557799927
0.021540783603403914
0.0214032387285527
0.020424340738464556
0.02136511546674931
0.021664819737471037
0.02145973509223139
0.021722351810420263
0.02190788986808886
0.021918062354877796
0.021669121981899672
0.02135004869239477
0.02224943787529964
0.021280463954376116
0.022621167098639445
0.022733350361053013
0.02202457235680696
0.022853728319435447
0.02200938262194121
0.02305267383123897
0.022513494241672958
0.021535145526640282
0.02258895297450952
0.022978734445205852
0.022814094807949457
0.02300100006352263
0.02265059218278517
0.022921623191163
0.023370654482140027
0.022416693216424213
0.022669020946254604
0.023476253404836507
0.02392179958114282
0.023908270819464842
0.023634304890960876
0.023824622708297973
0.02307862488192559
0.024414658944739365
0.023565256084429026
0.024212273869955517
0.023529915758180805
0.024612887204645044
0.023418085837066258
0.024841191829628996
0.024835389710705244
0.02476907160736256
0.024302122931262108
0.023545654882044964
0.025204426049562793
0.02542900306683391
0.025357150146369647
0.024675717929138773
0.02432551301700481
0.024788176816201945
0.024187044670019538
0.024957812060240437
0.025396210047090924
0.025459620981829162
0.026029899308363403
0.02616564883853852
0.025957157912053542
0.024821425376804557
0.02648511953954585
0.025416826119415224
0.02524929045056767
0.026465453316374826
0.02520836612209051
0.0256029185705133
0.025774420747442073
0.026636487789832606
0.02611416970904165
0.026705814026097743
0.027161678230649213
0.0265143271562006
0.026218118755044664
0.027434202405590847
0.02678047307270175
0.026569566720728476
0.02776855442775351
0.026196998321924285
0.02676851293607908
0.028052899758246087
0.027682098196939932
0.02792670511095613
0.027015568108662295
0.027740095342093523
0.028259687007141182
0.027873954846339314
0.02729509755416281
0.02705729282743485
0.028500242797154532
0.02827094591950007
0.028495936907114768
0.027937070422120774
0.029048569011141664
0.028490204973256217
0.02855046360262886
0.029272313937186274
0.028194094939449646
0.02945918190130988
0.02878750351578228
0.02914213057422795
0.028661761201725606
0.028827873306383426
0.028395987887676936
0.02892269228335009
0.0283177316475582
0.0285888753362963
0.02990460985104184
0.029900206675927483
0.02865143111864454
0.03016292457725192
0.030536640926094965
0.030617037955892348
0.030129204656153527
0.02924553247481048
0.02942248737319799
0.02963760014130802
0.030135550907853543
0.029662356394639468
0.030074423470539537
0.029882733492336697
0.03111485561204535
0.030729463170010362
0.029833274060395116
0.030109513311939277
0.031053582135944457
0.030833028088744857
0.031074561989878992
0.03159916661203326
0.03051743781324
0.03077931122498861
0.0317081625210947
0.03219033873111935
0.03116895171414774
0.031728616858804376
0.0322789495624147
0.031006941446487135
0.03228796123170507
0.03180089691966212
0.031093538299454857
0.03142786528838898
0.03136634985155182
0.03144529451134971
0.03167079497681537
0.03160349565588361
0.03162187702613972
0.03181278186195979
0.03249933272098904
0.03282034958068231
0.032779025025694755
0.03262519835822738
0.032229957480527635
0.032807306223216336
0.03244106280798099
0.032857096951229715
0.03314908184642642
0.03356390925036759
0.0335596811509879
0.032732624560715184
0.034070202771042314
0.03262240863854324
0.033538005565338994
0.0329159864381952
0.032922673127931144
0.03431496719523828
0.034396861811464806
0.03311081218569271
0.03356254375351236
0.033480451616097355
0.033336991510879176
0.03469804219531743
0.03393709021549863
0.033433364121035855
0.03431198938944366
0.03390204217552808
0.03392496171334547
0.03475040901889691
0.034277463348909396
0.03431726711925361
0.035296057831468976
0.03556775261484453
0.03510257892061521
0.03450038791470556
0.03433383794060604
0.03463250449036425
0.035097699628984
0.03490004183528672
0.03475743098557616
0.03528241859121022
0.03475880376921677
0.034676573558918754
0.03562067577666201
0.036340771953571514
0.03527098909954567
0.03588752116030787
0.036536381497987
0.03594420975552154
0.03643182885572839
0.03553647688292057
0.03542258899505611
0.035963654005556976
0.03569462507676295
0.0365607637401496
0.03617241966772978
0.0368526854272239
0.03695872557816697
0.03688508246435967
0.037322386546898956
0.03595749866371773
0.03741136081997449
0.036527020158056055
0.03750790251043773
0.03756509941247924
0.03633229344121097
0.03784207403460624
0.03700212901667445
0.036459394041691066
0.03735301392900018
0.037524499651162065
0.037615165857956975
0.03687768876042633
0.03686276510336059
0.03736597437046199
0.036735935485899304
0.03823974380541853
0.03844715602913356
0.03802345623187983
0.038276071354378126
0.03772619696240046
0.03809254146388272
0.03720460772194305
0.038813697691951435
0.03856882260509067
0.038156593772990764
0.03878831825932602
0.03873387678515699
0.038823423300579946
0.0381824436225273
0.03801298529815412
0.03936684793246757
0.038384691960433676
0.03928791794670099
0.03799475168039711
0.037880869273226744
0.038499732192013775
0.03877391724740538
0.039670232609295863
0.03878213386571952
0.03966479553481947
0.03980999810197137
0.03853266345191021
0.0392677421021988
0.038695463330997576
0.03891754074963756
0.03925314528455886
0.039326761271892406
0.03909902926230843
0.0398821695178269
0.03888869098024702
0.03932405103366825
0.038939582850341485
0.03878377236821427
0.03939452396814731
0.039039038454998454
0.03915256535972769
0.0397643613265607
0.039713281422332526
0.040745918794058256
0.04070430066985389
0.040431687980816026
0.04025794727707264
0.040083369793440474
0.04024786542712597
0.03934190901441832
0.04018710185490054
0.04060826604751584
0.0396586245373855
0.039804933833135665
0.039838265497936114
0.03964944431386137
0.039945704917492476
0.04000524327614199
0.040716648512376684
0.041175447802840874
0.04022478613319282
0.04037861497496476
0.04050147349434522
0.04115651534682123
0.041343371285399846
0.04006159941938298
0.04091275638113908
0.040199404460706606
0.0414236786197592
0.041339262309075774
0.041705656874559655
0.040894152568975425
0.04170598577290316
0.041153766754148016
0.040728980760089184
0.04043680736839512
0.04046156345268188
0.040516703475134426
0.041507262666492864
0.0407829484670554
0.04200933011220011
0.0413555128118379
0.04096544316900312
0.041088108876987765
0.04207309172957251
0.04114193605314924
0.04092349249728465
0.0412657647464262
0.04104068115632915
0.04129576367371294
0.04184959006979245
0.04165190756695242
0.04223665681969475
0.04115930437689152
0.042174651924381516
0.04222079275019451
0.04165009104321875
0.04098294808704229
0.04230704122363816
0.041068187304447536
0.04150276899469659
0.041786426208098436
0.041033015710325374
0.041155246915355846
0.04132905345769461
0.042361539478336575
0.04141283473515988
0.042022470404239565
0.041300183067495465
0.041368512015882514
0.042615587886380424
0.04116562225356007
0.0426010343040352
0.04277102658624067
0.04196884115505762
0.04186712050692915
0.041379835100802044
0.04193332304436422
0.04233124395909916
0.04140918939986202
0.042799667563299455
0.042990049169317535
0.041402562274814134
0.04204840191474367
0.04147184108163225
0.041362222673941455
0.04216164429305242
0.04207964794302817
0.0420525235379955
0.041809963165990324
0.042762097986371705
0.041856690011707935
0.04240504673011162
0.04237289330548313
0.041528186023272386
0.042270135893178996
0.04193578859468781
0.04241170493983714
0.04250432144251287
0.043186030125328755
0.04163704425049977
0.042050740601011105
0.04280773851755133
0.04221824368118333
0.04183563581624861
0.042051160726168456
0.043146809501694465
0.04192548154785013
0.04195065368260639
0.04246340135254763
0.042181576752123286
0.04279184645755377
0.04218800537917058
0.0416131150553092
0.04170860510896863
0.042109247071023974
0.0415806154231753
0.04197691353389677
0.042682352710400655
0.04164243918888276
0.042277772774998085
0.042092039143789124
0.04178594900054866
0.04306428985396822
0.04176738651955431
0.04249303504955988
0.04208316040219731
0.042723811781440954
0.04314586301394883
0.04208740261338393
0.04150242596268276
0.04193919160454752
0.041518046253810705
0.04156260921622848
0.04193105164747217
0.04168302263177084
0.04299482073502282
0.04274331233835832
0.04155272221239216
0.0416367088475762
0.04136492708838498
0.041747322174252796
0.041649088292043474
0.04131810675575244
0.04284568187493405
0.04181054012585894
0.04221005352467717
0.0416118570331529
0.04234605362778679
0.04274821281131911
0.04166932832138561
0.042761756504693514
0.04228710091724564
0.041422031533456576
0.04167110540985448
0.041340969695326656
0.04196893980794151
0.04147690424691861
0.04158060366124762
0.040993018431813036
0.04189735995132053
0.04197980449607626
0.04158201829087948
0.04122432664385618
0.04244062053545255
0.04196874123692287
0.0412367579601128
0.0419934104769088
0.04136112434105573
0.04172049473698952
0.04089740366335503
0.04146936031599409
0.04147483952998893
0.04234020895714719
0.04214139478603887
0.040711706397492484
0.04076518614497733
0.04098218221016896
0.04056990588669833
0.04088282810570984
0.04172061336592776
0.040500507489825616
0.0404551313742985
0.04110474218536048
0.041362634758529394
0.04203670214867053
0.041066863292723826
0.04046062378795118
0.0403150026920727
0.041309283132856284
0.04167666720604667
0.04113454229505275
0.04090479035014515
0.04140468261761281
0.04158555732662034
0.040536458484267686
0.04013407853213773
0.04086917889885972
0.04157838165818973
0.04031312675075716
0.041457394881689986
0.04013975972968541
0.039959782860117976
0.04024893231316469
0.040166588752692994
0.04079249707008672
0.04120460856254894
0.03959566989884718
0.04021030115068542
0.0410696639990284
0.040867713680583985
0.040313151265354466
0.04088952951729904
0.03953504806989182
0.04076286214162352
0.039252778266131515
0.040202280407318144
0.039807437895172854
0.04054332341769965
0.04067641445562305
0.03942127529405586
0.03951217518945735
0.040203604841108374
0.03916450092402385
0.04014199011586128
0.04007735651092529
0.03884560336511455
0.038886087775603484
0.039432514751127315
0.03981890732159447
0.03902726490565607
0.038792971175922314
0.03985184247469223
0.038464127229957956
0.03894990163506655
0.03888752912927327
0.039847354692997494
0.038361472429592376
0.03916152853554821
0.03828987531324343
0.038696058917304724
0.03944495920817435
0.03798773747052725
0.03878513261803118
0.03882532576013517
0.0380855718032975
0.038604206779983274
0.038430604196758145
0.03931359483386542
0.03824432752229814
0.03795728301462766
0.03813002887132225
0.039132358988991964
0.038257876242658174
0.037420330793638205
0.037483427619738434
0.037577854411786
0.03731572464034549
0.03775323283764508
0.03859538614260885
0.03857423699491305
0.03863748694604855
0.03776975032596817
0.03728702551649464
0.03711491253479653
0.03707434080609074
0.03760698164187904
0.03718272947665127
0.03732545009320071
0.036732211778333176
0.037106325077212475
0.03633164245334069
0.03711254787280021
0.03666852554137262
0.03789246251096222
0.0360762699913215
0.03690195516311983
0.03665245778143002
0.035905658159172474
0.03696529783201315
0.03615570323055643
0.037317787650177965
0.0372623103186736
0.03597029425770886
0.03600844501431479
0.03691707289392493
0.036991532148697
0.03705239624318223
0.03608363108774791
0.03593595329116153
0.03606601820273068
0.03675310431920922
0.036359742460176925
0.036610527238622945
0.03621596690230052
0.036506686908830646
0.0360759959615844
0.03560893037902795
0.03574440716741867
0.034711379355531514
0.03494589990085658
0.03470713952676935
0.03496075492447404
0.035700691077183766
0.03461954589919699
0.0349881921980772
0.03553321576378325
0.03532123800290636
0.03483472531533234
0.035179596584117075
0.03393810944095121
0.034157100650784804
0.034421409930986475
0.03465808705235665
0.03466402910577478
0.033950496325606525
0.03447089529321225
0.03328981408475638
0.033563570196242926
0.033340824356923114
0.03396629082322937
0.033409525398554706
0.033436783006895274
0.034179919966099565
0.034226372780938714
0.03327532945107853
0.033406638693813925
0.032869987393793716
0.03248249784520099
0.033945267581527674
0.03400288755867085
0.033069314366143465
0.03332853830558855
0.03224010342544022
0.033075475827419536
0.03211595948216009
0.03363155758586119
0.032475257545297356
0.03248551764190466
0.03253809051210816
0.0332670747806704
0.03185911536975635
0.03297589382218522
0.032781015407677985
0.03150003396247721
0.03249746625835539
0.032756058790301655
0.031808253646382276
0.031380236842127054
0.032058437119032654
0.03157545131505113
0.031322997043122226
0.030790562521847926
0.031522225989378365
0.031236733108766623
0.03142072487317404
0.031931751934672944
0.0303506273478944
0.031846835721139784
0.03152630416701543
0.030611031741836277
0.031011087985673338
0.03047002242254031
0.03114159871169214
0.03063976659338232
0.03141811558383505
0.029637919486110813
0.02995254169791184
0.030355714642598182
0.02949382221280138
0.030582559971404886
0.030953158882747463
0.02977523290403871
0.02928694558441789
0.03020041192208249
0.029365261378372483
0.029228956253620566
0.029195600679154176
0.028687830277090938
0.029690597960750915
0.02963468702143467
0.02913198316268203
0.02914284500739227
0.02844303396065183
0.029358463307491693
0.028733320896159254
0.029236181459273265
0.027995458705586708
0.0285933620376639
0.028510403264865553
0.028601399585326308
0.028827699509674187
0.028379903263993797
0.027702311673234323
0.028873910666158926
0.027884256022940503
0.02866315516505482
0.027125122211179815
0.02767945037872243
0.028507275178535234
0.027119791444721868
0.028033415143838416
0.027630689348754154
0.027460341851825918
0.027546910968373643
0.027705917614921183
0.02642756265786218
0.027194051838902066
0.027772632050554438
0.027761934901917168
0.026299059338217252
0.02735802078937655
0.027642896658360016
0.027092411033484018
0.027215133236335034
0.027206339607329957
0.026907821491307292
0.026266176305571022
0.026232231369340987
0.025610897795573
0.0256413645096065
0.025243711423551307
0.026806802342161557
0.026327473185484628
0.025014878099177084
0.026476640244450695
0.025321178605431087
0.025710803966503243
0.025629373944102942
0.025382715030405664
0.02612933063170157
0.02461892407734209
0.02487866813639671
0.025240812745731603
0.025865061873665874
0.02507151004063875
0.02434927020331721
0.025451159120162922
0.02500098960848013
0.02439199838767383
0.023837529802405492
0.02395951355312323
0.02441144608628685
0.025062947487135022
0.02492143085043421
0.023914820997156125
0.02416261210396613
0.024756147491378798
0.02350411940892593
0.023895772160751158
0.022849731740970547
0.024096185183539388
0.023504084544384015
0.02324078738766998
0.023660515093533733
0.023486258688719844
0.023237972904007923
0.023378327679470574
0.02377226527400021
0.023409316833195318
0.022045666905217566
0.02322615593546755
0.022610781029576747
0.023337014410614004
0.02280724571089727
0.022081958529667715
0.02162504659356791
0.022021024031563453
0.022663112866270946
0.022587324040095395
0.021744836774885028
0.022060111014069194
0.02109457037015274
0.022072450711088366
0.02129831732824285
0.02095234934962106
0.02246428033275992
0.0216501957995408
0.022200864323853937
0.021662938178207487
0.021467595593501632
0.021278299227418838
0.021502080078424957
0.021108023727322508
0.021174636118261786
0.020873211123618705
0.020490112459091527
0.020558370467378045
0.020132131710695188
0.020657904051123673
0.020629642979648737
0.021235855444972293
0.019887001808945034
0.02018922346317823
0.019588940554258725
0.02051018833385895
0.019656624399707747
0.0205603066284858
0.020756744168222645
0.020274783872483822
0.018905571238653867
0.020190881437348165
0.019564461797713838
0.019288341456371812
0.018902171729398592
0.019138053610874603
0.019485763768416497
0.02001406226867132
0.01853508511100463
0.018946607802406236
0.019874784132416345
0.018126150423823824
0.018835509022477548
0.018123870016037352
0.018398207446110846
0.01938864432249926
0.01777247159678731
0.018113687453406184
0.01857477249425506
0.017512235281065314
0.018285564454959415
0.018132457259416746
0.01883138859011259
0.01891147073316151
0.01716013572833042
0.018493793083789466
0.018603456412004744
0.01777800165141883
0.016928059808255746
0.018447476896716476
0.018102519506531366
0.01727965489179203
0.017459347021477205
0.018179979605879495
0.016918899061944593
0.01708116021231716
0.017513210896407408
0.017573512613600108
0.016713732043126175
0.01631023131696742
0.01655478276424473
0.016855249529966223
0.0167841633576002
0.01630139697386539
0.01648879963779482
0.016145716990600557
0.01669240949740801
0.01615087578762186
0.016435331734797734
0.016449846381937232
0.016765565942802665
0.015389580539835463
0.01618623251520186
0.0156320768493183
0.016470515730418866
0.015199666779653422
0.015035380074589096
0.016305078169890665
0.015605673443383277
0.016341207435562107
0.014695386898230163
0.014686240890649004
0.01590498411921604
0.015599718332141323
0.014361649553946733
0.015385339292771933
0.015577588334277253
0.014105833850985681
0.014119467037865586
0.014968332013038824
0.015165777030356334
0.014196058503901496
0.015312589078940486
0.014247201678086506
0.015082477125595618
0.014753634822039478
0.013696116552869193
0.014726982938859155
0.013560569415252004
0.013938258198116801
0.013478558291087581
0.014726443626228441
0.013126861243361257
0.014766845761929877
0.013625908785388096
0.013385543573852124
0.012906638778947373
0.01438750804812466
0.014294376732119899
0.013108062837027035
0.013066845856576824
0.013563344613117666
0.01262340900340863
0.012786219902522877
0.012533749674682834
0.01246742529008432
0.013767186015375469
0.012960500236955635
0.013691794102321351
0.012019686507993566
0.011965567747502553
0.012361532468968659
0.01324639057089756
0.01195770497548102
0.012656474302762002
0.012957450769770725
0.01260723517597225
0.012844492090338045
0.012737885875821225
0.012324100981580658
0.01296911703095593
0.01296867626552104
0.011390072575758341
0.01133677765575364
0.011265860754663933
0.01118017056872768
0.011029360714684789
0.01156149505920863
0.012343831418584101
0.010844349868260831
0.011520649128907044
0.01118322629286513
0.012393652368981167
0.011124114674646654
0.011085419027643087
0.012115102081115957
0.011148486085773332
0.011146143347512233
0.011120521182127464
0.011253954376612507
0.011644744187000023
0.010678016707944896
0.011850212909668947
0.01022801362169697
0.010766823133374745
0.01002701512536196
0.010314127193745914
0.010418174544399925
0.010481406794971969
0.010162078785333501
0.01104232646300161
0.010564444654303349
0.010892875687038861
0.010769976864336592
0.010089103933963057
0.009581881561579974
0.010071331457085064
0.010044861935354511
0.009294408570789836
0.01019599368765146
0.010211899298577173
0.009834997126772235
0.009091292588592849
0.009561484215478321
0.010412671109547203
0.010550982958109918
0.00988740532430421
0.008984783164201584
0.00994837227600955
0.009156898598326814
0.009736041168981226
0.009713527646059006
0.009663575942326063
0.0091281185885805
0.00905001813757091
0.00940049753721823
0.009744123581955835
0.00832114918857347
0.009585308932024866
0.008656007127910106
0.008589867991323769
0.008608033607641266
0.008183236169889424
0.008797839774018275
0.008310562149664654
0.00794535588295142
0.008623668148008235
0.009367724527448091
0.008593766749417206
0.009094059826460088
0.008170137343401525
0.007669666707480332
0.00796870523801025
0.008982824809303794
0.00843028718666453
0.00900682971540904
0.007975339442299665
0.008353952557068367
0.00909182376112051
0.00853721235391847
0.008892311692744584
0.008708476788561266
0.00746067886413596
0.008249569892512278
0.007950097679492313
0.007729742362362396
0.008164908793946617
0.00850623394919643
0.007562528173238262
0.007796209289330076
0.006834319082966515
0.007162566917447407
0.006979192268937069
0.0068169548940337265
0.008089478141859176
0.007910504241989769
0.008276780068698792
0.00790116415606134
0.006543252525143403
0.006772843133945737
0.007454643190022629
0.006801342444565878
0.008088054017223002
0.006581196622068692
0.00754173934055532
0.007717916255393972
0.00746198198689157
0.006883650816517512
0.00676451218629582
0.007208406666512154
0.007668502612655112
0.007256831629857638
0.007121799025658118
0.006858757673201762
0.007214462201303051
0.007309102218822858
0.006227531178058204
0.00713230683189093
0.0058964021480273346
0.005961248018018396
0.007225132908023239
0.006452591264445118
0.006424731525033183
0.006974795984979277
0.006875200991377691
0.006689377994415681
0.0061627702483905795
0.005437049300370822
0.00546433158381892
0.0059175477984948315
0.0068194591554229505
0.006500700985633862
0.0059277973468982725
0.006657988830907564
0.005272500894288636
0.005873747478920477
0.0056873404366220535
0.0058327626969053945
0.005667306456448236
0.005991131367345853
0.005093243761133974
0.005844622158230262
0.006384285921172904
0.005176691023988831
0.005102244132832672
0.006400898163094952
0.005530960138174784
0.005447454712935201
0.006436711415979029
0.006173087073635407
0.004914939768706804
0.006327058301391116
0.0062615095940062055
0.004871543022629045
0.0053104148731943504
0.005809888860457011
0.005377858535631464
0.005521560085348968
0.005673440835580053
0.006025079540354793
0.004820000638448657
0.006003780400823005
0.005869704215219858
0.005604743072411847
0.005475809516639175
0.005937258371231956
0.00509474213458915
0.004953083441891861
0.004759278315077892
0.004989502978870476
0.004614975024312595
0.004390684402937261
0.004265395296516647
0.003970096423676513
0.005463134776935762
0.005647255753596067
0.003994948566535889
0.004765277898196351
0.003943066955875354
0.004405385174505435
0.0043455003377559365
0.004749607571157646
0.004054728196769248
0.004853073869056048
0.0046794047804202075
0.0037223557279729732
0.005275681509062208
0.003949291116225186
0.004972312075747485
0.0052392932985699915
0.004539884672832771
0.0037564362968643705
0.004553066306624529
0.0050740205487463065
0.0037843715230035995
0.004983389343750111
0.004056777877647215
0.003840324996176586
0.0034772523013576234
0.0039491410687325324
0.0036371913968798538
0.0036224105720971457
0.004467345946481741
0.0037415444755672734
0.0037084011856381876
0.003725147921983623
0.004491430985449105
0.004198633752361365
0.0038219721485049964
0.003559814546184355
0.003734960627241302
0.0031624560513279203
0.0030233603830676315
0.0030847492072167654
0.003018376103396097
0.003700721350369497
0.0030105025828143154
0.002880962332258349
0.003404171316844993
0.004466798908756915
0.003577750931975226
0.003792608752180916
0.002945844715123134
0.003755701297232636
0.00385667827939864
0.003217710396973962
0.0043764905745156645
0.0037587858282548876
0.003781780168722556
0.004373659714109989
0.00415385911616513
0.0033606842390690485
0.003547122160342167
0.0027489991688874208
0.0030500242355110344
0.004032380046863185
0.003644286509928095
0.0038934897685048136
0.003497384231593207
0.0027923321059418853
0.004103228565998284
0.0026302740489042497
0.0036455212711986227
0.002722043628008224
0.0031412230894236263
0.0037965941521898245
0.0028253024086455965
0.0030273077106536843
0.003929909026344417
0.0038773651427855744
0.002651554157675219
0.003947574559873657
0.0030225552075714103
0.0034653431625099435
0.002720845839237492
0.003365630587379422
0.003676463540120402
0.0037820315388953037
0.003281472342098335
0.0033117644283293273
0.0033735170343781352
0.003744259703018782
0.0025267448774441174
0.003654009346860971
0.0032469687226447043
0.0025949873219762447
0.0036844332544930494
0.0033400536839680844
0.0032103722642998944
0.0030077958965544645
0.003006237105104787
0.00312550611374735
0.002621365956855547
0.0027806136532396654
0.0027484012292773707
0.0027897577152038665
0.0024029080432303646
0.0034469018436418582
0.002970153189247728
0.0019603270866485516
0.002279720943626154
0.002734133520630354
0.001777369879735047
0.0022835804378562707
0.002840218040119813
0.003079134202554092
0.0016792159193291878
0.0021043002287181936
0.003005005890955377
0.002333777782531689
0.002219674871459191
0.003063465181434568
0.001871542273687988
0.0016779607523917793
0.0015710070474050496
0.0016773174140712107
0.002597382286061206
0.002002899574081978
0.0023051997522625387
0.00316824564605079
0.002776361985607022
0.0017018802880697066
0.0016943530618047998
0.002583143134290664
0.003165683708050683
0.0018454851698645521
0.0015017087873554172
0.0030453849797942695
0.002311545124955803
0.001518262275196178
0.0029131175086781038
0.0017983995596794712
0.002999219292428207
0.0014663830179483953
0.0018721307608571642
0.0015847655999746703
0.0025733860515396445
0.0016537288697275995
0.0025300919842333527
0.0017751709601312065
0.0022860450645497284
0.002297396310520583
0.0014488817603771588
0.0016984885967951688
0.001620026224012902
0.0019460079228139525
0.0019772185306665495
0.0014899650417561012
0.0027033830994538334
0.0021359792105960845
0.001998857464862769
0.0021543737075941753
0.002421704451940602
0.0027915526520560932
0.002877780630098276
0.0016554216420140693
0.0027640602767861604
0.0025748946450611806
0.002508619729106117
0.001727384548897863
0.0012156259684395292
0.0014584652568528143
0.0010938211935124296
0.0013664819810405016
0.002648312850520505
0.002711834138683659
0.0026431921942093577
0.001994907549686613
0.002382949860278172
0.0018850505223542429
0.0021981935985298045
0.0010932752936740286
0.0026127353430697186
0.002027241291167218
0.0013466897403875612
0.0010768873397228702
0.002612555008316464
0.0019182121231329425
0.0009290821570140131
0.001102641512882712
0.0025667070272606604
0.001183355553801107
0.0023430602396112294
0.0023928176211753882
0.002168758809155318
0.0017485958489751677
0.0013006666886643617
0.001610850142283845
0.0017684605747387268
0.002072685185723205
0.001718268348571051
0.0014033079214430726
0.002391680328511975
0.0009966174834178186
0.001158577815348609
0.0024355917631993375
0.0015616869399620106
0.001515069619333574
0.0013833615850707343
0.001559891682452681
0.0007444798718538447
0.001982561783299277
0.0008593483795335319
0.0017256603257742025
0.0013651256412822888
0.002255160371018118
0.002118847886260622
0.0016867409694891978
0.0015061906339118398
0.0017997557605213175
0.001683553479551153
0.002129416900527883
0.0008403238613619849
0.0014228590213978464
0.0012052807780881837
0.0014133246047775552
0.0014743916423278522
0.0016649685456062225
0.0018769674096118948
0.00088580575324242
0.002274533960135939
0.002277593697403081
0.0016715406445526142
0.0013194971507448573
0.0019259612424705448
0.0011317445279809303
0.0008960671360274859
0.0013236880770846672
0.0015882126637600592
0.0018665300651965256
0.0015724483288808877
0.0017070836305051863
0.0012710068064510963
0.0010540709832751645
