0.0009732581723911817
0.0011087844695321458
0.0019749411958204185
0.0006913985558759546
0.002186965831883259
0.0020716826353599973
0.0017046488048967335
0.001316268087967101
0.0018190499344660444
0.0022960080607780566
0.002144078951723147
0.0020505237425671886
0.0007607266345503141
0.0019698532921946788
0.0020690943954748543
0.0007595248594711603
0.0014090924446500835
0.0015988707437550938
0.0010666354171158376
0.0018681483555387738
0.0013058053912097338
0.000703104118088118
0.0010067651136781647
0.0020336447311869016
0.0006818250418409377
0.00233993765544737
0.0007460301544988588
0.0013320751763045708
0.00241427872510085
0.0010467819076483704
0.0012851072297819048
0.002280708071144111
0.0008599072626466557
0.002151367824737693
0.0015820277570335478
0.0018011185989613013
0.002226247451514613
0.0008693063755859609
0.0014841103844246205
0.0014160429390095907
0.0024890314736102314
0.0016886957362293763
0.002534087236703069
0.0021564471912404724
0.0009269218002053855
0.0018094586493403433
0.002269873083849902
0.00206077555137338
0.0020742547843379824
0.001698487712528853
0.0019155778339372033
0.0009332167283793889
0.0021705212013245355
0.0010280110190920332
0.0010159118954623481
0.0014815171438633452
0.0014764643927174153
0.0018478932120574105
0.0011445216799002135
0.002576613477578897
0.0026208893744964095
0.0026010436839159524
0.0024965299676530037
0.0020097770826081472
0.0012024064362334069
0.0010520932252504052
0.0025166015790193215
0.0027155648399123595
0.0026892206989907927
0.002690011661522396
0.0017095128983286017
0.002611302920235529
0.0015650173420468025
0.0019275698526464412
0.0025062407779075377
0.0016087110760608122
0.0015717984383044532
0.0026024218741435854
0.0013864899230390125
0.0014980918408262543
0.0021078790417143646
0.0015015375892453203
0.002649307467301174
0.0017344445656373804
0.0027950592986084517
0.0021544387328208217
0.002553663397178075
0.0016734875869266533
0.0019450988860001978
0.002155743946904354
0.002605320353883993
0.0024830751855738236
0.001955012059002051
0.0029429628430937345
0.002216200457592956
0.002839705104673644
0.001465486803535383
0.002426521375712027
0.0016613742052667313
0.0026585299379579754
0.00216638824861341
0.00262412329338829
0.0016428637946107984
0.0031225169517803643
0.0018209613601672524
0.001835738563176546
0.0024273761545746575
0.0018085982957667557
0.002554641395482028
0.003180173193070865
0.002144190504907047
0.002183357900104698
0.003058871429249714
0.002050750108990266
0.002211602123956777
0.0023986162248035977
0.0021079327301009427
0.0027286938242435674
0.002426897207294516
0.0021925502959748663
0.0017403685176186903
0.0020880293686990287
0.0032309185059434084
0.0017771335251927252
0.003352903062262881
0.0024870516190020667
0.0023946207303860542
0.003320256775154514
0.0034200352187981208
0.0033063578801621855
0.0029603245609941095
0.0021415148963685937
0.0029471905479167074
0.0021062921355988976
0.0022629519029665236
0.0027561756182820428
0.0019427414161726836
0.003441197791108228
0.0024755879206811663
0.0033196433077244763
0.003258346068230352
0.002878605074732313
0.0034801955541125572
0.0031080093761823753
0.0028725830097743885
0.0022105077269028816
0.002924849916629489
0.0034426803666367856
0.0025384897889200223
0.002083911277220832
0.0020719421692008376
0.0025580022587604273
0.0028405365801280158
0.0035259521266729093
0.0024014376461474547
0.0022933339010232615
0.003779458774566842
0.0030787941259806436
0.0025010093115108508
0.002236561526422624
0.0029441342283163816
0.003591116675907428
0.003825671970386563
0.0037261279788389176
0.003984314972483395
0.003911084040918979
0.0037564388546571844
0.003129478036181837
0.0038206216434081945
0.0027334733372085577
0.003930317725043872
0.00346459423715428
0.003236422795913226
0.0037295006655735483
0.0030213835630693645
0.003878811551537463
0.0030070513953311022
0.002644050297795854
0.003925897388632505
0.0038284337501028895
0.003000007215658342
0.0030548859027422614
0.003927984430155401
0.004070645453269838
0.003314508926711289
0.0030822188896621502
0.002897175765376763
0.0035003662617885413
0.0028455247428123315
0.0036614386242908464
0.003198368516014438
0.004104510305529862
0.0037648354449561876
0.004273827283781507
0.004538836170547226
0.004198115123410655
0.0037951800231245504
0.00409082790521396
0.0031307426043668636
0.0035633942179819364
0.00457531797071374
0.003895726794895177
0.004534094189328733
0.004572960977541296
0.003935204993553313
0.004744434490783779
0.0047480465131026625
0.004043276041544273
0.004511917313859272
0.003984356139274724
0.004306261448981623
0.00349073955598594
0.00488428501593847
0.003466590810099015
0.004298830351620678
0.004188387447854053
0.00480621037306456
0.0034242023662222447
0.0035350531236202046
0.004622835440922989
0.0050283744315871215
0.004393374293361483
0.004990845104691838
0.003767911690472585
0.004752019258354288
0.004900407954700486
0.004958804710638786
0.004211874204483693
0.0041188064969785824
0.0039345985778084435
0.005181479076923
0.005117117560591267
0.004545269682414217
0.005439501232978047
0.004855176030707208
0.0038386828895578323
0.004916946998139137
0.004128396183035746
0.005093970231384845
0.005207639833031404
0.004798893439959576
0.004460308305361687
0.00510402432690887
0.005550212010512923
0.004963677882243614
0.005566674385227214
0.005733321317615358
0.005521923961901259
0.004392287425292807
0.004418836516331336
0.005214997052399222
0.004345112529097379
0.004936690830578985
0.004367360601101273
0.004575352509890916
0.00578876691967138
0.005549212140301627
0.005822575623649434
0.0050731692325001135
0.004583232223230971
0.005059553352157675
0.004642060283428879
0.004862631495177272
0.004899738720466693
0.0050006038762351575
0.005230823384662235
0.005766457672174258
0.005336993510275998
0.0064970607253733775
0.005561995565620144
0.005798821105169858
0.006554514479750938
0.005136206662513292
0.0062684543316338
0.006252691401919845
0.005698528368893559
0.0050678959785995705
0.006748955670796923
0.006688213658298036
0.006248716808641575
0.006941588184481532
0.006200414371817093
0.00600406955438941
0.0053852228120426565
0.006489612771322154
0.007002843572525184
0.005462071938134408
0.005671122191536457
0.0064589325455716474
0.007203956898516528
0.005733650921289973
0.006695411993663698
0.005736991537359668
0.007257590523320948
0.0072135890131289305
0.006876996716232705
0.0059563615495323635
0.005818735315887885
0.0072275749126763595
0.0071688471152959255
0.006486306961999046
0.00703866795318457
0.006052957176587081
0.006015328665704266
0.0060914508034828575
0.006804431300666725
0.006886692707445032
0.007157264816095266
0.006354823810798963
0.006250477412997147
0.007587012802751179
0.007387054694268409
0.007297882495122638
0.006492563269377735
0.008106534335353893
0.007140646834058655
0.007027337700985258
0.008211352201330886
0.007494456621543816
0.006745121085913532
0.008363808864498801
0.007887880813651039
0.007961349561221538
0.007443515331131783
0.007151166793484845
0.007441012603144311
0.0073235990056944285
0.008661959184213665
0.008592904956069099
0.00848342156184138
0.008255880135238926
0.007604966564732422
0.007692283471555884
0.007591335771083256
0.008885408157085054
0.008153612381133199
0.00795370966017651
0.00881353809891557
0.009093652698730375
0.00816403882763537
0.008194578540010797
0.008774095107825647
0.00823708301411171
0.009093836214424141
0.008839025784298023
0.008350726665491685
0.008414073640128
0.008378196490487762
0.008220831045422886
0.009686363647459511
0.008968865514066218
0.008497050971885684
0.00958269465608248
0.008946528759832652
0.009609489959106148
0.009577915565230943
0.008487852152800257
0.010055964400162726
0.009504505651506484
0.010156759154747246
0.009946374341788725
0.009685492032422121
0.008799378931368583
0.009491287990897542
0.010340613239348739
0.01034226468625724
0.00913473941871879
0.009886975745078344
0.008942866114037173
0.009543006866693885
0.009622232804767523
0.010477659647438832
0.009294747069915968
0.010430349204837704
0.009885560709449829
0.010777646010049064
0.009677549289333601
0.009753305976749657
0.010178236771726924
0.01116140080088215
0.010058458040263701
0.0096566272343185
0.01011038068007735
0.010379155918860466
0.009743709107578153
0.010192502922502601
0.010985800549298414
0.010677912567005737
0.010768631058605703
0.011653881469091399
0.011611928967182841
0.010484803898226073
0.0114433402999183
0.01152264958580341
0.010713142417991707
0.011891801328224138
0.011675909717032688
0.010933491217124138
0.01120876964711108
0.011492534979265383
0.01226444662846329
0.011957640674309013
0.011361098762863283
0.012142623136071163
0.011235580363736918
0.012560142881813277
0.012367021168560349
0.011533287481451703
0.011198973175291593
0.01248468768659422
0.011629799453321092
0.011265760474047273
0.012295340030791677
0.012320909681905077
0.012566453244624952
0.013140066735957657
0.011652459873506537
0.011846293785784723
0.011985183749592019
0.01284209811562058
0.012747137914584294
0.013342233651409113
0.013546831485824485
0.011973573713296342
0.012218589552935977
0.013464062150151114
0.012878615276413314
0.012302623243669285
0.013994470900174184
0.012554766302546694
0.012451402294356937
0.013361405326573556
0.013942561917817845
0.012737819862401056
0.012916484702961493
0.013270314544087043
0.014137233280656537
0.012810608430391274
0.014021918550970692
0.014010442340047675
0.01392590544437031
0.014633495314770782
0.014583498196385217
0.013562720091483812
0.013969297953223343
0.014978865320326551
0.013704346513581033
0.014392176734731116
0.013690583006337177
0.01371025593723389
0.014389140428115212
0.014038292739631373
0.015528445372105714
0.014117150138650093
0.014736320082137886
0.01442624670895484
0.014588614340469992
0.014305134558490529
0.015722426117444274
0.015525646197241982
0.015011751212090174
0.014665793736769392
0.0158797622641412
0.014992951741029936
0.015327970976949802
0.015445405422284708
0.01614536255524577
0.014954748274262155
0.01497117384856703
0.015159759183377839
0.016589935291005324
0.016564236414828872
0.016049113046362116
0.01640042577664157
0.016311716215261857
0.015578720340557477
0.01565618239160838
0.017046450097697036
0.016323570226236664
0.01665230996267915
0.01614885801258588
0.016766552549557404
0.01681568182977842
0.017394492927913157
0.01727272154861302
0.016799825978237228
0.01739888396082843
0.01668276363375518
0.017607591425299062
0.016773441772412138
0.017498282299190128
0.01660799305162088
0.01773510947883696
0.017361056396337376
0.017945238303842887
0.017686095532984454
0.017455447119048284
0.018414046694898076
0.018741437659394476
0.017530250913538492
0.017410064474600268
0.017380278822889353
0.018429225377465906
0.01824769367352472
0.018799317461257858
0.0175247557283502
0.019181602831554984
0.01838819815482153
0.018120430216599898
0.0178608639898833
0.018628226220992354
0.018470202001334535
0.01848734026362974
0.01878476865898575
0.01838436109256923
0.018357553954638256
0.019297821890270333
0.018669958286152574
0.01945926350420244
0.020157187112248214
0.0191974932967855
0.018866554908720978
0.02010436425232512
0.018986139513066613
0.02017005058319054
0.020530310718386516
0.019551965129020993
0.019982549691402483
0.02083406564966992
0.020080575392897627
0.020157807047411033
0.02013002709113343
0.020148530481153056
0.02100126905218954
0.02038431917733452
0.019930196724069624
0.021418959343432895
0.021121857857595107
0.021529391885851814
0.020845383802197363
0.021113441902887928
0.021912167605209438
0.02045205793784784
0.021834983277535157
0.021943860437179944
0.02095447754068667
0.020992918490449604
0.022276469987851457
0.022364792035895656
0.02223873158705384
0.021899904230187922
0.021654262489485626
0.0227885956642905
0.021364684413702956
0.02278967684421437
0.022665770728352384
0.021645515037419506
0.02153829216350289
0.022471789695939662
0.023269766339671715
0.023303523016203913
0.02293206463111146
0.02209444384713696
0.02235401178675574
0.022250450904787184
0.022240354151191848
0.02394182263669213
0.022653131720159904
0.023924904345195282
0.022554840139878355
0.022681982327876098
0.023070644206884993
0.024388224733673834
0.024449864237867
0.02360868642666607
0.023478466003632327
0.023428628898565826
0.02374075587514762
0.02450029664162672
0.025044105069311755
0.023612411523005195
0.024372246109879134
0.024777800109228306
0.024013951440407008
0.023775641351718356
0.025227213750896985
0.024700565929064004
0.023964792203409052
0.025115548664532524
0.025052346331161403
0.02458180806639104
0.025936866560955472
0.02503795145885188
0.02490602529349558
0.02610890220706227
0.026270048687265048
0.02631453307481595
0.024971670773681738
0.02503823818799855
0.025380264143923026
0.02590342339950615
0.026042040063502993
0.026258076594748422
0.02616595756521077
0.02606036800312065
0.025645437227411805
0.02630657602919419
0.02607497199515308
0.025942296521822332
0.025795034550228968
0.02628436767378633
0.025939655832318644
0.02629890531641845
0.026263843136039616
0.026262845977337315
0.026377081808804523
0.02776586779589205
0.02775047939411482
0.02696031509839558
0.026901530405157078
0.027915415998795268
0.02750806931026769
0.02732125590339359
0.027143138723139587
0.02759942947850505
0.02858164394704432
0.028011156187276384
0.028727235563616702
0.02733547808818633
0.028601710260185677
0.028692927086437413
0.028573160748560436
0.028545313611915958
0.0290166881135199
0.028319378058732875
0.029457195894757596
0.028093245719774017
0.028184858078113002
0.028435467161563893
0.029286163012491272
0.02860437157683514
0.029223624925503892
0.029070946614564074
0.02914206080407299
0.02986279498062096
0.028811496233925208
0.030416828891392696
0.029703352742417168
0.029665347753671852
0.0305147965894247
0.030140288103954867
0.029455439535659506
0.02940664121345206
0.029599251181597813
0.030262867751586483
0.03060055100827586
0.02976847066091888
0.030502826691119898
0.030176176465578148
0.031195773840522738
0.03067607238678615
0.030141385592211523
0.03130141888095703
0.03069582824049808
0.03133090398336135
0.030899726968982154
0.031167015247033684
0.031569712714127056
0.03162038598295697
0.03146610223662546
0.030984952372957154
0.03191262265549671
0.03138479628623739
0.03248722185833675
0.03251699221117727
0.03207029759875413
0.032620786517402474
0.03279690555772534
0.032189956035773175
0.03241395349538678
0.03166770470225117
0.032455380379151307
0.031676197949280074
0.032240964344138534
0.03166954423273095
0.03279822661478835
0.033101270243319686
0.0323280729735816
0.03368625525068031
0.03215806918861156
0.03318886154898913
0.03388684551693345
0.03333531044670863
0.03305006847086647
0.03406405437964508
0.033714281617705
0.03417553348296663
0.03337533626057545
0.03280705105959798
0.033077304769542806
0.03313147125277433
0.033246584212155726
0.03467234345666926
0.03331178224195391
0.0345217979338709
0.03358481354694839
0.03434508895978042
0.03436697370117224
0.03370987647986601
0.034068969977795606
0.035111252687838934
0.033788002206944
0.035335123056251735
0.034526873663720724
0.034755285818173116
0.035133801752419126
0.03435371945485461
0.03567626766150763
0.0349650955936287
0.035708417429129086
0.03583819055093485
0.034485469792501666
0.03541308418070817
0.03444633129665212
0.03623168545729732
0.03560211373867335
0.03613824881188691
0.03516236825468603
0.03619462988248194
0.03507162745419488
0.03538754670037685
0.0351954965190475
0.03635050461408515
0.035216488514643145
0.0356387452751695
0.0368560680008121
0.035969879786088205
0.03628555574953088
0.03580227899946517
0.03567317198487192
0.036376162908346055
0.03580549578602945
0.036842374034362475
0.03615952583497051
0.036421608716648235
0.036063037872816193
0.03618672373946592
0.036904487732027556
0.03710796462823636
0.03668124053993087
0.03686837939302514
0.03751711444229983
0.03723555622864903
0.0366010743629817
0.036669744803701505
0.03717244630739003
0.038130831143075444
0.037856157125081565
0.037367891316174975
0.03734974174093085
0.03716607378261189
0.037979592333218806
0.03796772044752124
0.03862460794201923
0.03711324027306813
0.03829255801666423
0.03833932952394211
0.03871099827948516
0.03738623475321527
0.0380112592940075
0.03826280347599151
0.038203324610628225
0.03825400113864465
0.039183438930385575
0.038455696857875456
0.038080674489206635
0.038067831207070565
0.03884299644269129
0.03928271256696364
0.03824452031307151
0.03870039685397217
0.03814358548813605
0.03842198655657919
0.03900678777157988
0.03843456350617102
0.03937937296881118
0.03871177037120757
0.039626501481859235
0.03975230795866692
0.03959107995295545
0.038677510660769215
0.03869279782120381
0.03958932683402528
0.038979278019288285
0.03968732802790179
0.03947295351506444
0.04015427140388046
0.03980564144119095
0.038889872979710985
0.03902107040681887
0.03997950529081888
0.038936630488394394
0.04034430899662005
0.038997173489040825
0.03967736347967946
0.039244505544244135
0.04083562839568458
0.04035013278630054
0.04055421659690079
0.04014708564605613
0.04088664253427827
0.040760438879172696
0.04019734517198571
0.03995957502905295
0.04113702795248876
0.03995093244974016
0.04036417013509492
0.04025088984784639
0.040985116654235286
0.04118649659218621
0.04079934985234638
0.04118297412219694
0.04010215452770061
0.04018058677417046
0.04034285940711214
0.04104584762898681
0.04041513729504455
0.04046832969786164
0.04152308627054689
0.04087329939620767
0.04031507300365291
0.04015590858157595
0.040418518731718
0.040702570375364996
0.040357302728329505
0.04078360111311822
0.041650415281084985
0.04082537886404738
0.041449472822578624
0.04092336969936225
0.0407138205868119
0.040509858622153706
0.04164778513043392
0.04106528507063309
0.04103418416771451
0.04175410741529318
0.04078340959355595
0.04156212212565985
0.0406307143891464
0.04103447836137034
0.042190965955303264
0.04215378937701324
0.042028943429115735
0.04212175417295239
0.04188287602970563
0.04239129663530786
0.042475472597026165
0.04111612418877733
0.041417317407458444
0.04086565593183506
0.042415418962416664
0.042360391704343775
0.04202141297213479
0.04226103410144895
0.04155080935509986
0.04143700678908877
0.04251101078519057
0.0410790629908914
0.04219963906608681
0.04248656320857459
0.04137638342609871
0.04202863945935911
0.04135972084430018
0.04183351346907215
0.042157249396973025
0.04198908871498529
0.041747912730270884
0.0412574221851728
0.04127788796693458
0.04190361289181718
0.04222237479855815
0.042427704204388385
0.04281771938907378
0.04295254014812775
0.042616311525660706
0.04150305861648811
0.042065459245012475
0.04201957251343504
0.04174984028659407
0.04254379716613338
0.042415551045084994
0.042252322248388846
0.04256949718450926
0.04180193745472064
0.04285770933488702
0.04154664747142969
0.042457688166473634
0.04238862670736862
0.04311603495741517
0.041518415901759524
0.04224628749846932
0.04174586458045315
0.04172413213440969
0.04286006484662543
0.04170628465720302
0.042865168996153315
0.04188478744385275
0.04156878323786979
0.042214051079527165
0.04231871645106411
0.04153615846949062
0.04272042413106557
0.042532659953024674
0.04257182631861
0.04177612347827779
0.04278294345026017
0.04319015757229365
0.0414795441196929
0.04154802975419269
0.04262090985375684
0.04252244442730904
0.04173263420364322
0.04192590590727993
0.04254884026700511
0.04155968990393467
0.04148135316613322
0.04169686074963464
0.04246714520815853
0.04192926364856133
0.04297914409947488
0.0431102777536327
0.04212024221650786
0.0425455635045928
0.04173413562675938
0.042819829385693495
0.04241446490309066
0.042341066877530434
0.0424711211206442
0.04247580463013336
0.043045054725631575
0.04138542927418611
0.042571782571445616
0.04229234844642047
0.04161803582826856
0.04196645427646877
0.042271629259493536
0.04169011468538873
0.042561243145092645
0.042050464386353
0.04238254060975502
0.041801387220888796
0.04222042692691652
0.04157654831294434
0.04270124666384883
0.04139018457988688
0.04106927285937138
0.04270087940420822
0.04203989010222954
0.04218233427061171
0.04265000549229942
0.04119057458821253
0.041322336504034496
0.04117771782010538
0.04149553789600387
0.041324484504163636
0.04094695715178633
0.04245458122150453
0.042494104547000824
0.0415770069637235
0.04115496194573001
0.04242703215602529
0.04231220236686914
0.041485368247017
0.0420378258820535
0.042332141357581454
0.04073539288021517
0.04196903138281806
0.042036709596959765
0.04138536435404809
0.04172392600904078
0.04172742858767625
0.04064183672247107
0.041532496032756855
0.04082643996676126
0.041685169492669844
0.04094129769438845
0.041634987447131656
0.040318738517669324
0.04195157140448446
0.0419088488380558
0.0413171393464777
0.041428222196755786
0.04040801496429707
0.041768268319604236
0.04040865739524203
0.04084967442303421
0.041011757425377986
0.0415316229278462
0.041106415697769336
0.041057443719706335
0.04067384191353874
0.041052792701175914
0.04117744306783114
0.04034624096970283
0.04048843708605197
0.04000113670472297
0.04088101393037189
0.04059194269696501
0.04090719712211361
0.04077665899047997
0.04078160469553503
0.04069632021900189
0.04092514043806804
0.04058531895622883
0.040952584842351945
0.04025771877391528
0.03993343724476304
0.04056429628733926
0.03939977003617716
0.03965487133736795
0.039308744901459594
0.03895511300205274
0.03892917840708284
0.03994623976396201
0.03940827622263624
0.03925751755667701
0.03924257360119087
0.03998875568910026
0.039169110109894406
0.039635493735203337
0.03894649905824904
0.040171106822963654
0.03988157623150128
0.0393856274637981
0.03846599030616039
0.038349517961746536
0.03961557555334424
0.03950521138827464
0.03834174920296424
0.038314834653839246
0.03815655122721715
0.03884176052473242
0.03798216992853211
0.03933974593235147
0.03831820206948702
0.038290060571324266
0.038997888097341296
0.038047678980263594
0.03862076998644604
0.038933518937161675
0.03760877668130818
0.03918504693824622
0.03869178170320952
0.03755201846529944
0.03805575153098014
0.037811339585981346
0.03784429715710167
0.03758357948627247
0.03853208884184677
0.037214578779965236
0.037852035503574646
0.037769336293241945
0.03726177406686671
0.0371647171875287
0.03774204281397766
0.036977426923997816
0.03756367055908945
0.03706818624037417
0.03721604448608998
0.03777936364871582
0.037207802167957674
0.0373326230428839
0.03732224913665059
0.036384808453834995
0.03653239411472324
0.036605197799833414
0.037633914891715456
0.03609281025402768
0.037578853061951877
0.03605663520072217
0.03641406734173243
0.03652058113423921
0.03628150644009231
0.03709735458025125
0.03626342253838565
0.036944496082926395
0.035554561438089695
0.0368254549134256
0.03642715327044517
0.036283786094557874
0.035130361155417414
0.035983132303578615
0.035795825939565463
0.035512679071420576
0.0349644612890426
0.03595588264505707
0.035781226690986295
0.03537208253732412
0.03534187642965729
0.035674928639348125
0.03618682137144326
0.03478308924072543
0.03438269368051106
0.034381732623526146
0.03576399415457097
0.03540127392837041
0.03431379522824153
0.03463656753646782
0.034587606264138135
0.035530391410324616
0.034484514818928655
0.03441028909062152
0.03460421484301399
0.034287325782308004
0.03441456514329508
0.03393959140412272
0.03479265149666744
0.034676087591819615
0.033322167587506946
0.033824653841386665
0.033219022042087716
0.03412313590189667
0.033752298960794735
0.03315285686410149
0.03434791519071969
0.03350472419530074
0.03311817698098701
0.033355744728618485
0.03320256018574082
0.0340540435945361
0.03400825286103277
0.033631159163155996
0.03352450756148123
0.03232447123570822
0.032963484027923255
0.033687910346176075
0.032960769225119625
0.033312251816917375
0.03246858155436239
0.03227216194008188
0.03216049404492412
0.03253582501934025
0.032151914158319285
0.032662839128384684
0.03290184823114228
0.03293969694410042
0.0320951121448561
0.03237353863310888
0.032126378564379866
0.03163884169823071
0.030991355969780497
0.03197996398458684
0.03080275458241555
0.031377198558912266
0.03081212897792537
0.032111285587915456
0.031563712488821345
0.030753341548913404
0.03129361991702481
0.031232912407394984
0.030042806560607434
0.03021129983931431
0.031399457333559595
0.03028130501063604
0.030105131184984178
0.03019894193355712
0.030392639106100173
0.030037656268254945
0.0298614579115735
0.029664617903805094
0.02950171718968133
0.030161210968358974
0.03022845815953325
0.029019693675195964
0.029928356538006903
0.02988211327221539
0.02976118322037266
0.028721135394820272
0.029664278759443316
0.029654777956298225
0.029054925922043617
0.029609526278635057
0.02878782456545462
0.02845619906490318
0.028255224955971926
0.029307662074193722
0.028650929468406507
0.029175978728208256
0.02829219719195362
0.028062159702778897
0.02781344997110498
0.028944394536951978
0.028479363392056995
0.02776505362733635
0.027414741888480122
0.02726175231200625
0.02741400040695019
0.028427340386729952
0.027734139458055473
0.02860352068502678
0.027987721959601468
0.02821814482336379
0.02670139748133136
0.028067727023491244
0.02792274172612764
0.027287252788469187
0.027345081097574737
0.026342114760539263
0.027017519263842497
0.027282022696463785
0.026847668860572327
0.026911055293797042
0.026828545789782016
0.026709288366296952
0.026692565361140595
0.025865110520173498
0.026017993712945605
0.02627510402475829
0.02601616769589467
0.025432544829841218
0.025499172589383234
0.02588888811538638
0.02511153835215063
0.026141324038395905
0.026544095312624773
0.026486581555348387
0.025924899714178853
0.024953292283265635
0.025439448829452305
0.024789055461437323
0.02453472393129146
0.025378318826700833
0.0244674116218953
0.02442679896483576
0.024352664896703114
0.02476822394845464
0.024578202174265505
0.024490012558560946
0.024222301525558536
0.023899728735203168
0.02504058831136895
0.02420188541971165
0.025024854310573715
0.024107330515291545
0.023659094490962908
0.023299572842825696
0.024800846443883542
0.023760662219880567
0.023293675120747585
0.024532459441257967
0.024041949262594325
0.02393189543115132
0.02408505172312169
0.023139473822436453
0.02248974275737362
0.024048664968449217
0.02367875220259677
0.023948240207494188
0.022843940098724178
0.02268901245551405
0.02224373779826283
0.023139921381008857
0.022238374924320167
0.02209971256414241
0.0227666187820839
0.02327525313687379
0.02203125503344039
0.022489006444091
0.02142599854563612
0.021285379556667053
0.021210897002363525
0.021351965104009257
0.021607391720175798
0.021237651880688005
0.0215006181392269
0.020909745293207976
0.02174715440833738
0.021833590224482582
0.02178740230185003
0.02181541914134289
0.021846478249930242
0.02144926365152914
0.021092712057054864
0.02073952494879292
0.02142411207212445
0.020455575109681216
0.020283758927056642
0.0209041458436862
0.020594853041176267
0.020249026204168862
0.020998222060663166
0.021111486472794042
0.021119580470102813
0.020037491691035483
0.020082485736306097
0.020329073444009613
0.01980076445500325
0.01998536507025252
0.02072289092412878
0.02014612528546816
0.019493701995818378
0.019430676355392845
0.019805040512507113
0.01967586652719269
0.01928780116207052
0.019039458498500104
0.01952674528926586
0.019582795913183355
0.019626355881071707
0.01867335637616855
0.018813599714692444
0.01941959065980779
0.01863817479733389
0.018546361552961063
0.018832707949598928
0.01861766768259624
0.01788483345593397
0.018073997118342375
0.01923463949069266
0.018853475190947395
0.018098423560101565
0.018732765449998023
0.0178894827539115
0.017728444336838078
0.017482589362300984
0.017451092723782723
0.018491942515714548
0.017850298398046863
0.017692034273205055
0.017662918200775
0.016877666011621804
0.017471807612976408
0.018205721446892927
0.017820174358808394
0.016710935658807165
0.017597520472351757
0.01665016722345422
0.01721563931593196
0.01681830588298469
0.017027794184695
0.017327347847483326
0.016797892857649026
0.016839794245108092
0.015696011942819228
0.01678466257545804
0.016853653738505815
0.01706853221400936
0.017074672073079937
0.01638514683628635
0.01564050969835339
0.016310629036730806
0.016670788073835607
0.015714688921492623
0.015806098172119462
0.016466244118576744
0.015457944547657467
0.015754471770739957
0.016135105155529825
0.01635583392335328
0.01576535542429546
0.014578700668557687
0.014835113866760032
0.01511811813628938
0.014540984045396584
0.015751911547093756
0.014318271616075271
0.015630283401823587
0.014833647371321314
0.014588164176484519
0.014778529165613027
0.014381553693529149
0.01385398608405511
0.015135517038432657
0.015249557787469635
0.01495082718090497
0.014465028380532615
0.013577798666732208
0.013419688261932062
0.014232753240550853
0.01486037678732764
0.01369825826043954
0.014627495214048125
0.014234368940854742
0.01459514197866572
0.013303912269652803
0.013100935135016365
0.013248911782600473
0.013042793552411829
0.0129546674943777
0.014371610527760093
0.01401593490086765
0.012535513678524861
0.012576245312127718
0.013476575337907916
0.013089523527494795
0.013780783013053459
0.012992120653912462
0.012953659317720275
0.013206676065451936
0.012604259036500368
0.013580988308743271
0.012955963545582424
0.012723264916692656
0.011928419430180545
0.01188599162924392
0.011903871531376089
0.01309565116726428
0.01277843986495023
0.012266197047230185
0.011661128217407595
0.012837588845750002
0.011359226857102776
0.012521292709268885
0.012764834467913476
0.011436023014727027
0.011384903776959316
0.011934953286270021
0.011777528230053519
0.011261946162579658
0.011676173700812285
0.012425207936796598
0.012093137422368581
0.01217903616397362
0.011980667886604951
0.010535378329122618
0.01104465096212835
0.010683626431263055
0.0108876779195021
0.011341256948981476
0.011946501976915162
0.011475132916330783
0.011808053387177306
0.010233667940311204
0.010374990300635522
0.01167199846615427
0.010695396287527234
0.011439516771142346
0.010125242593807786
0.009961739988985129
0.009856083701953875
0.01111791027597644
0.011108839342712633
0.01046088848987036
0.009562302479236624
0.010775869772620048
0.01048678498269075
0.010661347810576264
0.010393376227249639
0.010171563770427256
0.009869325314413662
0.009930297632299412
0.010465438504754853
0.00927295651020003
0.00937383141244986
0.00898619784070126
0.009289942617142378
0.010113462607878128
0.009858069320210711
0.010142603059646569
0.010225234783410635
0.009905577772585121
0.010332324062008562
0.009537632610000695
0.008875156270848152
0.009695298853327488
0.00915775231906389
0.008754010392122067
0.009559381457801318
0.009695501770289706
0.00928963997881923
0.009753996814814285
0.008432705208821363
0.00953078041157279
0.008815766435869688
0.00903423041000685
0.008591652563913964
0.008873907069699198
0.008970545122546797
0.00925545627818968
0.00860801085517226
0.008366314160116494
0.007992482987069916
0.008967328863832977
0.008449311784035327
0.00914728299086608
0.008549647250655728
0.008787540604929187
0.007554580583244153
0.007759360807173902
0.00767440661068006
0.007284472607318268
0.007772302387388222
0.008728017639508449
0.007149127411788823
0.007658335049061459
0.007835321816115367
0.008639191534194377
0.007788378627354408
0.008002082651371863
0.007018211768809209
0.008219480819547492
0.0071933608569609625
0.006923609422988196
0.00766582852145178
0.007503174615920336
0.006791240809343335
0.0065973086361082135
0.007367870197894526
0.00784963908183319
0.006752887904346282
0.007969778724341545
0.007160628692480372
0.0072060288036224175
0.007295842024814147
0.006462291873710645
0.006322452642774719
0.007459984167318983
0.006857649243961871
0.006914981334662619
0.006235260610829119
0.006583139331183381
0.006744091105256945
0.007209390307460254
0.006494571800659113
0.006228746579464466
0.007427391490850428
0.005933508914311621
0.006410553001101146
0.006805211051382673
0.0061146680513403774
0.006537822993256163
0.006054731161027223
0.006002421848788496
0.0056305097965278555
0.006602669748123558
0.0067578310671842405
0.007123736046920693
0.006096465498744834
0.006972965990670742
0.00667065309655352
0.005594080782860733
0.006094143788378741
0.006432731942705399
0.006288862038920274
0.0052301069742044905
0.005197013041897673
0.0056519576609334295
0.0067307098417480685
0.006413273146525017
0.005517985198485949
0.006567951055086354
0.0053339539392295065
0.0055091371250437
0.005578140366035688
0.005676994088173881
0.006054647226556622
0.006391405402136982
0.005644177665058393
0.006363948031436437
0.0063477587776633
0.00562033783107687
0.005401721254910165
0.005417851236605067
0.004868584595547651
0.006017894114026763
0.005902288790530414
0.004740877525507986
0.00560882768185609
0.006030427533231079
0.005502045697729774
0.005812255291024686
0.00492631955353796
0.005564153039029895
0.004921506603323116
0.004230549601451755
0.005669631083598728
0.004161565744704525
0.004530885897784035
0.00520579099120035
0.005740364239382027
0.004201538820532168
0.005731720253209454
0.005349889565468241
0.005241307108206138
0.004170560979386538
0.004693166051603662
0.0049282916460810814
0.004956835841549431
0.0049020728900033
0.005365871013519961
0.005084432160965252
0.004032042249792139
0.004292672940653587
0.004184847074120779
0.004809714702280494
0.004951272387291991
0.0051959336723420855
0.004259011777037959
0.004565151284651673
0.004931288855855152
0.004675159737165655
0.00489442611766112
0.005177835438975259
0.005165138807278459
0.004998701509493113
0.004090580260418283
0.004458683956436367
0.004273905119320559
0.004558780515122763
0.0033336000839848737
0.003659309088061836
0.004731397270564747
0.003228544214197887
0.0038691445778992984
0.004211931139866822
0.004017120716084717
0.004832458501940218
0.004631022135506575
0.0042292450858617625
0.004720148594033567
0.0031348370621843364
0.003731045198416531
0.004140201609614416
0.00322566417893187
0.003331345736760062
0.0034021839903046218
0.00441730739957747
0.00409990184177024
0.004271350754008348
0.004214460127025166
0.0030836120030353457
0.00291087488947298
0.004355600068641411
0.0031348190191328807
0.00404007633511915
0.004026528592607898
0.0036283079152021436
0.0032794915461990585
0.0035716411321494316
0.0038333873576990793
0.004277519282354067
0.003147663386784348
0.004016310044645577
0.003019094619167971
0.0036077255285682226
0.003230054571572073
0.0035033748287759403
0.0027172552132783668
0.002841518650850257
0.0025052670560180546
0.002467990591432688
0.002975924279343219
0.0039450781230416865
0.0032076385388858614
0.0025953795515536553
0.003720234436312053
0.003594762802854369
0.003784139785916896
0.002501374409150886
0.0033119773979046687
0.0023948846225072614
0.002504839115505363
0.002619269621184
0.0031164904410646895
0.002759463579707644
0.0034270685855858573
0.002469135184395556
0.0038359513033643603
0.003579716868134671
0.003127231828469631
0.0032234095322010445
0.0038066707866501134
0.002899361815329906
0.002568363220695972
0.002683989809156825
0.0034610863219684375
0.0029259443208900166
0.003713054172549805
0.002104137448227777
0.002219496387652599
0.003366742192536969
0.003373912170117602
0.0033945910362932876
0.003020449166268551
0.003455533100999347
0.0032770572318877307
0.0025965616673937508
0.002703598370026368
0.003469621959993957
0.0023037958763023046
0.0022817008170911276
0.0031849099934130026
0.0027816394527398983
0.0030401522320493645
0.0032197685195323304
0.002717626590493053
0.0019695606744969153
0.0017827543498630746
0.0032476829654442697
0.002219748737110823
0.002698855548548873
0.0017730223660983161
0.0022447814558594747
0.002891714602660926
0.002080194850840092
0.0031784631622051355
0.00286613134654746
0.0028090693291399154
0.001636809158219511
0.0015157317690836104
0.0026093949834728363
0.001540908796978057
0.002654807376811296
0.0027990330309379087
0.0016040729829774154
0.0015074503580439066
0.0015159217067772148
0.002774415748550886
0.0018577986945846339
0.0028651395477389896
0.0022642005269525264
0.0026074646406925184
0.0029228427723812962
0.0026971742434291164
0.0024158534925617504
0.002646507939881748
0.0016429624024810767
0.0017813208054784434
0.001458559230281309
0.0020762805314822564
0.0018547351038898168
0.0019398008801951188
0.002997948539062061
0.0029407330164020373
0.0019926494705716745
0.002221515733752449
0.0017323312619849061
0.00269238232464253
0.001273186153019297
0.0017155262234354396
0.0025246528061581373
0.002359956096017593
0.0026056284228563632
0.0019590279652687767
0.002138391144555098
0.0017575601290265733
0.002636382418207222
0.0017642123000609637
0.001466515794802096
0.0021116128845848005
0.0017482010889363119
0.0017533691328819338
0.001750531897293146
0.002255300704876499
0.0020719778096998324
0.00222497572058908
0.0019477646338053648
0.0017558458703489984
0.0022257835964821855
0.0018496835119158847
0.0017441885089590978
0.0017204805247392277
0.002440753117027165
0.0020048741109464125
0.0019466520084980914
0.002226754467004894
0.0018845914232021236
0.0016330947304122275
0.0022642167287737075
0.0012638856389512614
0.0018987515877286647
0.002102945906013342
0.0019002620651501101
0.0010442253461146315
0.0020277474434966325
0.002399556345924537
0.002252075141664603
0.0023366794179623404
0.0014693882830988491
0.0010727297293716982
0.002119110743707259
0.0018622991354110506
0.001927916993057686
0.002176602657625096
0.0016071542243465521
0.0008151289558210712
0.0020921915146906024
0.0025125771863852343
0.001704452351604589
0.001849924123930663
0.0014795418196053923
0.0020869375725250184
0.0014953687140148613
0.0017121823164120927
0.001053922740615383
0.0018073301066789886
0.0015375392426786748
0.0007703984059316103
0.0011296216618784743
0.0010741474754292191
0.0007924754908630657
0.0015699507044569605
0.0009722922012302774
0.0011599739298966232
0.0020970836289311585
0.0006633108042738296
0.0012414234070792203
0.0012326300468782445
0.0008212661072115616
0.001422399890723699
0.0016473874468783361
0.0015863702350271188
0.0008603298019205566
0.0022998945796736084
0.0019458411748668647
0.002272250657111981
0.0022122079322779574
0.0019423236554818786
0.0011215318839878047
0.0007917335411679343
0.0009579181881415203
0.0015081815010895882
0.0017713961349818045
0.0010950373815020126
