0.0009504577954310217
0.0012652794549103737
0.0007416653113579817
0.0012157205875446594
0.0015719275075772115
0.002045132971954556
0.0007357184245971023
0.0018125889087374609
0.0019757492283907835
0.000858053257143002
0.001154649802243571
0.0012349422228720812
0.0007713249164673254
0.0011124382966909354
0.0018889565303846418
0.002145451005822717
0.000800997196234515
0.0017490530630857619
0.0021327594756854144
0.0020502897147863636
0.0008683528547780937
0.001392770551978019
0.000953527007383541
0.0023322597767778085
0.002423376359786368
0.0018643686899764004
0.0016071278910781473
0.0014367883476995365
0.0009095217234846322
0.0012235444885046103
0.0012805841410823218
0.0021203793487596474
0.0009772781850982185
0.0018286261347628685
0.0012445476085002072
0.0013287004540683833
0.0024114495428494954
0.0024988467589628746
0.0019185910731285875
0.0015793850724023005
0.0008540950790784211
0.0019473131329049863
0.0008826111375563745
0.000869785097360182
0.0019545774252921824
0.0021904951405461123
0.0022900356014048727
0.001820492677093807
0.001966287605867727
0.002097910380938065
0.0024337549972015603
0.0017138465621510527
0.0025754793488482358
0.0012001803722117281
0.0013768806546522639
0.0025717383700404363
0.0018505576795521121
0.0014089425242981872
0.0016476799258216303
0.002166445566166109
0.001082650614196782
0.002070720758609174
0.0014857138985042559
0.0024097283416571087
0.0014838171981652873
0.002447058713366591
0.0020671990810165993
0.002322841140545479
0.0014997181460261325
0.0021418014595489757
0.002111590661827195
0.0016354211832361619
0.0011654519017964726
0.0021778807329635693
0.0014142733799317436
0.0023906694894802742
0.0024006262967087642
0.0023029798024777966
0.0012337364961417484
0.0020293018431952643
0.0014211598539004354
0.0013924397849790068
0.0028120235033815195
0.002519372983860085
0.002508808925548391
0.0014019746239820566
0.0021047068620179362
0.001373144079398221
0.0029279455920557546
0.0014420970196928002
0.0021554539257742813
0.00296693449274797
0.0024754613998201145
0.001317225189125622
0.002228368533251913
0.002251680300416075
0.0018634762735708355
0.0018637165940891245
0.0026631765110047534
0.0025844363436789944
0.002918689440616102
0.0021652671789147877
0.002331648838648352
0.0026250940648726603
0.0014965092926011976
0.00227260587963109
0.0019125274737065076
0.001664627725588922
0.001661982065454755
0.001469828314988501
0.001688906609398694
0.0030149304563714435
0.0026912112893254366
0.001757303165302332
0.0030439459956704165
0.002375371611935795
0.002255982020824596
0.0021518935717834593
0.0016162698953860488
0.001634792099179253
0.0024408804652899857
0.003163833297794814
0.0017578249942771487
0.0017639389854046846
0.0019384264223922683
0.00333294507731272
0.0031003946460735595
0.003283678877432219
0.002844890451424282
0.0030443956982578913
0.0019200921284023142
0.002761632533193379
0.0027881298075342195
0.0027158728821891813
0.0018883455490285657
0.0018058089549107949
0.002337330470693683
0.003501061150670923
0.0033052013033962966
0.0034735761305302463
0.002299783122080436
0.0024539503384751957
0.002805881275807961
0.003399041813065869
0.0025006460011889942
0.0026561584712224222
0.002641292385233998
0.0027502354634030756
0.0028249837541068357
0.00295078793716973
0.003293249871586495
0.0021975616761559526
0.0025482188377921244
0.0032902424901121875
0.003378398544524799
0.0033500279616288597
0.0032023195635387256
0.0029291918915811542
0.0026958538492367844
0.0023564431775570556
0.0033945132240965838
0.0028078061425321696
0.0023729741412194796
0.003715524810673353
0.0036302830175986064
0.002554202156630695
0.002615429593958826
0.0033685947438012384
0.003046910113545297
0.00237243467548434
0.0036581254965597117
0.0029825223135400056
0.003212523123761719
0.0033679011537977015
0.0030325581360069595
0.003420465538628256
0.0037730001387981243
0.0025849464180059175
0.0033461565704559024
0.0026242624382946727
0.003472131504912815
0.0038033738824867548
0.003742927408435065
0.003855362459823517
0.003287119443049514
0.003461546463030145
0.0031354261211864877
0.004431751628440236
0.003829654538388305
0.00330711227395278
0.004236187179358635
0.003602612086235763
0.0035481834589555046
0.002828878735867534
0.0028303572040985128
0.004433151034954586
0.00423273738383256
0.004651515151617169
0.0033440140329624207
0.004663384756695057
0.004445382184371535
0.0036142314521534643
0.004384171121169035
0.004123927637189275
0.0047028275317896
0.004285957231261096
0.00414421322900977
0.0035033396231421623
0.003968425322467345
0.00442363028835462
0.003753991225089567
0.003814588429714325
0.0039069242623030135
0.0034493349064663474
0.0038038853729891135
0.0038829037298207057
0.0045422568175452005
0.0037555958005616873
0.004954899517179345
0.004345264898965029
0.005154640703886671
0.004412733139558212
0.003759759784608924
0.005053737204722184
0.003650510830697084
0.005067352778100999
0.004415350296683048
0.00434827979066795
0.003985126021098867
0.004049421502217963
0.004847342401578993
0.004528035241836735
0.005030412893031981
0.005458419799825039
0.004880329504688765
0.004409706174783492
0.005115399482545385
0.004352779309217143
0.004052261331630133
0.004869984348439495
0.003974905540593011
0.00416548542523797
0.004093218500522881
0.004945454183533227
0.005345071141481176
0.004486530613150035
0.005422550870780805
0.005895364084113612
0.004274923904016735
0.005561914310209745
0.005390885137243141
0.004983931135306171
0.005734640210528987
0.004983702201301065
0.005237537781446137
0.0049980429677791705
0.005727967991388676
0.006019400080688592
0.006158876031770019
0.005022302293943519
0.006174598010122889
0.006009591117103188
0.006221647834889514
0.004752430982821767
0.004934048204898357
0.005616399432616712
0.004828148978795297
0.0051102155775788255
0.005478043814873231
0.005765767206339077
0.006490090201500125
0.00591056345713859
0.005108086732156873
0.005345488394307565
0.005325427654468543
0.005991429947242976
0.005813268243029127
0.006279982706209674
0.00632903349920075
0.006523618170015235
0.006160671564954347
0.005808342271027987
0.006013469349049528
0.006230222735705519
0.0070619535817642715
0.0057374136238570435
0.006055879028214674
0.007174232597698448
0.006739025852277538
0.00594349440063976
0.0058046011572886295
0.006559405450192858
0.007112814049749991
0.006066651652802327
0.0074168633975393505
0.0070777358746845565
0.005902547311723193
0.00633817606025545
0.007270498445679206
0.007245285675684683
0.006578976076897941
0.006516804650603667
0.0073760274073367705
0.007220818001184864
0.006832583878063547
0.007089638848682554
0.007331037456617305
0.007604691254182558
0.006219294474542628
0.007670001149559308
0.006934361382606817
0.00741135828630435
0.008015108578433693
0.007552898070374253
0.007342359117007025
0.006684759209915553
0.008214188928050833
0.006578508714305413
0.008290819264255048
0.006975334934227275
0.00804645831813313
0.007218688999056506
0.0068224585922551755
0.007318321190325028
0.007972437704679643
0.007129761186561116
0.0072218766728089565
0.008124369599769908
0.0076749729498172175
0.00752921734369327
0.007986342502537016
0.007761040291094799
0.008380746998546358
0.008019203176027589
0.00893677139476876
0.007903225549634034
0.008106210001810787
0.007736843688934368
0.009141070539288894
0.008937361915081165
0.008446266944723696
0.008659772891853844
0.0076826138832985
0.009403593623271365
0.009172815771419212
0.008487996003062296
0.009565928040921445
0.00927802516377907
0.00823666700667226
0.008380608816836606
0.00872121109877321
0.008204158658694715
0.008619170492075357
0.009698088615633055
0.009273612933571667
0.009357716658328144
0.010020436277227325
0.01001208366031175
0.009995078507202385
0.009422870093554346
0.009930210036454197
0.008572854072006024
0.009916685088587068
0.00877289042158398
0.009504395639328688
0.009348081166849521
0.009057582952163747
0.009699410007862844
0.009215522838565731
0.010647457852433425
0.009592612090987489
0.01060917798881554
0.009609780921586278
0.010509554647957248
0.010194462772749727
0.010635847371568368
0.009332952216131993
0.00990402566700103
0.009664856847916388
0.010049105016907875
0.009697587322787393
0.009850124415508093
0.010818728112382039
0.010988934254621987
0.011091853474196726
0.010854613740281878
0.010625700320560623
0.010525237441790802
0.009976969873096703
0.011505187131250058
0.011508062290937787
0.01142415197965976
0.011827269818063991
0.011009313915032617
0.011869891888150803
0.010918124036418673
0.011557820212879455
0.011869731153819823
0.011392954509216223
0.012081456886671359
0.011001758731076049
0.01110035389865817
0.011376325448152109
0.01094434328360841
0.011100374002266945
0.012267249207560869
0.012673386488778624
0.011300148459679507
0.011609537276316488
0.011866253881477959
0.012053902387667985
0.011347232113040367
0.012439862221589965
0.012638147174789898
0.01265213953935499
0.01148311139742229
0.013069232763414082
0.012557808967209752
0.012137557972802882
0.01306906167089979
0.013351554248263318
0.012800632188638977
0.013611655140750419
0.012130463278861496
0.012069040713209694
0.01262538828874994
0.01329048299798029
0.012816484093739705
0.012899474295978134
0.013575192748743128
0.012929936741993178
0.012688759967086785
0.013638611979097964
0.013597502016231151
0.01268201326162094
0.013026844047676752
0.01300707414529839
0.014347884281673672
0.014589274038069986
0.013211228630070132
0.013492243100379117
0.013100851842306072
0.01477225479212359
0.013911870231043105
0.01423119182125842
0.01389533108466456
0.013969525562575698
0.01346396878622971
0.01526929318406438
0.013707865545231016
0.014158728089524274
0.01532761339284238
0.014575356169901714
0.015422023082279517
0.014467556515139634
0.014186485489119879
0.014070609944259632
0.01417908994473943
0.015651544109388304
0.015468123169620306
0.014625044701109176
0.015403361136228987
0.014741571420121726
0.015765954396214758
0.014754797585850963
0.015463811189710432
0.015249804379342181
0.015631368876643487
0.014946328449299155
0.016541883039777123
0.016550389711014624
0.015410686185388921
0.016795914933269814
0.016077883921261752
0.016567260128268545
0.01587935513795714
0.016940882670808396
0.016110161565991907
0.01632397404008607
0.01704768032833763
0.016807350205659256
0.016553137339104105
0.017494009499746683
0.01762625635381812
0.01715197337617503
0.01605082729697101
0.017539328472803487
0.016956119852511033
0.017440508598415692
0.01738026842155365
0.017866991521861036
0.016481082948138933
0.017221490288970447
0.017402491085834637
0.018410475996336995
0.01739817654618404
0.017343235002277493
0.01817421323167884
0.017518979264763885
0.018240640821738804
0.018092353482685793
0.01863960635212467
0.017875337709882224
0.017691199715950703
0.017873174631028717
0.01801380984535746
0.018472057900692684
0.01811323152720577
0.018749559642949422
0.0188256002412906
0.01850622893321303
0.018155011701588866
0.018904234360105254
0.01984819236632487
0.018503146791788265
0.019255523201219395
0.01865433178214346
0.020074477311262776
0.019918345233659367
0.01986002632452669
0.018629845662277135
0.018894928694958863
0.019391359211672024
0.019887206699842466
0.020391277312262625
0.020394900887103887
0.0191929639207576
0.019613186135041823
0.02043019562324029
0.01951635844338349
0.019526527947773806
0.019801928835341272
0.019723993037407257
0.02044108277219031
0.020175037528798647
0.02047785515119376
0.0212219849934222
0.020818054362128698
0.02036832938677319
0.020449620720915548
0.021356804939377097
0.02193323132981469
0.02138292181035605
0.02173989494298026
0.021734740863050387
0.02154903633202819
0.022006426650864636
0.02159577601849909
0.022480774718470854
0.02099390564825199
0.021780627092520884
0.022621366082915338
0.02216876039365818
0.022860213823769945
0.022634881367223622
0.022382726014341613
0.0223141564450366
0.021885364179755583
0.02325800405040861
0.022671304466855897
0.02211241637983055
0.0223821011275641
0.023445685003746372
0.023259448034272923
0.02365839726216031
0.022987508442424313
0.023421275814228117
0.024014216037737058
0.022962621657201757
0.024179216299175226
0.022854895060413778
0.02331165433747871
0.024317797770522925
0.0241743267700209
0.02330077018882186
0.023453593725297844
0.023334758951425325
0.023482938398022242
0.02482195730598826
0.02416726365588352
0.02406475056275587
0.02435379143637969
0.024913615988431885
0.02527970356974172
0.02443812941483911
0.02531431804320467
0.024024821781847082
0.025681764547135274
0.02484001908849833
0.024833055211859856
0.025824220165907248
0.02456616902164578
0.024446870589440783
0.025314037655244793
0.025433102477384846
0.02501059618231052
0.025697088508719587
0.025517886064184477
0.02571004741903423
0.026249698267388533
0.026277242065318535
0.025788576346422485
0.02674093283049261
0.025225451830474848
0.026642840607460236
0.026093649655150507
0.026896740624246053
0.025976818023348433
0.027080142120596215
0.02688279580985713
0.02651663789884168
0.02757585406209621
0.027069948167621278
0.02702727964232417
0.026749427106275345
0.026686574132426134
0.027756075916044957
0.027150824650551412
0.026910521560486556
0.02763006372306388
0.02663766953214923
0.02721718485510896
0.027750816235929433
0.027524069063612638
0.028501839941014327
0.02701353066587748
0.027141509228038936
0.02737298286615173
0.028659890975218955
0.02790312620647932
0.027448732047074476
0.028027948661262972
0.02925736096491714
0.0283291502881438
0.028146945770206676
0.028188848357322778
0.028133426726020202
0.02911120649937196
0.02924333905724569
0.02841899462326625
0.02939406510371972
0.02864784171944903
0.029125289890053346
0.028687981571578505
0.02889688168630179
0.029670461072666937
0.028722456612295392
0.02913460913431908
0.029033148979393655
0.030292328943976626
0.03036188411174044
0.029957913709079353
0.029327765782701264
0.030148203351305265
0.029341600657277405
0.029655921360632703
0.030316804011279522
0.030412337658772395
0.030309448018206064
0.03068505172635653
0.030027313217356882
0.031322581239860904
0.030038443408989285
0.031083819572181582
0.03103661483609703
0.03034171508025817
0.031095069723743998
0.03208288747734542
0.031147764413551365
0.030983020033755193
0.0319516177911779
0.03139399168152681
0.03123938007986791
0.031181578915692964
0.03226658420144802
0.03266824853367142
0.031042752640901186
0.03131954582718561
0.03154553022820616
0.03182053805000529
0.03263785552387341
0.03293893282206496
0.03242258331357937
0.03322678444574763
0.03191897156705635
0.03220714271804897
0.031876510082625244
0.03254649066404255
0.03202377443448165
0.033239210557161974
0.03300596215944517
0.033898267217082875
0.03282206852453733
0.032907939128839325
0.032476631147806814
0.03326758738774296
0.03347769577579882
0.033536687211863564
0.0341749027967934
0.03333252190197036
0.03365249649935813
0.03324217976722803
0.034604253560375345
0.033296764578389926
0.03456437115453905
0.03353509586865968
0.03350603359680588
0.0333956877755089
0.03350771788161763
0.035007036551944655
0.03425604719098984
0.03518019977984718
0.034125888221288404
0.03483092097507641
0.0342087572179028
0.03471587716329453
0.035558608327891456
0.034462956699982526
0.03436964656877423
0.03428599527628183
0.034927160270398584
0.035974124283169935
0.03445433199139317
0.034531374425789095
0.034626443826856285
0.03578087155549116
0.035242914782003205
0.03485867448356937
0.036511720694163134
0.034965635968143054
0.03575130122659328
0.035857641769919645
0.03556377524358114
0.03541723133020183
0.03605846070766338
0.03534333003952256
0.036265682474271276
0.037090962186543855
0.035952101837479766
0.03645452934486664
0.03602924321484427
0.03662424440695563
0.036539972198613234
0.037376408639262476
0.03696229211419988
0.037406264259646604
0.03656502770994834
0.03735111170302073
0.036802218967135675
0.0362743040474275
0.03635713244431854
0.036957468231513246
0.03694873573875378
0.03763065968267802
0.03806016040488277
0.03719978444386943
0.036623203536018986
0.03806366070038537
0.03766802936100936
0.03714368204513781
0.03770064245260601
0.03806351972837706
0.038056902332823224
0.038516748959901634
0.03823896055257576
0.03870424114799946
0.03815727561901534
0.038874402832722435
0.03749427779564309
0.03781738557126052
0.03822586018161312
0.03836860748545199
0.038719652826751584
0.03916787402772973
0.03870556319646839
0.037643974884851765
0.038814229678380774
0.038232795942075
0.038154776123562245
0.03820260182376888
0.03832128123513693
0.039540144589479395
0.038998842291171884
0.03907293383927606
0.03825132382259938
0.03961363684541004
0.03820517263365076
0.039945577219996475
0.04001405800283139
0.038446242437488384
0.03894410511015885
0.03890970696993757
0.03878717529588903
0.0385101530072856
0.03957242676695498
0.039575362969109545
0.039322340762856366
0.03965678074205957
0.03934953623154957
0.04000709770055074
0.039828808033483
0.04038603564864355
0.03918050426165974
0.040088184097365434
0.03962830992593315
0.040254625244704745
0.03909818230220628
0.0396365592159715
0.040371399846493974
0.04049535297601018
0.04037539947498453
0.040472897224316684
0.0398681772817147
0.04074822923916113
0.039670941283664996
0.040395646104360076
0.04090575054847145
0.04094188456667622
0.0408104058467967
0.04057902441265853
0.04006539063039299
0.03988130070122365
0.040929746697223546
0.04014992259036815
0.04026124282773277
0.040292185657196354
0.040007196719022774
0.04077591726986194
0.04090010019694879
0.04095354918505845
0.040410858835443514
0.04159566484655808
0.041650541425769474
0.04148150490899648
0.04120357030172493
0.04145612376750327
0.04168611820552923
0.04197173395702513
0.04194622914331685
0.041299840179697185
0.04183564042128265
0.04062180515787604
0.041608371546412705
0.04149238362966685
0.04146590001299678
0.04204255585473069
0.04131194082005244
0.04119071470408807
0.04103749615521193
0.04133286433768991
0.04094638856469211
0.04179939796008555
0.0422638529892738
0.04077353091838455
0.04188428752113751
0.04138327373915028
0.04216058900797502
0.04210097417742413
0.041392597943681
0.041091885988656804
0.041300352092801806
0.0426138682838423
0.040949203593316955
0.04251865780462154
0.04189485671938282
0.04146894018593315
0.04117406689151471
0.04193890488416521
0.04242028809869392
0.04186914130135995
0.0426930219236397
0.042449254001772914
0.04170900429789889
0.04115793692064145
0.041597282656350196
0.04223211790572799
0.04132547738412366
0.04158417100854157
0.04254947849953236
0.04180416470385374
0.04187411120672095
0.04221321249549972
0.042936200198568565
0.041454377365038014
0.042196211500614145
0.04247840659209217
0.04281401809679671
0.042568144833172124
0.04198626637169974
0.04131508631260483
0.0420333088787521
0.042608529387282414
0.04164513080813196
0.041850648522332286
0.043084917651036295
0.04181615623788562
0.042921757569151446
0.04184771158100879
0.04157048515789863
0.04181220000282682
0.04297159470635221
0.04238413512009201
0.042749836977823745
0.042124158192570454
0.04252758729255754
0.04250844331137225
0.04196818782399471
0.04268977828083492
0.04227794746456514
0.043066510010601015
0.0427966055481903
0.04181962117991739
0.042456290175190585
0.04260472041792511
0.042343935474711214
0.0420743527468068
0.04195566354998195
0.04172099281403374
0.04298844669106455
0.04316916586406684
0.04203922223188303
0.04158932990662471
0.042768465643875445
0.04301755676445294
0.041868924929244364
0.042771110531646735
0.04289895964293455
0.04247525122742994
0.04226019072269822
0.04191308571962968
0.04286097102402379
0.04270297550905367
0.04240824145703774
0.041942558098577394
0.04181699423210591
0.04140663208285927
0.04179594894036314
0.041293791806339034
0.042658315614281024
0.04263283554847479
0.042940331256687295
0.041912383105165936
0.04125574386647838
0.04210899919658853
0.04232014558755369
0.04279732853452227
0.04182765402473822
0.04251251903085614
0.04144843331026698
0.04137322638386695
0.041916833058385894
0.04210521400530381
0.042535246958988
0.04137292893311207
0.04170088519429103
0.04159376304652553
0.04189689503812887
0.04232959582689569
0.04146499261316125
0.04139556302398616
0.0414185790278168
0.04190046604659938
0.041751204070711256
0.04156138455924425
0.041201358608494276
0.042448796985276066
0.042429253320761355
0.04118718563839214
0.04104144218182834
0.04243701960518097
0.042452452185579935
0.040842607787981725
0.041450844382693634
0.041939785201627444
0.04127050723948869
0.04119369408969541
0.04215658102549144
0.040521865854815264
0.04094279392797
0.04177918949763092
0.040786530453045644
0.0404290357556363
0.041270918716984996
0.04135482690674284
0.04091940406146274
0.04111197712444524
0.041114390089508034
0.04079812459328653
0.04181459166512584
0.04021646857822999
0.04098040951370352
0.041046218370636135
0.04047995420774569
0.04093400379058228
0.040469170833414905
0.041037299015102544
0.041643127042691824
0.04014804530733713
0.04096551524102016
0.040369828367465325
0.04066979751498971
0.04044265420108046
0.03980986672730854
0.041223326258450335
0.040921371234998394
0.03974702646558127
0.041053457351336115
0.03950257991658901
0.04104210970161553
0.041158894989418875
0.040778735151414634
0.040789777906413124
0.040028933198067905
0.03961935705365633
0.04076191940883196
0.040176207648552134
0.03987411561472533
0.03943346399679385
0.040361142248257376
0.04034313897644145
0.040161445776798095
0.03894470414212386
0.04020726245144463
0.04019626284039954
0.04001531286071832
0.04026019226141968
0.03870794751650696
0.03913996385621234
0.039751223335281985
0.03954266690719716
0.03996340898122822
0.03992129827063235
0.03925148860874882
0.03961252313915912
0.03965937897727055
0.03912053579701463
0.03856436495664317
0.03964101611535405
0.038937737489361385
0.0388631130987648
0.038594579029477
0.039646252935221976
0.03841598419282891
0.03805343134334279
0.039214852857708
0.038127200282101384
0.03876338519226695
0.03837930022389728
0.038409527537307205
0.039185016944619386
0.03890141361396185
0.039128562508524055
0.03828717192626743
0.037478737657623634
0.03745648017201765
0.038425689683084824
0.038698526937443495
0.037707810058885426
0.03767910819586083
0.03819833868827723
0.03778851684631579
0.03751480148781492
0.03798420203619268
0.03782314386354145
0.03754157278925723
0.037015270462813964
0.038241794085183314
0.03790519177856341
0.03647744064991972
0.03744943204836281
0.03749610069462052
0.037883622865014295
0.03775974159454261
0.03620122995952556
0.03654664431376598
0.037016495953177145
0.03768842282541718
0.037253810071297314
0.037149028242644794
0.03594490628470183
0.03687286339432337
0.036607371601168566
0.03709130129232134
0.03621467952833411
0.03597572465799096
0.036014514137337826
0.03534468404225853
0.03564818402831527
0.03585245437996338
0.035766118965937746
0.03641378777253405
0.035572303901109624
0.035315435101435186
0.03575513292168425
0.0362941932235579
0.03643665411061272
0.03469583230283924
0.03611133065557928
0.034776394977385806
0.035236802004885076
0.03469150823577348
0.03468587206043577
0.034769038258936145
0.034381672544316656
0.03505887764126905
0.03537413007421446
0.03432755143966182
0.03411421630989074
0.034827065791223556
0.034148374248991496
0.034800242502842624
0.034123024360934395
0.03518449281365368
0.03412734303406646
0.0348048835912435
0.0338856280136039
0.033322656721539466
0.033843690975645414
0.033512008552754796
0.03394931396729946
0.03433056689427875
0.03382325953306598
0.03410341446996525
0.034554943559062454
0.03337370236400701
0.032884277519953466
0.03372575263164469
0.03282160332343204
0.03320855973851988
0.032761290936302034
0.0331354403270421
0.03355733203802042
0.03258448352529912
0.0326040264551308
0.032911947599111355
0.03226244401792801
0.03308897357101405
0.03308945269747074
0.03261572553921851
0.03188749799213583
0.03299165054471442
0.033089145664324394
0.03203864778174388
0.03179268171787053
0.03229276972389285
0.03204667389642318
0.03146810935336351
0.0320305412873567
0.031396812793076746
0.032125695402808664
0.03242224482843921
0.030904162438597324
0.03155030536805013
0.03059193221035213
0.03197804839174574
0.03176062711855695
0.03153424992414604
0.031939605103688894
0.03163312508264798
0.030798539341182252
0.03034212935259638
0.0300326793459606
0.03085761740877257
0.031092259901151074
0.03052907746075311
0.03127031972680347
0.031220460901109918
0.030037834830492327
0.030105545175689166
0.02987213727371664
0.029887667803156374
0.029183121150783854
0.02916304547302101
0.030317780093896705
0.030528760769912917
0.030367609204098863
0.02929389283707749
0.029988499088169446
0.029146357450975283
0.02886851355500957
0.029783162662418143
0.028953562695956392
0.02930308289432881
0.028878998376307294
0.02925866936429497
0.02897225140887213
0.028424570047846612
0.028902163602530253
0.02842297127699789
0.027923712452962785
0.028545033277012393
0.028455309628630458
0.028402306091377172
0.02789400246279577
0.02828796186446337
0.027715883076357393
0.028744839013954217
0.02883676390268217
0.027241809461647525
0.02764371644723709
0.028066124622790935
0.027853523469896092
0.026830566338964815
0.027988953676430416
0.028237638950981917
0.02782256657143597
0.027677826737645513
0.026349302697161264
0.027394292337527673
0.026420569147502425
0.02773405402066375
0.02700088628014126
0.026595898705814105
0.026873771122468335
0.026030129790708387
0.027310593315903093
0.025838710995160556
0.025705822580141546
0.026147651122705347
0.025856984709402907
0.025650228712448226
0.026397491328883426
0.026447632447455943
0.02648475264969406
0.02529848177370922
0.025385766344715722
0.026218355528904946
0.025388747552903726
0.02494968664859038
0.02597338458849203
0.02444968148913957
0.025626417956088155
0.02519950601329847
0.02424988946894257
0.025037787841610894
0.02456355226170111
0.025566207390209848
0.02425920982407219
0.023920963118835833
0.025138888668450553
0.024425825599272016
0.024816112311321564
0.023874511005409372
0.02450304587673029
0.024010696806172356
0.024375392405132548
0.023675674981186216
0.023343666724600802
0.024435661106422178
0.024552149129284634
0.023937371897142217
0.024199950120146804
0.023574472765925013
0.024137050806268993
0.02301559943997825
0.02328653459957427
0.022427246699009865
0.023272220093885517
0.023261769688810698
0.022286427115572698
0.023518711308470802
0.02284980459499797
0.023332771080399863
0.02336333560417449
0.022411649702298055
0.022891268968007094
0.022285443624091093
0.02149730930913903
0.022545874150787803
0.021808394519993834
0.022112372534746242
0.0215712188278393
0.022285337862051346
0.022175147326328176
0.021599913369674092
0.021749614827582305
0.02127488185598839
0.022178636202186873
0.021154519682104887
0.02189642470503244
0.021321671494199487
0.020960413106520814
0.020744256866925263
0.020585311050009783
0.020912713446932674
0.020112442011987815
0.019933947295949727
0.02071705599603001
0.01988863543235209
0.020747871271555016
0.020529723696155265
0.020483468973475978
0.019945637061532667
0.02018577299058576
0.019429801837005177
0.020941413079932178
0.01945608678758743
0.02004995610254522
0.02067520671102568
0.01994250537315001
0.019336009449301823
0.018878271586386993
0.01871567425469749
0.01902328391229581
0.019078867584504777
0.019649075869960272
0.019795698170067922
0.018988518438586607
0.019063590459681062
0.019745860944157288
0.018395304781192504
0.019721828595142234
0.018693386526349078
0.01923838254094021
0.018305002754088473
0.018228856662490224
0.01853551236431343
0.01826885101635879
0.01852974614389017
0.01761586109381624
0.018157077390653333
0.017835351832767563
0.01876294741096126
0.018299544884535147
0.017543843028943764
0.018173409451549365
0.01735899432235407
0.017943414555736534
0.017672752060726195
0.0181527197767086
0.016849189077540027
0.016663798994888478
0.017127596959944643
0.017942671502337405
0.016467936862078626
0.016854296771725945
0.0175171561501254
0.016865161669311207
0.017747116545836893
0.01656781384840414
0.017068900523142937
0.016729736261529675
0.017146212785006498
0.017236482997817614
0.016626011196805898
0.015588381804864162
0.015560922527679122
0.017139173249972058
0.015999981357095527
0.01605533290885259
0.016292530407098545
0.01622654820850392
0.015079881381567656
0.016001004215373683
0.016124649480857994
0.015049105161730554
0.01623166494254636
0.016394075317550057
0.016154790417896667
0.01586309652711838
0.01569832148004358
0.01608740694093388
0.015753441008552617
0.014987121126264772
0.015643224900488462
0.015171609751000003
0.01551956107845419
0.015554965320176646
0.01403462318022787
0.015555574273365113
0.014706602526487391
0.015010003180646993
0.015247720361137364
0.014852058220374905
0.01489233979753934
0.013745644211675106
0.015170074584704592
0.014064038719562364
0.014289620090351065
0.013776925628789266
0.013992780052278858
0.014329968250126144
0.013771116816233367
0.013351337472890858
0.013919006462335667
0.01358026264662584
0.013581515288321074
0.013108068834255854
0.013174657089343098
0.014150723190304514
0.013098699899518163
0.012898315888770474
0.013229915043888554
0.012844547798341639
0.012761567299078331
0.013636688861084212
0.012697882606407659
0.013106659274013627
0.013742686343045409
0.012263645744222744
0.012370332282063917
0.012698857111916081
0.01257785310622658
0.0119605616801247
0.01264411541465904
0.013304307427067992
0.013231183340520588
0.012481424233545932
0.011777126565931752
0.013004965374163829
0.012894614247018325
0.013008940261769053
0.011281103513477709
0.012074628912345956
0.012757058918218612
0.01121676934337922
0.010986798764575003
0.011574817828221316
0.012038196670595058
0.01086501090892326
0.011185776469086136
0.01198800896498526
0.011848652290242824
0.010864543797740864
0.011360156467583801
0.010578323519350546
0.011782005482771581
0.011202942603286838
0.011744341993134037
0.011785837152481946
0.011811443674390675
0.01165363141710357
0.011665580703398149
0.01006301570247067
0.010231207993496035
0.01066115835488717
0.010088222256019812
0.009942658515048646
0.010424827666244436
0.011168033800024676
0.011263883199215077
0.011125631166671703
0.011136779100814755
0.011080778091416447
0.01001717745592751
0.009882123137602655
0.009488590900222698
0.010274910697436102
0.010155862793979863
0.009393593859628973
0.009208455486617527
0.01022730804463852
0.009059579101370787
0.010491934348238571
0.009417131345335122
0.010595617237002728
0.010219618744261718
0.009346160231054463
0.009611478102860675
0.010314933907443813
0.010121996646643148
0.009777384405328434
0.009276658643551771
0.009156762113841033
0.009814294639907729
0.009414584230465773
0.00877263621785281
0.010044124826834732
0.009936697636159054
0.00876950022363033
0.009694108617449388
0.008567657712972139
0.009635876395654282
0.009219371252143352
0.008800615073516302
0.009200321144435227
0.008563197318739628
0.009073100257307011
0.00813854203537046
0.009468155630369771
0.0086424978662657
0.008697500894429647
0.008289188876782991
0.007840324297218537
0.009077962852184887
0.008075028499210164
0.00822305340069961
0.008669651072375328
0.008887663597127508
0.008201821679047185
0.007700673325763607
0.007471091037477017
0.008738178060139245
0.008722566835078311
0.008494854289614462
0.008391643293559235
0.008287215646220926
0.008168875738043622
0.008184534090134947
0.007890905335856619
0.00692135553806105
0.007870152408394995
0.008185543008698459
0.007236485149212836
0.00763976190152817
0.007776793541483029
0.007320826578840593
0.006929781012467617
0.007310347127720808
0.007944654849409712
0.007182830348250431
0.00796831469650989
0.007604031461178202
0.007773034840628564
0.007020308308809127
0.00701685145624638
0.007463926359869211
0.006300185602259891
0.007610729157547034
0.006859258180318078
0.0076041625144398885
0.006010520445298512
0.00668618686726581
0.006268366899801465
0.0075439944948967625
0.0060751303294332756
0.007062500652163487
0.0058303542467774624
0.007053188293683535
0.00668789490545675
0.006929255911443061
0.005996899250266361
0.006588803929694964
0.007122108488326161
0.006863000128592551
0.007189782266360196
0.007175997248484511
0.006307913785113752
0.005354134710863615
0.005498724049325212
0.005799106208647405
0.005391029300906239
0.006692814865023942
0.005774432235911877
0.005539235221813168
0.005414461920774754
0.006565335210528676
0.005085905382702234
0.005738380975753132
0.00522158183527908
0.0054927816057709095
0.006496838055216555
0.006185332965728739
0.005567680178995922
0.005778642192219325
0.006510923563053212
0.0058204308631340665
0.005343111019269912
0.005661671473399474
0.006049841296803233
0.0061520713137429685
0.005492508884484916
0.004980665690928052
0.004672119159574039
0.004854263011485453
0.004972334449368281
0.0056163685253189394
0.0044680775475849106
0.0061200929785038835
0.004755619569726652
0.005594508607900352
0.00440064826732555
0.00529960756806571
0.005129888238089761
0.0047065024068283
0.005673269491150124
0.004915842522981781
0.004587485659571823
0.005375244779991961
0.004917488784157847
0.005519644140786889
0.0052424010170370626
0.004869180667152812
0.004865989830204496
0.004287265072943109
0.004664895188396149
0.0049887636409351056
0.004345874640119062
0.004355642156641115
0.005090958757204784
0.003848653960908871
0.004537219853147546
0.004847458592632634
0.0042173898293790335
0.004976268680992288
0.004296458821856479
0.004478307700560634
0.004440689154796525
0.0038295185757714796
0.005138330808150845
0.003733093745074829
0.004228408317166928
0.004134589120147406
0.004250497856595961
0.0039869461352091
0.0049790914961219904
0.00504186087053907
0.004829899350817136
0.003850251570846263
0.0036910116180015654
0.004136346730297399
0.004097518057957782
0.004834820314184245
0.004633137544019115
0.0034025949889102238
0.003391917922839634
0.004660656542282236
0.004263319755145528
0.003635810888463772
0.0038235426249092807
0.0043162989338106274
0.003295414835971286
0.004313313605208569
0.0037151593881922145
0.003642650224958415
0.0031875409314199295
0.004000771165240933
0.0029528663097596664
0.004368811022543849
0.003187967562648507
0.0034176153472982576
0.0036767856452465737
0.0032363542961888273
0.004279654545567814
0.0043010562675154795
0.004151034342375834
0.0028206580864420148
0.0027803182549954422
0.004036925843086848
0.002795117020965331
0.003581402179547223
0.0029301722903994033
0.002627423150136155
0.0028664723169422946
0.004226893266530231
0.0038225546495518348
0.004197297740804204
0.004117278179380436
0.0026162190201297823
0.003622308483257717
0.0035292269177088684
0.003425718101631287
0.0034209792481149615
0.003923862779273409
0.003890193315617269
0.002884367703597248
0.003249662968576562
0.0038800870301561063
0.002838011470755441
0.0026684713161397424
0.0038505794245768
0.003956203679261821
0.0023079718446243954
0.0027557469518536934
0.003685487422606942
0.0022535278320888084
0.003105539080943697
0.0031169701073955223
0.002870091461792225
0.0025580119424934867
0.002475232918980923
0.0024856518740348833
0.0032003036677652258
0.0034665645858636177
0.002756330818174644
0.0023467335427063635
0.002660034512000129
0.002649703223576614
0.0036638042535500504
0.00202194044197083
0.0020548752999937215
0.003338234001015825
0.0033973389576987777
0.0023171049633672054
0.0032311388098271057
0.0025672870731265575
0.0021505153278326716
0.0034595573928751693
0.0024318971481329357
0.0022496097852554705
0.0026643352053423892
0.0028454038900352333
0.0019653592667959576
0.002220851417009397
0.002711593840237908
0.002083963392847765
0.0016818585341824668
0.0023057065687283706
0.0026693773613295137
0.0021915033584758823
0.0029522139495406622
0.0025367383917437873
0.0031498791188623327
0.003211543031912438
0.002021318783578405
0.0017201770309421141
0.0020799825810396484
0.0032295286335258266
0.0016605545846900495
0.003263882177606099
0.0025531594611515164
0.0015414289491326955
0.0031975477576793704
0.0027860758419648883
0.003060706072253383
0.002611762114280732
0.0020589169222315416
0.0024570319341749693
0.0016694284906714001
0.0030814174228823627
0.0017623540709657073
0.0017497128852665157
0.0026219548062894624
0.0017428694725311969
0.002765004902116071
0.0028777439462812212
0.0014650146150891653
0.0024478172030775163
0.0013727319432718418
0.002056546027089931
0.002673008475954496
0.00232433236045984
0.001999288628963141
0.0025289166279686107
0.0018007902661922252
0.0015159658484321101
0.0029172776474097085
0.0023621750012911415
0.002052764260670686
0.002368117323347348
0.0011803496513113332
0.002206916716792878
0.0027963051776595123
0.002373796833941333
0.001356208885420411
0.0015514681260478497
0.002070809218437715
0.0017280704932906704
0.0012519193140750563
0.002110698306398879
0.001462768879508005
0.0021982071027115873
0.0023683370045096126
0.001924509475259909
0.001035933232270008
0.0024734665936419252
0.0027318727047075174
0.0015348337627830305
0.002187358509107377
0.0013339901183420412
0.001881695473313549
0.0010400536355978506
0.002226237616313589
0.0009996795755741442
0.0024990232588581684
0.0014186366682178715
0.0020847846607057463
0.0025043601975330955
0.0011903009128556561
0.000916335380327758
0.0010056018471787155
0.0011606801746706676
0.002119444075856797
0.002600561061236306
0.0009515011494963841
0.0013487507045120473
0.0014485297645545102
0.001539436961715958
0.0020982564392616116
0.0024634548530265738
0.002347883276217687
0.0017333670351070397
0.0019821782611257853
0.0009860811480930732
0.002520274194310062
0.0016554476087333706
0.0011223023405465258
0.0017139045800035934
0.002401281575555144
0.002047205088503887
0.0019185670151294083
0.0022120131241601
0.0017930517151748789
0.0017539251971482146
0.0017323276693992336
0.0014382226772294946
0.0007351581791863495
0.0017086572459495098
0.001692722858784989
0.0019914296830233877
0.002117093622723541
0.0019811990402395932
0.0021634125200496236
0.0014880278842411918
0.0011206616323916649
0.000734869704914121
0.002135558618016214
0.0019280936745283373
0.001619867283729259
0.0006375306888828316
0.0015511785953270566
0.0014736230405635088
0.0020673340909469072
0.0022475112333156565
0.0012218160230398998
0.0015433047251521327
0.0013841245657909163
0.0006751090489880957
0.0007642349301980699
0.0006059666444083557
0.0020928213139750126
0.0006913487330664295
0.0013965707918609843
0.0014533093703283928
