0.0014413127493254185
0.0006117729375000885
0.002180063640747494
0.0011658056588194701
0.0014297054492954282
0.0012399478299589923
0.0006780524374789925
0.0016044130790909327
0.0015305790907229292
0.0006544353247995864
0.0008191279928374712
0.0010173873701573432
0.0014770679741545544
0.0006271295106198639
0.0020963885641548503
0.0021538889468586627
0.0020052951714775984
0.002052666979587311
0.0011383280318887406
0.0011509347584882609
0.0012148775953304816
0.0019528296140132603
0.0015492975901335803
0.0007982066821191889
0.001558996329686573
0.001274553301461441
0.0020439435019906304
0.001677838587121718
0.0009985418201881298
0.0023386612380958353
0.0012311493476089292
0.0008631617898561488
0.0014891758377577737
0.0018750034915537956
0.001833896775983264
0.0008546299297012014
0.0022006276981403933
0.0008454968461122002
0.0024705110032530084
0.0015236566399995924
0.001029698325843656
0.0016771356275182955
0.001270926948990687
0.0019219590657953668
0.002000120131931782
0.002368787625588381
0.0008522747565018887
0.0016065386767918168
0.0015314113287324123
0.0026021312720423562
0.0025103206762911627
0.0021219863733236864
0.0023595371145920642
0.0022180656469418768
0.0009537123048098759
0.0023498129577761806
0.001316241611223408
0.0026151278605129366
0.002369206741189969
0.001512786477390554
0.0014907208697250696
0.0011084194459981655
0.002281726877584661
0.0015473048172332574
0.001187086064056564
0.0021663484500986296
0.0019100939099829654
0.0025279782702031027
0.0026305288875188553
0.0022321762874070836
0.002452767942280029
0.0024090809161373245
0.0025954493771323172
0.001615478728348818
0.0023893465762655345
0.001415323155693061
0.002667408708606956
0.0025395716806532933
0.002615103923854526
0.0018621970632595045
0.002172454583689477
0.0014034227716785963
0.0018126448471435437
0.0028447361284575493
0.0017090215458508702
0.0022591222146546804
0.0017827218434714456
0.0023169671354940965
0.0017357355512210763
0.00200096975806756
0.0023507484733923845
0.0028332469592580473
0.001334641371162908
0.0029454161254658046
0.0026519885501050723
0.0016928907270249436
0.0018879032854172283
0.002798238168865476
0.0024896510794045704
0.002095240416855346
0.003041157776615682
0.002628152269879533
0.0027717839828597405
0.0029683149154231215
0.002729508600413887
0.0016509163775672612
0.0020562393961689996
0.002602444899136512
0.002148862336716619
0.002726352922042928
0.0027729632325188963
0.0022393706505526765
0.0015685687289001685
0.0027195412275454554
0.0026681165142039536
0.0024562284750737533
0.002709508423380704
0.003016818033253253
0.001850137860437697
0.002322205702909977
0.002573118474461997
0.0019150453857520676
0.0031414490275461886
0.0027896316521713324
0.0030130917037382255
0.0016874840798426745
0.0030781080285900825
0.0019851451367197013
0.0017598447488340687
0.0017390949857463722
0.0024434713387489126
0.0026417053617727145
0.002369261224442301
0.0024138170189819605
0.0019329350466291897
0.003538221988421605
0.003180396030930579
0.002983075854147506
0.002218542399831738
0.003038490247456581
0.0030662530300798923
0.002931658718422663
0.0019154657824259885
0.0032548508623422047
0.0031094952482433468
0.0032385572752424855
0.003284381617835085
0.002783179455437483
0.00275197731707496
0.0031244675805147375
0.002915753132567559
0.0024249042558822905
0.0030337230449047265
0.002118942270730135
0.0021254775658766808
0.002342099672148519
0.003753790590647081
0.0032903607503886175
0.003257956035573931
0.0037255909689144716
0.002365152366694544
0.0033508333564494287
0.0029709748588844934
0.002644243652481248
0.00273997479689482
0.0030270644823906815
0.0033951597547488776
0.0033064491555275612
0.003967276552170675
0.003922868825229695
0.0032129308210655226
0.0028168320986251107
0.0027298521694538906
0.0034016019002351882
0.003944692377928478
0.0034372982911238413
0.0036706080725842595
0.0035310036704418214
0.0039033991184297
0.002760522064266055
0.0036351059641729078
0.002973907817930854
0.0027164740691540765
0.0030685592732002257
0.004352444718380926
0.004358846995817186
0.0032348987906438763
0.0044167415360477505
0.0030243815186450414
0.003603083433866212
0.0031302244551833034
0.004067040911356899
0.0038937344377367434
0.0039125654101224965
0.0039537777544695705
0.0036299609611669757
0.00401857972670748
0.004325991052013393
0.004524395636280254
0.003576280847938907
0.004437112815240382
0.0041571232189625
0.004610858087454262
0.0036510945658142294
0.0033553936162756494
0.004016029345611845
0.0036052592929980186
0.004004662878690415
0.003683520894763698
0.0036652058395133615
0.0034229675978886096
0.0039476631065706634
0.004699742558400521
0.004918398853314114
0.003722410574990779
0.0034368109874289656
0.003424826747978657
0.003918781011459604
0.004327745982347303
0.0037105713127781213
0.00454254686750079
0.00415989311782299
0.004386748252789654
0.004951457076929914
0.00486644972194117
0.005037355774336215
0.005042754884802953
0.0047849134415054425
0.005274714143936967
0.004618240555457787
0.004919183153380056
0.0047521532949934536
0.0038720803926805
0.004056211511356205
0.005409336823905311
0.005567190859104865
0.0041363777788870895
0.003865477314452216
0.004988557250779487
0.004782020719172672
0.003970677434211048
0.004361999040802683
0.004314138389786595
0.004044158884052644
0.0047246407847345235
0.005505859650757035
0.0050099423491664526
0.005030544733854201
0.005185620399505256
0.0052374145837412655
0.005679995669716443
0.00487561779469008
0.005829040713905906
0.004998281839053658
0.005894447441913701
0.004857674522874363
0.005742377389511011
0.005233753892182813
0.004702791540483621
0.0045086738935894355
0.00585174526481441
0.004631565042340998
0.004689676968222584
0.006282836288250665
0.005673717302311906
0.005843244895159386
0.005483595766783241
0.00649858300166133
0.006467085568172688
0.0065156136245976826
0.005041934091532874
0.005911707153381348
0.00583942612246853
0.006612531143126437
0.005000815932590802
0.00661263874656085
0.005606289940234382
0.005842583514998312
0.005718286616802302
0.0062324709135593084
0.0054522567115045705
0.006958283987915139
0.006306423789765976
0.006294517217067501
0.00669423616109688
0.006854028309729679
0.006279705402692906
0.005434725548755286
0.005945454574586954
0.006589320588885722
0.006957980783833264
0.005746147637195524
0.00663143287749889
0.005783765186043162
0.006267395195228867
0.006544481518003556
0.006739339764046803
0.007081913764748055
0.006291128575032703
0.006232990857763733
0.0059661392309890895
0.007553402326848429
0.006017404552822845
0.006640315909581424
0.007095083294608075
0.006944961053738071
0.007218121015770851
0.007321916424521793
0.006990768266274685
0.006417867664637021
0.007558954574041534
0.007607454319755783
0.007599583310579599
0.006503630041713831
0.007071497645153736
0.00811489934357157
0.0070899473830226
0.008300401887474121
0.007772800208084373
0.008372091724724817
0.008136223551058272
0.008357378908849359
0.008352934573570206
0.008348383614522259
0.007750449359332366
0.007314990250130565
0.008000327730832634
0.00759865077867613
0.008104237790168738
0.007986464322225483
0.007844450643099958
0.007375236576727408
0.007388538227696785
0.008871688969935667
0.008860907650700838
0.008733555604826202
0.007860248158513529
0.007427436769172573
0.007705580844577496
0.007611637510795636
0.008526461446387627
0.007893162816194413
0.008873246386887402
0.009178570721510907
0.008041020123741725
0.008902899475960763
0.008990472629758413
0.008129295297373447
0.008941606198217492
0.009315963807970375
0.008119538890712253
0.009177644303188655
0.008296797088666373
0.009501469781646434
0.008675251471893058
0.009272608689032897
0.008747541733659459
0.008777183064152393
0.009105478148002248
0.008748196121911411
0.01003815911347005
0.009275638993619368
0.009161388984271596
0.0086427713450859
0.010059119888438193
0.008833227167913805
0.009486097593952327
0.008890645066622738
0.009549664097626085
0.008922752935863637
0.010550323646625264
0.010274847856004871
0.010305647503915358
0.009825788677283127
0.009526594096156447
0.009617928074260831
0.0099751700757271
0.010858300451013174
0.010284883983472413
0.010798309513032027
0.010225537608078709
0.010310258719229677
0.011096336730523916
0.010861902975673472
0.009865720621194243
0.010325343712756067
0.00999111665180191
0.010979480905466911
0.011654241855920958
0.010316712345163804
0.010278330375180752
0.01040413672608081
0.011419029968465699
0.010566552367096362
0.010318644909213163
0.010957262153452479
0.01063819073903829
0.01142341635481825
0.01213109979379554
0.012142554627004807
0.010797304499825898
0.011075568416677539
0.0107646785484314
0.010885437568761818
0.010922248825117623
0.011001135449640284
0.012377427599155468
0.012546850696028499
0.011361401442996863
0.011181953561676975
0.011549919787992633
0.01272471645128302
0.012157941831752174
0.011993316690340027
0.012048005703799464
0.012612818758673353
0.012464328091915906
0.012131215001657522
0.013307934450402861
0.011690799196627823
0.01241893597052157
0.013274573320467175
0.012413821476842802
0.013428445402867702
0.012484603704298462
0.012254039467091398
0.013821529591907921
0.013041123477403002
0.01382121102847028
0.013666662693761456
0.012977709842442895
0.012521668054065028
0.013477548336481642
0.013664867080864425
0.013646411819352085
0.013156004299542166
0.013346300346987597
0.0136448670907459
0.014326533946736334
0.014181395172465687
0.014626946245752545
0.014302016965925748
0.014073488436441451
0.014161374441257918
0.01330988175187731
0.01434082692400807
0.015085992092158109
0.014154928659566964
0.014089350667106
0.014709891267899984
0.014150384245314576
0.014932308354073281
0.014126204350105935
0.014077937028489921
0.014067358326481481
0.014145702179264958
0.015587379658400555
0.01419482285102058
0.01451927886981559
0.015655148774373705
0.014471939877515671
0.015152297805866152
0.01466767840405391
0.01594257478239175
0.016041291508760977
0.014695860640395353
0.016407878096920934
0.014918264415623125
0.016087681212733424
0.014925733311546827
0.015221799297871881
0.016397640292567867
0.015584047247040971
0.015822319974182122
0.016213387897978455
0.01576528253062107
0.016117529468459412
0.016005569752760358
0.016933760474795917
0.01587265043632363
0.016503714090717166
0.01728396532531236
0.015901849609071407
0.016166956365547457
0.016187855438363846
0.01773443558138988
0.01677197137466769
0.017468334444346527
0.017678272863492685
0.017107157802888674
0.016646248383332916
0.016819327697966874
0.01769975038984426
0.01834072104871155
0.016924528519067346
0.017071013176035973
0.017013790947495173
0.01758765924861486
0.017334936602263214
0.01768982952327422
0.018249563710774023
0.018458158889256462
0.017358979256705556
0.018026423314784778
0.019062248803308517
0.01908673151193653
0.018706387453550997
0.018241849161561522
0.017721537443755576
0.01920443787450841
0.018810356157428862
0.01825719007273602
0.01905750838530636
0.01973355148085972
0.019106560061281582
0.019239886282806703
0.019449842409178155
0.019710686411185827
0.019733047757681584
0.020174791600779167
0.01973614355905941
0.01944014817883126
0.02036543876648408
0.019829181071114158
0.02041756894417369
0.019894823444462233
0.020563588937837062
0.02015472615203802
0.019877262130623054
0.020062713364858552
0.020076689132167674
0.019971439554849105
0.02006349085886814
0.019755764325237266
0.02059747101012612
0.020772851677089085
0.02144482741574237
0.021148638882113335
0.021711050007355296
0.02084225994166095
0.021529794061975506
0.020259808543202074
0.02041125199709519
0.020645617288818592
0.02175150750878729
0.021160580952933838
0.0219655713674852
0.020895012702347046
0.020984490142424383
0.022281280383721343
0.021845414530193712
0.0219252527748664
0.02282439351991524
0.021466924122334106
0.021876952059425688
0.02279406239084912
0.022664752214185645
0.023069748726863085
0.02181397176985483
0.0217583029892365
0.022778595692059544
0.021830435901971004
0.022040583802743277
0.02362199269996905
0.023482371002576052
0.02231907604669264
0.023107020898606032
0.022850820208220827
0.023386587887967603
0.023770156786785814
0.023674593290662453
0.022659695895200473
0.02374331546540091
0.024409300416945785
0.024537706875809123
0.023550703208917174
0.024341582779706647
0.023460718259235343
0.023414055983302255
0.023648464330612736
0.023525222405681587
0.024374652857414976
0.023598052015675365
0.02376491441807549
0.02388280372515996
0.02439589989868423
0.02490830691142601
0.0242705778958557
0.02553682078770013
0.024899899832402445
0.024604346487339612
0.024780245443334327
0.025231747817455363
0.02574280749767061
0.024571518932825102
0.024767425976399738
0.025734138136190007
0.026431629865757644
0.025246170886481175
0.024881504939482078
0.025192256890754047
0.025479604012795753
0.026207437773950848
0.026220022180967775
0.025459932932838297
0.02666988083633962
0.02627206556777315
0.025566491057561546
0.026793362885258718
0.027353686120420266
0.027474326805812795
0.0274253824832086
0.0268012237975012
0.02774375689878096
0.026354451674315223
0.027468744362608558
0.026717230604222913
0.027691689690328602
0.02737709239217677
0.027645338020527117
0.026711842742698964
0.02787908937206166
0.02773857642565087
0.0275023838510217
0.027267070496076514
0.028461597583005142
0.02830092342466585
0.027695328949041215
0.027626999381475364
0.028859902274041702
0.028865904265113183
0.02789319346628404
0.028892007362047077
0.028142301187701137
0.0291404616647358
0.02933271321019964
0.028560493932650553
0.02962855658731388
0.028525449623008178
0.028272659208870534
0.02830579079078335
0.028355910742064103
0.02887371096660676
0.029010244728374573
0.029368111631318524
0.029950636490787736
0.028660611136368003
0.03004793694795786
0.029729022202565333
0.030006891131525402
0.030405369380417154
0.02994006869777035
0.030803756228437163
0.029901450251462836
0.029872483523089615
0.030763056501262213
0.029624287494515258
0.029695598050876636
0.03054063980049641
0.030191725835044113
0.030439502945989703
0.03085210470087711
0.0306685553810841
0.03105651210669421
0.030609272272065526
0.03070145319728119
0.030991281420716856
0.030926180215252605
0.03065580532038767
0.030905167971822457
0.03207486698823047
0.03172042278024335
0.03224789598918906
0.032253315130391626
0.0325448478603392
0.032414847050938854
0.03262461670737642
0.032435802961370164
0.03230433739585853
0.03169603139119584
0.032561150691598116
0.032125812198824044
0.032700754244545716
0.03255835292571514
0.033231735513671375
0.03208071821868972
0.03281120122500551
0.0326896737569557
0.032196998455161115
0.032274504197834106
0.03363971135848597
0.03249202953910729
0.03223103563332153
0.03233186321534538
0.033842848218299686
0.033622373126284535
0.03304372877043643
0.03281826839306146
0.034343021294381354
0.03370537663593526
0.033715212877545864
0.03350292685869068
0.034341764667193825
0.0344092910788379
0.03461070046863933
0.034719188388731344
0.03363227598515683
0.03404009695271618
0.033862232894263614
0.03410340792923397
0.03507485038857136
0.03446822882664637
0.035285916491626775
0.0351301081138136
0.03464615209706812
0.03444786168086307
0.03412930319651007
0.03569623303872936
0.03408929498485763
0.035836142613542184
0.03500932834635833
0.034696470514303954
0.03466115469683188
0.03489720694474886
0.034463917326954495
0.0356060307858061
0.035655893267028275
0.03516550604789542
0.03515787782986044
0.036129773476866994
0.03575908152875435
0.035623098154283536
0.03609562920679694
0.035617847614740065
0.03581757174778509
0.035746347438133
0.036399398663050635
0.03630521940529138
0.035465207565718415
0.035550449336905286
0.03669543066932092
0.03709066594536215
0.03594210875008835
0.03658434683880509
0.03722077032412067
0.037276431484809115
0.03645764478715288
0.036870656108912325
0.037022992617103956
0.03727251916486172
0.03631093361344468
0.037820238839406176
0.03797158791382555
0.03632722145928337
0.0380750260530268
0.03811406675472509
0.03820726916885503
0.03667573016965927
0.038266070490336306
0.037386362845973124
0.038342229645860204
0.03720928400091519
0.03858913534014277
0.037836409531110796
0.038233682228134204
0.0387117560584728
0.03801714605057337
0.037902662255162214
0.03740041798519811
0.038577214178923534
0.037466349845356496
0.038500055148533045
0.03782321034755757
0.03836438841110224
0.03791371770846339
0.0381144002726892
0.03773671496618782
0.0387369429372323
0.03890088354416675
0.039101393394785335
0.03915574601658818
0.03813288127395049
0.03927616561073783
0.03931781732254951
0.038317493797106056
0.03923589035158161
0.039627242190323424
0.03918356840411849
0.03949179856579532
0.03910704191067514
0.03960253205251539
0.03896521972724547
0.03951878026898457
0.04021259766021772
0.03942058629309699
0.039548789115493685
0.04018936666310774
0.03935347060701979
0.03949815887420874
0.038911389857128685
0.039381615219323124
0.039855276964437206
0.039924345186128876
0.04046153883865899
0.03980957038759198
0.040629834728663654
0.039341613913069964
0.039966358736588284
0.04089322212025385
0.03940783506934671
0.04022458048272835
0.04070936276546527
0.04061351253194523
0.040286427468452644
0.039470183348628333
0.04093956604661103
0.03951990225325969
0.040616381479005724
0.040940584048761636
0.04086167488137922
0.0412993283721602
0.04098829084790901
0.04068749956605236
0.041258202071643456
0.04007719224271044
0.04064212514568167
0.04115322025992791
0.04001180583546554
0.04039920348244334
0.041581529700793145
0.04148746973791726
0.040202062740961976
0.04109397093334351
0.041841244268399864
0.04096838765430035
0.04180080264137307
0.04064436352694639
0.041824941125485154
0.040828692599061245
0.041685799338772804
0.04087591831089525
0.04162303448904768
0.041361892646187386
0.0408713957103623
0.04135019372958807
0.04072071423315325
0.041042079092693
0.04116147924463006
0.04100029492708352
0.04167060034137935
0.042264559510187656
0.04186376184744821
0.04104567852595656
0.042073635271155485
0.04158237550430649
0.041263847068120425
0.041062083698586424
0.04140685550170259
0.042301076001759155
0.04095680512031841
0.041060303330890086
0.041099537308310514
0.042582583743628354
0.041994881719142944
0.04216397199494457
0.04099026362455197
0.04188043224877663
0.04110869533188932
0.04130556474741737
0.0424541600642993
0.04108512996232327
0.04167403073373294
0.042313895265635046
0.041077063658155374
0.04152081767901536
0.0415473692243754
0.041350351490330735
0.0420166140817325
0.04225476798419204
0.0428038674543059
0.04289019066876541
0.04186131214829804
0.04149900967878509
0.042346269160324586
0.04264476966904107
0.04159085060198501
0.04272041331288385
0.042400196295607234
0.04255224262803964
0.04166512722279112
0.042160074750834664
0.042268948868642554
0.042761619472224954
0.041465698451750244
0.04304131737868693
0.04262578227813896
0.04262806454628741
0.042694943899430036
0.0420255314513355
0.04139199175442687
0.04214832742082733
0.041972119206970325
0.0418702869804502
0.0414157132742144
0.04173672886727623
0.04202373770473505
0.04207475317368466
0.0418442058630342
0.04173257817219596
0.042122413980793035
0.04234681725732951
0.04233986460380665
0.04168053319583114
0.0420179738549987
0.041668572691276246
0.04148237356084891
0.041495360820655934
0.04293635309366612
0.04197249479109931
0.04208930019112759
0.04223295128019778
0.04262308161591314
0.04285156533755299
0.04206759241783397
0.042200130800270255
0.04159707969726076
0.04305715493959363
0.04231242127278445
0.0417760400535444
0.042432346705564755
0.04248966148420254
0.04194383390753064
0.041730110377730376
0.04281560972439483
0.042428211811261135
0.041884584416289644
0.04188531702648549
0.04229334403936151
0.04280355931476503
0.04259430985493461
0.04280023590273905
0.04267759613111731
0.04159223440871081
0.0413612775967865
0.042267299563094204
0.042479364603191884
0.04122450844271693
0.04244368010868689
0.041395494055573426
0.042560360492165134
0.041955536658049124
0.0419874449923788
0.04199205104198069
0.042547168750007254
0.04111241201475185
0.042672423751764624
0.042657807021879074
0.04250361614295538
0.041056778659271806
0.04163729056322708
0.04260869320552772
0.042499385135135875
0.04142510432477275
0.041929175322838984
0.04231411118684864
0.041869647402466695
0.041245460032072176
0.040939130994282785
0.042344823464042794
0.041855978112818194
0.040787621257339354
0.041619599986299355
0.04141916495979551
0.04227397983587251
0.04148232930181199
0.04124963468529262
0.041175199780639
0.04181342723450291
0.04101336762985701
0.04096094815002667
0.04159077416734373
0.041941615232857804
0.04035173353817919
0.041572771448484175
0.04113817312384937
0.04027093796447905
0.041234618872574194
0.040331331720249934
0.040312358442405286
0.04173447604912163
0.04150399148784073
0.0413541914215712
0.04034724545540683
0.04124522553414926
0.0408482276120312
0.04146018525673763
0.04033335127156312
0.04137979203344328
0.03995605447349927
0.04117407338805506
0.04115447547287342
0.03974497905123466
0.040450473430084385
0.04081514449054215
0.04111694783632425
0.04096855041585783
0.0398376991055818
0.040827218957176295
0.03983704621597142
0.040955649448927704
0.040339771113984006
0.04050045839195835
0.040470351172639855
0.04090890738695192
0.04029922392413733
0.0409049745445121
0.03981723136316787
0.039557398459135286
0.03959045506661289
0.03964309106375556
0.040621990251382994
0.04051501595315378
0.039980419683014724
0.04043206246570545
0.03986246609430505
0.039651855895655126
0.03997075479217008
0.03973180646697155
0.040296568338298144
0.03951750019795833
0.03921646600591727
0.03849888582772454
0.03941951782189185
0.038791276206851986
0.03983079657938787
0.03870611256865733
0.039033192164371115
0.03883539109888852
0.03846883077974157
0.03836173949692949
0.03817455438119954
0.039568136258561204
0.03927237405720955
0.03796278120279908
0.039515801704271394
0.03773316637031052
0.037871212717209196
0.03810095978970397
0.038778422925953765
0.03789976349506849
0.03883772750054599
0.037431101962478584
0.038729752723251465
0.03769938194311856
0.037732227113987424
0.038845820984621526
0.03736284683947643
0.037631433740352604
0.038592116960709084
0.038414167786430455
0.03839349634418953
0.03724835896336736
0.03849967618467718
0.03789104806327388
0.03762973318744418
0.037686565475402375
0.03816305379946312
0.037237772263363667
0.03701621790565242
0.036497195774672836
0.03752768573467906
0.036531104221099585
0.0371640541031937
0.03703203214384448
0.03694298654429251
0.036703386732494736
0.03711504865699008
0.037294457131768294
0.03732892103764755
0.037359250179982546
0.036178694653732135
0.03613195275940443
0.03708846890991375
0.03614774995959702
0.03603041251303477
0.03631834556969447
0.03605851567923719
0.0364249168838901
0.035702215419701366
0.03682445573267647
0.03629947468943478
0.03645707769406526
0.03593514794491271
0.03506124331621592
0.03644869942853528
0.036433492453306175
0.03641230439739878
0.03566241142919207
0.03472491071593932
0.03531088351255635
0.035266708609136097
0.03508095527501789
0.03560054650937631
0.03593403228427977
0.035022635424399554
0.035559242985866976
0.03449097363663284
0.034208899955756704
0.0342920744802765
0.0342856078539403
0.03374009701704909
0.03500395530613728
0.03522451596813611
0.03451272070141889
0.03437260586263961
0.03434071474484264
0.033946000173471144
0.03359975438894451
0.03402204467530645
0.03331925741856409
0.03326060767719932
0.03397958724731824
0.03341056290839251
0.03408486783304441
0.03398342081093712
0.033200721739755204
0.033908918739907194
0.03342457925326248
0.03368519476320074
0.03340943565995044
0.032369579014384975
0.03325130693928568
0.03386458366191172
0.0336753633366708
0.03337644689842056
0.032787316762262694
0.032527410431615514
0.03319299602167307
0.03271839505362357
0.03229607160143448
0.03153179348814271
0.03225655577967994
0.03239282886981593
0.03150968625443421
0.03159074960265623
0.03130074156211203
0.03211524464055614
0.03240349485397345
0.03157922245051815
0.03185576275547318
0.031520340372917614
0.03170878851881967
0.03135606619815043
0.031235197058528612
0.03144767571714848
0.031424089913076596
0.030846793298294057
0.030407652093490684
0.030631492703304848
0.030995579890363098
0.031099346464496157
0.03045170169255481
0.030974370348916064
0.03069516547886498
0.02980234643695633
0.02964399696050992
0.03075127651416637
0.029560829321533776
0.030705994862244023
0.029942244338812367
0.02949857734401468
0.02982774100282347
0.030729077588640977
0.029533864160524576
0.030517753926692745
0.029505938190841255
0.02935466417848604
0.030035065120560905
0.028763942705396523
0.0287306562959105
0.029725196637037418
0.029972163580044203
0.02915576065756892
0.02920107346399382
0.02940784416628907
0.028970928191277362
0.02886729672239984
0.029058372790147443
0.028880933011773753
0.028331949014728467
0.028678642474344682
0.029038201486036724
0.02848616510441931
0.028789031046637274
0.028917819658606778
0.028886259966558844
0.02820625180753707
0.028015776439293826
0.02811564924574221
0.027536984574795177
0.027677616530441304
0.027157381773912248
0.027746234281554392
0.02808456448376628
0.027612199972022737
0.027299439747052803
0.026904891224709803
0.027418431469810736
0.027323898456963418
0.02613548704951355
0.026168478628404376
0.027641935552970138
0.026423545119939624
0.026008833138477776
0.027288251791212005
0.026165898197090767
0.0270375921945453
0.026726030069685717
0.025985754126786983
0.025458674169496293
0.0267094601578419
0.02562613081843415
0.026792283177284618
0.025550327760087935
0.025851921533269
0.026251888431505426
0.025742875937477466
0.025008144414432953
0.024715876093521483
0.025384059202932678
0.024841401058015064
0.024854914971040153
0.025963217766407684
0.0246405369930764
0.025237514000629468
0.025011374190223815
0.025199402160050885
0.02441953814882029
0.025065820005217496
0.024377085147842033
0.02442101020372474
0.023814855961864216
0.0241913018644963
0.024351514239874184
0.023885044093422656
0.024132385437738164
0.02310888576968277
0.024014004325551615
0.02374757979280091
0.023808483390408013
0.023621985555774366
0.023266715591474536
0.023369542722905697
0.023884990524367017
0.02310939849541978
0.02283647143554585
0.02302227189325386
0.022543221545519392
0.023461427432456945
0.022589565459310932
0.02210956844667572
0.02290288112877815
0.022726920607804665
0.022109422211024254
0.023058040460387404
0.02326405424109326
0.022578145305449653
0.02275257668470985
0.022902923210035703
0.021943494441197784
0.021980177998625366
0.021181935912383407
0.021200540770381988
0.021693286266139554
0.021471456808648134
0.021434771050957372
0.02087744164257715
0.021587459609112396
0.0211053780582681
0.022142973575613536
0.020965953704902018
0.02035285708016697
0.020516838886524516
0.02128259035601415
0.020646699609748995
0.020335172949442985
0.021260941861491967
0.02039538588886912
0.021026932579973217
0.020587452214884297
0.02116098621497992
0.020042342520037417
0.020665177573559873
0.020212958132868608
0.019915151343003024
0.01967168478095272
0.019200086383724287
0.019168070493200767
0.020044396387038595
0.0201074069269933
0.019664116554878108
0.01956443361561188
0.019905450244819944
0.019279163626453894
0.020077367691025198
0.01927842380243721
0.01962209105116195
0.018623439271518025
0.01975200134142381
0.018839341518327408
0.01857303618459638
0.01858857883889359
0.01945840967229497
0.018566962001041763
0.019314839453356
0.01892232478394144
0.0191372407947858
0.017709474875849743
0.019064043507343604
0.018444214685879083
0.01874130048063406
0.018307069977307095
0.018257170131045688
0.01822961808125526
0.018101822301260128
0.018499967488522208
0.018279467365738836
0.018015777068568446
0.016762786760938363
0.017999077117793555
0.01736185548397176
0.0172684798251727
0.01790818912023895
0.01649056087371771
0.017768112504289345
0.01659767728783603
0.01633248525603712
0.017721920389731135
0.01630855355526729
0.017498795303419235
0.01759237774731173
0.016133636361181557
0.01630934189158521
0.017375124776162133
0.016465842313071674
0.016388821461575588
0.017201063115276752
0.017132522964036345
0.0165550450329805
0.015607538835332195
0.01665349192744864
0.01609690275546644
0.015401718246244896
0.01501382240789572
0.016332829583193115
0.014996519515348465
0.015034106067140923
0.014946166841679685
0.016173697464476312
0.01518831405547112
0.01599598682284817
0.015587314536072955
0.01481070366295952
0.014749028488815014
0.015201559447968376
0.014906570333056654
0.01561604373674066
0.014867415010347659
0.015429433958512555
0.014908422555015776
0.015414637562390992
0.013816157516996016
0.014815138162897484
0.014746588194885791
0.014845689680310368
0.015178491313019843
0.014884631947929966
0.014678052698697252
0.014072037401666673
0.014315499339557775
0.014026807765607902
0.014136378644083604
0.013276281764352195
0.014403912604962278
0.014285837643059107
0.014100193327729408
0.01298346035069562
0.013210907690605577
0.014423060505982868
0.013586208654596565
0.013538678542202462
0.013015343667909402
0.01292155764658991
0.012680425078744895
0.01316689886772516
0.013343967065071034
0.012996957309909962
0.01340481420622862
0.012564805191741074
0.013402287969074413
0.011940252698871978
0.012323393975886759
0.013476603496921013
0.012664961302583775
0.012843375449711555
0.011641179683388523
0.01278836806235242
0.0123557900483903
0.012202356387982354
0.012515216924668178
0.012854622615154037
0.012703530937038526
0.012568825829887977
0.011937684155235944
0.012626512528151944
0.011674556586366687
0.012546651308666164
0.011226124791523774
0.011630056731227058
0.011724968835492454
0.011026739618931358
0.01120477951932018
0.01163267784122929
0.012266071232536304
0.010896106120416362
0.01073054220023826
0.011462467486504981
0.011825818024849723
0.0115893250949348
0.01151757275307637
0.011001766147143282
0.010950571060801896
0.011288276296061725
0.01174304682225423
0.011606644315551883
0.010395107508300385
0.010994808875354043
0.011253695189305059
0.010986832979973098
0.01080282125700138
0.01123341262868426
0.009780588633691465
0.009553053579707108
0.009938207130200188
0.010181862998100831
0.009880654098652429
0.01103531143486241
0.010505255003077685
0.010767150108209781
0.009635449133928149
0.010036053486596901
0.009941470774302784
0.009361639182019914
0.01003714925219092
0.009707048661832415
0.009146786794611105
0.010350959682614819
0.009317765737771537
0.010479016489647216
0.010375198543110318
0.009085456940678737
0.008695721440944779
0.008829275843921614
0.010072690272516888
0.00849328742852422
0.009146487208193898
0.00975659315887973
0.009542979982847267
0.009597055000850799
0.00931682365206722
0.009758432654721335
0.008520863896432477
0.009205139742630881
0.008708347313753419
0.008502146259537307
0.008919916944826533
0.009519091666458394
0.00896016775863014
0.008719139069005098
0.009210237692055343
0.008075408730090886
0.009086663413033352
0.008899570489868086
0.008933513651138729
0.007810479683606474
0.0088008488308263
0.008933039548355176
0.008777368676369302
0.008011263849289263
0.007338110421369705
0.00789882412166488
0.007472941304948028
0.0076869154140908795
0.0073384010517156505
0.008387929900753183
0.00790879854502833
0.007782293461299881
0.007380035599754262
0.008595910840032804
0.008279692701051973
0.006855841354931092
0.007368499357022081
0.007472436559281126
0.007314585556120742
0.0073864735700625355
0.007433214301868022
0.007644413255622383
0.008151031252310698
0.007947632578705207
0.007113982908855325
0.007170454809815983
0.007135151054936455
0.007695170658787935
0.007551406563145965
0.006533587118130652
0.007324300812489425
0.007571432408007111
0.007157605689645404
0.007611509899579262
0.006265936766601678
0.007591347514921838
0.007410605796536307
0.006611580545459673
0.007078783158267154
0.007321477284149985
0.005989421517550386
0.007474159384299577
0.005947012022235258
0.006154239689491261
0.006309430158624107
0.0068663309655496415
0.0058146919242426
0.006366647528158757
0.007140567094807836
0.006210692515684675
0.00635372519695251
0.00687081570765558
0.006479398369734353
0.006166336096254535
0.006369909027249347
0.006690409939720396
0.005494826895673494
0.005338876634501207
0.005889887378041719
0.00688119281234985
0.0067158441448393865
0.00664481861344999
0.005608830350388125
0.005408670654326068
0.005891218352295439
0.005219941479285442
0.005318467398814503
0.005222518060180175
0.005354752021840956
0.006241150384851064
0.005278582773375497
0.006494505876506017
0.006060795810150708
0.005194699381159891
0.005663893130621512
0.005515938862172038
0.005234341877826806
0.004855773726136494
0.005460075254377464
0.005747233956672641
0.004994427947911364
0.0058316661569487345
0.005352111070020534
0.006083724830071681
0.005046364669743919
0.005457163465707729
0.0047991111930412
0.004812480455573438
0.004482077377252933
0.004797082368927651
0.004892870668107712
0.004737159829486877
0.005273772863044182
0.004516378744149844
0.005663605161537363
0.0051037032406457
0.00399991774877245
0.004911290365428679
0.0055940862344165815
0.004404489707706426
0.005616399560357094
0.003882982873897659
0.004071812645862686
0.005354394131316727
0.003941564031116314
0.004248125967562812
0.003758541630432754
0.004332237150416916
0.004701883231293609
0.004286722537285125
0.00453137956967782
0.004192322357105132
0.004744217563995617
0.004759562405863129
0.004188191685855522
0.0034997429510778494
0.00391786873169163
0.0035492059114882084
0.0041358819449433155
0.004631258401410648
0.004012579834893913
0.003959837600322036
0.004252023813920448
0.004453529676964406
0.0037769574610027963
0.004276134433345389
0.0038104506934026504
0.004875227082998232
0.004566458893516598
0.0042582028240915806
0.0033029606454148415
0.003140053517151268
0.0037507535722455026
0.0037161684848742247
0.003670356087088986
0.003898329020608
0.004262857372431666
0.0038779148928584544
0.003154689375162705
0.0036573673843814233
0.0030695868112291117
0.003178218358456045
0.003928349670914626
0.004587804191664502
0.004453825357016175
0.0028238685012527327
0.003043636833683522
0.0035715963434287644
0.003963292911380064
0.0032379469011906362
0.004090343769357177
0.0039891902467428355
0.00401140952089203
0.0032038974655995145
0.003849109867856445
0.002633468392911577
0.0027319236762792395
0.0027953778410600683
0.0032389884396836965
0.0036615087667204557
0.0037887618195081947
0.0038358597053832332
0.003872585205031547
0.003533913284339398
0.003735015940454265
0.004031832899914557
0.003163181565747737
0.003747757259131323
0.0036806737444167402
0.0025072645311669996
0.0037451637973805723
0.0029894530387866336
0.002841927750593424
0.0029875286733721685
0.0035568687373607874
0.0022594752492217495
0.0023691117123165995
0.0033386005126135065
0.0033435775186090957
0.0027433104911105998
0.0038353090341981776
0.003236240666093789
0.0037316432722792323
0.002785885677695414
0.003636177569947739
0.0032791660494920203
0.0027963929276971075
0.0022926688711780406
0.002329428036157762
0.002567431295476517
0.0027607944682647074
0.003229314989879147
0.0027255324231131484
0.002694553079067148
0.00235737085610051
0.0036266688410476282
0.0023275233105208085
0.0022075701771024983
0.0018675471531438487
0.0028862249735636374
0.0025709964341339483
0.0024423995704052352
0.0019907567528748334
0.0034882495350320674
0.0024244900870700097
0.0033653261640181295
0.002258439248091892
0.003349619931427136
0.002340659267124893
0.0024393616343853708
0.0025859027473406028
0.003331652140479434
0.0024324189687828196
0.002915571281329511
0.0033182229799195544
0.002924897351767811
0.0030905737644436257
0.00317286726006492
0.002315413332424857
0.0032989013379953517
0.003040758411463498
0.0017129829202310921
0.002717650952835889
0.0018355925426017472
0.0027041780772426058
0.002748601813122783
0.0017095948966494195
0.0025011494239926125
0.0017008146449598552
0.0018125082445682788
0.0028766838623583823
0.0025526270055350178
0.003019238038750907
0.0025907333951896267
0.0025507098286742446
0.0030946186119633606
0.002694153453288573
0.002904659645040109
0.002910152908875634
0.0019178824524676227
0.002194907922183909
0.0013646178592695755
0.002525499763772894
0.002110557597681988
0.0013230572449902927
0.0020218393680697597
0.0014744338113885746
0.002681145262751896
0.001499408825014092
0.0013145717115223751
0.001700181926726331
0.002301371487199072
0.0026559273743808243
0.0022242432968394947
0.002584297075845619
0.001366440871983068
0.002607007395008535
0.002096983235709037
0.0020383096822142164
0.0017087794702089658
0.002258887175587358
0.0017995322778601268
0.0026091258166019054
0.002455322572870238
0.0017012955429263057
0.002386623015360412
0.0016129289887396713
0.0013926537580010046
0.0013687359745618577
0.0020675252400850263
0.002470319516299277
0.0027626895736540744
0.0017568377486652071
0.0009912634772705716
0.0012949445109747308
0.001511231279724263
0.0022415700217812873
0.0013227659276532344
0.0019530989687780343
0.0018321918294840892
0.0024663507650550995
0.0010451108758854763
0.0026060219292990596
0.0013284321145367363
0.0012794222719919339
0.0026227019799052
0.0020628976536454812
0.0024059892585902598
0.0019819443098723
0.0020359221667295264
0.0023035137822270475
0.0012080869821113034
0.0016179592765490647
0.0021327991223808636
0.0008288245053662314
0.0016378441317671322
0.0018868127805797264
0.0014290062490025183
0.002467494628473794
0.0025191399066378465
0.0020873512905417832
0.001156677171356431
0.001963488760791605
0.0018617484427064803
0.002039216141400566
0.0015686432913503223
0.000846684725331983
0.0014379629828592277
0.0009475965066321829
0.0015171822168213137
0.0023566503497343162
0.0010101178294588608
0.0021943753957422004
0.002368131183194866
0.002218144000149764
0.002122801410257887
0.0012579569630096204
0.0023855514011591524
0.002290617131653475
0.0010404782205154057
0.001956532133653406
0.0009782993430751986
0.0011761791771589866
0.001454464681295397
0.0009222115184084665
0.0009286248504084407
0.0012415710445391488
0.0013648350024485834
0.0011230118675041546
0.0023115595524538647
0.0018386867577841856
0.0022407151824642107
0.000774234169876281
0.0006945308672414595
0.0020076438263310647
0.000917734580164421
0.0014841697078784735
0.0008724149311833202
0.0012121144441373452
