0
0.9171932340579166
0.8991531263225299
0.8457238662011648
0.8843811447159278
0.8878753311553759
0.8548325061460711
0.851659281680958
1.0217193820352064
1.0178462192227784
0.8608895530768893
1.0185895778993932
0.8524107097690435
0.9288238620893463
0.8935006184381287
0.9300549418519497
1.02063372718682
1.0422184186900219
1.0464389745008915
1.038861212714684
0.9792253280018668
0.9337864220785651
0.973629605214751
1.0711833934555166
1.058470591765197
1.0016005096963028
0.9398678782058457
0.9797974626719659
1.1172795299254359
1.1127184718215528
1.0426485618041526
1.1387380197683392
0.9840021670688512
1.0149423448308048
0.9841045732233727
0.9654770628464393
1.1214796541408598
1.0052076405362185
1.12866580186067
1.1667318820574415
1.119600214843
1.118223785649316
1.1628224460051348
1.1109591877971634
1.1074679314228726
1.1795630488055169
1.1683378769640487
1.1390026064938719
1.1427336672660968
1.1665990948166112
1.1163888347254276
1.164597607594171
1.1340273293123648
1.1531966197933208
1.1679184423488234
1.1980853885723002
1.1479999472664053
1.1012460194749778
1.187723598739867
1.2836557300099773
1.233792669840259
1.2384467798971763
1.2743140001106037
1.3060935938726086
1.2101803728399747
1.2293994587132808
1.2230702108925782
1.1491187125643356
1.1687015554798248
1.3405109376364341
1.2396873396801733
1.2380914610840044
1.2829864187010651
1.3062821803948739
1.2073564928435696
1.285725381983195
1.2644179838831604
1.2219127123994094
1.3268729514799134
1.236000552698166
1.400728878972761
1.4257743198378245
1.3916205613238999
1.3520240226950904
1.2799290545025228
1.2860902280156252
1.3575381289172632
1.4272375065491563
1.4400086707895758
1.389983560234849
1.4518290861781722
1.3283473944880588
1.3760021205280788
1.4747429511664092
1.413880603520929
1.5072266997812909
1.5106808457058196
1.5041822880791473
1.4546031312962941
1.351648525295573
1.5368722604070075
1.4618491984690647
1.3931552229328836
1.5335683863585585
1.5571438561058524
1.461942647051915
1.3956970810068956
1.5441875983490245
1.4603994345354716
1.4443844110403117
1.5508946107648702
1.50834218589361
1.4405301070339045
1.6302873043007169
1.5873940310090593
1.6461638442842397
1.6129004917169987
1.4700158947241329
1.6057811678164144
1.6814280910869703
1.6793251646774159
1.6225879995675738
1.6606469884921582
1.5722400130259881
1.5358257518073666
1.7148530120747163
1.5781902524197253
1.5774443917878138
1.626562342292932
1.6293591978162854
1.578371204555275
1.7683281004872027
1.6723266181264285
1.6660030751309245
1.783120391556795
1.699434089602475
1.6696815264150686
1.6633167130035638
1.6764684504037626
1.6967119915668343
1.822396767683447
1.75992950973014
1.7485514977371803
1.8121748863064755
1.6913247414453232
1.824368035645108
1.6892305743863294
1.7919698607784784
1.7096357167186391
1.7344860508611541
1.8423132726296543
1.9170648819096083
1.8780521808377795
1.8317016596454572
1.9438486076407422
1.914769061182811
1.9478324203383566
1.9317960866607076
1.8070162813546484
1.9257493084436224
1.9614353358988088
1.9746764049926115
1.8872415438706336
1.9581298840987524
1.9282569366969278
1.9763555107828399
2.0462848316301194
1.8969813362036536
1.966779999398641
1.8983896455443896
1.9855762592840016
2.01972315107963
2.050113784616416
2.058474119394992
1.9771536132879388
2.012222356070933
1.9773757098390683
2.093002940133559
1.9753774516248184
2.0927705584425573
2.0708064979383027
2.1240049180234557
2.1139325039483716
2.058582310986244
2.1669836885663405
2.1570320536265664
2.1504156280630218
2.1160467264405556
2.1740970753436466
2.20621906858945
2.2020267884971667
2.2044005330663543
2.2018391385015486
2.2615629919402114
2.2409429914294687
2.2023290006834104
2.2949710164009813
2.3051682960209794
2.2184649588092724
2.287593450297027
2.2015676346157664
2.3030058768468824
2.3676732508145983
2.359069850818808
2.212503866043155
2.3235732922129113
2.2767603785346355
2.2314885927641406
2.292854880435897
2.24881341598105
2.391987820095782
2.324916189851288
2.44039942928166
2.3594437326511937
2.36241019906308
2.423449953411267
2.4641429501823495
2.4194932113387475
2.5311436772151765
2.4047204695425837
2.4646815780996376
2.456682308957567
2.5278766147193172
2.456100071235147
2.4928262471596394
2.441189410174866
2.5703307235323174
2.5880367095395544
2.6216387263900707
2.455440663178407
2.6217640563959037
2.596618554823902
2.5743665867989263
2.5718291223339196
2.6847404314162335
2.56068533995242
2.5328721808023973
2.606127913086664
2.6619446002258704
2.627243120375775
2.5881810569469517
2.723394179805697
2.6821966913759003
2.6506098085818603
2.767975379815294
2.6512181175381335
2.6352286935501654
2.667272535029309
2.8069091700344453
2.835071832792999
2.6765866107189704
2.69224172721438
2.8145048515353275
2.7010963265257204
2.790963842932972
2.7463565919123893
2.8022436531958776
2.770505178504181
2.9459444282141103
2.9246521795953373
2.9262371987200297
2.911728757898879
2.819475388203759
2.861742290730118
2.980683916683192
2.866974159425051
2.9438539817592515
2.9816583067954485
2.921278493119457
3.0445472010800354
2.967088542486892
3.0229576848307937
2.9239304791446097
3.067832683516266
3.0662732358495113
3.056242493443865
3.153239686434409
2.9893931650429275
3.0760251957830365
3.07279598693533
3.0776648028183744
3.153655402722089
3.0587537656000205
3.1223278807036774
3.092893866702942
3.0837213040560454
3.150117075639552
3.145997783041184
3.2258986178230824
3.280742742356833
3.3162977966223792
3.3138972382626135
3.3388803414616723
3.1684165236436144
3.331487800378764
3.2283511866091303
3.233235098946606
3.368217572077532
3.2623821839945006
3.3802211673765465
3.268742276264267
3.3467586372191214
3.4591991574846856
3.3049747367089557
3.4746160536285022
3.3500718104913685
3.5045354462987923
3.510233437729946
3.456255150877393
3.4441215146945043
3.4172720806767707
3.5641695467818733
3.4348997850517877
3.490331611650974
3.4146117420419313
3.4734775290791795
3.4901895989640277
3.5044196056865258
3.6034965778933827
3.6149970526922393
3.613342980388045
3.5032148144186457
3.6106494892389516
3.674367650239793
3.6751055801750216
3.6317084204920804
3.6601471930578215
3.754763555002178
3.7745146564248606
3.665703961779159
3.641337571331213
3.7919508085944216
3.6456137625868084
3.6876412113055523
3.72102153616023
3.8351956662504856
3.7353233440047404
3.726340137409873
3.868992164838063
3.9124507543099294
3.804184173811503
3.8945186515100305
3.831763998552241
3.829747596781145
3.9861311419964944
3.9521508011755246
3.921468309730095
3.8876031320673152
3.9093070887807624
4.00133448589775
3.901537887971843
3.970553772051787
3.95456563761324
3.947045955694255
4.107327184885715
4.052871383180408
4.089353866908754
4.015579788567264
3.9921215803714882
4.055246700598349
4.145077603042923
4.185111631661943
4.184810382173168
4.1696873499956935
4.082084387901851
4.135248200974222
4.152938001384282
4.189939153465646
4.161512099729211
4.175585831912859
4.3257819050030495
4.353355544554521
4.310260940655697
4.247111310185822
4.206400813427554
4.379537206392774
4.423954827543983
4.375866781362421
4.401008719832026
4.4152953280594005
4.350908823796057
4.486692294933236
4.398143378440453
4.47455835450112
4.457097719144025
4.36507168515875
4.464752402328397
4.480645803620833
4.475290825695506
4.475675169602182
4.527740249405517
4.475185093849559
4.592544139562659
4.598029350785733
4.525500346293237
4.52913638229501
4.704705073222235
4.6254608296807485
4.635575715019229
4.671642404242855
4.603009743362376
4.667858580171468
4.774593834741912
4.686566699981519
4.729317648664946
4.764003008071313
4.771045760296332
4.713993966508178
4.732786065382375
4.824050074421285
4.818381350872551
4.851911036361146
4.814659372917878
4.784405714437588
4.866532270824146
4.849743830259942
4.964637700152597
4.988903581500852
5.021724815532364
4.882059200476059
5.041589824431417
4.979419494265339
5.056543181236836
5.037661656872547
5.026272737240072
4.962442202319642
5.083650081514279
5.002962613694971
5.063260552487979
5.028392005630472
5.106497623152853
5.174573971453343
5.149260131016068
5.120756925939812
5.250612485395871
5.137864097351454
5.193268045425034
5.22732289447094
5.28483733549972
5.174028350704055
5.239422845434015
5.186288181086754
5.330057109567576
5.21800363031406
5.212792463029414
5.2934275202572305
5.322765298557277
5.405624995860964
5.415997980635876
5.365002882013686
5.385690049786613
5.480918868535092
5.405043447607219
5.371858007009878
5.469766460178139
5.378729106916979
5.529197496553779
5.58457350894085
5.598677969563238
5.532507373172399
5.538367789180243
5.642910100519535
5.601228600234519
5.603597816554281
5.704995926235929
5.542154607700113
5.687913163882844
5.679952047604974
5.721166303560708
5.6738403779565125
5.602353327548881
5.615548882740527
5.64823887690352
5.816868582494631
5.809969567718255
5.818722315918175
5.725609169659314
5.753419062238211
5.907855064590903
5.898337011504485
5.850977731760772
5.821795966663623
5.940169062525244
5.873753006907866
5.835359333547132
5.910765431102292
5.905245942925379
6.041826639483979
5.963185213606184
5.957557835217456
6.053433348718612
5.953279541148488
6.039427295044517
6.007381640346395
5.987171407083909
6.165006160590511
6.0027192557621225
6.01929857229032
6.138306523927316
6.1372851255861285
6.2356876799556
6.094476453507283
6.273808953982199
6.291936740448109
6.253788047093993
6.212785398752111
6.206568373326281
6.189873229444885
6.188571887125561
6.327488139279975
6.312874765678568
6.264605728713627
6.4167170007746686
6.422049334772963
6.447333517257989
6.37372238485173
6.416297998952798
6.48926917207746
6.324564605444876
6.378799347994569
6.476470885121822
6.507386761873025
6.523772536808809
6.50677791092778
6.533960508380416
6.5137099070897495
6.534212929249171
6.614175747132809
6.573553574782697
6.4897556639213345
6.5819951276931
6.682250105415032
6.668845978780775
6.735888326177601
6.702524700756553
6.754316900413437
6.786225445729335
6.655074424510577
6.681350147017047
6.789995947554105
6.7724820048951875
6.7746689133917295
6.822073884780837
6.716981486298954
6.89795266963599
6.8898481636396065
6.864238320722833
6.871313556993734
6.832309029626317
6.812715093828105
6.865201444873416
6.937857197892809
6.884886101416718
6.975910910691341
6.996208643395483
7.014189262693714
6.984103121177843
7.105030933258441
6.965117993646226
7.117002477836347
7.0564588949377685
6.993069009361501
7.13582970593087
7.0960388647702235
7.167217339573685
7.072302450647525
7.108761532136203
7.164927291587449
7.2504913859792035
7.256890406717836
7.265511715805593
7.147116949839305
7.299586048890793
7.167690373288429
7.23689539703433
7.323854228530439
7.2421361457711235
7.3647831749778945
7.279588201612454
7.400690369822082
7.371937281144197
7.337178455384548
7.423634288854365
7.471377990412742
7.463759063784214
7.4686785662324935
7.333059953336109
7.498060751913672
7.4580433143210865
7.568716934602525
7.402941892828658
7.423876113982762
7.604639582736581
7.444147605632799
7.457720180020836
7.578082465401677
7.5595673797254985
7.490138286497592
7.63767559290648
7.587680156706083
7.608109235140403
7.647565214129214
7.684116655412173
7.5855068484151795
7.596900337944632
7.710524042340852
7.7741374567677495
7.67592748945789
7.682740650406812
7.773356332240126
7.814505849200986
7.689125014532096
7.739773706708106
7.8922456997663115
7.841081213669577
7.759524665040016
7.917513111021658
7.9024511476246975
7.967837723449535
7.897407557032058
7.931937453514297
7.843568445377463
7.927554608598738
7.868685323174886
7.876709427304416
7.903583623951412
8.058072381518292
8.03560866786901
7.981448432453148
7.978510843899268
8.026752745709619
7.963176598342184
8.054551999613805
8.095241408874937
8.074815657551312
8.021958707122314
8.076484699922357
8.056598617714657
8.068021392356341
8.149075834760568
8.17563821818822
8.104057984860033
8.26831703571286
8.206607347448077
8.251445368592783
8.25366817140985
8.2607210849437
8.266862248494238
8.228746723851375
8.337436607562088
8.325463889459652
8.384617284520925
8.300962773594383
8.285303925932025
8.408479181359986
8.345087731163932
8.322120944599858
8.3714248888383
8.331943230046578
8.437706428698183
8.525076850165163
8.510422713782495
8.548165223428018
8.555750021262256
8.39979707424041
8.510634011911021
8.542229105870147
8.444004655176213
8.533099728204158
8.511034526703154
8.532721661378536
8.64731514526503
8.51927175787764
8.672813546407182
8.583988610778801
8.685346692765183
8.599696859449347
8.60943657755537
8.57126171029967
8.652594743537865
8.756189719115794
8.776750125640351
8.715735337464123
8.711080984880072
8.672280770339375
8.760728193221173
8.827476453945849
8.702838261035858
8.82818917188097
8.823611270023493
8.859231817384492
8.825365131012802
8.873456335789962
8.769187204643508
8.904307184638133
8.82946463981996
8.817050682795308
8.881995684193503
8.817152957038092
8.830485323941367
8.971801967104303
8.997343454394121
8.883679707817594
8.93156912754508
9.025155879986768
8.930726460095613
8.984160917409287
9.012436624693626
8.908066315782488
8.956204229613926
8.918628316022255
9.022598792252957
9.076637255132926
9.031744846310064
9.075179388392886
9.080389030883929
9.064761758115383
9.154244364095268
9.030073931815704
9.095060726066245
9.087346960777884
9.19158854272731
9.074191688308503
9.09308221173453
9.054724579772452
9.24145840883391
9.139044192453657
9.124606824064116
9.150180378003276
9.256147717888663
9.138218169489749
9.138102462597491
9.2465021085174
9.340129747805342
9.293880400437015
9.239955162843275
9.188337865694953
9.37740447511518
9.231148664385334
9.201048536476112
9.291624196113066
9.300863916739855
9.285536056470265
9.387599782413234
9.259667124898362
9.430797493343148
9.336940907629298
9.321110531723537
9.342802834688664
9.371337733055267
9.383085822850092
9.313357926488687
9.394656132151166
9.416504614316134
9.39287588366194
9.459300650573429
9.438784456170223
9.356717890607115
9.409567953862897
9.474434797537779
9.547963456993728
9.478397771711613
9.57521836746902
9.530461111664549
9.586884999412126
9.600015758720678
9.456157584438222
9.505713147063013
9.628071976749162
9.579705157837044
9.579271493071365
9.507919507924196
9.623654279471788
9.627537996311885
9.598391352192643
9.580007278973682
9.577030083425482
9.619194370824301
9.55556366469447
9.665841826866536
9.640409962663435
9.622505550794257
9.640201154903846
9.564426906105858
9.69436337926993
9.697301241484663
9.709100227965235
9.658277017919593
9.749112473012381
9.66118502503729
9.741540396372905
9.782271266144976
9.625509423551948
9.758800528209424
9.695641437317976
9.642683832372972
9.812506763028482
9.79174136322999
9.735338619649694
9.746845007609164
9.686052189344922
9.855316028212318
9.686088759178048
9.741657774055984
9.829658256813314
9.814719725256925
9.83914514471048
9.773122411977543
9.7322777552688
9.883605168434299
9.767216023530613
9.899975121851908
9.759997578277346
9.854580002707655
9.919934808112636
9.936625713792198
9.908899330816286
9.834174511103669
9.833103106425053
9.854688784616593
9.85798562513492
9.865295572905708
9.905661366851383
9.79643690016028
9.815487916693952
9.86732495409438
9.888243777986336
9.877371900457806
9.915836337437744
9.836553791807903
9.849234064240745
9.920211994112497
9.845916788250902
9.906919865742916
10.023253695654427
9.871209744587746
9.903123823889377
9.87216877913596
9.95749866407682
9.91343763583365
10.019122411803558
9.951683690099745
10.039706699853568
9.940548189612505
9.967944699752618
9.990574115398442
9.889502254185494
10.06181366160224
9.946459890121123
9.90535257576741
10.049785292189187
10.086451397170116
10.0823864845198
10.068240593761237
9.952770834593272
9.96134285761721
10.09726871964594
9.988339006396927
9.95720112813972
9.938413080825482
9.92624223340957
9.955213922177517
10.09452977934275
10.069339843275968
10.001177304116167
10.121729711426699
10.10442773719183
9.96399753298221
10.065078572380719
10.124909598878995
10.034206152911146
10.114488988257477
9.952805183630112
10.0082289898581
10.056883020423031
10.136053836337323
9.983295285436494
10.103491694229671
10.055399340536653
10.133015241613695
10.121329410842572
9.965620435320252
10.034230012775128
10.00749424424932
10.070135168357195
9.988375615332073
10.027877718039019
10.143743661819192
10.164129253127655
10.102204783234354
9.97414105920044
10.105443222273033
10.015826768872024
10.16742692342955
10.055695828895916
10.067020623957047
10.03275964288297
10.079965661765213
10.057774062804778
10.053749184046614
10.013176708419905
9.975946326812714
9.976849017205238
10.107931369960461
10.11335988936695
10.077778282385891
10.090841123497619
9.977586235419894
10.02365892219253
10.004312216456837
10.081537489249081
10.085067133112396
10.062347625760447
10.077146701338956
10.023072756936505
10.107419548138163
10.158523660920277
9.972665096411298
10.052143426185118
10.144223043906544
10.104395358261966
10.119332433333618
10.057699921688622
9.982016990088354
10.082870745114608
10.0687362810443
10.031178858506648
10.120700734603952
10.031817734549524
10.115790978200668
10.043849563913179
10.112838832345613
10.095987735176283
10.07821315056731
10.112898583466107
10.052838966375798
10.000070239596301
10.09616180282134
10.085763612658976
10.087145385178308
9.966294553427431
9.961666027684462
10.107781121804312
9.982475907322554
9.992793565786519
10.005120781004827
10.073128458899335
10.089330031032052
9.91384687099591
9.993060633915796
9.947398200074954
9.94180712248929
9.902955337584606
9.913321718525221
10.076417710588707
10.06786742451296
10.072310134210573
9.908644587407608
9.955283839421083
10.0337618681949
10.061353093485959
9.95593600113301
9.982798016236309
10.048892374075596
9.918585013820147
10.014475161011468
9.897535485887083
9.870255264289545
10.024749594687458
9.898979143101272
9.91628844579773
10.016061915979115
10.012047168654647
9.890117584836702
9.940679299255866
9.87179124381042
9.842386281876067
9.868348271918219
9.93772368655959
9.943555884621926
9.905457929848929
9.776508788734963
9.893642651067125
9.927629712003817
9.784834407383139
9.949474658501806
9.8627838543895
9.740701829433384
9.928573768816298
9.840287234890827
9.780909213397495
9.758254698520572
9.853387698201919
9.843427798036691
9.70884930719699
9.886348380308249
9.837792197609819
9.798228522583178
9.770198753818546
9.709224487483054
9.83607593140706
9.702392171209375
9.743306179765103
9.837193868837135
9.71613015219184
9.717095500227018
9.800563840899128
9.74135188114424
9.65538012760095
9.701706429457383
9.768341156219222
9.778217574628837
9.735275909524598
9.646720178544966
9.582266362544555
9.675607137180364
9.69546626706427
9.600105501129612
9.599669305584415
9.644343138061851
9.56735669264239
9.574445720283508
9.693679928951449
9.620676236104908
9.58675957714185
9.67770243232479
9.64836299944765
9.556658914902002
9.590697050789526
9.595900619389278
9.46389214672738
9.551754654377383
9.45720496466917
9.592959299851325
9.4898564534407
9.578723884757782
9.505619439494865
9.568822349361763
9.473616804772472
9.531169202764104
9.442825736850688
9.538829565638757
9.442586163713415
9.455783052883891
9.435373911198138
9.51442613207659
9.43379118357192
9.383709749660326
9.406473058199872
9.317042296538272
9.461404105956477
9.485089100819694
9.396950728281086
9.388975285697663
9.453383700811507
9.377693304163264
9.415333913612919
9.361343156431076
9.327460253900833
9.409139596746392
9.3508228506598
9.383359376821303
9.238278129411459
9.261775394617029
9.32220040152861
9.218958195782818
9.15689855645784
9.249837699767426
9.29475677213853
9.249250081854601
9.170827467761326
9.218526943100482
9.106616384470504
9.1510087846178
9.103121079671892
9.166702311376255
9.134003931575773
9.15185199922057
9.11388660887095
9.030847405039456
9.160275362187319
9.088753058664201
9.18352994387825
9.041864315473505
9.122174242167604
9.033814274322408
9.127260758815238
9.055202545252323
9.129024749382738
9.065929033025695
9.033968714440972
8.950395977789462
9.026478685591607
8.98777388285321
8.938228145201974
8.967857475002434
9.021682477553085
8.842070330928816
8.96659104712794
8.829699646754536
8.944891712415348
8.88987882159683
8.834305717138138
8.859484689057114
8.77644411148201
8.865098114490921
8.931296823727736
8.805197326827741
8.890347990960207
8.763667746320879
8.780645632088481
8.742455142956064
8.69247800338736
8.77789785531749
8.67752738606618
8.767440421032331
8.673282803247265
8.629467825642548
8.641608815991415
8.65492076399435
8.658943086875766
8.597325108547162
8.612902329303228
8.539044266077267
8.543140137730644
8.644525463481042
8.610543641643515
8.497786576404238
8.57732212450003
8.621165059305511
8.580881966076017
8.5572941925633
8.6210802544323
8.470877606157323
8.589041320052713
8.584745045552
8.404853814642756
8.427342918874878
8.52438862271059
8.441253912459294
8.370240317314385
8.411329208195014
8.369328374474176
8.407408656034988
8.334798117143688
8.373261609570342
8.41333634348272
8.301296967667634
8.353877840946694
8.28436895825171
8.335804304187215
8.192288028731296
8.200046680083332
8.274792215729796
8.27284370840717
8.168543753990956
8.325176032090384
8.278654554089325
8.137950142399351
8.23966287232075
8.264449299061113
8.252493566693138
8.090124950917616
8.206553754701408
8.143425528613953
8.022097122137179
8.060676129879537
8.004437832600804
7.993641910880327
8.021163792648492
8.005807665930837
7.992869196152786
8.029212468911076
7.982297589955667
7.931186624592093
7.984519123361072
7.894675854674634
7.893897230762941
7.859199174764338
7.989154530855105
7.923361435619356
7.8956155475384175
7.903087699731333
7.88132497741136
7.855963048059283
7.841553595382571
7.8489199614854
7.758160686501866
7.780523223269065
7.730429381229294
7.8448810057743374
7.847394333474917
7.717648441895404
7.634673651092922
7.628077493159998
7.658460174582915
7.750409061967795
7.680181020492899
7.738589268335222
7.6259773292023665
7.659482174515788
7.683058968846988
7.672866107952131
7.498248205587078
7.539308566559939
7.514625036949682
7.595001239131423
7.494754918389079
7.515048514630576
7.476189339549037
7.553814098766556
7.492867242583574
7.412327899108766
7.458743863734511
7.336157479666593
7.405091264587415
7.417629296097048
7.320484357911771
7.420105761528297
7.355211124509151
7.262476611695585
7.232162394712446
7.404050125646302
7.391637266099306
7.323153150460807
7.365488277951235
7.250263626538702
7.2271615156335995
7.198214253575662
7.159918239111695
7.141009319449803
7.160539318065645
7.138049420356845
7.068522658024717
7.184394346905796
7.204252156126189
7.172201028402198
7.110219419101566
6.983004754017449
7.013236381456693
7.061469976731481
6.953138019858967
6.922793727918782
7.041603835633045
6.962227056768106
7.0050350485393755
6.9234978555014175
7.027011997469651
6.838636615186193
6.850516562651482
6.885309158910788
6.865909874336867
6.911766200800502
6.805617969352973
6.929924179777227
6.806102102905311
6.83930915571418
6.825721023507953
6.821178178652921
6.777521595674659
6.692261026924273
6.690491586553402
6.793794713702015
6.689209581824876
6.756781947139569
6.705033635608452
6.610421314306851
6.630914262863828
6.687920406246374
6.6316711487171265
6.687945437437735
6.659490413655068
6.622167336413214
6.476660750979337
6.545861857513338
6.606103965791348
6.4815201743778985
6.49023339329095
6.544292516207745
6.4795280009986
6.482548386798673
6.425551377023418
6.494210240623142
6.501748194425583
6.369080858682946
6.306269855069658
6.2817158483418165
6.253916363136314
6.2444106655485
6.358544406613602
6.3797774843279464
6.244973607642759
6.2109696763169016
6.229005581466794
6.174851552031446
6.155931045684767
6.151507915807306
6.2002087529292815
6.180413986316996
6.244000694562292
6.2327850326576755
6.222041805909348
6.1335073888978915
6.069142638039018
6.134904316646771
6.037417200850702
6.051402526601778
5.977624571753313
6.114661574565149
6.024124272658849
6.077683882404871
6.031902839418725
5.902214622050718
5.912586773583734
5.924338517512073
5.865033626644147
5.957921338514234
5.967621477305437
5.879982858623807
5.919583284172561
5.862031671192874
5.846273801792524
5.729348940117196
5.7673430398825385
5.832311344596932
5.685226675602935
5.826678728911717
5.7088789962721815
5.7714795437672635
5.692108020964348
5.73614125043481
5.77631611915993
5.680967184910749
5.600078199670698
5.64511862081848
5.708829366258834
5.522268754507654
5.654941041303157
5.550168937061062
5.564404775853333
5.563929628471789
5.46246763299499
5.446281911741138
5.475208574976103
5.445323175244673
5.480528794359693
5.554793639452717
5.497154802359254
5.4744903083677805
5.362667569993185
5.489551006085956
5.434484018884647
5.270411758914991
5.430426210726306
5.435989878048332
5.258669726491919
5.3711944213399825
5.346598938568419
5.3362102480646385
5.272904038937849
5.211669657465977
5.311411915168599
5.2340499736784425
5.196044199897928
5.2801065879612015
5.140894519285679
5.11771754262738
5.221099989721212
5.0826823561011505
5.137838099681712
5.099890164646044
5.0431515707952475
5.063887254169843
5.15391690749957
5.043482709786857
5.057182092594146
4.9267094060226615
4.9961043737685555
5.06186362738431
5.013220273429425
4.878375271481441
4.8724014022033835
4.9319038155191794
4.813100167452893
4.988301644217802
4.834540205096527
4.863940140635492
4.899600254748204
4.784005428154701
4.746149059409389
4.83572242308426
4.8756146955095
4.826248128973572
4.76564236490097
4.742505528266244
4.774896232202868
4.791018794976168
4.612029399850971
4.739607948259713
4.7602928958971695
4.597770913563637
4.668513426763583
4.669252138786312
4.596827732381944
4.568011075786692
4.5378805890555025
4.6626555485588765
4.604074040359729
4.533645291664786
4.498258939949144
4.51642502164319
4.543203989114166
4.527895916588018
4.463234723687699
4.558124618284971
4.444802048918463
4.47337742259265
4.330351002889588
4.316032677135152
4.467472069110826
4.459515060615413
4.360183406659566
4.355411671379488
4.408806552965287
4.331314622311796
4.262222899063203
4.270876654863926
4.204006412287604
4.315662480126713
4.200000850661189
4.246590813384338
4.3087002666203
4.207388436673564
4.1669055436330815
4.221876949140299
4.1223559177154865
4.169850423620769
4.147470698482575
4.159637157804207
4.046327409843996
4.153970071305156
4.108210456799741
4.007873902206034
3.9845175935813244
4.042662346176216
4.0982470847173955
4.04467934047893
3.956321261107737
3.9917293742868845
4.050872042941182
3.9139077391532098
4.061540813316538
4.0033494890310095
4.0334139369339255
4.01177832186328
3.8532410303064117
3.9678012291693703
3.8194043944034104
3.8089490141498255
3.8724597336906896
3.786081549516838
3.8872504954161076
3.837859081765182
3.8240737919262635
3.7201479225158955
3.7655257609026758
3.7447549065767642
3.809149730100981
3.7087268306911927
3.6500638308189375
3.6907919048588864
3.652920708041921
3.660235580899097
3.717658976791753
3.597319675502062
3.629907222021035
3.692468848268955
3.6913651601210153
3.620734254746633
3.6280834688679953
3.5767948723790903
3.5185238211229226
3.4917255659082747
3.5548947565695195
3.4785763370035325
3.5814095744082834
3.4607337735140695
3.460047896062132
3.529420755874795
3.4897031691705704
3.446339789791707
3.3539085191761657
3.348127793429561
3.385662760322107
3.4974825263648603
3.404735236159964
3.448641385293839
3.3982294017678383
3.3323166267480735
3.4113910685692836
3.375290630332091
3.265904726580873
3.2207517848093348
3.3244196220167654
3.2053540969520204
3.284784871485601
3.312400723456944
3.3368377615688996
3.323831490389657
3.306298342224111
3.200677881638861
3.234612787391493
3.2413906198796005
3.1196870893104744
3.1644942858131286
3.0839314639133155
3.1070718225573697
3.0653617757599165
3.0796612896838136
3.05426771961924
3.008582737115836
3.0422760917207774
3.0027216684870823
3.063106855317796
3.0323960338932014
3.0573847653597728
3.0213353751746164
2.98661537175528
3.0455239178370044
2.974528526961863
2.96991879587711
3.0576770426840754
2.94182193925988
2.8804171395027574
2.9108786692141777
2.9135747334475224
2.867263003468287
2.8119324429111554
2.83916316860528
2.851558109878275
2.7877788693951198
2.8024548448013933
2.924460832642467
2.7793015058172146
2.8621634564691507
2.789500296856895
2.9040450813677836
2.8265770803699755
2.7347540807902786
2.7435663209897525
2.7529168809846047
2.7412240876887455
2.7860231941229543
2.7381640586320843
2.686536959188186
2.689231583417494
2.767523243480505
2.6278679600563963
2.621312138063604
2.657664453128462
2.67853227434581
2.5717520043065103
2.6681217297782727
2.5971437307461125
2.6243459548098005
2.5866676961771446
2.548607745073954
2.635197375816683
2.6373959442828125
2.5299595222217146
2.4831919925976242
2.5424205654639542
2.5972217886874405
2.453779569242451
2.4352597850125943
2.4282695043357863
2.5795343010077922
2.390475622472388
2.4188343684688047
2.477976798774872
2.5163356467598135
2.3748778223855487
2.510412595800222
2.3618723862936664
2.360138916296947
2.4858162102142893
2.43569432958345
2.315080366431687
2.3112978577885825
2.2990735814992833
2.382648179283548
2.303460000152015
2.355724045089853
2.396389616506342
2.2245737795583196
2.2410890610837964
2.3146092962246496
2.2989736112998402
2.2856863548986524
2.2149210363280805
2.316678358371149
2.3400127347317428
2.3163175267866896
2.155589641074485
2.225865616236643
2.2262821123732857
2.126504700299975
2.1153075940274135
2.2384798789420377
2.1039461040561194
2.243358806331281
2.0564364745298422
2.144954508845723
2.157531336829897
2.0374235801794103
2.1020697061301097
2.1949094036550623
2.0636260384744247
2.1915247740559245
2.142353488918253
2.110384865408163
2.034640840447173
2.0804409065613507
2.02142077434317
2.0304821191265807
1.9483055264458353
2.038212869588589
2.0333803610238226
1.9333360396198567
1.9375470210332
2.0540069231206575
2.04533937185066
1.9643756301117807
1.9139265750582386
2.0136087486164316
1.9740383207377348
1.96394641164413
1.9081192493853991
1.8426771625810132
1.876448253204522
1.850723063020041
1.929532328511081
1.9765549411966483
1.884625762911072
1.9569148409765627
1.8636225604140826
1.9507294906479706
1.8775009117627754
1.9250732214096515
1.8156539462752626
1.8914484749560725
1.7595501279482737
1.7432384350071906
1.7552876480561543
1.6966507590099253
1.6863312660833503
1.683547070064491
1.785107806852112
1.7741423161050944
1.7155717764248368
1.7177542008835869
1.8312141656539447
1.805471453327533
1.8109849562993303
1.7185357801616352
1.6974993364894104
1.6435528369455272
1.656468390903561
1.7135559769343995
1.6479272863639813
1.6309977176194232
1.7503128764884748
1.667366337147319
1.6219063358699444
1.7274505049867435
1.713336104632928
1.6433824310844782
1.6352183343583024
1.5925785739107112
1.680688384295833
1.579246353066444
1.6366635494237325
1.5599446774739354
1.5561532444230985
1.4706080510871846
1.6377878358491242
1.4971049572379855
1.5439605576911792
1.559026382867557
1.5174035229574576
1.5561723663140623
1.545245602716812
1.4711879144653066
1.408899806555587
1.4458399838962928
1.5493047404549665
1.5272311736195907
1.5048136129701726
1.4140090134239822
1.4287307780434684
1.467719857854478
1.3962388881088794
1.3872315967881796
1.4578521973729694
1.3821852147059877
1.3290219507678098
1.4582750729098852
1.3337932141555047
1.4259081851383366
1.3143067385221974
1.3494672814311104
1.2972713983822037
1.3471648742184184
1.3775978126354018
1.3263756482522189
1.2936900758721734
1.2873415616545043
1.3582549808173243
1.3700954875097204
1.2564676828897858
1.3031173506374476
1.2334383618659401
1.269349141395183
1.2560573766083285
1.3255774931013167
1.3095968069613806
1.3603406243700538
1.3086687287781924
1.2772399259159808
1.1766166960212072
1.2319349718199628
1.203022633313774
1.1635686942838912
1.2307639211180283
1.134752999453759
1.2544969674256745
1.17120698227992
1.1705047214855389
1.11528517114045
1.2727996140377247
1.123466504896456
1.0975031256281582
1.098278774496325
1.140705712412583
1.1222843751594545
1.1981183635322281
1.1885122103990158
1.2277200182778798
1.1050662670647453
1.0658660634102795
1.2384174011928206
1.0450245427544944
1.0942599680983771
1.0534065093735576
1.1382687814229355
1.1700576787699073
1.0211175220678808
1.0881361333916515
1.038808590424272
1.145186760432987
1.1777707367535082
1.0556216685801856
1.1609057569291985
1.1550271926723292
1.0073816131994622
1.057830866607484
1.0940942261820792
1.0059170613000477
1.1080859067724405
1.1015942328367279
1.1094841750129516
0.9667506725927331
0.966994907956038
1.018752260141494
1.0490639335037553
1.0280733848530241
0.9452760250460351
1.0590655968044569
0.9962236613922092
1.0476374765584886
1.0308567025676652
0.9440372758616432
1.066452425949314
0.8764904938268292
0.9864798543682852
0.9284926036222381
0.8826340926910443
0.8624475971160372
0.8922428103168879
0.8797626216652741
0.9567441158926537
0.9451224198868701
0.9596145197905465
0.9892565626921721
0.9913476074780212
0.8245306937917698
0.8605741653869715
0.953123264435471
0.9202786888075298
0.9759518848808356
0.8401734208647808
0.89120434434962
0.8113608774976504
0.7871176957284527
0.8098625420567502
0.8248367382265795
0.8436785122808085
0.9285422431730839
0.8867978779000132
0.8056956256029864
0.7850052135038185
0.791945857571513
0.8908416164262851
0.7417268455617506
0.9170029891473004
0.7461823425478898
0.7687963300694735
0.8838155811385842
0.7718182674194258
0.7542020459041284
0.8766603630967668
0.7726462751356602
0.8964245668013864
0.8458614597317504
0.7344540793022115
