0.0008836324538350514
0.0014932849160049042
0.0018010076834858709
0.0016517814816004975
0.0008690301853604471
0.0019679172945617097
0.0007641604716402115
0.0010098929940333026
0.000994430594713442
0.0023405739860259955
0.0011395405229078328
0.0018092732155909142
0.0018059003575417178
0.0015337231035503908
0.0013461960677525993
0.0020866860704883824
0.0007822800096470456
0.0018746357407466176
0.0021400323469901034
0.0019735055985888807
0.0014265596975246576
0.0011547058437336494
0.0016057857466512501
0.0013916169532449418
0.0014471710103010735
0.001250315845191337
0.0008533199323322081
0.0017689408896131398
0.0021714009370150792
0.001328120790621424
0.0016498763686840837
0.0013565085706216222
0.0011918065073814883
0.002287890689371032
0.0016211444048243918
0.002237358284883191
0.001241755548948485
0.0019966937565919557
0.0010307562492434116
0.0008888520606234485
0.0014684962986857028
0.0021677769400352638
0.0019388099641886385
0.0021142889146900743
0.0011309710275060518
0.0023981467535205913
0.0011045987552685617
0.002224873257758378
0.0018502854677285544
0.0012724871420774215
0.0024958536410260085
0.0024664159275949067
0.001902538084813456
0.0018028086497860966
0.0025324104353166683
0.0018961775155231138
0.00260701897270364
0.0012583062508745178
0.0018471329682447472
0.002160186540647667
0.0019713766152121798
0.0023740950319094656
0.001872865234395897
0.0011374006478923394
0.002093951352288077
0.0027444702965587165
0.001860138417049341
0.001148749901283442
0.0015891712543778618
0.0016350664581359787
0.002134086759159646
0.0012220191646522768
0.0019880179549985008
0.0013128330781712128
0.0012628905774826678
0.001753435835959766
0.0027355887910360983
0.0023375790301629748
0.00214097210142364
0.0013376503984035284
0.0023537827485736783
0.001412839555404463
0.0028184583355546347
0.0017495864831083491
0.002068808193107969
0.0011882793759919557
0.002595031410695039
0.0028383445764057305
0.002361202815200958
0.002535560171038456
0.0017774438149111389
0.002819476734635011
0.0018600914878779912
0.0013505754265493834
0.0019057948599061636
0.0016829698684413734
0.002950507219896261
0.0024084198399972165
0.001973111787768551
0.002497949534981554
0.0013692198039256195
0.002997411952795006
0.0025171123309417863
0.0026471694406832607
0.00266987930752145
0.0019237101654672431
0.001715797711076303
0.002503054075284859
0.0030485940779613444
0.0023446844911573536
0.003094562132571055
0.0016275941903296674
0.0028399348885759525
0.0031199099751732973
0.001984476744781129
0.0030764452750007376
0.0020974912617855277
0.0032097447334272803
0.0016667367527688404
0.0033109910695938273
0.002264957707602598
0.0029736922458942516
0.002312086597112655
0.0030815032336629256
0.0026701064358737375
0.0027473158574442946
0.0017021510749612955
0.003409997302514074
0.0017771114174782536
0.0019907724637784627
0.0019783832660705057
0.0032074909370165255
0.00258871249716687
0.0027024719881124496
0.0029146995343368506
0.002283250688806533
0.003451543731507145
0.0019250772188257315
0.0031617919295290854
0.003572703531680013
0.001912841365329838
0.0025241297787744962
0.002986004028982139
0.0034878721399883104
0.0027028757505835077
0.0022591337604580147
0.0032482878932403774
0.0027020123246391473
0.003156746986353226
0.0029336393559411286
0.003157197652086871
0.002789023369401476
0.0030663860545054713
0.0020882050991868216
0.0027782185723930963
0.0028734221244081605
0.0034118172391040015
0.0032412438286960697
0.0034900482252081992
0.00389781753385031
0.0037876510365204346
0.0027719523949379004
0.002986769757295118
0.0032112751441022245
0.003584458098827916
0.0031942873356915836
0.0032068026752829055
0.003432729749320969
0.0026776703093538646
0.0023370957182744867
0.003112783168569096
0.003775321496194492
0.0034876802610388303
0.002580929918653432
0.003700334632529305
0.003112458214185188
0.0028937949800316772
0.003332693984506172
0.003321125119232208
0.0025906375979596595
0.0027745774918868146
0.002942217182523896
0.0038193586653276364
0.0037779207186315025
0.0037614144631548155
0.0036569067678810453
0.0026648523305236415
0.0028406642730460312
0.0030364105756440526
0.004061422937695908
0.00396042801636805
0.004456557845707015
0.00307958232713865
0.0028596018758655106
0.003588448897215751
0.003895619828915932
0.004328815043683554
0.002930171738959713
0.0039837566439468435
0.0032196159729816452
0.003926344190762639
0.003410925951018288
0.00409959494091923
0.00466086309901624
0.0046791770768091
0.00376565883691431
0.004726781313128847
0.0034780110939797246
0.003669317707590674
0.004008286846592244
0.0037086942889230077
0.0040785375287390735
0.004915924948124431
0.003960063631166484
0.003781038324222013
0.005051586803892754
0.0045507897357194545
0.003394460790480702
0.0044440639776482625
0.0038649189650604545
0.0038377315031307697
0.005201366879031315
0.004053973908616839
0.0037522381654277073
0.005178396771445092
0.003642909450430788
0.004213132969915289
0.004078973624493458
0.004097868637476569
0.005266102643969294
0.004355881913065318
0.003993486168093818
0.004675372602879964
0.0052223894872249176
0.005154808416876443
0.004340390465648078
0.004490017523617563
0.004162247989155638
0.0046118972370434
0.005227536614186331
0.004275007161022749
0.0048201165527887715
0.005494319373082401
0.004517130754976056
0.005432986504412087
0.00455056634336921
0.004115451286689166
0.005304395254062582
0.0051770047272057815
0.005413087147465426
0.0052398554794715335
0.005046439593203694
0.005656761308942776
0.005009859448581056
0.005377079635883216
0.004954930524588521
0.00596274155851186
0.004724911445198604
0.0050066148817697114
0.004581700942370852
0.004715140227499706
0.004850187756847714
0.005444084774408792
0.005703427829072542
0.005683592798103461
0.005008666886647308
0.006078139275990058
0.004819023825282884
0.005233398220404736
0.006125314636955176
0.005179820837088885
0.006146533615114233
0.00543522449976616
0.005742248015087401
0.0055715789501767365
0.006618885927209103
0.005258338579657037
0.006703216871993017
0.0063504773233528326
0.006626456339039128
0.006799310796370192
0.006467018740577552
0.005607334645159371
0.005509542270009131
0.006524157015071997
0.006412139652387761
0.006612692464418581
0.005428128684196182
0.006468638690530532
0.006775135774136825
0.006151530879027106
0.006527882752271259
0.00686420679541512
0.006023658194244854
0.007163263608626484
0.006801795102107453
0.006071519932293299
0.007464050076973864
0.007011274763083343
0.006597806809189317
0.007503395804883908
0.006301860066532373
0.0064128022819942955
0.006853418516805307
0.006623074153567245
0.007431780928758076
0.00780970252198561
0.007741028770381035
0.006435216090051782
0.007189295838605965
0.007070147389251743
0.00646401206066944
0.006392582816871428
0.007675985316426825
0.007736625882028442
0.006928078110282627
0.00801746262330938
0.007152226717246338
0.007950592498571059
0.008022635288184511
0.007851795751599068
0.007551654777911457
0.007827333020081975
0.006923222968702905
0.007852575996708319
0.00804606418810564
0.007874302381791107
0.008515744641894174
0.007445099572680226
0.007532406720631258
0.007226131074529348
0.008152949916449754
0.007424206087136564
0.007279955872611663
0.0077681415804466605
0.008961068173205083
0.00823342977014632
0.007665586263999189
0.00880078486525252
0.007707989494739102
0.008706074728963798
0.008836747321131237
0.008280449747743127
0.007853334989454243
0.00793526015352819
0.007981700176398532
0.009022008762697417
0.009122343139701875
0.008567554124426252
0.008308453354570549
0.00900882406526348
0.009779409453440902
0.009824425161148847
0.00960389186605085
0.00931559947345436
0.008800161880427934
0.010015083284441454
0.009950486623771501
0.009870239842340135
0.0087747202635331
0.008825547427247008
0.00966639403656094
0.010205397751803756
0.008675940006585314
0.00982850572591326
0.00918758623869613
0.009552734452642543
0.008964788144090319
0.010432200150617663
0.009551301044285417
0.0098676427249922
0.009704687233449395
0.009756855676514707
0.010069658642682276
0.00958016924764987
0.010087371314657341
0.01052849482456509
0.009816495413350175
0.010127484943303927
0.011110759154535696
0.01026723480522036
0.011004433235986218
0.011318424145689942
0.010879990435614079
0.009946148211685891
0.010981464404480883
0.010852338078802365
0.010749257673816298
0.010314133253389686
0.011233770660577912
0.011656498814138572
0.010269132710815723
0.011205420371379112
0.01060530966402054
0.010863593010621177
0.011289977865353905
0.011426984366319585
0.010819598515976263
0.010711257767955763
0.011227993056784786
0.01103354953672447
0.011109241784041976
0.011321732240383865
0.011789968375105835
0.012302887183511333
0.011059785387782496
0.011802428327132327
0.011400424042738432
0.011055660978762325
0.011407317866846133
0.0115315853926177
0.012483954950399027
0.012566669506257124
0.012845384300151794
0.011845024583089647
0.011762027600782226
0.012278282074548496
0.011589062665983474
0.012589586760514406
0.012037270603933772
0.012853444291775129
0.013337490630945982
0.01303354030081591
0.013606304608660007
0.012402214131076623
0.01287917257250655
0.013568039578253747
0.013895803095072663
0.013285712976930108
0.012768214350033384
0.012449325500193096
0.013079211244758044
0.013890360166532013
0.014018309964215332
0.014207824876578942
0.014203980373376177
0.014361820000823963
0.013513706042552599
0.013319827666515424
0.01363656900332395
0.013319154100571485
0.01355623063690642
0.01314378634421905
0.013298356870801201
0.013636292139828497
0.014890665720668776
0.014915306858996988
0.014515972237081497
0.014597985132260098
0.014917158069159487
0.013718755234582368
0.014883595118809751
0.014681928830807552
0.015556693902269703
0.013897858854108368
0.015628275525479646
0.015010617587633151
0.014514801886686184
0.015122886567555087
0.015921246811155088
0.014684335320211414
0.015552482440041912
0.0147550908111569
0.014825940626681184
0.0158932296769074
0.015212642357902524
0.016445112421438885
0.015062989301430857
0.015129495310854368
0.0160138215785203
0.015053490311969998
0.016528964206549153
0.016123227639061044
0.015317266102409537
0.016207567785273103
0.01630949928776689
0.016352768981340804
0.016918185002842603
0.016538019351507775
0.0162241080434231
0.01660540502262525
0.016435649487236612
0.015836965356534154
0.015930712443813454
0.016118775847522575
0.016249851340742312
0.017461782289948626
0.01681416367104995
0.01655686734747411
0.017948313361608768
0.017339991249327974
0.017718848749497577
0.016612308207093838
0.01774443665623114
0.018244975174233864
0.016878930151444437
0.017589440675053157
0.01763243855068458
0.018703973081340537
0.01835851185798553
0.01868818256096006
0.018754684622365774
0.017277903805761705
0.01766916218771986
0.019163844732621622
0.01786295552761942
0.018156273530974293
0.017804521807509497
0.01838305287032906
0.018418644467968866
0.019342759712396553
0.018281184299018587
0.01939397403496581
0.018882677615915437
0.019635285434595563
0.01863576977737624
0.01919103639182856
0.019266083027923184
0.020168906459581196
0.020193158587733746
0.020147819950677482
0.019225466306146792
0.019876205492578455
0.0202015489735159
0.019274857762933802
0.01949448248950769
0.020270558828128733
0.019735864489377867
0.020444293459033883
0.01952587179970252
0.019822622863902642
0.01990714632651386
0.0196155438646333
0.020931592710733263
0.019753633123347814
0.02003021044605782
0.021044801600079606
0.02019173168457786
0.02009794546288992
0.02168266291056122
0.020494367256996535
0.021708154092870094
0.02098420796781505
0.020411856532057814
0.022172300757205634
0.021306537995959704
0.022386956713461192
0.022437743075292085
0.02193617754244325
0.021928173572646446
0.021270707140073116
0.021493046165293243
0.021231755235732248
0.022655788497181258
0.021612042219904693
0.022245238641051098
0.022753051922903257
0.022456943012818167
0.022729637364950487
0.022002529885658647
0.022945202383559248
0.023112692851229515
0.023238050854479872
0.02215997874835006
0.0230198242222225
0.02333238454409598
0.02228705283449463
0.023886302133809805
0.022490769581118956
0.02397048448192307
0.02419685165977963
0.022845607785739748
0.023428499003316783
0.02423718607194357
0.023922675791505765
0.02298866476293182
0.023861450551588108
0.02430220984933445
0.024037848905104714
0.02425553887733981
0.024154924429815393
0.0248222204458612
0.023816781537309466
0.025090053654697603
0.025196093721936052
0.023939769756594367
0.02417791505054819
0.025063516945218762
0.024733703000047565
0.025506571323549495
0.02574364895400374
0.024589679814256818
0.024594529483155776
0.025359639897211253
0.02505856304257157
0.026086778498054578
0.025697457793962996
0.02523670952983113
0.02534323569460152
0.02654097939175303
0.026645703881586047
0.025197100411224947
0.025718619133057306
0.026582688606951507
0.025408325324101606
0.02561086537129129
0.026876262547459655
0.02631879157954936
0.026824954451264527
0.026061325224250188
0.02718731418481111
0.0261997116048239
0.026888100179141314
0.026815675577728095
0.026908895543569657
0.02714312717510007
0.026686078225687
0.026679241436552027
0.027765563435295657
0.027596042252966385
0.028025192235719316
0.02707210755725191
0.028500214652153577
0.027317422226194685
0.028108039713787072
0.027382972880105716
0.027178439081208167
0.028662337897769383
0.028656705840979714
0.02885644549208183
0.02873692399913414
0.028103242125020127
0.028738951093947557
0.029349790379594596
0.027765216918266507
0.028641472687053245
0.02930966991891454
0.02908675487656656
0.02864099252329078
0.02940352172087661
0.028341726126337567
0.029727753465431345
0.029549153484728658
0.02861620239142835
0.030081924501409715
0.02903784641051081
0.029936749595927653
0.028877332562370947
0.029290051197352042
0.02986935749071722
0.030733722706464874
0.0304287102763449
0.029549992169969674
0.030478670428258196
0.031001403969843817
0.029605305689184153
0.029577512464398065
0.031100050478437665
0.03131026113198966
0.030732153757438062
0.03058635821436434
0.030067487819064855
0.030744340951795
0.03029790906946545
0.031009194553819935
0.030364100857886656
0.03134852916316254
0.03040224456399212
0.03188876708633607
0.0318425329194596
0.03126405196907019
0.032172237580416194
0.031014250510616563
0.032009454735997915
0.031038141632518043
0.032146687998871167
0.031077413491100447
0.03141505752208492
0.03127470854379723
0.03143537834989024
0.03240569259479535
0.03227950211121933
0.03193565158981499
0.032856932587900775
0.03243869436794429
0.03232072265466058
0.03187469774361256
0.03303267705336189
0.03201860482476513
0.0329781969988378
0.03265082604892978
0.03305574952304674
0.03339903376657277
0.033208405486691274
0.03284101671990402
0.033063189893107844
0.03397679591005705
0.03399709097090136
0.034147686286560286
0.03272169484568156
0.03356764504108367
0.03322288449551383
0.0338294958736692
0.033282630259043794
0.0339699003845144
0.03430803035969201
0.03368169373419725
0.03501620131638745
0.03418155252924058
0.03370488585444473
0.03391123656077997
0.03485775981994436
0.03432936219700769
0.03544549211787573
0.034292297447220725
0.03401657213061145
0.03457301106969193
0.03536721554295535
0.03579871528852005
0.0347679498451825
0.034521151849752886
0.03573595375705386
0.0347894817061048
0.03503024697285902
0.03596069759947459
0.03591799328714444
0.03503513058813379
0.03493783174343276
0.035488475669296186
0.0360925252040454
0.03582607779992005
0.035223173635856315
0.03585927254697318
0.03645645811922161
0.03518194521818793
0.036251416725315504
0.036901968161852046
0.036082326621795204
0.035491565713142874
0.03680104774882132
0.03724335849070419
0.03584881859068271
0.03584030375983202
0.036829919490827284
0.0373205799818614
0.037388310023139526
0.036444320134505784
0.03683056128182069
0.037151055455549566
0.03782547930330301
0.037127632383198265
0.03687163523577147
0.036591586951128914
0.037687768709162496
0.03649076586348452
0.03654571754611459
0.03825324540939151
0.03813946916988887
0.03754558494908189
0.038178996140002225
0.0378852089649881
0.03694878028976556
0.0370783074349108
0.03769287781282336
0.038672833482184844
0.03739408283178435
0.03758646081965521
0.038217522194955
0.037695476764325
0.038151495633528355
0.03730145157995023
0.038524221271634046
0.03882084949778756
0.03757111021702646
0.03774686995259472
0.039192674466726606
0.03890253697958449
0.03928297061773462
0.039397257445828227
0.03901224161777148
0.039434045570106976
0.039394976096945145
0.039086578665574724
0.03953038251530189
0.03894721688024831
0.038399463589474936
0.038503309767077526
0.038558552353334566
0.03836393481367025
0.038919775959543206
0.038481477044080205
0.038689369906175296
0.03961005617774576
0.03975688780980576
0.03941843365029301
0.039130022289680176
0.04003477774655674
0.03990668758074925
0.03872787657235439
0.03918126410153748
0.03938797522054801
0.04052657103156438
0.04027532650733843
0.040494961122772434
0.03934400622203344
0.040206893004795005
0.039411056218259945
0.03975417661591318
0.03960913449898767
0.04026698986100973
0.040551454524742896
0.040989759357299434
0.040998087882727165
0.03944705352959797
0.039416575039032585
0.040958058817700704
0.04056751783464156
0.04039356336061065
0.04082899536991739
0.039888331859247395
0.03977316351669585
0.04034658682072721
0.03978259723302351
0.04089569902539937
0.040578253869718375
0.04004445618121302
0.04123436980765851
0.04070364242766836
0.04090348491915891
0.04007101562432598
0.041362488016562324
0.04027892370702154
0.04008159149549219
0.04177123310590315
0.04164928212209333
0.041597645181090104
0.04166508403899554
0.0404833187605894
0.04155035456448014
0.04191620047132915
0.04141864048535053
0.04194534794915124
0.04165426247539082
0.04156329942620851
0.041547996050730236
0.04177828962018573
0.041425421001387144
0.04055596682882986
0.04130870148738363
0.04194601588653254
0.04193252372357913
0.041085900466895704
0.04122018392744579
0.04201699011179201
0.04210997559003565
0.04243284120127792
0.04085016385136869
0.041679787261513945
0.042096662732114695
0.041728707050813676
0.042299189699411495
0.041676238985254514
0.04251660326919802
0.04239055035695144
0.04128163464289525
0.04216301597761283
0.04133336114770273
0.04133412753452681
0.04256145036178368
0.041055405174601003
0.04249113302410241
0.04256143064047563
0.04240076043353284
0.041618641169749525
0.04125126715101311
0.04201170478687
0.04187879756341229
0.041660575446266376
0.04284553005072489
0.04143210446252353
0.04198434404141258
0.0412971712163538
0.04190667654133
0.04135418199745261
0.04169006931629744
0.04196559838731027
0.04201089140581315
0.041997773870910304
0.04154504747338535
0.04293462238397917
0.041879198556924534
0.0424120616835281
0.042829378833455216
0.04271349581756094
0.04173924241822061
0.04288468328780538
0.042067467628580255
0.04300174344381921
0.042126550428845264
0.04156862036157004
0.04227403946314219
0.04188776563576401
0.042216213383002965
0.04217711641735607
0.04180489197416771
0.04236739893295061
0.042277626155287774
0.04223848692683317
0.04228799734890599
0.04300275069918681
0.04234464208977196
0.04188938743421784
0.042657563368148736
0.04232685434177454
0.04293237337079946
0.04176055102496168
0.04178615569606093
0.042521799972480734
0.04285883107133524
0.04312114685372946
0.04239852969481676
0.04281722838503933
0.04178517614758855
0.042156137182059183
0.04258832789444499
0.04229592060932622
0.043057793773033905
0.04297117582560733
0.04179042063446518
0.042654415548641224
0.041351014499850534
0.042649178972317854
0.041931721546345106
0.04254032747595248
0.0413646973411321
0.04290158247377551
0.04265961021557304
0.042891597241373286
0.04166816233891807
0.042396607765651906
0.0418779814719411
0.042786956713470624
0.0414918827805743
0.04179585158187641
0.04215342801242223
0.04154923860835352
0.04183203268532217
0.042096549555067246
0.04192244120871332
0.041607047163573
0.0420044235422906
0.0423744135730604
0.04166469608141863
0.042336280821336766
0.041408209048412414
0.04268325441904627
0.0413050546487479
0.0421865436683868
0.041500445484517756
0.04130172085852268
0.04224646419023102
0.041028803889234224
0.042557550815454245
0.04227972944926716
0.04150779498744799
0.041780150524276465
0.0418976102857086
0.04249550708094164
0.041231793479400196
0.042361009167646554
0.04164864746220583
0.040647491522050036
0.041677052655826496
0.040632084133621356
0.04072915949782344
0.04143711990819836
0.041337524747827835
0.04096376159190707
0.04052868722345006
0.04101319036026477
0.04078203702500435
0.04046126293149871
0.040944007613618036
0.041463796177469224
0.040771017797886715
0.0411018280857672
0.040347045263501725
0.041449252116055955
0.04095180001477079
0.04153597990516036
0.04054604186942004
0.04135815887391326
0.04115696501926684
0.040696428635057964
0.04123573839664453
0.04094532134385206
0.04138366751194443
0.04095333813809208
0.04120506996368227
0.040960255640485305
0.04067320084866273
0.0410980606359323
0.04020527173334458
0.039802325584724706
0.04007526200657814
0.041162192891416434
0.03995462257372339
0.04120579260822122
0.0411574267982481
0.04042988255099333
0.03967846228109708
0.04081501439520019
0.040651446331045324
0.04003724921397225
0.04004314268664425
0.04042901263592851
0.03988352735046588
0.040334302079394466
0.039533126665203915
0.03946570952165792
0.040626230525376894
0.040502512900300706
0.03891864160199342
0.04040129080536766
0.03976802248343362
0.03983275709843958
0.03930738107204147
0.03987087516159317
0.03960106736472959
0.04009614619829132
0.03858548804922487
0.03864808025305649
0.03992196581110959
0.03857874060636959
0.03920946436929684
0.03994687852426236
0.03835923654533615
0.03960464048717907
0.039380580735472855
0.03936205536018272
0.03965699752415896
0.03963761440044206
0.038113237464507545
0.03955677238884669
0.038348950590744654
0.03929259308300928
0.03813120873839839
0.038057728541496416
0.03807835875815917
0.03754581397679442
0.0390320896166945
0.03885221610761479
0.037815271778762816
0.03737714689256767
0.038790510662129185
0.03847051845217031
0.038004107862367485
0.03851186794238697
0.03870253945241544
0.03838703526913481
0.037826578111775616
0.037395671610764625
0.037410675373285344
0.037264540917060524
0.037711094754916547
0.03767443669384184
0.03768450162625709
0.03805487055250408
0.038003902120577436
0.037374691103968266
0.03654663715869763
0.03653447268389133
0.036201019065043194
0.03686936758325758
0.03759439049935643
0.03688016689179964
0.03669692481825754
0.03686737206561302
0.03677318287091711
0.03589615350535334
0.03649326694502755
0.03598688632668535
0.03679845936904711
0.035954160507021056
0.03638290201925506
0.03701490470398293
0.03591191466791571
0.035810956524102766
0.0361379051609441
0.03547300555597723
0.036131368686801196
0.036168427085934596
0.034972566277585465
0.03655164574750146
0.03541177336916018
0.03478225041695731
0.03512064383846969
0.03478885063235111
0.035367932464863666
0.03619807454061042
0.03456094561789648
0.0350133116973481
0.03590742367146522
0.03479390164033055
0.03449183808528987
0.035087434037253555
0.03442182060756339
0.034412952453212416
0.033954279142252665
0.03440109537595966
0.034944872649365084
0.03475023674364178
0.03477884107268128
0.03392308943481669
0.03468199851845187
0.034951267379731574
0.03501064540496041
0.03338489506835799
0.03418702830001817
0.03311989465966043
0.0335480367427206
0.03355035594715983
0.034461059555672045
0.0328870213133557
0.03419370440628257
0.03434999844243055
0.034102137424520104
0.033840455694578886
0.03303404234766259
0.033866941072061535
0.0336584241851893
0.03341737759344796
0.0336477458552773
0.03216379225261391
0.03245451055143197
0.032071129655074214
0.03256102665427335
0.03307003127780229
0.0318977711629207
0.03227440298853928
0.03309034175026484
0.0325260475331123
0.03219042990050719
0.031366862885000776
0.03174967661166464
0.03149972198445219
0.03228667042608038
0.03206619776356179
0.0324587760932567
0.03191595291642552
0.03224049024450517
0.03242900065062605
0.03112371190185349
0.03091223054076845
0.03170992010770287
0.03135803585615577
0.03205480481089315
0.030393532495801526
0.030795318223476534
0.03106280230846183
0.03120985274685194
0.031515081674025
0.031147875927136078
0.03044933236522232
0.030979530736178314
0.03062536795061702
0.03079948094205546
0.030247208922704615
0.030577112291122876
0.030027338219938263
0.02923298807891574
0.029981890971326426
0.03066163872107568
0.029481834102861416
0.03053655459189715
0.0294594566019829
0.029952917092130386
0.029388756916285865
0.02942569066224788
0.029092383025891632
0.029435592103637463
0.028797491294917377
0.029815467101507516
0.029013705104310186
0.02814649468487243
0.029032161533211958
0.0294380434824602
0.029240533882635564
0.02791178642379765
0.029142857556714176
0.02876887936201533
0.028580818487162922
0.028052471447429613
0.02787796460791808
0.028541941919330634
0.02738141648365691
0.027527285935224067
0.027149617734196493
0.027471228297472245
0.027281220408758848
0.027002095510661277
0.027404849278901446
0.02691036491864199
0.028194890289335528
0.026660529289109093
0.027524837244723193
0.027654020017055143
0.026694050366919245
0.027272934147857947
0.0273869213749337
0.02739533496698953
0.02724347687761825
0.027133204564321212
0.02750251657827213
0.027173357677004708
0.026602473536969703
0.027103409903131166
0.026456783180865532
0.02550960218227742
0.02529982217451313
0.026831444913047245
0.026874715880675706
0.026551903190652083
0.026050532203281795
0.025016350864449918
0.02637523077403095
0.025054801227348097
0.02586545114181744
0.025362402096879785
0.02555967542934384
0.02553412198840662
0.024970580667933447
0.024970091301055302
0.025560255375177154
0.025557987693159975
0.025381372387192194
0.02432909860826223
0.025439037528307423
0.02509062092440505
0.023687070324963606
0.02470705749759834
0.024053879271618523
0.02472797837403586
0.024088870944082193
0.023738801440060468
0.024384945911819503
0.024100049700267343
0.023913086563953193
0.023639573679715035
0.02381686219567618
0.02321615202325463
0.023222423557525344
0.022970430000309117
0.023335082658942734
0.023166233962740097
0.02330549273040176
0.023290577391841153
0.023193476180651908
0.022477287719270815
0.022427849083542336
0.02286620621686979
0.02303080138696317
0.023132308398627104
0.022805409989011947
0.02247624636103068
0.021868704537690114
0.021639173345929942
0.02269008553084471
0.022176761595440755
0.022597718893967993
0.02223935676254306
0.022065893325069395
0.02104875583301385
0.02139778936471799
0.020898501231814498
0.02207133882385503
0.021727910206236496
0.021879300747089825
0.021432012611101718
0.021144801516076665
0.020511205700849213
0.021785071023718718
0.02063184849390989
0.02107274253269682
0.02139144030094073
0.02136899318351461
0.021383984794448616
0.021396598198117105
0.02130579547876135
0.020816201914318464
0.020189888693787305
0.020798215556575662
0.02080946405823046
0.020280850149186767
0.019304306533947043
0.01975217196408785
0.019299596782990255
0.020830427361753143
0.01905390198189446
0.020282269103122526
0.01971925838911451
0.019859846525409803
0.019613108853038998
0.02016961984551876
0.020161526449600533
0.018625480676226085
0.019756796685431115
0.01963092052145289
0.018761139414856434
0.018711063788960536
0.01847871302589012
0.018768707529876177
0.018443920167252742
0.01794520429656694
0.019319927313016502
0.018306902513648447
0.019147022950968
0.018183696446332328
0.01907606280311349
0.01844272767447497
0.017971165257168263
0.017979707032776272
0.017772458217470043
0.0182396007156833
0.01765421227018852
0.018007606824583636
0.017495332576845914
0.018141531283898737
0.01833829650582589
0.016703961853353464
0.01724235055520969
0.018093338491988402
0.01788132519837025
0.01711051893634519
0.016995976817664286
0.016654618813145994
0.016387974925522873
0.016767989219542208
0.016672780392944998
0.01612243500501629
0.017242287975087454
0.01603288506512296
0.01628365198885919
0.015955510482501177
0.016381956997451107
0.01626382207451798
0.01651875200283062
0.01570222681876746
0.01589814779873587
0.01581649334905147
0.016412194491270463
0.015362684017361248
0.01627585025552143
0.015090617925556644
0.015966267825500292
0.015183554402901327
0.01628446771170847
0.015480113892438094
0.015833752275895376
0.014845427975964252
0.016053200322797796
0.01558759280140545
0.014953959895366194
0.014640069797301682
0.015969354827785266
0.014550825978666698
0.014619015648668006
0.01538942888400566
0.015682696362925214
0.014891419879152651
0.015377115555197142
0.015278009627473289
0.014754290084417681
0.014585848368799859
0.014838028170705652
0.014937969266423667
0.01404744215408281
0.013964967457382824
0.013900810514302118
0.014538060062917604
0.014770846538144805
0.014057880744377275
0.013540106553688739
0.014054019223755064
0.014621692710466419
0.013812426966526552
0.013184523054500548
0.01420780537522723
0.01418282577016375
0.013951484957628258
0.013823257068651907
0.013241591329511738
0.0124388087768855
0.013063603171908859
0.01344529755354544
0.012282301622010812
0.012729942515578
0.013824225896947715
0.013214466715957666
0.013230930254425387
0.012818089155875718
0.013355272781472975
0.01195032555560574
0.01305246725302673
0.011819475228409787
0.012772200446999758
0.012947177969526985
0.012144182751025271
0.012735003167258304
0.01286670108624658
0.013009535672720412
0.012249014346049334
0.011630146656048551
0.01243047175374843
0.01115162259350301
0.012227861950501141
0.011437215930406504
0.011493974616543919
0.012585303733775558
0.011465773968916633
0.011031527926227405
0.010823697438570479
0.01107225438378124
0.011481874699197255
0.01189567490190386
0.011185308219677588
0.01143734752138913
0.012082147239668675
0.010585493467700638
0.010979828026034932
0.011928550172509229
0.010135999025593236
0.011491378999433347
0.011035245092371776
0.010655267588653297
0.011108379042361751
0.010296182439965945
0.010105358079924331
0.010063084260413493
0.011168394163107356
0.010432954407963336
0.010394257588711245
0.009827080009363725
0.010159156460119433
0.010978864641803598
0.010078309459575054
0.009714449699976929
0.010861835597452648
0.009834364785588311
0.010735469047884428
0.009927612284093536
0.009411192385886627
0.010434358547577276
0.009861080454702383
0.010030079289694467
0.009820160917983583
0.009913300005309215
0.009225510535523496
0.010166989850938208
0.009560472225220756
0.010202706149886194
0.009411635301779072
0.008809351515944457
0.009394307012858157
0.009506212685803856
0.009177739369577448
0.009736063478407058
0.00955880967715628
0.008674594531980101
0.008498613091195468
0.009119556652021039
0.008440300819641849
0.008135160470581628
0.008231703439659612
0.00906280429891657
0.008048219121031132
0.008105171171835894
0.00949193163362024
0.009110581826179511
0.008835256525414871
0.00798215990933324
0.008606606690397903
0.008909400701497143
0.007899299357129118
0.008465915887331915
0.008043647744903541
0.007944614430844018
0.00899890718349634
0.008566337088888609
0.00815906160764551
0.008091817456255973
0.007921519368138008
0.007693749399511566
0.008390503131146077
0.00850089100198296
0.007666746145979997
0.007048028668429143
0.007932683010055105
0.007280452535752687
0.007745212877801182
0.007167259721861575
0.008181686746673264
0.008452875146598482
0.007780326578509989
0.007519810959357728
0.008072574500090095
0.008086600483297991
0.008249973909600222
0.007051475774739501
0.007406073468752923
0.0070212945549926725
0.007403012150736203
0.00798504048888051
0.007870122566056311
0.006605060863526821
0.0066082223794854756
0.007635292606198832
0.006817327970159743
0.00728585975534962
0.007423062854356432
0.006293784182477709
0.006254918109876667
0.006751072811532367
0.007638514889380983
0.00686009956587682
0.006205753340693783
0.006419391369201201
0.006255413842576642
0.0073456756349512395
0.006619101658811808
0.006742772695975411
0.006792992932930261
0.006834419773273687
0.007014910835311544
0.006787008815373316
0.006244771222216001
0.006868730351111378
0.006606015476579887
0.006017681015883874
0.005371275872377951
0.006341117964584199
0.006918765451499838
0.006196022172417431
0.006678012709281901
0.0065953411715389
0.006256555287161786
0.005396055993325986
0.005205773549441432
0.006472512970537521
0.005738852966057853
0.005631633350980573
0.00625123673523705
0.006298414890304942
0.0064620391363586285
0.006276156005166561
0.006307206067590221
0.005222280635560292
0.005128748432001115
0.00473527039307673
0.005447623442141784
0.005206737662340348
0.005088357071128506
0.005829852023337742
0.006202247288794522
0.0053342557826542725
0.0055171831196634685
0.00515687546700883
0.004869370060551695
0.004640647676346762
0.004798108750807615
0.00508301526311964
0.005725517654713104
0.005099572594536794
0.004231652493903665
0.004872173349896988
0.0049328162386639484
0.004793827092613362
0.0055679823728770755
0.005479728468778541
0.004908583624537221
0.00478075998924704
0.005612917205383876
0.005565284528400828
0.004933207595253029
0.004641953533528848
0.0056408427781360305
0.00545689373705932
0.004221469587249116
0.004014396394626917
0.005229140650118765
0.004029497882700894
0.004894239686480708
0.003878587167160992
0.003778153276124623
0.0050505547986580595
0.003879535097672021
0.003630979702547078
0.0038276287948410454
0.0035797719974936825
0.00494157760171981
0.0035140608437253767
0.004431819200556195
0.004427155147755094
0.0039055150253040102
0.00465611904143998
0.004699155103620122
0.005068991276012467
0.005068037262037652
0.004682872235966102
0.003982269913687694
0.004377587493374842
0.003833849044034617
0.0033108597518423247
0.00364866707927348
0.0041178362250332634
0.0034962305797702764
0.0035366868147985865
0.004523503142516968
0.004428574278039389
0.0045821771354138665
0.003385309900839872
0.003929382060994004
0.003636012662394322
0.0037252716376259824
0.0029802403284693597
0.004573055668993735
0.004300482763391632
0.0034923794638181947
0.003922730160383022
0.004045157961306313
0.004540004039243161
0.003161308370769994
0.003854388162342988
0.0031802618880854587
0.003334218798092138
0.003899108930819385
0.003017959660823449
0.0030830901215402953
0.0032891860289142117
0.003527174545476913
0.0034829830509447855
0.0035225390865934233
0.004208396477526831
0.0040361825399951035
0.003943702816660871
0.0035864797991013823
0.004040008258785683
0.0041984926766927555
0.0032253427650715105
0.003254561199564589
0.002749624826858744
0.004113167336461973
0.0030366593603023337
0.002582900267051987
0.0025586070371119304
0.0032235947265371197
0.003237278770709595
0.00363050365117464
0.0035198681762600463
0.0027379569142813587
0.0035134761783557626
0.0036958822732785133
0.002612624385438891
0.0031501795747119576
0.0037726078625174055
0.002814062937193197
0.0023117227524129913
0.0024603166300081695
0.002411939809891314
0.0036323976835602595
0.003363430292143028
0.003510731976881969
0.0024547201443020712
0.0020816650025191675
0.002225621893252685
0.0030297567917451844
0.0026438367343106033
0.0022907570424841265
0.003286688621840552
0.0032257427053837434
0.0019312545339932802
0.0029145846822059645
0.0032584663818607234
0.002015568935664371
0.0019647315788049366
0.0033472608091323717
0.00310862295587388
0.002457556256891795
0.002793303536515894
0.0032944668412490784
0.0026131556327606137
0.0033469249924104718
0.0024919545325983432
0.002489159909083205
0.002303297147967268
0.0023591200190195105
0.0021685106175861513
0.0029598582166828476
0.0032576791570875746
0.001882524792132422
0.0019299341692012974
0.0016316652953778817
0.0026652799823889666
0.002012250876023843
0.0029959223768635007
0.0022335815610090115
0.0025275380586287865
0.0028381372979773938
0.0027621859115761513
0.0031879052424724197
0.0029698039267527197
0.001497988844011356
0.0020636950357531296
0.0030398642242095873
0.0024034424816566057
0.0025593478172592264
0.002208776292362851
0.001575904134660908
0.0018609526950852853
0.0026675614844801697
0.0016669932964863518
0.0024057636841703996
0.0021997062694863413
0.0014589671072521694
0.0023063407360221417
0.0026608548893898775
0.0023355403457907277
0.0028014425000518757
0.0019926704432220448
0.002615831721679342
0.0027074807861095186
0.0024280914291995173
0.001646203745169995
0.0021698596069737314
0.0028979434905973115
0.0014886384918171881
0.002576513033303116
0.0020359685911363417
0.0027221042689588035
0.0012460097752053651
0.0020479299067677767
0.0029009122832444074
0.0013013317385697468
0.0024813191624675724
0.001993104354733007
0.0017010225338833869
0.0020838206092742393
0.0014192240638734777
0.0027361471258511034
0.0012588333064551015
0.0022430793288060785
0.0014291459181321
0.0010599244221549226
0.0012837019490231037
0.002187315090247362
0.0021816699265819815
0.0015023150186991583
0.0020306406480272276
0.002462248437914843
0.0022036519624312094
0.0024716291248709577
0.0019602843131610293
0.0025404727218449365
0.0010307543308245887
0.002515729429311097
0.0019601578212583106
0.0020780679247499067
0.001311341948042341
0.0023287480080165716
0.001048078046016524
0.0018459806605108332
0.0018789599852954472
0.00233178691743323
0.0016485646132019685
0.0015460052012573134
0.0008549722895188186
0.0014573497327701477
0.0011560806986017655
0.0017520488057658685
0.0016189709920384355
0.0022724156980509
0.002152744667284871
0.0011105663676763224
0.0013916010979851086
0.0012623373230926198
0.0025255038118442217
0.002246864201202235
0.0015133738699732967
0.002067269007883375
0.002062797733068252
0.0008288931251760723
0.0013015875433234948
0.00131995452588513
0.0020894891591862665
0.0019589163083946403
0.0013823280900430422
0.0015326953387862475
0.00174962357625177
0.002443725603597402
0.0007901337481992153
0.001220506875347076
0.0010252420918572594
0.0022092906170816497
0.002297255511298295
0.002083212339567071
0.0019553787079354887
0.0010777710052626258
0.0021855358334163457
0.00199061264727349
0.0007165833902022248
0.0011195391266794876
0.0006106651876217003
0.002163227540794513
0.0014758379702179485
0.001618844417296471
0.0007059764620168831
0.0010527663643772561
0.001421014148465207
0.001404614185723448
0.0012557929555800863
0.0009995555922592363
0.0012435391831293829
0.002083815956387799
0.0017101451770143842
