0.001159065220954286
0.0018929759957336289
0.001108255955477138
0.0019655976483512988
0.0006511473544557626
0.0009251907414821536
0.0016621491743705578
0.001328148561612156
0.0012951290063424072
0.0007711360940884049
0.002042408885491796
0.002133547283685468
0.0017237687648143062
0.0017362882863967298
0.0008354105180694738
0.0009271409159899222
0.000746735848099071
0.0006762185254306984
0.0012038998742495508
0.0016321520205269866
0.0009313575493452304
0.002192013132439793
0.002374725991147835
0.0011875441801100157
0.0011454119179922962
0.0011420210997746046
0.0020978203244920116
0.0023624598533575833
0.0007972850349612066
0.0011842712610636548
0.001951520951129842
0.001996232096717143
0.002411043489132275
0.0020473074686377926
0.0017126700575338652
0.0010150526050608827
0.0015059508290364084
0.0014839574166826178
0.001270679924794497
0.001184693037072427
0.0010065016572445831
0.00170801102302481
0.0024051668092281405
0.002152391699149217
0.0014500764597802861
0.0017588889550209932
0.0022000024801051023
0.0018982127229863316
0.00257382975920322
0.0012192081395597592
0.0017764079109380936
0.0013644297008340567
0.0011642680257825393
0.0010674148466000431
0.0011387230759310244
0.0013484590649220024
0.0011778503538144565
0.0011710861844518364
0.0012315809764208083
0.002335942207008888
0.0014888083489213771
0.0014631981619161079
0.0023208284129915325
0.0026187570711373315
0.0010829441427142148
0.0015934009216983852
0.0014837373094850207
0.0014390060205682405
0.0025063185221485575
0.002065472872894249
0.0018701154057230004
0.0017425118064430133
0.001285774223231066
0.0020411434489619306
0.0017076155743881842
0.0022257509762995463
0.0027046279376740368
0.0027220798424089907
0.0015929503667013517
0.002649039768090768
0.0024559720542483075
0.002511327117874481
0.002092619951859033
0.001849554238451126
0.002565324519477085
0.0015669348046740206
0.0025028342088118205
0.002760345748488246
0.0013572915132042279
0.0012930707512987872
0.0014509832290362094
0.002714441546235634
0.001326252423635773
0.0015171006002123713
0.002040328469649039
0.0016449194340794795
0.002345924481312627
0.002146892220211107
0.0024728950672574996
0.001811833895511588
0.0013604708488244236
0.002454783988377634
0.0020683550392392724
0.003025450494030365
0.002860715804355487
0.0026200181352229886
0.001890491543377897
0.0024189126010910425
0.0026827998036971228
0.001559815042113663
0.002667673397974882
0.0029237535728202616
0.003043918714769744
0.002524694630226941
0.0017748960375996857
0.002107891851930939
0.002659095570938817
0.0029832123606186615
0.0024177549252887578
0.001844038668547087
0.003093855094397397
0.002560849361468075
0.0018175788230292268
0.0021110097150022697
0.0021480863053502347
0.0027064439673775485
0.002012693634533592
0.0026532230804424298
0.001954881461403771
0.0027739978497764305
0.0029306900722794707
0.0034329059876045806
0.002489853160876608
0.0021983116798905554
0.001907400278507201
0.0023922851719640928
0.003460635915898949
0.002651283738431067
0.002976853777339256
0.00252864857170852
0.002213379317485341
0.0033959361217109404
0.0025163004247172947
0.002803153086750294
0.0036563585124130796
0.0027348714967556434
0.0028153293554338734
0.0036389366621014064
0.0031318043670133184
0.0030448101842795857
0.0027986246567439743
0.003451439154092515
0.0023117189470247272
0.003408181575478945
0.002492884148587524
0.0029548287915829394
0.0035113103078593545
0.0035949057613016014
0.002786725325500286
0.003807085860471936
0.0036406131608178968
0.0022595377688035792
0.003557632518670655
0.0031534821714767148
0.003440369643213511
0.003751144549188116
0.003573831929969583
0.0032660658871068618
0.003176472523620467
0.003246372023215765
0.003547142645168444
0.0024805940449476567
0.003804488507467759
0.003945270304576349
0.002831652940576702
0.0029914811211633713
0.0028095824185834476
0.0025068705573367107
0.003187921990744648
0.003827897166209779
0.002767841632044082
0.0031012716313589136
0.003771049674774907
0.0036381934730905603
0.003914545151128387
0.004289010836303133
0.003773110948551596
0.003828372274054859
0.004342979056686841
0.004148244230092131
0.003985469244535444
0.003520078886924218
0.0032854380127936606
0.003179384831365228
0.004458106963402776
0.0035154031880392346
0.0032192820133401297
0.003236766940595213
0.0031962610773678198
0.004657919435773577
0.003448037515521506
0.0033832581656085712
0.00321158670359649
0.00433292738225628
0.004352335576084011
0.003311245841582473
0.004094466665355746
0.0038075918900657645
0.00394171885684696
0.0035877535816177513
0.004267356953413972
0.00450807628214291
0.004865885507286121
0.0038623501711870234
0.0039202817618564
0.004246937467920083
0.004222496599664727
0.004927259381180618
0.0033681695619620887
0.005040628272704317
0.004031641078853418
0.0043114396388286525
0.004003643510053732
0.004360322975728292
0.004270789326855489
0.0039005068532926694
0.004954171653905949
0.0052205734993372045
0.004208986243823999
0.0038580990981971026
0.0041962804737938385
0.0043212979993927725
0.005191264370776687
0.004472366057517753
0.0038399088528722654
0.004858173320646562
0.005092034716344144
0.0052580881855318045
0.0039243858303064875
0.0043606098224912015
0.004255143769342253
0.005394576699210676
0.005194331624720667
0.005681948698225746
0.004486648860424956
0.005805047771016789
0.004542680242657309
0.004979796066648233
0.005076113024812885
0.005500716629060168
0.004868239957109289
0.0057613956060684575
0.00494163210933063
0.005994369755907206
0.004649203057274955
0.004741078082049443
0.005236823442008729
0.005620168126221459
0.005089435157563326
0.005871339543776422
0.005667881534163675
0.005844569194336148
0.00544756345291586
0.005709398416342921
0.005250555903630531
0.006371653718369708
0.005687474285726023
0.005537518667177439
0.006252434832023416
0.005550378780642975
0.006598461691682716
0.00650375206810894
0.006222357272606336
0.005487049054028333
0.006615369380380924
0.006735973745703728
0.006021836699765947
0.006306926894809981
0.0064703237074242815
0.0066038712877313985
0.005373891544370125
0.005453684243683236
0.005519758075405567
0.0067198466330537394
0.006508564891432513
0.006597267504337956
0.006975605414299573
0.005747979440372567
0.006055832260608411
0.006207426747441821
0.006035173312647685
0.007212007430769106
0.0065656669718597155
0.006851685299548137
0.007130136881982821
0.006028421628765367
0.006053424850229237
0.00728410655431814
0.007492932642997503
0.0071583581782806455
0.00597618946195453
0.007181741905362672
0.006450177981048587
0.007215131271849609
0.007609630216993017
0.006790037195826429
0.006253755990675971
0.006469346157589412
0.007720724799451605
0.007894878363400925
0.007033802983319789
0.007475628200681921
0.006667954872224388
0.006578140225262646
0.00705936464441283
0.007927946252031578
0.007822511852126048
0.00745074145572356
0.007522202046452036
0.007444458046986501
0.007668580820580144
0.006936801301469383
0.008167324666781725
0.008340209988982668
0.007278704746701053
0.006915278915414297
0.0077232634529640866
0.008247416953243249
0.008135811927487496
0.007807823322077899
0.008033840779910534
0.007209819911977956
0.008141519909563855
0.008142944938421427
0.008615387060127207
0.00741525839990725
0.0075337116477218
0.007913858837056286
0.008123404379647824
0.007853791181327044
0.007591846194211804
0.008183111672718868
0.008204121863664175
0.00915192397032068
0.009386561705240323
0.008380138869053881
0.007978002004049594
0.009157167474315093
0.008445986810035644
0.009491621746931779
0.009283044884043157
0.009580556637533988
0.009498704088037085
0.008154220037900365
0.009621541820096105
0.008982643727970252
0.008829892201028693
0.008828685021131702
0.009226725815248762
0.008748271269655005
0.00922324688201319
0.009910407047625618
0.009012698470017778
0.01011537006868647
0.009132976451450885
0.009022013112431618
0.010424359786694797
0.00916699590575487
0.010370668169149446
0.009355926142621538
0.00965937690728251
0.009682262185902513
0.009408588323246335
0.010346871267097666
0.009233332631120549
0.010533757884542047
0.010950022475209256
0.009943680728420091
0.01066261672814808
0.01078332612609655
0.009844443960778323
0.010286765642952098
0.010538327086090593
0.010877717051920139
0.010530462667041128
0.0114730451905232
0.010208106155511397
0.010319603571422779
0.011309775100235805
0.010157269019338604
0.010851162013497041
0.01043782160740024
0.011655991106769722
0.011409487731062762
0.011353978623687143
0.011474242669744833
0.011478920159047645
0.0113416117809249
0.012116385292886856
0.011764429020215305
0.01083767794261695
0.01169322436149889
0.011783170356969158
0.010793168623034878
0.012541722629152095
0.012051419998054631
0.011470335007977558
0.011972047570820035
0.011935341110335496
0.01170538440233256
0.012337696922246745
0.012715272625209328
0.011420118206782754
0.01212963409944546
0.013122019972713521
0.012227146316729713
0.013168819079611328
0.013066547012064847
0.012281115646930794
0.012507055309314046
0.013346085871190743
0.012596878513335812
0.013228050717071137
0.012851969136285259
0.012026052682186344
0.012806081132552325
0.012813335766076664
0.013509098791989216
0.01300254904986433
0.01343500326408477
0.013855053413968057
0.012877614167712097
0.014073689018956758
0.013941204639362428
0.013561990927582758
0.013586553347928573
0.013027575284678537
0.013934647874244237
0.013205853765300502
0.014498311237627733
0.01454516745120928
0.013113910372778797
0.014442020048967798
0.014386329966679016
0.014049303092756442
0.015029236095871382
0.014600004159268704
0.014124279048139569
0.014469616330889746
0.014508713569775527
0.013813051142457075
0.014705498804837455
0.013818999237259023
0.01515390283914811
0.014413261117285754
0.013988919057766237
0.01529269012858094
0.015223251462047784
0.015026912409850074
0.015071259898701042
0.01448977944139368
0.015063951131196823
0.014992934244297783
0.015372042302259045
0.014804972514306094
0.015619013164429124
0.015477526426879887
0.015773257767299813
0.01583222959632149
0.016278259715426627
0.016001023531900714
0.01541767315884308
0.0161884463363058
0.01675354745419
0.01653965554283749
0.0155504463873383
0.01578173873935535
0.016419900587416304
0.016011818426298015
0.01663389827234479
0.015968217446757787
0.01703469435110766
0.016858213048895964
0.016580949722772256
0.017517461083674787
0.016038541766846152
0.017112426758487672
0.016977918652454193
0.017168662917119503
0.016712006875782993
0.0176983588839213
0.016471236864031544
0.017725155055869572
0.016743538659677586
0.018237765495465855
0.01840630970979646
0.01795001407642837
0.017755404153350432
0.018668478031118596
0.017891064057192967
0.018578459453395865
0.018331334101798984
0.01884021779374111
0.018164150816141877
0.018512975944130327
0.01752603697039519
0.018180079495090765
0.018833884681226567
0.019384108303107207
0.019164177906875468
0.0181772002401533
0.018774306815887598
0.018302580737876963
0.018354319623104246
0.019236271787491366
0.019397629457015855
0.01926246852825057
0.018609136708768
0.019615111863222328
0.019506187798570322
0.01931969986812332
0.020026565714313174
0.019585516626149733
0.019046940125323788
0.01908819336414362
0.01934470751489731
0.019855857333537473
0.019788928805276558
0.02016687338614335
0.01993829661848154
0.02057610745130999
0.019659554819145192
0.02100459469881831
0.019683279355142597
0.021193777312026242
0.021079067074215165
0.02106878471387648
0.020623758390387856
0.021045987682212813
0.020795706966549917
0.021349923242878776
0.02144092790515879
0.021797968245818672
0.021075141598190923
0.02143628187977775
0.02220696905469821
0.021479369828615518
0.02145084773707223
0.02112647804268395
0.022181034721977022
0.021495257050423315
0.02177304728126727
0.022537925385765756
0.02249012900942315
0.022611523843376696
0.022287908569074106
0.02315791109360789
0.022444955127805373
0.023183671312413966
0.023265046801891016
0.021799382174050502
0.022589165722259726
0.022486629887784788
0.022534785243027187
0.02302211563206521
0.0222214861517346
0.023434656189341457
0.023272062778788
0.023058111621276776
0.023936831123650457
0.023221380326615575
0.02418869467908184
0.022835769638137948
0.02354564774546131
0.02416430593468005
0.0232111817602499
0.0231003786985958
0.02434605643606262
0.02463540756799515
0.023697817849473803
0.024965364262913046
0.024054400155337545
0.024996765839573633
0.024118285119052497
0.024575496954312576
0.024249125967332173
0.025505156750503574
0.024340866619580705
0.02449857358517927
0.025262909181087142
0.02459001353348073
0.024859516888186033
0.026022432414409408
0.02554333100784245
0.025907693629555716
0.02497075117219582
0.025911925464464938
0.02641928193041091
0.025951666310575258
0.02656252119154511
0.02611398567740155
0.025084336338579545
0.02536050556638965
0.02556501494420755
0.025451761803430412
0.02685752892103904
0.025718224060051583
0.026327396098651628
0.026209472594698486
0.027066487995154532
0.02695786972911265
0.02673316110634804
0.026840456904465983
0.02666180998415147
0.02685580263877837
0.02633111263199273
0.02685476015790022
0.02708120597274595
0.027787068679384637
0.02690712938740616
0.028178588537303807
0.027772192234965777
0.028048692756454077
0.02721485528000829
0.027853747881569132
0.027871414835025594
0.02795330701429047
0.02789967357516376
0.02862580989191035
0.028290392446945048
0.027501206261914886
0.028896343737972542
0.028193153975587155
0.027734032571929444
0.028575741019647247
0.029156499737172444
0.02872450769025066
0.029471175407230838
0.029545864668394543
0.02898885450106129
0.029705582612479978
0.02976416182690559
0.02956724679070658
0.029917714297058702
0.028931045166436065
0.028821355853361513
0.029734087070766975
0.029542404938876613
0.030001623352771293
0.028904294721818338
0.029272331860631915
0.030359228524460616
0.029409402392451302
0.02997147852880904
0.02948463462518892
0.030342617346272055
0.030115415341509702
0.029625821934663895
0.031042942709617275
0.02986675296556264
0.03015001436871148
0.03111701127894708
0.031515710162391776
0.030197146691120655
0.03159007878644197
0.031007372249735196
0.030371100303113966
0.031009906187958645
0.03150724065322701
0.03063457835900126
0.03187682313824956
0.03193285995266606
0.031196009609040884
0.03212497576371856
0.031370533937931114
0.03113244596407266
0.03110724947688406
0.031296189806484354
0.032859287538177774
0.03177992908695125
0.03141068522199467
0.03281328746605819
0.03181479020678083
0.0315722625467222
0.03267093006192673
0.03337608777488841
0.03338573722832588
0.031880992451444455
0.03307233406362231
0.03307031333899461
0.03354540909013376
0.03312158677023955
0.03344485553263061
0.0325723706150113
0.03277170411124976
0.03402480734944597
0.03302737991989652
0.03334958979975929
0.03391658449307452
0.03394496480659437
0.034321343962957704
0.03350394257780514
0.03458189822648673
0.03464089437005404
0.0341937178559523
0.0344580548411893
0.034354436309131875
0.034850749539034484
0.03473318868075248
0.034492252509051954
0.03483858012921632
0.033854153614012734
0.03390577031175033
0.035179927274210133
0.03387573446144797
0.0342767188721064
0.03433349274354767
0.03543378390534898
0.0348504459786243
0.0356502830085299
0.03517974350472843
0.035666487496436916
0.03582191250474637
0.0355367640578839
0.03511809214247663
0.034719015791482295
0.03604325519362799
0.036284178459757455
0.035495560472014916
0.03572671399735146
0.03641776421514435
0.036420329165786504
0.03651188377118284
0.03673887184600648
0.03640321266205897
0.035807195786606356
0.03687671418598006
0.03640819831158427
0.03699068959929232
0.03630624817640102
0.0371804202497611
0.03679263905913373
0.03729955780083368
0.03651834352440123
0.037351559993522104
0.03684126128681902
0.03631305383122409
0.037391034260314045
0.036818840288358995
0.03751547437760692
0.03777640229296226
0.03752709601539038
0.03784037986688315
0.036365328690467914
0.03757490985263145
0.037380234531711944
0.037410757013713616
0.037258340098233186
0.03677496429706124
0.0376855370090831
0.03697712031431666
0.03813030544008121
0.037934083499172266
0.03858067468826624
0.03770410530763411
0.03858456698665469
0.0387000917878842
0.03823655049963962
0.03748786934438877
0.038607992385355165
0.0384028329700538
0.03894972765068432
0.03880536808146405
0.0386747829923755
0.03830900953636151
0.03859680048815621
0.0392558146585135
0.038538662899775145
0.03841217219580967
0.0382683373556823
0.03876429024412409
0.03883065133357438
0.03805541371829633
0.039710014036032415
0.03881231705300834
0.039179959814616444
0.03912430941443459
0.03930325597120393
0.039555708649464165
0.03973635631704876
0.038924544871041224
0.03863743540444336
0.039445439312181474
0.03925422009455171
0.03925573277380017
0.038867246800097385
0.040071908235665074
0.038802252177217
0.03995359442316622
0.03988185234272053
0.039760763506468795
0.03944076788690547
0.039411987344546755
0.04009430243099875
0.03964281472953843
0.0405287497901431
0.04056287466062202
0.04021683215824098
0.039417766960111705
0.039963114388485495
0.04028844182417051
0.04086868686871311
0.04102455300121643
0.03992142702095736
0.040175255209119146
0.040320098197262774
0.0400308309220356
0.040486650317528905
0.03958045880771158
0.041256995526236906
0.03973446942468719
0.040591148930437616
0.040456087181814766
0.039744094793548124
0.04003254336410796
0.04077547068723089
0.040915086367117964
0.040973779307323654
0.04090372055550554
0.04046319130528793
0.040511079788893796
0.041272600982457566
0.0402294996185313
0.04136122627733793
0.04092882481438946
0.04177203005819375
0.0403806532367152
0.040921503213685054
0.04185976447277638
0.04056564327844884
0.04184839019142544
0.040652563297590566
0.04042658900211471
0.041891320884956534
0.041424487447540355
0.04100130907202021
0.04157102495756206
0.04069466430606141
0.041251722991635334
0.04098136371467692
0.042182244908852716
0.04165402211854011
0.04128633505094761
0.04193565717783256
0.04110239063081728
0.04123760712579535
0.04146938187444614
0.041959028849650574
0.041668891691497616
0.04099066490012781
0.04187211866434424
0.04247446743379269
0.040847369862296305
0.04220139414369018
0.04103443254662365
0.04139840229106079
0.041607816673452924
0.042674526303610585
0.04264927513324645
0.04113344466402604
0.04259937086621604
0.04247505886287078
0.042753511610990454
0.041081019702098535
0.04232724300060934
0.04139137049899541
0.04285145847462116
0.041707119169243356
0.042119431496275034
0.0416469801451335
0.0418669595387014
0.041814640198253816
0.042421530313292904
0.042900263723098235
0.042675603237281715
0.0414583554756889
0.04186074875600409
0.042602684656426804
0.04250387259149111
0.04254666442424
0.041464390825151944
0.041641016848022086
0.043035456919371065
0.042997874792504935
0.04300521845051664
0.04149665714049478
0.04260660374401533
0.04159345593750794
0.04219770061845015
0.0422277251982495
0.0429884020355292
0.04136150827677968
0.04211932553865576
0.042769345634412814
0.04170925634343592
0.04285380982741317
0.041433553080856736
0.04169377044381269
0.04254749780987651
0.04221889314380009
0.043119164036611105
0.04199676754825892
0.041846466190589036
0.04265200707092691
0.04282928587868696
0.04181694409386851
0.04197668746427069
0.04221190911162955
0.041958316447602985
0.042355527259891015
0.042683707327447744
0.04274960016988576
0.04172922308650201
0.04177945586835147
0.04268833431423166
0.04182793964058125
0.04182479291084304
0.042879069901357016
0.04300107705669496
0.041747600121216255
0.041451229617886526
0.04297244144332634
0.04222286919987514
0.041559643479251444
0.04274900777668227
0.04300363354796407
0.04140326580165622
0.04202881072790557
0.04263379542494414
0.042494542559116846
0.0424434878559143
0.0424899076815756
0.04248825101564611
0.04175156547770658
0.04157251915411585
0.04229255429309766
0.04223372963642441
0.04269679483174791
0.04119007274186027
0.042057424604659256
0.04221014173392511
0.04174562657731718
0.04133129280793828
0.04112560046640011
0.04108482161226996
0.04186600020557909
0.042368995906201495
0.04259296734753265
0.04123588172409604
0.041940315281076015
0.04247692344676711
0.04157384665834595
0.041813900426473795
0.04135551635059111
0.04132282393254338
0.04102615003151694
0.04208630401975913
0.041755401017690534
0.04239479738480674
0.04234877703966692
0.04196394348934123
0.04097795155618439
0.040854121198569994
0.041680073734352396
0.04173819241758727
0.040822532548203734
0.04220945775431187
0.040696774404236455
0.04156868422282599
0.04056099870048381
0.041101114748541064
0.041566025745762146
0.04089513682447176
0.040518507612830976
0.041302682531117456
0.04047292660521426
0.04099351704691147
0.041866404733034254
0.041168481835225715
0.04103859864506052
0.040267952941132217
0.04024399042233921
0.0415434234414094
0.04006537922311131
0.04097029334413751
0.04131312249535949
0.04134409759022693
0.04099547116625122
0.04009042250472753
0.04058834399304088
0.0403860631878709
0.040547029801913104
0.04137655795745747
0.04038967920694713
0.040709927900006986
0.0406031019858037
0.0401814983113963
0.040183456361962806
0.039711652206402166
0.04055963956613788
0.03988744062824258
0.03939333808309396
0.040750643048629284
0.04064262208365367
0.0396140649958237
0.04007769896619726
0.03992128137498722
0.03907396256087576
0.04029198848911953
0.03970815359838645
0.04040430890796382
0.03970143451918431
0.04030260579196462
0.040261056760969395
0.039217563046945215
0.03873728993222358
0.03984208109443127
0.03982895706010076
0.038689638189182286
0.03853899479988192
0.03930239443217993
0.038544887315544216
0.039263994904771775
0.03843902838825294
0.03982918809763523
0.03846535659661354
0.03858479784132635
0.039738818208140465
0.03889862820619262
0.038773017722649995
0.03933962478458731
0.039457752353103594
0.0382510407207408
0.03818411035919266
0.03889534295571452
0.03917336798274663
0.037996533710903314
0.03902376868347323
0.03852804533098387
0.03765543851036008
0.0376179732386476
0.03782390809069913
0.038450744559384596
0.037333252398923066
0.038236424389764566
0.03765321032603845
0.03773245121590933
0.03730500697562295
0.03847122375047554
0.037686282120048806
0.036889711258092046
0.037606617572361396
0.037930286059330555
0.03737929613616141
0.03710298305529835
0.037018179791776774
0.03763250009618943
0.037744883157776715
0.036815179160349265
0.037937547420385784
0.036904813364409365
0.03717564869609267
0.03763400102488508
0.03715969793292884
0.03631537195319402
0.0371757465161593
0.036336908616529676
0.03760629606786171
0.037123740033512063
0.03614058600404488
0.03586962955236881
0.036427111848946654
0.03688966603684778
0.03706941857901372
0.03635663401857347
0.03599276442916042
0.035597027268642153
0.036676102395437706
0.03521651158115281
0.03533633726402764
0.036596156443512835
0.036709747769734194
0.03622156474313658
0.036200112417241526
0.03546130529086195
0.03529921917414497
0.03551144571005229
0.03545330574358035
0.035141929984418015
0.035022899890201194
0.03568310834242436
0.03574614014089211
0.03565150587904358
0.03540106618738761
0.03550998121808383
0.035193502895318605
0.03432103778899132
0.03469627588257307
0.034999590860276715
0.03546540720824797
0.03370302926348286
0.03429977936961499
0.034855532913829375
0.0349913452954198
0.034590655659627934
0.033897395013792964
0.03409230390048406
0.03446571495112113
0.03334921907330292
0.034043367474179936
0.033460469246351064
0.03444603582011034
0.0337454741337892
0.033335174452416405
0.03387701891746463
0.033171846584628656
0.03311005251850042
0.03315254924505232
0.03351241652316251
0.03337078232774586
0.03243007525596432
0.03323134810376062
0.033305018797369614
0.03373204072357963
0.03350866002146701
0.03349843300311158
0.03193968070642138
0.03245879954164699
0.03193140625209438
0.03278379624929846
0.032205416516237116
0.03306993525407196
0.03223008176229041
0.03223831635479987
0.03245407580793316
0.03194240617319624
0.031557140912900156
0.032247971362045776
0.03162806052526975
0.031961632456449236
0.03159244175368335
0.03160778484959708
0.03175296653809443
0.030539035859381457
0.031139137550742452
0.031154696077056128
0.03150414758525688
0.031281336911536076
0.03157803301818346
0.03009242875067428
0.031005360203562787
0.03108844382924527
0.031009556940346773
0.029798659973983926
0.03004263483507428
0.029623585125252625
0.031236239125459274
0.03114769425122069
0.029493989786723095
0.02943172023587214
0.02989293449754703
0.029715571139902208
0.030312206987829673
0.029644532277216577
0.029244046376388468
0.029720302054600682
0.030350593028499278
0.029090871204125526
0.028612212607595288
0.02926036000767681
0.02969556448753485
0.02971443627879538
0.028673804972961375
0.029776146213664725
0.028737772157284285
0.029289008080698845
0.02837201104899864
0.02848165420191357
0.029386183094479674
0.028958706434050317
0.02920648103998953
0.028714211681121347
0.028938542891745512
0.028779930407180288
0.028914382396786332
0.028886519998052057
0.028812668964166212
0.027224049971234853
0.027154946972319023
0.027278122796318048
0.02681770979325159
0.02689554090844684
0.028001274042776598
0.027878003050851162
0.027692666999172402
0.026821216662128236
0.02663552283683725
0.02731897395484724
0.0276222706906841
0.027596200564214895
0.026539566874434765
0.02680947752944538
0.027160177217980405
0.027462039633347205
0.026913976773052777
0.02701599470046753
0.027237075219744427
0.025821269359710124
0.026665512189033354
0.025940495254638086
0.02574680608692024
0.026731988526027508
0.02556631286729504
0.025973742176816812
0.025302705995208903
0.025387393114118483
0.026215517736433713
0.02486706596605523
0.02487136794891848
0.026095864089860088
0.024677306658695282
0.025094637910078422
0.024424071313538423
0.025480278979009344
0.02420477606028072
0.024296195977584097
0.024323043721952844
0.024285833747040984
0.02499927944139026
0.02416862177438336
0.02531419214787778
0.023483647111030553
0.024944310810840205
0.02390441899647139
0.023857765260182823
0.024287751350629844
0.024153569056758993
0.024443448986304177
0.023931668205972745
0.024190452743156142
0.02444421341630067
0.024165311147786014
0.02410715913368123
0.023625720345999895
0.02407485137556439
0.023635566386406945
0.022339962488847055
0.023244201499942926
0.02378506161014548
0.023025585038293713
0.023049623989833564
0.02222278727974747
0.023530496733776118
0.021855373680220065
0.022917692724026183
0.021821043739167614
0.021591066791990892
0.021958039913712517
0.02199015508963503
0.022874876491717672
0.02178838274860589
0.021698458530722223
0.02143498830526771
0.021584180303925525
0.0224403209552549
0.021630329150004787
0.021475566308842953
0.022041893278900125
0.020894737070321846
0.020884670996136556
0.02159692842548682
0.021480410413947843
0.020371432530097426
0.020529220457876425
0.021632142263189946
0.02061246335231555
0.01995227809961991
0.02112514071551308
0.020547058684975028
0.019693379856490858
0.02075863677339435
0.020315321488114955
0.019916899615244923
0.02101194135613456
0.020177448850211915
0.020350695435888404
0.019353109254732558
0.01994101260770777
0.019669461549968733
0.01919890564382745
0.019060435776390307
0.019468950020125622
0.019216952257527144
0.02031635043270194
0.01917192027496945
0.01960619123695394
0.019808061849279426
0.019133269060089858
0.019528596973883785
0.01816877000138936
0.01970972463757439
0.019340696882482897
0.018672231301006564
0.017865146949624287
0.01844754297694571
0.018356492438245137
0.01932981386600658
0.019279600321639095
0.01898870107054815
0.017469615007901392
0.01771942110783137
0.01763678803856115
0.018739288712970814
0.018795986570973786
0.018635164287601976
0.018528888440408117
0.01738597768293907
0.017585679191034563
0.018135461985193505
0.017625571465311282
0.01808276957356287
0.01771260371400149
0.01758084878247232
0.018121268945072495
0.017486099939216876
0.017852408293231373
0.01618324604987405
0.01612579347189167
0.016072420386340727
0.01613893264081508
0.017397898204023814
0.016541284836559287
0.016190227207129235
0.016830504708137742
0.016866346298103123
0.016945083874211696
0.01714494160177243
0.017022620695704573
0.016382500612707195
0.01639999287005043
0.0165488440440746
0.015186733098913927
0.015114812796203764
0.015529762685043693
0.015243126327630094
0.016134352307720572
0.01630884274213223
0.015436211250518805
0.015450606697608142
0.01562995545062143
0.014852854074716459
0.015669668573160524
0.014529818200643575
0.015403620156133556
0.014472815590073792
0.014870811291141697
0.015369458265643593
0.014071073561523921
0.014522903542999862
0.014227968075418212
0.015259982044711998
0.01473695285826598
0.014956201992783096
0.014071797946260227
0.014225460594479902
0.014625012872649343
0.015050083336634709
0.014274740694397072
0.01365102357992529
0.01403299881282216
0.01325214310939359
0.013779373229074228
0.014534047524187866
0.01401938349919483
0.014273945938528185
0.013282903477281739
0.013886275558099284
0.013933056028742766
0.013577928906976032
0.01389025087324381
0.014235787382491413
0.012682926449572545
0.013386052488563152
0.014088435493449713
0.013447207789457854
0.012457233456286406
0.012797556028757357
0.012394559739205956
0.012116723686463124
0.012778265329333594
0.013364860356795273
0.012040297467306497
0.012878539501598039
0.013495492635930842
0.012298577074077477
0.012586408069295618
0.012563564051502841
0.011999759304412704
0.013081121778672895
0.011622209284258167
0.01226882545682432
0.01278235010985675
0.012572348035670068
0.011538794489102085
0.011877063538081448
0.011912645611060924
0.012680235353631436
0.010953644260930595
0.010856416375829464
0.011310040358088488
0.011595965332894486
0.010793331169239037
0.012336706175934437
0.012078872714127702
0.010748507687071338
0.011453307239824918
0.011265174753414577
0.011312469873195544
0.011975038682457164
0.010639688132988856
0.011844601041413381
0.011270796016063045
0.010202304983657809
0.011487812783016861
0.010264037288329454
0.010497185992471458
0.010969497430240928
0.010285945147944052
0.011504699352212199
0.009731569797293088
0.010150945273833175
0.010807085270151943
0.011181879473823143
0.011199656995642838
0.009814239001539443
0.011107136612973233
0.010580787092164267
0.010326136833277036
0.010051379098486905
0.009936226503522912
0.010650057774816922
0.009387763146555003
0.010342087893025226
0.009308460326615848
0.00949702086009266
0.009277645426027643
0.00913365662814607
0.00951092727246393
0.008821010501839158
0.009715793131567492
0.009756851099307927
0.008705570186764116
0.00997576928958439
0.008915733540547232
0.00904614051117213
0.009491311359891565
0.008548424783717267
0.008741212098288272
0.009287116329249945
0.008392320450083387
0.009278249411245297
0.008168081313596476
0.008299359195954151
0.00921598521314862
0.008921550126994852
0.007973743518045712
0.009461426135928938
0.00849556594547976
0.008370491827914217
0.008861444381184065
0.008341925171178044
0.009266458033660803
0.008494292149983597
0.008977498740796824
0.008455555256072776
0.00890705859355673
0.008588508569662397
0.008009529483590216
0.00821564195664847
0.007402351237151546
0.008909117287319692
0.008315112303508692
0.008752320788436827
0.008477590747524516
0.008089923170760276
0.007545886644337523
0.007689378441370446
0.007087984257636007
0.007414363706545619
0.00702434925370152
0.008075040033315061
0.007844408438055417
0.0072994563295838725
0.007119091524540123
0.007615251153054296
0.00811736827161535
0.008019600211107529
0.008267331850502819
0.007754196053041405
0.00685562473858138
0.007217702853761591
0.006407202446371939
0.007675641563078792
0.00793134444545406
0.007501800254986149
0.007210831654167686
0.007302989829123965
0.006704265040989913
0.006909038664982426
0.006926124128550635
0.006438426401893451
0.006637676454213743
0.0060387609939774115
0.006431627713374286
0.007333425913474603
0.006495887176405078
0.006873054259312354
0.006349771319526302
0.005727686839993228
0.0063494874909267
0.0072799797933015145
0.0057633856284540095
0.006169473238992877
0.006722546093845479
0.005937965159168376
0.006650838553648401
0.005420013871376629
0.005827967487112341
0.00651685076009051
0.005812601422738223
0.006471509656187002
0.006601939173358144
0.006370055934058555
0.005913517532546467
0.006286203866394583
0.006586275131604957
0.005796428453837755
0.006144272220797776
0.006457430081343496
0.00532822609112176
0.005974875313481688
0.005229830765523358
0.005611089431737593
0.005089153500747642
0.005712238589027334
0.005342547520943845
0.0064126682511814435
0.004944041796850214
0.005174364254338096
0.006074810088037896
0.006103538791731961
0.005489926541954402
0.0061852433362403775
0.005155983876563545
0.0054218869652750395
0.00589270941620097
0.004716275628652935
0.006007953594351132
0.005953916828362105
0.005164335101800559
0.005201777281795662
0.004622795726636953
0.004758198839075435
0.004701268566609373
0.005261147191710652
0.0052970630502247535
0.005407893061925011
0.005266842820517803
0.005583756043419384
0.004562678774029034
0.005748875741429934
0.004299931729403786
0.004524083094584027
0.0050037937090589525
0.004497982046856967
0.0043295333680222455
0.004091854320156365
0.004551773887406503
0.004417455819814646
0.005518743242175944
0.0042069132345011325
0.004352262468554269
0.004117275435478326
0.003927146026266547
0.004132931002913304
0.004923622748661713
0.003809243482566113
0.004613724822220405
0.005281321272082865
0.003918986176628473
0.005013193374389275
0.004220134769226049
0.004134613122124044
0.0036162478997639707
0.004321632178074776
0.004624341237358366
0.004354886361526643
0.004101049638923882
0.004192929430070182
0.004142225448514561
0.0046018166783660195
0.00464732990575089
0.003875992001477171
0.004351340512917298
0.004549334395577835
0.004187443851927517
0.004559918272545243
0.0030915711190573143
0.0048155952453111965
0.0032782351583580263
0.004562474201876541
0.00434886070877139
0.0032620396005878147
0.00411127082840399
0.0029557513030273957
0.0031237658584499783
0.0035369548920052445
0.0033853464761966997
0.004091695221284385
0.003370705313733521
0.004375392881544375
0.00440908912223736
0.0033628155833084657
0.0044587154664347955
0.0039320625488206435
0.0042967921501002055
0.0029279172727430434
0.003646552220705472
0.0033896552528535247
0.0032576331007633163
0.004318546644126758
0.003943873171771563
0.00281728253148611
0.004133342968562776
0.003124024212702783
0.0026825400051873637
0.0038611900003804925
0.002955171468896792
0.00400662257285799
0.003554180170405931
0.003762854630677603
0.003589672826995557
0.0025258849717281974
0.004001058270169115
0.0030066012336952266
0.0032186502869979016
0.003084802726656184
0.002499977789534298
0.0022875503116009488
0.003869088546175103
0.0028004607546029225
0.002732721048765493
0.003247692160753102
0.002213891183755932
0.0023081627113205605
0.0028627394215631255
0.003557382060042968
0.0038072010140776653
0.0033148343749847017
0.003178269011164119
0.0034754237583174558
0.0037471424086275
0.0021694120226449843
0.0037066059731688393
0.002235931251733307
0.0022188862066409546
0.0033289179774061662
0.0022437672146837
0.0029507096247354675
0.003672253298780637
0.0026998172075518873
0.0027596371251303814
0.0029188966357237382
0.0028102325859289457
0.002101883864710747
0.0031169902415131914
0.002968124167979329
0.002691536973269546
0.003397871771298469
0.0028314327096732993
0.0021488324955124456
0.0017526746613608893
0.00329737100082097
0.002016898127911395
0.0017835177751769971
0.0026401576161003137
0.002596008410925347
0.0018769101963239333
0.002783042126590704
0.0030648720837964747
0.00161649519300971
0.0018553567666141943
0.002212905255501746
0.0021650188247028155
0.0018168326484975853
0.002010564391248365
0.002939906520904717
0.002154169062036635
0.0026048507911416163
0.0019808540618188922
0.002952731481857292
0.002924087149411089
0.002660940852801204
0.00207726571864355
0.002835719524424843
0.0016244105736250704
0.002599224065318499
0.001994756014799367
0.0014483731389866527
0.0018354016899878836
0.00202113264044163
0.002673432697207916
0.0023389982949592364
0.0017411415235895115
0.001993971809273365
0.0016605325366043206
0.0019968007827937495
0.0022025303374919145
0.0019346708472152167
0.0016446900737770297
0.0017845308884451836
0.002359106946547972
0.002178032675240043
0.0014949766662722228
0.0018008879089463933
0.002452419581549372
0.002273147453313496
0.0018755486270771002
0.0014040610510835485
0.0012309319654575674
0.0012320550612824992
0.0016889984051477742
0.0014656316687500315
0.0026806826854107245
0.001338245417078858
0.002146436480814394
0.0015689837898014345
0.0024945070215527795
0.001404228729137645
0.0010925005414149523
0.0016504111510602672
0.0012901832653760947
0.0015736719619214477
0.002734757550450233
0.0020755459479701974
0.0015443870733214526
0.0010765561956627204
0.00205085121047737
0.001865112154676864
0.0027214316085839184
0.002454754537802355
0.0017741620932823707
0.0012642209712716492
0.0021513374441670227
0.0023124838222461004
0.0013288423207092684
0.001340241716074451
0.0010365768896862216
0.0011902437301436336
0.002209241723220966
0.0009494151646324484
0.0016789206028789286
0.0012995889899825685
0.0019998380650263904
0.0009021845486990112
0.0009168478707119248
0.0017907969925025898
0.0021933266591696223
0.0009277617882429256
0.0012249975223805737
0.0022174499596204636
0.0024113745801949515
0.0012963833544609193
0.0013726150570501808
0.0012290179898326046
0.0022430305029710203
0.0023017997176843414
0.002421021818024985
0.0008058830303110037
0.0017985538246644787
0.001899986253785381
0.0014792535129528393
0.0009535641315883016
0.0018137191628031177
0.0011523183059168468
0.0010496117220001487
0.0010523239853267826
0.0019976244275711676
0.0018262307880023512
0.0015414360719551575
0.0018102626617685766
0.0017752624869176391
0.002072651487059983
0.0020488491651023152
0.0014840145700511682
0.0008390578588199922
0.0012445577163640656
0.000703345197833837
0.0021652708819485727
0.0021266287674335006
0.0015420976891430372
0.0017079533048539484
0.0007498224571926615
0.0008162735051994144
0.0021541420010259926
0.001973462027655517
0.000908407652942026
0.0021931854999230156
0.0009180148038433131
0.0007920707399808013
0.0011509385268007944
0.0014190378772757889
0.0009412709640350523
0.0013540810612483064
